Anritsu VNA Frequency[GHz],S21[deg],S21[dB],S11[deg],S11[dB],S22[deg],S22[dB]
1338031488.21,2012_05_26_12:24:48,+298.05,+297.88,+02.989,+297.76,+297.19,+298.12,+297.74,+298.16,243.370941,-6.622
3.006250,153.589890,-9.871712,-6.747391,-4.647121,31.021540,-9.464914
3.012500,153.589890,-9.871712,-6.747391,-4.647121,31.021540,-9.464914
3.018750,153.589890,-9.871712,-6.747391,-4.647121,31.021540,-9.464914
3.025000,153.589890,-9.871712,-6.747391,-4.647121,31.021540,-9.464914
3.031250,153.589890,-9.871712,-6.747391,-4.647121,31.021540,-9.464914
3.037500,153.589890,-9.871712,-6.747391,-4.647121,31.021540,-9.464914
3.043750,153.589890,-9.871712,-6.747391,-4.647121,31.021540,-9.464914
3.050000,153.589890,-9.871712,-6.747391,-4.647121,31.021540,-9.464914
3.056250,153.589890,-9.871712,-6.747391,-4.647121,31.021540,-9.464914
3.062500,153.589890,-9.871712,-6.747391,-4.647121,31.021540,-9.464914
3.068750,153.589890,-9.871712,-6.747391,-4.647121,31.021540,-9.464914
3.075000,153.589890,-9.871712,-6.747391,-4.647121,31.021540,-9.464914
3.081250,153.589890,-9.871712,-6.747391,-4.647121,31.021540,-9.464914
3.087500,153.589890,-9.871712,-6.747391,-4.647121,31.021540,-9.464914
3.093750,153.589890,-9.933399,-6.747391,-4.696079,31.021540,-9.497651
3.100000,153.087982,-9.989429,-7.332317,-4.741799,29.413290,-9.541385
3.106250,152.616180,-10.040241,-9.097116,-4.784491,27.825399,-9.595215
3.112500,152.172546,-10.085956,-9.993732,-4.824049,26.262972,-9.658147
3.118750,151.756454,-10.126164,-10.184589,-4.860376,24.731770,-9.729048
3.125000,151.368210,-10.160441,-9.867276,-4.893297,23.236052,-9.806913
3.131250,151.003250,-10.188914,-9.265072,-4.922896,21.777769,-9.891140
3.137500,150.657974,-10.211351,-8.615547,-4.949438,20.356001,-9.981247
3.143750,150.330078,-10.227503,-8.155340,-4.972656,18.972313,-10.076333
3.150000,150.013870,-10.237763,-8.111212,-4.992546,17.627100,-10.175604
3.156250,149.702240,-10.242967,-6.522518,-5.009224,16.318172,-10.278419
3.162500,149.391113,-10.243845,-4.925816,-5.022648,15.043430,-10.383988
3.168750,149.079590,-10.241086,-4.856710,-5.032791,13.800732,-10.491615
3.175000,148.768188,-10.234870,-4.354321,-5.039771,12.586121,-10.600513
3.181250,148.459106,-10.225347,-3.647950,-5.043868,11.395254,-10.710221
3.187500,148.153046,-10.212255,-2.975058,-5.045196,10.224720,-10.820194
3.193750,147.849777,-10.195694,-2.571102,-5.043907,9.072026,-10.929733
3.200000,147.546768,-10.175866,-2.658836,-5.040013,7.934360,-11.038333
3.206250,147.242905,-10.152936,-3.436391,-5.033718,6.808711,-11.145817
3.212500,146.936508,-10.127384,-5.067342,-5.025115,5.691728,-11.252048
3.218750,146.626633,-10.099498,-5.503617,-5.014304,4.581895,-11.356893
3.225000,146.313248,-10.069581,-6.178730,-5.001234,3.477581,-11.460302
3.231250,145.997467,-10.037633,-6.619933,-4.985935,2.376611,-11.562466
3.237500,145.680252,-10.003731,-8.261047,-4.968477,1.275665,-11.663787
3.243750,145.361603,-9.967743,-9.054419,-4.949074,0.171151,-11.764556
3.250000,145.040192,-9.929934,-9.162358,-4.927763,-0.939481,-11.865214
3.256250,144.714432,-9.890763,-8.781717,-4.904562,-2.059577,-11.965927
3.262500,144.382919,-9.850609,-8.133872,-4.879476,-3.193309,-12.067006
3.268750,144.045166,-9.809985,-7.455650,-4.852825,-4.345464,-12.168936
3.275000,143.704071,-9.769143,-6.985492,-4.824853,-5.521352,-12.272017
3.281250,143.362122,-9.728189,-6.950963,-4.795643,-6.722912,-12.376453
3.287500,143.023285,-9.686667,-5.390666,-4.765213,-7.953512,-12.482379
3.293750,142.689896,-9.644266,-3.842831,-4.733926,-9.215217,-12.590106
3.300000,142.363281,-9.600605,-3.845359,-4.701950,-10.510879,-12.700161
3.306250,142.042953,-9.555375,-3.437451,-4.669343,-11.841318,-12.812676
3.312500,141.727554,-9.508626,-2.846588,-4.636014,-13.207083,-12.927990
3.318750,141.414948,-9.460639,-2.311404,-4.602068,-14.608335,-13.046573
3.325000,141.103973,-9.411607,-2.069135,-4.567848,-16.047159,-13.169172
3.331250,140.795090,-9.361766,-2.343189,-4.533333,-17.524570,-13.296312
3.337500,140.490952,-9.310902,-3.330542,-4.498462,-19.038708,-13.428092
3.343750,140.192719,-9.258810,-5.195698,-4.463397,-20.590399,-13.564998
3.350000,139.902161,-9.205215,-5.891582,-4.428465,-22.180351,-13.707597
3.356250,139.619598,-9.149708,-6.852819,-4.393779,-23.810160,-13.856430
3.362500,139.343643,-9.092157,-7.606427,-4.359286,-25.478722,-14.011718
3.368750,139.071960,-9.032794,-9.587503,-4.325140,-27.186682,-14.173870
3.375000,138.802414,-8.971814,-10.751372,-4.291723,-28.936388,-14.343576
3.381250,138.535828,-8.909415,-11.263067,-4.259273,-30.728853,-14.521241
3.387500,138.273148,-8.845448,-11.321710,-4.227940,-32.564434,-14.707109
3.393750,138.016968,-8.779423,-11.151855,-4.198018,-34.445057,-14.901271
3.400000,137.769653,-8.710813,-10.993490,-4.169956,-36.374470,-15.104135
3.406250,137.531784,-8.638703,-11.087633,-4.144000,-38.356941,-15.315907
3.412500,137.301483,-8.562682,-11.664045,-4.120378,-40.396606,-15.536513
3.418750,137.074875,-8.482421,-10.764814,-4.099459,-42.497406,-15.765729
3.425000,136.847397,-8.398108,-9.931275,-4.081771,-44.665722,-16.004000
3.431250,136.614395,-8.310054,-8.808612,-4.067672,-46.906639,-16.251026
3.437500,136.373184,-8.218538,-8.953968,-4.057497,-49.226242,-16.506683
3.443750,136.122864,-8.123727,-8.444371,-4.051752,-51.631710,-16.771030
3.450000,135.863968,-8.025437,-7.561862,-4.051048,-54.132416,-17.044168
3.456250,135.596802,-7.923330,-6.611005,-4.056022,-56.737495,-17.326418
3.462500,135.319595,-7.817113,-5.903510,-4.067248,-59.459682,-17.617439
3.468750,135.029404,-7.706674,-5.743780,-4.085433,-62.311779,-17.916712
3.475000,134.721375,-7.592043,-6.414044,-4.111318,-65.312202,-18.223087
3.481250,134.390228,-7.473698,-5.991859,-4.145570,-68.478546,-18.535015
3.487500,134.030518,-7.352315,-6.035551,-4.188877,-71.827156,-18.850746
3.493750,133.638962,-7.228465,-6.192364,-4.242114,-75.374718,-19.168623
3.500000,133.213379,-7.102431,-6.108441,-4.306044,-79.140182,-19.486177
3.506250,132.753204,-6.974529,-5.447557,-4.381207,-83.135963,-19.800465
3.512500,132.257629,-6.844726,-5.802664,-4.468276,-87.379501,-20.108015
3.518750,131.724030,-6.713313,-5.300849,-4.567905,-91.888306,-20.404865
3.525000,131.148148,-6.580776,-4.285102,-4.680441,-94.779442,-20.686663
3.531250,130.524689,-6.447871,-3.131890,-4.806097,-97.682930,-20.948223
3.537500,129.849503,-6.315929,-2.230682,-4.945289,-100.069168,-21.184717
3.543750,129.120102,-6.186082,-1.964864,-5.098100,-101.440948,-21.391733
3.550000,128.336517,-6.059550,-0.521342,-5.264186,-101.354050,-21.565012
3.556250,127.501808,-5.937134,0.425674,-5.442583,-99.444901,-21.700817
3.562500,126.619598,-5.819331,1.111918,-5.633001,-95.451263,-21.796799
3.568750,125.694504,-5.706661,1.779350,-5.835145,-89.226173,-21.851362
3.575000,124.729546,-5.599607,2.670938,-6.047515,-80.733185,-21.862902
3.581250,123.727119,-5.498680,4.013469,-6.267943,-70.052696,-21.829882
3.587500,122.689362,-5.404613,4.106007,-6.494833,-57.381325,-21.752443
3.593750,121.619980,-5.318114,4.723240,-6.726811,-43.018078,-21.632042
3.600000,120.523438,-5.239753,5.445280,-6.961823,-27.346102,-21.470747
3.606250,119.406395,-5.169750,5.848245,-7.196806,-10.806904,-21.270275
3.612500,118.275894,-5.108025,5.517754,-7.428916,6.108167,-21.034573
3.618750,117.138741,-5.054225,6.235766,-7.656112,22.885223,-20.768456
3.625000,116.000198,-5.008085,6.311200,-7.876262,39.019283,-20.476992
3.631250,114.864273,-4.969328,5.982849,-8.086564,54.041687,-20.164663
3.637500,113.733582,-4.937824,5.507040,-8.284492,67.541939,-19.835522
3.643750,112.611046,-4.913477,5.144762,-8.468252,79.184441,-19.493849
3.650000,111.499725,-4.896213,5.151414,-8.636237,88.733299,-19.143831
3.656250,110.403801,-4.885770,5.767045,-8.786776,96.068329,-18.789549
3.662500,109.328255,-4.881668,5.308043,-8.918653,101.187492,-18.434925
3.668750,108.277664,-4.883147,5.566647,-9.031297,104.203575,-18.084259
3.675000,107.255867,-4.889433,6.135571,-9.124380,105.342484,-17.740767
3.681250,106.265381,-4.899855,6.596173,-9.197824,104.931770,-17.407522
3.687500,105.306961,-4.913834,6.538623,-9.251921,103.378960,-17.086796
3.693750,104.380386,-4.930934,7.750613,-9.287586,101.157318,-16.780544
3.700000,103.485497,-4.950735,8.539877,-9.306051,98.780373,-16.490259
3.706250,102.622704,-4.972841,9.136641,-9.308717,94.608849,-16.216522
3.712500,101.793121,-4.996747,9.786743,-9.296946,90.520683,-15.960328
3.718750,100.997177,-5.021861,10.739929,-9.272128,86.504448,-15.722101
3.725000,100.234390,-5.047643,10.342740,-9.235915,82.546707,-15.502536
3.731250,99.503677,-5.073572,10.434619,-9.190136,78.630043,-15.302494
3.737500,98.802231,-5.099418,10.671836,-9.136784,74.741318,-15.122750
3.743750,98.128517,-5.125062,10.714100,-9.077120,70.868492,-14.963646
3.750000,97.479904,-5.150347,10.239100,-9.012279,67.006920,-14.825056
3.756250,96.855431,-5.174942,8.952833,-8.943744,63.145809,-14.707639
3.762500,96.253853,-5.198739,6.610464,-8.873188,59.273636,-14.612909
3.768750,95.673790,-5.221570,5.198472,-8.801500,55.384384,-14.541699
3.775000,95.113808,-5.243179,3.245680,-8.729195,51.473347,-14.494544
3.781250,94.573097,-5.263342,1.207738,-8.657144,47.535446,-14.472591
3.787500,94.048927,-5.281911,-0.451677,-8.586363,43.558926,-14.477668
3.793750,93.540268,-5.298782,-3.172282,-8.517718,39.537445,-14.511160
3.800000,93.046188,-5.313813,-4.907882,-8.451272,35.466209,-14.574081
3.806250,92.564926,-5.326764,-5.825749,-8.387127,31.337564,-14.667754
3.812500,92.094467,-5.337434,-6.130433,-8.325782,27.138029,-14.793973
3.818750,91.632736,-5.345710,-6.049851,-8.267469,22.852661,-14.954722
3.825000,91.176460,-5.351679,-5.824175,-8.212181,18.463539,-15.152287
3.831250,90.722206,-5.355605,-5.695369,-8.159907,13.950354,-15.388946
3.837500,90.266930,-5.357857,-5.895606,-8.110496,9.284729,-15.666002
3.843750,89.808434,-5.358691,-4.467481,-8.063580,4.428610,-15.983874
3.850000,89.346237,-5.358290,-2.951390,-8.019130,-0.661527,-16.341156
3.856250,88.878899,-5.356851,-2.889231,-7.977015,-6.028990,-16.736216
3.862500,88.405296,-5.354618,-2.322952,-7.936906,-11.716935,-17.166616
3.868750,87.923424,-5.351820,-1.482414,-7.898424,-17.771690,-17.627840
3.875000,87.431374,-5.348958,-0.608367,-7.861387,-24.244825,-18.112860
3.881250,86.926819,-5.346649,0.058974,-7.825708,-29.292824,-18.612276
3.887500,86.409920,-5.345448,0.294884,-7.791111,-34.579781,-19.114168
3.893750,85.881058,-5.345793,-0.099678,-7.757408,-39.600506,-19.604336
3.900000,85.342278,-5.347795,-1.290621,-7.724579,-43.873444,-20.068434
3.906250,84.796555,-5.351481,-1.233952,-7.692861,-46.963608,-20.491520
3.912500,84.245628,-5.356770,-1.364062,-7.662186,-48.498234,-20.858801
3.918750,83.690712,-5.363565,-3.102342,-7.632141,-48.189114,-21.156569
3.925000,83.130539,-5.372029,-4.368594,-7.602966,-45.845821,-21.373158
3.931250,82.563934,-5.382547,-5.273026,-7.574708,-41.387413,-21.499811
3.937500,81.990631,-5.395666,-5.938148,-7.547150,-34.836582,-21.530300
3.943750,81.412231,-5.411679,-6.496947,-7.519874,-26.318859,-21.460953
3.950000,80.832451,-5.430642,-7.087312,-7.492910,-16.060184,-21.292091
3.956250,80.254700,-5.452305,-7.845312,-7.466515,-4.375124,-21.027842
3.962500,79.682922,-5.476284,-8.893740,-7.440291,8.355751,-20.675369
3.968750,79.119041,-5.502325,-10.337762,-7.413811,21.705816,-20.244297
3.975000,78.562714,-5.530316,-10.095023,-7.386784,35.216980,-19.746948
3.981250,78.012703,-5.560558,-9.589832,-7.359511,48.426018,-19.197750
3.987500,77.469101,-5.593334,-10.256804,-7.331954,60.889313,-18.611654
3.993750,76.933922,-5.628769,-10.047709,-7.304002,72.209892,-18.003323
4.000000,76.410988,-5.666742,-9.125607,-7.275807,82.052055,-17.386518
4.006250,75.904411,-5.706675,-7.689218,-7.247524,90.167351,-16.772903
4.012500,75.417694,-5.747757,-5.961184,-7.219141,96.401978,-16.171631
4.018750,74.952057,-5.789261,-4.178351,-7.190782,100.715034,-15.590245
4.025000,74.505463,-5.830873,-2.580721,-7.162925,103.184494,-15.034742
4.031250,74.072647,-5.873041,-1.397556,-7.135535,104.000748,-14.510059
4.037500,73.649841,-5.916372,1.333759,-7.108311,103.453308,-14.018548
4.043750,73.235596,-5.961421,4.075037,-7.081218,101.914024,-13.560523
4.050000,72.833084,-6.008408,5.287134,-7.054654,99.820435,-13.135126
4.056250,72.447289,-6.056929,6.931024,-7.028461,97.661324,-12.740515
4.062500,72.083687,-6.106122,8.781232,-7.002306,93.782074,-12.374170
4.068750,71.744789,-6.154984,10.600240,-6.976229,90.049095,-12.034065
4.075000,71.429855,-6.202831,12.151122,-6.950619,86.437943,-11.718775
4.081250,71.134644,-6.249725,13.213627,-6.925522,82.929901,-11.426303
4.087500,70.852844,-6.296283,13.594216,-6.900514,79.511620,-11.154639
4.093750,70.580803,-6.343218,13.130989,-6.875676,76.171181,-10.902319
4.100000,70.319206,-6.390993,13.869176,-6.851871,72.894081,-10.668549
4.106250,70.072769,-6.439364,14.375853,-6.829271,69.672302,-10.452308
4.112500,69.847313,-6.487591,13.234492,-6.807478,66.502724,-10.252010
4.118750,69.646599,-6.534747,12.528249,-6.786464,63.379967,-10.066600
4.125000,69.470688,-6.579900,12.148343,-6.766762,60.297024,-9.895784
4.131250,69.315971,-6.622636,11.971727,-6.748536,57.247967,-9.739138
4.137500,69.175766,-6.663412,11.869469,-6.731349,54.232059,-9.595716
4.143750,69.043098,-6.703163,11.707209,-6.714742,51.248585,-9.464510
4.150000,68.916100,-6.742723,11.352255,-6.698895,48.292397,-9.345448
4.156250,68.797226,-6.782391,10.680861,-6.684028,45.358543,-9.238149
4.162500,68.692665,-6.821589,9.588991,-6.669746,42.445694,-9.142159
4.168750,68.608116,-6.859339,10.163019,-6.655887,39.553326,-9.056823
4.175000,68.546516,-6.894568,9.087426,-6.642470,36.679337,-8.981918
4.181250,68.505684,-6.926401,8.447116,-6.629508,33.821621,-8.917102
4.187500,68.480293,-6.954726,8.137420,-6.616938,30.979185,-8.862123
4.193750,68.463150,-6.980024,8.037344,-6.604781,28.151814,-8.816735
4.200000,68.448006,-7.003219,8.015160,-6.593275,25.338423,-8.780939
4.206250,68.432838,-7.025005,7.936087,-6.582450,22.538521,-8.754661
4.212500,68.420074,-7.045424,7.668879,-6.572128,19.751610,-8.737650
4.218750,68.414001,-7.064063,7.090293,-6.562469,16.977135,-8.730079
4.225000,68.418411,-7.080167,6.093336,-6.553486,14.213312,-8.731928
4.231250,68.433205,-7.093167,6.761370,-6.544821,11.459240,-8.743035
4.237500,68.454735,-7.102743,5.778870,-6.536240,8.714889,-8.763147
4.243750,68.477203,-7.109314,5.227729,-6.527631,5.977736,-8.792269
4.250000,68.495049,-7.113702,5.002399,-6.518905,3.246681,-8.830397
4.256250,68.505432,-7.116803,4.981760,-6.509737,0.521950,-8.877131
4.262500,68.508926,-7.119015,5.035548,-6.499811,-2.196991,-8.932253
4.268750,68.509857,-7.120102,5.027498,-6.489319,-4.910509,-8.995912
4.275000,68.513168,-7.119412,4.826284,-6.478456,-7.620937,-9.068137
4.281250,68.520782,-7.116241,4.312255,-6.467056,-10.325612,-9.148764
4.287500,68.531273,-7.110143,3.381442,-6.455040,-13.023958,-9.237472
4.293750,68.540627,-7.101098,4.115605,-6.442577,-15.716879,-9.334532
4.300000,68.543480,-7.089447,3.198694,-6.429981,-18.405304,-9.440068
4.306250,68.535400,-7.075899,2.714656,-6.417084,-21.088295,-9.554034
4.312500,68.514137,-7.061131,2.557537,-6.403738,-23.764992,-9.676326
4.318750,68.481461,-7.045417,2.603230,-6.390018,-26.435921,-9.807206
4.325000,68.439941,-7.028488,2.718465,-6.375982,-29.103193,-9.946987
4.331250,68.391464,-7.010113,2.767721,-6.361318,-31.765482,-10.095624
4.337500,68.336288,-6.990083,2.619282,-6.345840,-34.423599,-10.253212
4.343750,68.271973,-6.968548,2.149294,-6.329596,-37.079044,-10.420141
4.350000,68.195007,-6.945964,1.251793,-6.312439,-39.733719,-10.596527
4.356250,68.103439,-6.922985,2.012148,-6.294150,-42.388138,-10.782294
4.362500,67.996910,-6.900095,1.114313,-6.274687,-45.044765,-10.977334
4.368750,67.877579,-6.877491,0.639935,-6.254377,-47.707256,-11.182098
4.375000,67.748734,-6.855052,0.483712,-6.233450,-50.378170,-11.396636
4.381250,67.613579,-6.832201,0.526535,-6.211736,-53.057014,-11.620686
4.387500,67.472687,-6.808719,0.637054,-6.189284,-55.745098,-11.854146
4.393750,67.325172,-6.784428,0.678362,-6.166515,-58.443729,-12.097248
4.400000,67.167648,-6.759639,0.517580,-6.143604,-61.156464,-12.350254
4.406250,66.997444,-6.734892,0.033964,-6.120532,-63.881638,-12.613244
4.412500,66.813187,-6.710703,-0.878533,-6.097347,-66.620163,-12.886494
4.418750,66.615959,-6.687504,-0.138943,-6.074345,-69.376228,-13.170977
4.425000,66.409462,-6.665258,-1.063180,-6.051517,-72.151970,-13.467535
4.431250,66.197090,-6.643713,-1.566729,-6.028512,-74.949806,-13.776273
4.437500,65.980736,-6.622474,-1.754874,-6.005245,-77.772545,-14.097700
4.443750,65.760666,-6.601447,-1.751861,-5.981993,-80.629059,-14.432530
4.450000,65.535126,-6.580667,-1.688519,-5.958836,-83.525459,-14.781201
4.456250,65.301590,-6.560632,-1.697696,-5.935494,-86.467262,-15.143576
4.462500,65.059418,-6.541726,-1.909869,-5.912053,-89.462502,-15.519708
4.468750,64.809135,-6.524236,-2.447929,-5.888893,-92.521095,-15.910359
4.475000,64.553802,-6.508119,-3.416744,-5.866338,-95.652504,-16.315456
4.481250,64.296593,-6.492888,-2.730857,-5.844268,-98.864258,-16.735010
4.487500,64.039581,-6.478153,-3.705280,-5.822833,-102.167015,-17.169310
4.493750,63.782887,-6.463504,-4.257200,-5.802203,-105.572624,-17.618608
4.500000,63.524315,-6.448802,-4.492481,-5.782312,-109.099960,-18.082556
4.506250,63.260647,-6.434430,-4.533298,-5.763217,-110.877914,-18.559240
4.512500,62.989597,-6.420711,-4.512364,-5.745060,-112.555061,-19.046181
4.518750,62.710579,-6.408191,-4.565012,-5.727797,-113.615158,-19.541830
4.525000,62.424385,-6.397071,-4.821044,-5.710936,-113.577087,-20.044601
4.531250,62.134972,-6.387233,-5.401462,-5.694418,-112.032692,-20.552065
4.537500,61.844688,-6.378366,-6.414186,-5.678630,-108.668907,-21.060648
4.543750,61.555618,-6.370240,-5.775733,-5.663791,-103.274956,-21.565382
4.550000,61.267536,-6.362694,-6.796859,-5.649369,-95.748596,-22.059402
4.556250,60.979012,-6.355814,-7.390958,-5.635224,-86.102928,-22.535433
4.562500,60.688602,-6.350030,-7.667042,-5.622004,-74.467857,-22.986139
4.568750,60.395954,-6.345508,-7.747513,-5.610081,-61.077812,-23.403543
4.575000,60.101795,-6.342549,-7.760962,-5.599165,-46.253574,-23.780239
4.581250,59.808815,-6.341035,-7.839777,-5.589065,-30.391859,-24.110104
4.587500,59.518955,-6.340588,-8.118562,-5.580357,-13.957042,-24.387991
4.593750,59.234394,-6.340868,-8.721193,-5.573260,2.550150,-24.609678
4.600000,58.955017,-6.341650,-9.749748,-5.567070,18.625971,-24.770666
4.606250,58.678520,-6.342946,-9.119088,-5.561388,33.777988,-24.867777
4.612500,58.402863,-6.345056,-10.149546,-5.556603,47.552113,-24.900806
4.618750,58.127705,-6.348245,-10.760217,-5.552903,59.564404,-24.871096
4.625000,57.854092,-6.352602,-11.053767,-5.549735,69.528564,-24.780836
4.631250,57.584229,-6.358009,-11.148828,-5.546438,77.258759,-24.634464
4.637500,57.321014,-6.364083,-11.179793,-5.543440,82.678482,-24.439648
4.643750,57.066074,-6.370408,-11.285123,-5.541243,85.824966,-24.205967
4.650000,56.820847,-6.376645,-11.592282,-5.539503,86.855904,-23.943163
4.656250,56.584343,-6.382469,-12.219023,-5.537885,86.040390,-23.661583
4.662500,56.354683,-6.387929,-13.273435,-5.536915,83.735382,-23.371986
4.668750,56.130630,-6.392992,-12.675014,-5.537379,80.387093,-23.083458
4.675000,55.911102,-6.397739,-11.843209,-5.539253,76.509834,-22.800417
4.681250,55.695774,-6.402213,-12.207747,-5.542429,72.665794,-22.524841
4.687500,55.485847,-6.406068,-11.722064,-5.547317,67.235229,-22.264637
4.693750,55.281712,-6.409067,-10.550795,-5.554183,62.118378,-22.026115
4.700000,55.081703,-6.410892,-8.889470,-5.562804,57.334526,-21.810381
4.706250,54.883923,-6.411601,-6.957153,-5.572983,52.886459,-21.615194
4.712500,54.684666,-6.411471,-4.989961,-5.584701,48.762810,-21.437714
4.718750,54.481461,-6.410985,-3.225049,-5.598032,44.944916,-21.274544
4.725000,54.272308,-6.410605,-1.887866,-5.612761,41.409130,-21.121609
4.731250,54.058197,-6.410666,0.986445,-5.628838,38.128498,-20.975140
4.737500,53.841614,-6.411202,3.863073,-5.646320,35.070858,-20.831663
4.743750,53.625057,-6.411977,5.208599,-5.665121,32.198647,-20.688953
4.750000,53.410660,-6.412707,6.987743,-5.685132,29.477196,-20.546158
4.756250,53.198772,-6.413071,8.975238,-5.706388,26.868168,-20.403038
4.762500,52.989182,-6.413030,10.934347,-5.729105,24.327839,-20.260239
4.768750,52.780090,-6.412744,12.630767,-5.752975,21.818985,-20.119450
4.775000,52.569912,-6.412485,13.844468,-5.777625,19.310747,-19.983303
4.781250,52.358612,-6.412378,14.376637,-5.803240,16.772331,-19.855263
4.787500,52.147839,-6.412355,14.062038,-5.829931,14.182905,-19.739723
4.793750,51.939804,-6.412001,14.949643,-5.857316,11.533957,-19.640066
4.800000,51.734318,-6.410987,15.607347,-5.884788,8.823716,-19.559624
4.806250,51.530903,-6.409096,14.612885,-5.912211,6.055580,-19.502151
4.812500,51.327118,-6.406463,14.045975,-5.939765,3.242737,-19.470236
4.818750,51.120327,-6.403306,13.800618,-5.967110,0.408243,-19.464676
4.825000,50.908791,-6.399962,13.757791,-5.993709,-2.424859,-19.485695
4.831250,50.691246,-6.396853,13.784220,-6.019741,-5.234714,-19.533081
4.837500,50.467812,-6.394302,13.742178,-6.045671,-8.000829,-19.605753
4.843750,50.240536,-6.392457,13.501136,-6.071598,-10.690902,-19.700119
4.850000,50.011677,-6.391181,12.942570,-6.097188,-13.286826,-19.811798
4.856250,49.784489,-6.390211,11.961311,-6.122993,-15.787295,-19.939178
4.862500,49.559620,-6.389231,12.638337,-6.149498,-18.207939,-20.082905
4.868750,49.337143,-6.388199,11.660408,-6.176651,-20.541433,-20.237759
4.875000,49.116188,-6.387096,11.113709,-6.204269,-22.781551,-20.399548
4.881250,48.896469,-6.386028,10.891464,-6.232547,-24.959555,-20.566679
4.887500,48.678108,-6.384877,10.869122,-6.261719,-27.108568,-20.738964
4.893750,48.461941,-6.383498,10.915442,-6.291659,-29.256060,-20.916433
4.900000,48.248505,-6.381486,10.897125,-6.321833,-31.432556,-21.099571
4.906250,48.037899,-6.378690,10.683582,-6.352106,-33.665691,-21.289919
4.912500,47.828445,-6.374845,10.151825,-6.382352,-35.985886,-21.490656
4.918750,47.617699,-6.369978,9.196925,-6.412367,-38.416016,-21.705378
4.925000,47.403404,-6.364288,9.903278,-6.441929,-40.977978,-21.938372
4.931250,47.183235,-6.358080,8.956007,-6.471151,-43.700672,-22.193499
4.937500,46.956165,-6.351659,8.438641,-6.499974,-46.609238,-22.474422
4.943750,46.722195,-6.345158,8.247658,-6.528008,-49.728428,-22.783550
4.950000,46.481953,-6.338728,8.261150,-6.555272,-53.062283,-23.126680
4.956250,46.236099,-6.332337,8.344856,-6.582173,-56.623440,-23.506618
4.962500,45.985142,-6.326053,8.363510,-6.608627,-60.439430,-23.926992
4.968750,45.728844,-6.320022,8.186570,-6.634167,-64.536926,-24.386892
4.975000,45.466427,-6.314496,7.691225,-6.658587,-68.943985,-24.882929
4.981250,45.198738,-6.309684,6.768351,-6.682144,-73.705170,-25.406820
4.987500,44.926960,-6.305697,7.498796,-6.705028,-76.971169,-25.945833
4.993750,44.653305,-6.302382,6.567416,-6.727047,-80.407867,-26.488344
5.000000,44.379574,-6.299612,6.058128,-6.748111,-83.503609,-27.024042
5.006250,44.106365,-6.297246,5.862875,-6.768715,-85.783592,-27.540796
5.012500,43.834377,-6.294999,5.859359,-6.789085,-86.832977,-28.023634
5.018750,43.563889,-6.292754,5.917836,-6.809290,-86.316399,-28.456358
5.025000,43.294498,-6.290360,5.903578,-6.829595,-84.000008,-28.823587
5.031250,43.025883,-6.287821,5.684352,-6.850830,-79.740868,-29.112150
5.037500,42.756088,-6.285163,5.138439,-6.873411,-73.496384,-29.311253
5.043750,42.485935,-6.282267,4.164472,-6.897573,-65.316040,-29.412331
5.050000,42.215080,-6.278998,4.848129,-6.923491,-55.346485,-29.411926
5.056250,41.943222,-6.275210,3.874586,-6.951416,-43.826401,-29.310129
5.062500,41.669018,-6.270808,3.330523,-6.981098,-31.064585,-29.110294
5.068750,41.390522,-6.265898,3.113661,-7.012131,-17.436394,-28.819700
5.075000,41.104748,-6.260776,3.103185,-7.044273,-3.366373,-28.448339
5.081250,40.810043,-6.255951,3.167695,-7.077170,10.701012,-28.008270
5.087500,40.505444,-6.251676,3.174647,-7.110021,24.321558,-27.512106
5.093750,40.191872,-6.248312,2.994047,-7.142122,37.075756,-26.972052
5.100000,39.870594,-6.245859,2.502504,-7.173392,48.581413,-26.400866
5.106250,39.543175,-6.244303,1.593845,-7.203415,58.536709,-25.809422
5.112500,39.210743,-6.243549,2.354507,-7.231297,66.736366,-25.208933
5.118750,38.872658,-6.243783,1.470233,-7.256541,73.073250,-24.610302
5.125000,38.528236,-6.245320,1.019203,-7.279537,77.545998,-24.025215
5.131250,38.177700,-6.248488,0.891962,-7.300652,80.238411,-23.460238
5.137500,37.822403,-6.253573,0.968774,-7.319438,81.340141,-22.920511
5.143750,37.465000,-6.260531,1.117380,-7.335694,81.146324,-22.406742
5.150000,37.108833,-6.269135,1.195759,-7.350130,80.023155,-21.919449
5.156250,36.757980,-6.278879,1.067707,-7.363503,78.402283,-21.457573
5.162500,36.414398,-6.289298,0.611870,-7.375738,76.776665,-21.020552
5.168750,36.077374,-6.300051,-0.275777,-7.386368,73.495758,-20.609961
5.175000,35.744461,-6.311253,0.485822,-7.395687,70.427460,-20.225809
5.181250,35.413280,-6.323133,-0.423257,-7.404362,67.525162,-19.866417
5.187500,35.083061,-6.336060,-0.917034,-7.412157,64.753845,-19.528879
5.193750,34.754665,-6.350235,-1.097496,-7.418811,62.088070,-19.211231
5.200000,34.430763,-6.365387,-1.087541,-7.424534,59.507317,-18.912209
5.206250,34.113987,-6.381194,-1.019481,-7.429882,57.000835,-18.631281
5.212500,33.806129,-6.397026,-1.025884,-7.434732,54.560310,-18.366791
5.218750,33.507984,-6.412486,-1.234711,-7.438871,52.183617,-18.117170
5.225000,33.217155,-6.427405,-1.769282,-7.442567,49.862419,-17.882053
5.231250,32.930309,-6.441934,-2.736714,-7.446202,47.590858,-17.660515
5.237500,32.643955,-6.456582,-2.051326,-7.449527,45.365429,-17.450888
5.243750,32.356869,-6.471663,-3.028403,-7.452352,43.184731,-17.252361
5.250000,32.069794,-6.487475,-3.586973,-7.454829,41.043766,-17.064018
5.256250,31.785761,-6.503885,-3.834689,-7.457041,38.940464,-16.885008
5.262500,31.507500,-6.520428,-3.891685,-7.458600,36.875858,-16.714355
5.268750,31.237007,-6.536603,-3.889599,-7.459259,34.848827,-16.551603
5.275000,30.973270,-6.552031,-3.965705,-7.459232,32.855347,-16.396410
5.281250,30.713932,-6.566801,-4.251916,-7.458318,30.897333,-16.248222
5.287500,30.455219,-6.581197,-4.866618,-7.456189,28.975220,-16.106592
5.293750,30.194220,-6.595838,-5.915504,-7.452913,27.087309,-15.970907
5.300000,29.931305,-6.611108,-5.316941,-7.448924,25.229259,-15.841038
5.306250,29.667974,-6.627088,-6.386125,-7.444378,23.398960,-15.716597
5.312500,29.408627,-6.643413,-7.035307,-7.439016,21.595320,-15.596651
5.318750,29.156363,-6.659555,-7.370235,-7.433050,19.814817,-15.480780
5.325000,28.912926,-6.674832,-7.515854,-7.427039,18.050713,-15.368931
5.331250,28.677538,-6.688794,-7.603219,-7.421130,16.303541,-15.260299
5.337500,28.446156,-6.701504,-7.765706,-7.414994,14.572245,-15.153810
5.343750,28.214247,-6.713327,-8.136098,-7.408605,12.855281,-15.049063
5.350000,27.978540,-6.724983,-8.839874,-7.402331,11.148558,-14.945961
5.356250,27.738047,-6.736904,-9.983834,-7.396125,9.451860,-14.844416
5.362500,27.495054,-6.749340,-9.482284,-7.389384,7.765336,-14.743933
5.368750,27.252953,-6.762068,-10.650780,-7.381961,6.088352,-14.644578
5.375000,27.014683,-6.774589,-11.408485,-7.373906,4.417826,-14.546745
5.381250,26.780985,-6.786525,-11.860209,-7.365168,2.752252,-14.450499
5.387500,26.551441,-6.797664,-12.124770,-7.355512,1.092196,-14.355434
5.393750,26.322636,-6.808288,-12.333188,-7.345043,-0.566198,-14.261912
5.400000,26.091415,-6.818811,-12.620677,-7.334052,-2.227678,-14.170144
5.406250,25.856915,-6.829679,-13.116974,-7.322666,-3.895368,-14.079945
5.412500,25.620295,-6.841186,-13.941864,-7.310819,-5.570718,-13.990975
5.418750,25.385174,-6.853049,-15.201954,-7.298988,-7.257473,-13.903543
5.425000,25.155243,-6.864728,-14.815428,-7.287484,-8.959256,-13.817653
5.431250,24.933138,-6.875529,-14.202451,-7.276306,-10.675799,-13.732882
5.437500,24.718418,-6.884857,-14.794575,-7.265223,-12.407686,-13.649096
5.443750,24.507460,-6.892624,-14.546032,-7.254333,-14.158429,-13.566396
5.450000,24.295511,-6.899243,-13.621561,-7.243812,-15.930453,-13.485103
5.456250,24.078518,-6.905363,-12.217693,-7.233357,-17.723372,-13.405254
5.462500,23.854366,-6.911667,-10.554510,-7.222635,-19.537548,-13.326704
5.468750,23.625170,-6.918532,-8.868686,-7.211705,-21.375208,-13.249539
5.475000,23.394518,-6.925834,-7.398039,-7.200523,-23.237358,-13.174034
5.481250,23.166733,-6.933130,-6.368664,-7.188933,-25.124815,-13.100222
5.487500,22.945414,-6.939795,-3.816349,-7.176992,-27.036798,-13.028056
5.493750,22.730003,-6.945481,-1.278073,-7.164913,-28.975525,-12.957920
5.500000,22.518543,-6.950059,-0.289085,-7.152726,-30.940723,-12.889896
5.506250,22.307238,-6.953956,1.113989,-7.140404,-32.931664,-12.823849
5.512500,22.094193,-6.957618,2.704511,-7.128103,-34.949181,-12.760173
5.518750,21.879341,-6.961377,4.242980,-7.116345,-36.995945,-12.699235
5.525000,21.665398,-6.965135,5.494761,-7.105127,-39.071213,-12.641267
5.531250,21.455976,-6.968354,6.239650,-7.094127,-41.173550,-12.586010
5.537500,21.253916,-6.970339,6.279875,-7.083423,-43.303871,-12.533682
5.543750,21.058779,-6.970469,5.450764,-7.073320,-45.465790,-12.484667
5.550000,20.867048,-6.968514,5.799827,-7.063672,-47.659626,-12.439020
5.556250,20.673073,-6.964896,5.895842,-7.054170,-49.884739,-12.396447
5.562500,20.471445,-6.960476,4.317552,-7.044797,-52.141865,-12.357215
5.568750,20.259291,-6.956173,3.146901,-7.035763,-54.434917,-12.321847
5.575000,20.038479,-6.952441,2.279309,-7.026805,-56.763958,-12.290239
5.581250,19.814228,-6.949199,1.595757,-7.017642,-59.127682,-12.262193
5.587500,19.592628,-6.945683,0.963481,-7.008635,-61.528030,-12.238022
5.593750,19.378124,-6.940879,0.246803,-7.000153,-63.967541,-12.218120
5.600000,19.171194,-6.933971,-0.684556,-6.992078,-66.445084,-12.202412
5.606250,18.968206,-6.924705,-1.950343,-6.984306,-68.959068,-12.190677
5.612500,18.762100,-6.913458,-3.657596,-6.977117,-71.511658,-12.183808
5.618750,18.547543,-6.901055,-3.725618,-6.970812,-74.105347,-12.181709
5.625000,18.322458,-6.888290,-3.573988,-6.965162,-76.738533,-12.184823
5.631250,18.088842,-6.875387,-4.635339,-6.960021,-79.410950,-12.193336
5.637500,17.851387,-6.861898,-4.863472,-6.955718,-82.125435,-12.207797
5.643750,17.615124,-6.846989,-4.421803,-6.952315,-84.883118,-12.228599
5.650000,17.380617,-6.829859,-3.504409,-6.949253,-87.682076,-12.255548
5.656250,17.144978,-6.810223,-2.332268,-6.946254,-90.522621,-12.288431
5.662500,16.902344,-6.788312,-1.143527,-6.944143,-93.409790,-12.328379
5.668750,16.645437,-6.765135,-0.177472,-6.943379,-96.347061,-12.376128
5.675000,16.370953,-6.741731,0.344737,-6.943284,-99.330032,-12.431182
5.681250,16.080469,-6.718709,2.387505,-6.943682,-102.355911,-12.493527
5.687500,15.779752,-6.695939,4.411038,-6.945403,-105.428360,-12.564118
5.693750,15.475695,-6.672598,4.876010,-6.949214,-108.550636,-12.644054
5.700000,15.174722,-6.647359,5.749182,-6.954644,-111.717934,-12.733420
5.706250,14.876601,-6.619330,6.806849,-6.961129,-114.926659,-12.831903
5.712500,14.576412,-6.588023,7.809129,-6.969308,-118.178780,-12.940892
5.718750,14.266768,-6.553872,8.516108,-6.979874,-121.478752,-13.061294
5.725000,13.939773,-6.517699,8.708529,-6.992455,-124.822495,-13.193505
5.731250,13.591011,-6.480518,8.193397,-7.006744,-128.205109,-13.337786
5.737500,13.220830,-6.442971,6.806482,-7.023066,-129.733124,-13.495425
5.743750,12.832921,-6.405019,6.593980,-7.041782,-131.028809,-13.667613
5.750000,12.431172,-6.366047,6.125840,-7.062319,-131.553955,-13.854988
5.756250,12.017434,-6.325486,3.984142,-7.084289,-130.809006,-14.058277
5.762500,11.589852,-6.283077,2.248484,-7.108347,-128.366028,-14.279319
5.768750,11.142384,-6.239258,0.811479,-7.134646,-123.880028,-14.519555
5.775000,10.668995,-6.194856,-0.445785,-7.162860,-117.105095,-14.779887
5.781250,10.165597,-6.150932,-1.652974,-7.192673,-107.911446,-15.061598
5.787500,9.631738,-6.108432,-2.948675,-7.224597,-96.294724,-15.366599
5.793750,9.071918,-6.067657,-4.466109,-7.258861,-82.368279,-15.696775
5.800000,8.491540,-6.028333,-6.324323,-7.294895,-66.353111,-16.053112
5.806250,7.895708,-5.989810,-8.628733,-7.332679,-48.573128,-16.436935
5.812500,7.286032,-5.951606,-9.299987,-7.372561,-29.431103,-16.848156
5.818750,6.660699,-5.913724,-9.759604,-7.414504,-9.393505,-17.286570
5.825000,6.015819,-5.876413,-11.437603,-7.457822,11.039541,-17.750862
5.831250,5.348130,-5.840405,-12.286576,-7.502560,31.358000,-18.239475
5.837500,4.656283,-5.806412,-12.472488,-7.549453,51.070312,-18.750858
5.843750,3.940659,-5.775098,-12.192125,-7.598260,67.838181,-19.280348
5.850000,3.205692,-5.746616,-11.662073,-7.648187,82.910561,-19.822388
5.856250,2.455959,-5.720819,-11.119905,-7.699523,95.464462,-20.371019
5.862500,1.695349,-5.697272,-10.809289,-7.752919,104.809013,-20.919794
5.868750,0.927142,-5.675658,-10.957283,-7.808389,110.433952,-21.460375
5.875000,0.151621,-5.655694,-9.600610,-7.865118,112.029312,-21.983242
5.881250,-0.632802,-5.637468,-8.278625,-7.923206,109.493202,-22.479338
5.887500,-1.426374,-5.621027,-6.640756,-7.983403,102.930862,-22.939877
5.893750,-2.229003,-5.606588,-6.244752,-8.045542,92.659927,-23.355536
5.900000,-3.039941,-5.594121,-5.162441,-8.109045,79.191063,-23.717537
5.906250,-3.857075,-5.583496,-3.675313,-8.174040,63.194466,-24.018368
5.912500,-4.678100,-5.574401,-2.090024,-8.240764,47.361938,-24.252287
5.918750,-5.502539,-5.566461,-0.716370,-8.308770,28.794415,-24.413763
5.925000,-6.330444,-5.559484,0.142915,-8.377852,10.323680,-24.499372
5.931250,-7.163669,-5.553489,0.202202,-8.448610,-7.117841,-24.507866
5.937500,-8.002985,-5.548622,1.381813,-8.521623,-22.649094,-24.440653
5.943750,-8.849939,-5.544928,2.128218,-8.596078,-35.473343,-24.300171
5.950000,-9.704105,-5.542456,2.798090,-8.671431,-44.927856,-24.091034
5.956250,-10.564429,-5.541220,3.741730,-8.748023,-50.522911,-23.820587
5.962500,-11.430186,-5.541105,3.395729,-8.826278,-51.959930,-23.497540
5.968750,-12.299383,-5.541762,3.685286,-8.905502,-49.143318,-23.130959
5.975000,-13.171648,-5.542782,4.329906,-8.984967,-42.190639,-22.729927
5.981250,-14.046811,-5.543828,5.020546,-9.064838,-31.438213,-22.304718
5.987500,-14.926576,-5.544644,5.439550,-9.145039,-17.417747,-21.864517
5.993750,-15.812540,-5.544959,5.283894,-9.224477,-0.837093,-21.418732
6.000000,-16.707504,-5.544762,4.272400,-9.301864,17.463642,-20.974794
6.006250,-17.614895,-5.544302,4.321805,-9.376864,36.543659,-20.539394
6.012500,-18.538364,-5.543907,3.869509,-9.448647,55.408482,-20.117908
6.018750,-19.480070,-5.544036,3.271411,-9.515663,73.064423,-19.712950
6.025000,-20.440416,-5.544894,2.883763,-9.576397,90.734146,-19.327011
6.031250,-21.419075,-5.546535,3.040738,-9.629829,106.204453,-18.960978
6.037500,-22.416155,-5.548892,2.147963,-9.674842,119.255821,-18.614847
6.043750,-23.432381,-5.552033,2.083287,-9.709870,129.787628,-18.287579
6.050000,-24.470510,-5.556060,2.505689,-9.733178,137.817505,-17.977793
6.056250,-25.533358,-5.561454,3.043916,-9.743490,143.482498,-17.683775
6.062500,-26.623627,-5.568894,3.312712,-9.739195,147.031189,-17.403625
6.068750,-27.742947,-5.578999,2.935904,-9.719007,148.816803,-17.136318
6.075000,-28.890612,-5.592224,3.730164,-9.682142,149.278030,-16.880718
6.081250,-30.064018,-5.608715,4.029090,-9.627474,148.918945,-16.635778
6.087500,-31.260857,-5.628499,4.083220,-9.553852,148.285965,-16.400108
6.093750,-32.480320,-5.651560,4.146893,-9.460874,145.765030,-16.172808
6.100000,-33.723057,-5.678081,4.467067,-9.349009,143.255829,-15.954032
6.106250,-34.990952,-5.708664,5.278009,-9.218477,140.764694,-15.743499
6.112500,-36.285412,-5.744189,4.896105,-9.069048,138.298035,-15.540688
6.118750,-37.607285,-5.785594,5.112740,-8.901270,135.861847,-15.344992
6.125000,-38.953686,-5.833731,5.514500,-8.716867,133.453629,-15.156270
6.131250,-40.319996,-5.889162,5.679903,-8.517546,131.070251,-14.974176
6.137500,-41.698460,-5.951872,5.203106,-8.304840,128.713699,-14.797943
6.143750,-43.082485,-6.021322,5.876062,-8.080587,126.383568,-14.626816
6.150000,-44.467266,-6.097208,6.010646,-7.847210,124.075859,-14.460624
6.156250,-45.850685,-6.179286,5.840929,-7.606932,121.786575,-14.299050
6.162500,-47.232758,-6.267680,5.619940,-7.361746,119.513412,-14.141938
6.168750,-48.613785,-6.362886,5.603786,-7.113772,117.251968,-13.989611
6.175000,-49.993835,-6.465603,6.039182,-6.865211,115.000916,-13.842117
6.181250,-51.368401,-6.576042,5.259874,-6.617996,112.758812,-13.699654
6.187500,-52.730389,-6.694097,5.086860,-6.373723,110.521751,-13.562828
6.193750,-54.071007,-6.818898,5.146327,-6.134221,108.286072,-13.432625
6.200000,-55.383717,-6.949353,5.057681,-5.900895,106.049599,-13.310272
6.206250,-56.665398,-7.084666,4.454062,-5.674467,103.814445,-13.196315
6.212500,-57.916348,-7.224422,2.999067,-5.455674,101.584351,-13.091494
6.218750,-59.138149,-7.368642,2.568962,-5.245549,99.360916,-12.997037
6.225000,-60.331173,-7.517525,1.573938,-5.044853,97.150581,-12.913583
6.231250,-61.493023,-7.670997,0.355873,-4.853562,94.963921,-12.841506
6.237500,-62.618134,-7.828584,-0.727761,-4.671724,92.810875,-12.781044
6.243750,-63.700397,-7.989230,-1.321611,-4.499705,90.701607,-12.732742
6.250000,-64.734230,-8.151534,-2.983515,-4.337521,88.648819,-12.696405
6.256250,-65.717072,-8.314096,-3.786212,-4.184455,86.667122,-12.671232
6.262500,-66.650986,-8.475772,-4.010425,-4.040204,84.767693,-12.656240
6.268750,-67.541412,-8.635941,-3.964100,-3.905003,82.957397,-12.650894
6.275000,-68.395538,-8.794627,-3.960044,-3.778676,81.243874,-12.653869
6.281250,-69.218987,-8.952111,-4.299807,-3.660599,79.636627,-12.663250
6.287500,-70.016777,-9.108766,-5.263927,-3.550131,78.141342,-12.676795
6.293750,-70.789413,-9.264755,-4.929594,-3.447148,76.759766,-12.692569
6.300000,-71.535934,-9.419888,-4.857204,-3.351463,75.491516,-12.708259
6.306250,-72.254295,-9.573690,-4.690840,-3.262576,74.337585,-12.721347
6.312500,-72.943161,-9.725498,-4.074552,-3.180133,73.298286,-12.729825
6.318750,-73.604424,-9.874792,-4.567360,-3.103907,72.369713,-12.731433
6.325000,-74.240593,-10.021405,-4.243448,-3.033407,71.547882,-12.724183
6.331250,-74.855721,-10.165252,-3.383591,-2.968144,70.829742,-12.706541
6.337500,-75.452759,-10.306623,-2.292068,-2.907920,70.209915,-12.677315
6.343750,-76.033463,-10.445666,-1.281072,-2.852517,69.683655,-12.635408
6.350000,-76.597382,-10.582162,-0.651756,-2.801466,69.247871,-12.579280
6.356250,-77.142220,-10.715435,-0.684577,-2.754303,68.893829,-12.508238
6.362500,-77.666229,-10.844634,0.543606,-2.710843,68.610168,-12.422082
6.368750,-78.172379,-10.968887,1.476263,-2.670827,68.386627,-12.320432
6.375000,-78.666374,-11.087798,2.470750,-2.633660,68.212715,-12.202764
6.381250,-79.156746,-11.201700,1.988321,-2.599051,68.076012,-12.068673
6.387500,-79.653679,-11.311680,1.986911,-2.567051,67.960869,-11.918146
6.393750,-80.165291,-11.418965,2.235569,-2.537588,67.851677,-11.751018
6.400000,-80.696266,-11.525136,2.497822,-2.510256,67.736893,-11.566776
6.406250,-81.245987,-11.631447,2.536525,-2.484611,67.600975,-11.365352
6.412500,-81.810715,-11.738559,2.127608,-2.460800,67.428551,-11.147084
6.418750,-82.384392,-11.846567,1.070256,-2.438781,67.206680,-10.912536
6.425000,-82.960342,-11.955009,-0.798023,-2.418252,66.924316,-10.662143
6.431250,-83.535339,-12.063537,-1.429347,-2.398960,66.572701,-10.396648
6.437500,-84.109619,-12.172146,-2.260109,-2.380974,66.140366,-10.117426
6.443750,-84.687195,-12.281428,-2.819811,-2.364438,65.619492,-9.826027
6.450000,-85.270256,-12.392489,-4.540344,-2.349067,65.002968,-9.523894
6.456250,-85.858833,-12.506342,-5.373930,-2.334634,64.285042,-9.212817
6.462500,-86.449440,-12.623819,-5.485398,-2.320977,63.459633,-8.894652
6.468750,-87.032776,-12.745078,-5.072217,-2.308158,62.520168,-8.571497
6.475000,-87.597626,-12.869147,-4.358368,-2.296015,61.463047,-8.245111
6.481250,-88.135757,-12.995041,-3.579434,-2.284323,60.284279,-7.917437
6.487500,-88.643570,-13.122289,-2.973841,-2.273064,58.979561,-7.590424
6.493750,-89.122322,-13.250966,-2.768594,-2.262104,57.546516,-7.265628
6.500000,-89.571922,-13.382016,-1.001252,-2.251102,55.984322,-6.944756
6.506250,-89.989670,-13.516329,0.790061,-2.240052,54.292961,-6.629588
6.512500,-90.365669,-13.654438,1.068940,-2.228895,52.472923,-6.321678
6.518750,-90.682129,-13.795372,1.797024,-2.217497,50.525963,-6.022581
6.525000,-90.917442,-13.936290,2.746538,-2.205650,48.456051,-5.733756
6.531250,-91.049835,-14.073047,3.678290,-2.193247,46.266518,-5.456862
6.537500,-91.067238,-14.200919,4.354646,-2.180302,43.962708,-5.193552
6.543750,-90.971977,-14.316084,4.552186,-2.166667,41.550022,-4.945327
6.550000,-90.775337,-14.416044,4.072888,-2.152050,39.036495,-4.713814
6.556250,-90.492958,-14.499409,2.751742,-2.136455,36.430073,-4.500477
6.562500,-90.140594,-14.565279,2.633629,-2.119776,33.739006,-4.306889
6.568750,-89.729401,-14.612182,2.283419,-2.102059,30.973734,-4.134295
6.575000,-89.266319,-14.638280,2.172814,-2.083328,28.145914,-3.983886
6.581250,-88.758080,-14.640760,0.866605,-2.063591,25.266409,-3.856708
6.587500,-88.219482,-14.616725,0.410366,-2.043032,22.348503,-3.753666
6.593750,-87.673470,-14.564927,0.640035,-2.021925,19.406397,-3.675300
6.600000,-87.153625,-14.485716,1.357544,-2.000436,16.455975,-3.621880
6.606250,-86.695808,-14.381389,2.338029,-1.979038,13.513552,-3.593485
6.612500,-86.331657,-14.255424,3.344343,-1.958166,10.596389,-3.589957
6.618750,-86.086067,-14.111578,4.138936,-1.938305,7.723497,-3.610500
6.625000,-85.970802,-13.953438,4.494143,-1.919950,4.912783,-3.654269
6.631250,-85.991104,-13.783374,6.370070,-1.903702,2.182305,-3.720046
6.637500,-86.145676,-13.602704,8.229978,-1.890067,-0.451172,-3.806275
6.643750,-86.434776,-13.412397,8.538378,-1.879572,-2.970922,-3.910825
6.650000,-86.865578,-13.213883,9.257208,-1.872656,-5.362555,-4.031421
6.656250,-87.452347,-13.010365,10.158559,-1.869787,-7.614207,-4.165582
6.662500,-88.209198,-12.806307,11.007710,-1.871455,-9.716153,-4.310283
6.668750,-89.145317,-12.606536,11.572107,-1.877712,-11.659057,-4.462329
6.675000,-90.257362,-12.415890,11.632364,-1.888940,-13.438268,-4.618353
6.681250,-91.531868,-12.237775,10.994126,-1.905446,-15.052337,-4.775119
6.687500,-92.945595,-12.074103,9.499384,-1.927261,-16.501486,-4.929344
6.693750,-94.470871,-11.924827,9.199824,-1.954398,-17.788076,-5.077747
6.700000,-96.083366,-11.788970,8.666970,-1.986950,-18.918335,-5.217362
6.706250,-97.766426,-11.666035,6.483070,-2.024948,-19.901640,-5.345690
6.712500,-99.515297,-11.556581,4.734161,-2.068175,-20.748583,-5.460478
6.718750,-101.325096,-11.461889,3.318394,-2.116373,-21.472626,-5.559718
6.725000,-103.186699,-11.383098,2.116324,-2.169424,-22.088852,-5.642176
6.731250,-105.083427,-11.320536,0.997428,-2.227210,-22.615469,-5.706937
6.737500,-106.995872,-11.273356,-0.171674,-2.289294,-23.069323,-5.753371
6.743750,-108.902206,-11.239377,-1.520563,-2.355411,-23.468908,-5.781426
6.750000,-110.782860,-11.215511,-3.170711,-2.425419,-23.834309,-5.791598
6.756250,-112.628067,-11.198547,-5.225831,-2.499001,-24.184284,-5.784767
6.762500,-114.440033,-11.186525,-5.601470,-2.575782,-24.535353,-5.761782
6.768750,-116.229134,-11.179302,-5.716532,-2.655421,-24.903078,-5.723849
6.775000,-118.008537,-11.177586,-7.004317,-2.737680,-25.302425,-5.672531
6.781250,-119.784409,-11.182877,-7.415444,-2.822534,-25.745876,-5.609491
6.787500,-121.557945,-11.196383,-7.110563,-2.909569,-26.242868,-5.536378
6.793750,-123.323853,-11.218776,-6.285295,-2.998535,-26.800165,-5.454821
6.800000,-125.069199,-11.249657,-5.161128,-3.089298,-27.423624,-5.366632
6.806250,-126.780098,-11.287323,-3.972960,-3.181536,-28.115362,-5.273389
6.812500,-128.444138,-11.329552,-2.957435,-3.274876,-28.876123,-5.176578
6.818750,-130.057449,-11.374400,-2.342271,-3.369119,-29.704397,-5.077578
6.825000,-131.623978,-11.421034,-0.166182,-3.464175,-30.598372,-4.977967
6.831250,-133.150772,-11.469438,2.033383,-3.559701,-31.554331,-4.878836
6.837500,-134.643921,-11.520046,2.720947,-3.655401,-32.567760,-4.781051
6.843750,-136.105225,-11.573318,3.856925,-3.751030,-33.633686,-4.685629
6.850000,-137.531967,-11.629212,5.212238,-3.846643,-34.748795,-4.593395
6.856250,-138.917221,-11.686707,6.549267,-3.941977,-35.907833,-4.504936
6.862500,-140.253510,-11.743756,7.632294,-4.036793,-37.105373,-4.420576
6.868750,-141.537323,-11.798121,8.238463,-4.131183,-38.337662,-4.340661
6.875000,-142.773544,-11.848435,8.169683,-4.225309,-39.601494,-4.265512
6.881250,-143.977402,-11.894847,7.262591,-4.318910,-40.892284,-4.195246
6.887500,-145.165741,-11.938860,7.565983,-4.411925,-42.205421,-4.129650
6.893750,-146.348572,-11.982236,7.645671,-4.504391,-43.538364,-4.068813
6.900000,-147.530045,-12.027002,6.079359,-4.596431,-44.888466,-4.012899
6.906250,-148.707397,-12.074469,4.949853,-4.687945,-46.251568,-3.961705
6.912500,-149.867844,-12.124324,4.151495,-4.778700,-47.623413,-3.915030
6.918750,-150.995651,-12.174874,3.560578,-4.868953,-49.002609,-3.872911
6.925000,-152.079132,-12.223557,3.043802,-4.958778,-50.386707,-3.835285
6.931250,-153.116425,-12.268524,2.466714,-5.047991,-51.771782,-3.801788
6.937500,-154.115540,-12.309113,1.697774,-5.136413,-53.155186,-3.772048
6.943750,-155.090073,-12.346023,0.614718,-5.224105,-54.536530,-3.746034
6.950000,-156.050659,-12.380637,-0.888630,-5.311197,-55.915222,-3.723692
6.956250,-157.002243,-12.414497,-0.728135,-5.397645,-57.288551,-3.704658
6.962500,-157.943146,-12.448232,-2.218663,-5.483282,-58.655960,-3.688728
6.968750,-158.865005,-12.481431,-3.276870,-5.568268,-60.016079,-3.675825
6.975000,-159.757172,-12.512388,-4.007877,-5.652631,-61.368988,-3.665680
6.981250,-160.615875,-12.539324,-4.532676,-5.736189,-62.713074,-3.658070
6.987500,-161.445938,-12.561472,-4.983093,-5.818822,-64.048988,-3.652862
6.993750,-162.259644,-12.579451,-5.495243,-5.900521,-65.377075,-3.650030
7.000000,-163.069946,-12.594849,-6.201127,-5.981087,-66.697495,-3.649521
7.006250,-163.883148,-12.609308,-7.222668,-6.060267,-68.009995,-3.651084
7.012500,-164.698166,-12.624203,-8.667430,-6.137943,-69.315247,-3.654773
7.018750,-165.507828,-12.639903,-8.453470,-6.214200,-70.614159,-3.660724
7.025000,-164.403183,-12.655089,-8.002194,-6.288756,-71.906540,-3.668848
7.031250,-162.991745,-12.667089,-8.746391,-6.361434,-73.191223,-3.679009
7.037500,-160.734665,-12.673083,-8.639030,-6.432299,-74.468605,-3.691411
7.043750,-159.042252,-12.671561,-7.844737,-6.501491,-75.739235,-3.706102
7.050000,-155.882599,-12.662912,-6.560244,-6.568992,-77.001663,-3.723107
7.056250,-151.467529,-12.648685,-5.007969,-6.634713,-78.255051,-3.742405
7.062500,-146.064682,-12.630981,-3.423842,-6.698931,-79.499367,-3.764139
7.068750,-138.090454,-12.611869,-2.047489,-6.761797,-80.734016,-3.788573
7.075000,-129.506012,-12.592818,-1.105521,-6.823354,-81.957474,-3.815631
7.081250,-120.129303,-12.573759,1.363686,-6.883601,-83.167542,-3.845249
7.087500,-109.814102,-12.553449,3.822892,-6.942633,-84.363487,-3.877498
7.093750,-98.470650,-12.530783,4.734015,-7.000656,-85.544968,-3.912470
7.100000,-86.069336,-12.505774,6.059405,-7.057555,-86.709091,-3.950023
7.106250,-74.532837,-12.479841,7.572618,-7.113315,-87.854736,-3.989901
7.112500,-62.317806,-12.454434,9.035622,-7.167912,-88.981537,-4.032072
7.118750,-48.182964,-12.431374,10.211899,-7.221363,-90.089188,-4.076480
7.125000,-34.397640,-12.411536,10.880128,-7.273625,-91.176338,-4.122913
7.131250,-21.042507,-12.394971,10.843870,-7.324659,-92.241455,-4.171044
7.137500,-8.171906,-12.380051,9.939565,-7.374611,-93.284935,-4.220803
7.143750,4.182505,-12.363875,10.215781,-7.423455,-94.305458,-4.271852
7.150000,16.006083,-12.344025,10.241007,-7.471211,-95.301208,-4.323863
7.156250,27.298975,-12.319432,8.593810,-7.517910,-96.271339,-4.376525
7.162500,38.080128,-12.291176,7.356467,-7.563745,-97.215843,-4.429761
7.168750,48.395416,-12.261317,6.423425,-7.608845,-98.133041,-4.483281
7.175000,58.318565,-12.232253,5.672754,-7.653117,-99.021065,-4.536712
7.181250,67.951515,-12.206313,4.972061,-7.696699,-99.879562,-4.589760
7.187500,77.415649,-12.185143,4.184516,-7.739901,-100.708885,-4.642408
7.193750,86.846390,-12.168865,3.178004,-7.782811,-101.508430,-4.694230
7.200000,96.384460,-12.156256,1.832774,-7.825273,-102.276855,-4.744738
7.206250,103.991425,-12.145679,0.043048,-7.867417,-103.014122,-4.793555
7.212500,111.139099,-12.136224,-0.108179,-7.909489,-103.721474,-4.840392
7.218750,117.419403,-12.128263,-0.041623,-7.951613,-104.399101,-4.884631
7.225000,124.636070,-12.122735,-1.188019,-7.993790,-105.046616,-4.925673
7.231250,131.128830,-12.120621,-1.498871,-8.036307,-105.665970,-4.963125
7.237500,137.173996,-12.122721,-1.136222,-8.079497,-106.259590,-4.996666
7.243750,143.073593,-12.129236,-0.295725,-8.123430,-106.828888,-5.025912
7.250000,146.972580,-12.139282,0.803630,-8.168032,-107.375381,-5.050298
7.256250,150.538239,-12.150886,1.926859,-8.213446,-107.902489,-5.069695
7.262500,153.556793,-12.162359,2.838106,-8.259797,-108.413757,-5.083942
7.268750,155.831055,-12.172929,3.311304,-8.306942,-108.912224,-5.092787
7.275000,157.196106,-12.183624,5.311337,-8.354891,-109.399635,-5.096085
7.281250,157.533386,-12.196393,7.302888,-8.403559,-109.882477,-5.093715
7.287500,158.950394,-12.213316,7.751304,-8.452923,-110.364754,-5.085977
7.293750,160.086090,-12.236543,8.621600,-8.502648,-110.850822,-5.072903
7.300000,159.328018,-12.267305,9.690354,-8.552626,-111.344345,-5.054735
7.306250,158.586761,-12.305573,10.722296,-8.602678,-111.850113,-5.031724
7.312500,157.881897,-12.349603,11.483048,-8.652721,-112.373016,-5.004374
7.318750,157.231110,-12.396473,11.755238,-8.702218,-112.915726,-4.972935
7.325000,156.642731,-12.443744,11.345078,-8.751026,-113.480461,-4.937781
7.331250,156.114899,-12.489531,10.092034,-8.798870,-114.070564,-4.899389
7.337500,155.639191,-12.533351,10.045966,-8.845478,-114.688347,-4.858265
7.343750,155.207626,-12.575075,9.776035,-8.890372,-115.334564,-4.814751
7.350000,154.813110,-12.615016,7.862258,-8.933037,-116.010345,-4.769359
7.356250,154.453476,-12.653614,6.388801,-8.973168,-116.717102,-4.722797
7.362500,154.129807,-12.690622,5.249960,-9.010376,-117.453697,-4.675793
7.368750,153.847214,-12.724865,4.324409,-9.043863,-118.220284,-4.628695
7.375000,153.610306,-12.754581,3.481711,-9.073141,-119.015465,-4.582174
7.381250,153.415588,-12.778716,2.585418,-9.097708,-119.838547,-4.536743
7.387500,153.253143,-12.797297,1.503547,-9.117023,-120.688110,-4.492837
7.393750,153.109512,-12.811597,0.115063,-9.130716,-121.562607,-4.450819
7.400000,152.976715,-12.822792,-1.685863,-9.138227,-122.460289,-4.410907
7.406250,152.854721,-12.832101,-1.816329,-9.139434,-123.380135,-4.373528
7.412500,152.747040,-12.840112,-1.698335,-9.134031,-124.320892,-4.338962
7.418750,152.663101,-12.846285,-2.765031,-9.121686,-125.279869,-4.307304
7.425000,152.615952,-12.848453,-2.968983,-9.102173,-126.254929,-4.278594
7.431250,152.615601,-12.843425,-2.474675,-9.075435,-127.244148,-4.253088
7.437500,152.662842,-12.828578,-1.481741,-9.041380,-128.244553,-4.230672
7.443750,152.742554,-12.802648,-0.215043,-8.999739,-129.253448,-4.211303
7.450000,152.835938,-12.766122,1.087902,-8.950649,-130.268066,-4.194994
7.456250,152.923187,-12.720275,2.185667,-8.893999,-131.288086,-4.181613
7.462500,152.991699,-12.666800,2.848871,-8.829945,-132.310043,-4.171164
7.468750,153.032333,-12.607339,5.035451,-8.758389,-133.332825,-4.163408
7.475000,153.042999,-12.543172,7.205670,-8.679599,-134.354813,-4.158484
7.481250,153.025192,-12.474516,7.819213,-8.593759,-135.375183,-4.156147
7.487500,152.981400,-12.401272,8.834844,-8.501179,-136.391724,-4.156276
7.493750,152.910995,-12.323300,10.022860,-8.402176,-137.402145,-4.158545
7.500000,152.807953,-12.241572,11.142226,-8.297624,-138.405197,-4.162895
7.506250,152.663986,-12.157484,11.954725,-8.188331,-139.399933,-4.169061
7.512500,152.474472,-12.072880,12.237516,-8.075025,-140.384216,-4.176637
7.518750,152.240936,-11.989240,11.793794,-7.958614,-141.356583,-4.185378
7.525000,151.967941,-11.907542,10.461168,-7.840210,-142.316391,-4.195168
7.531250,151.667191,-11.827486,10.288940,-7.720768,-143.262955,-4.205806
7.537500,151.351273,-11.747407,9.846232,-7.601187,-144.194519,-4.216894
7.543750,151.026794,-11.665670,7.714578,-7.482308,-145.111237,-4.228073
7.550000,150.690674,-11.581392,5.980209,-7.365074,-146.012939,-4.239272
7.556250,150.331497,-11.495469,4.542500,-7.249991,-146.900482,-4.250141
7.562500,149.936935,-11.409623,3.286054,-7.137292,-147.772675,-4.260569
7.568750,149.499481,-11.325999,2.086381,-7.026993,-148.631699,-4.270315
7.575000,149.019897,-11.246478,0.814419,-6.918807,-149.480026,-4.279261
7.581250,148.504318,-11.172606,-0.655493,-6.812527,-150.320312,-4.287623
7.587500,147.964676,-11.104630,-2.439313,-6.707529,-151.154785,-4.295305
7.593750,147.418549,-11.041428,-4.637353,-6.603133,-151.984436,-4.302270
7.600000,146.879837,-10.980761,-5.163334,-6.498678,-152.811279,-4.308586
7.606250,146.355743,-10.920785,-5.437176,-6.393502,-153.636429,-4.314297
7.612500,145.844604,-10.860579,-6.891181,-6.286936,-154.460632,-4.319330
7.618750,145.340164,-10.799722,-7.478665,-6.178426,-155.284637,-4.323821
7.625000,144.837753,-10.738219,-7.364691,-6.067757,-156.108612,-4.327903
7.631250,144.333725,-10.676243,-6.750212,-5.954637,-156.932877,-4.331598
7.637500,143.827713,-10.613655,-5.860307,-5.839066,-157.755478,-4.334744
7.643750,143.320847,-10.549577,-4.936710,-5.721286,-158.577057,-4.337549
7.650000,142.816101,-10.482474,-4.221461,-5.601890,-159.397461,-4.340160
7.656250,142.308884,-10.411126,-3.945989,-5.481537,-160.216629,-4.342372
7.662500,141.785126,-10.336121,-2.152137,-5.361007,-161.033722,-4.344096
7.668750,141.225906,-10.259596,-0.379503,-5.241271,-161.849594,-4.345155
7.675000,140.617493,-10.184445,-0.166228,-5.123453,-162.665207,-4.345557
7.681250,139.952759,-10.113335,0.450188,-5.008324,-163.481750,-4.344966
7.687500,139.234940,-10.048921,1.245378,-4.896619,-164.300079,-4.343288
7.693750,138.472397,-9.993060,1.983528,-4.789077,-165.122620,-4.340637
7.700000,137.681122,-9.946223,2.432225,-4.686296,-165.951004,-4.337046
7.706250,136.882385,-9.906753,2.375732,-4.588412,-166.785202,-4.332365
7.712500,136.094818,-9.871968,1.620600,-4.495855,-167.625397,-4.326663
7.718750,135.326309,-9.839745,0.007357,-4.408949,-166.578857,-4.320260
7.725000,134.572739,-9.809096,-0.410736,-4.327792,-165.267990,-4.313321
7.731250,133.825668,-9.780253,-1.060391,-4.252174,-163.158600,-4.305761
7.737500,133.077423,-9.753529,-1.463349,-4.181839,-159.758026,-4.297787
7.743750,132.323837,-9.729935,-3.049333,-4.116653,-154.642090,-4.289646
7.750000,131.564346,-9.710513,-3.767271,-4.056490,-147.469955,-4.281626
7.756250,130.803360,-9.695236,-3.776319,-4.000993,-138.002579,-4.273776
7.762500,130.050659,-9.682850,-3.271141,-3.950035,-126.119171,-4.266099
7.768750,129.312500,-9.671917,-2.472810,-3.903615,-111.820335,-4.259178
7.775000,128.584152,-9.662115,-1.615290,-3.861595,-95.228271,-4.252985
7.781250,127.855644,-9.654720,-0.933034,-3.823674,-76.579659,-4.247523
7.787500,127.119904,-9.651373,-0.652581,-3.789772,-56.214325,-4.243003
7.793750,126.376587,-9.653187,1.187219,-3.759813,-34.561703,-4.239701
7.800000,125.631691,-9.661147,3.051063,-3.733619,-12.113296,-4.237641
7.806250,124.893768,-9.675653,3.404279,-3.710577,10.599683,-4.236638
7.812500,124.176117,-9.695935,4.208242,-3.690663,33.030258,-4.236825
7.818750,123.496773,-9.719165,5.233579,-3.673957,54.643631,-4.238762
7.825000,122.869896,-9.741322,6.244627,-3.660183,74.949005,-4.242576
7.831250,122.294006,-9.759796,7.009121,-3.648880,93.522835,-4.247930
7.837500,121.752533,-9.774105,7.306098,-3.639840,110.026146,-4.254921
7.843750,121.225327,-9.785359,6.938180,-3.633039,124.220970,-4.263776
7.850000,120.697212,-9.795110,5.743893,-3.628482,135.987015,-4.274511
7.856250,120.159485,-9.805195,5.773674,-3.625862,145.326523,-4.286953
7.862500,119.610756,-9.817568,5.597071,-3.625051,152.362076,-4.301083
7.868750,119.053352,-9.833468,3.791438,-3.625944,157.329758,-4.316991
7.875000,118.498268,-9.852592,2.440600,-3.628552,160.570465,-4.334704
7.881250,117.959618,-9.873129,1.439262,-3.632577,162.513153,-4.354080
7.887500,117.443153,-9.893654,0.663728,-3.638033,163.649994,-4.375196
7.893750,116.944572,-9.913889,-0.017900,-3.644816,164.513153,-4.398201
7.900000,116.453911,-9.934699,-0.741633,-3.652741,163.482498,-4.422908
7.906250,115.966042,-9.957068,-1.639052,-3.661450,162.454407,-4.449223
7.912500,115.481133,-9.981484,-2.832898,-3.670774,161.428162,-4.477312
7.918750,115.004097,-9.981484,-4.431508,-3.670774,160.403275,-4.477312
7.925000,115.004097,-9.981484,-4.431508,-3.670774,160.403275,-4.477312
7.931250,115.004097,-9.981484,-4.431508,-3.670774,160.403275,-4.477312
7.937500,115.004097,-9.981484,-4.431508,-3.670774,160.403275,-4.477312
7.943750,115.004097,-9.981484,-4.431508,-3.670774,160.403275,-4.477312
7.950000,115.004097,-9.981484,-4.431508,-3.670774,160.403275,-4.477312
7.956250,115.004097,-9.981484,-4.431508,-3.670774,160.403275,-4.477312
7.962500,115.004097,-9.981484,-4.431508,-3.670774,160.403275,-4.477312
7.968750,115.004097,-9.981484,-4.431508,-3.670774,160.403275,-4.477312
7.975000,115.004097,-9.981484,-4.431508,-3.670774,160.403275,-4.477312
7.981250,115.004097,-9.981484,-4.431508,-3.670774,160.403275,-4.477312
7.987500,115.004097,-9.981484,-4.431508,-3.670774,160.403275,-4.477312
7.993750,115.004097,-9.981484,-4.431508,-3.670774,160.403275,-4.477312
8.000000,115.004097,-9.981484,-4.431508,-3.670774,160.403275,-4.477312
