Anritsu VNA Frequency[GHz],S21[deg],S21[dB],S11[deg],S11[dB],S22[deg],S22[dB]
1338031005.25,2012_05_26_12:16:45,+298.02,+297.85,+02.989,+297.73,+297.16,+298.09,+297.71,+298.13,243.344437,-6.617
3.006250,-7.826553,-7.526530,4.099635,-6.484066,53.102009,-14.050331
3.012500,-7.826553,-7.526530,4.099635,-6.484066,53.102009,-14.050331
3.018750,-7.826553,-7.526530,4.099635,-6.484066,53.102009,-14.050331
3.025000,-7.826553,-7.526530,4.099635,-6.484066,53.102009,-14.050331
3.031250,-7.826553,-7.526530,4.099635,-6.484066,53.102009,-14.050331
3.037500,-7.826553,-7.526530,4.099635,-6.484066,53.102009,-14.050331
3.043750,-7.826553,-7.526530,4.099635,-6.484066,53.102009,-14.050331
3.050000,-7.826553,-7.526530,4.099635,-6.484066,53.102009,-14.050331
3.056250,-7.826553,-7.526530,4.099635,-6.484066,53.102009,-14.050331
3.062500,-7.826553,-7.526530,4.099635,-6.484066,53.102009,-14.050331
3.068750,-7.826553,-7.526530,4.099635,-6.484066,53.102009,-14.050331
3.075000,-7.826553,-7.526530,4.099635,-6.484066,53.102009,-14.050331
3.081250,-7.826553,-7.526530,4.099635,-6.484066,53.102009,-14.050331
3.087500,-7.826553,-7.526530,4.099635,-6.484066,53.102009,-14.050331
3.093750,-7.826553,-7.505411,4.099635,-6.526776,53.102009,-13.776961
3.100000,-8.388419,-7.486187,4.437856,-6.573182,53.344292,-13.504171
3.106250,-8.943214,-7.468703,4.264966,-6.623394,53.376610,-13.234629
3.112500,-9.490856,-7.453018,3.384362,-6.677398,53.213078,-12.970656
3.118750,-10.029883,-7.438767,1.636474,-6.734765,52.870708,-12.713744
3.125000,-10.559493,-7.425655,1.067002,-6.795591,52.366337,-12.464775
3.131250,-11.079805,-7.413542,0.238941,-6.860367,51.716675,-12.225040
3.137500,-11.592274,-7.402300,-0.375175,-6.928981,50.932728,-11.995993
3.143750,-12.095629,-7.391606,-2.206586,-7.001099,50.030579,-11.777755
3.150000,-12.591478,-7.381228,-3.209243,-7.076639,49.025948,-11.570565
3.156250,-13.081993,-7.371298,-3.549053,-7.155606,47.929249,-11.374594
3.162500,-13.569489,-7.362077,-3.425719,-7.238084,46.748951,-11.189739
3.168750,-14.055272,-7.353836,-3.061258,-7.323913,45.494904,-11.015900
3.175000,-14.538350,-7.346735,-2.691930,-7.413026,44.173004,-10.852485
3.181250,-15.017207,-7.340590,-2.558397,-7.505723,42.786381,-10.699406
3.187500,-15.490107,-7.335061,-2.890565,-7.602264,41.338856,-10.556404
3.193750,-15.955895,-7.329794,-1.726411,-7.702717,39.836792,-10.422903
3.200000,-16.415268,-7.324405,-0.601825,-7.807034,38.283333,-10.298033
3.206250,-16.869509,-7.318800,0.838597,-7.915483,36.681999,-10.181497
3.212500,-17.321693,-7.313118,1.037502,-8.028426,35.034805,-10.072910
3.218750,-17.773773,-7.307425,1.920056,-8.146189,33.345875,-9.971809
3.225000,-18.226583,-7.301891,3.207562,-8.268909,31.618561,-9.877985
3.231250,-18.680340,-7.296446,4.597382,-8.396681,29.857538,-9.791037
3.237500,-19.134510,-7.291034,5.779252,-8.529682,28.065407,-9.710764
3.243750,-19.588867,-7.285205,6.448946,-8.668369,26.243671,-9.637190
3.250000,-20.044823,-7.278697,6.325918,-8.813025,24.393648,-9.570388
3.256250,-20.505331,-7.271744,7.334008,-8.963824,22.517405,-9.510118
3.262500,-20.974667,-7.264682,7.915740,-9.120940,20.616096,-9.456094
3.268750,-21.455828,-7.258057,8.424191,-9.284990,18.687386,-9.408304
3.275000,-21.949945,-7.252288,9.210478,-9.456735,16.728773,-9.366710
3.281250,-22.455856,-7.247438,8.714951,-9.636729,14.739798,-9.330913
3.287500,-22.971436,-7.243297,8.858449,-9.825621,12.720433,-9.300365
3.293750,-23.495226,-7.239345,9.354582,-10.024545,10.668851,-9.274644
3.300000,-24.028215,-7.235081,9.890986,-10.234904,8.581098,-9.253743
3.306250,-24.573366,-7.230162,10.146367,-10.458351,6.456405,-9.237169
3.312500,-25.137083,-7.224806,9.805622,-10.696282,4.295188,-9.224335
3.318750,-25.727623,-7.219715,8.569860,-10.950833,2.095903,-9.214972
3.325000,-26.351759,-7.215951,8.335655,-11.223969,-0.145206,-9.209032
3.331250,-27.014444,-7.214547,7.510212,-11.516462,-2.429481,-9.206295
3.337500,-27.717487,-7.216299,6.402081,-11.826941,-4.757909,-9.206212
3.343750,-28.462246,-7.221789,5.311721,-12.152850,-7.133320,-9.208645
3.350000,-29.250414,-7.231547,4.519803,-12.490827,-9.561354,-9.213535
3.356250,-30.087500,-7.246377,4.271360,-12.836366,-12.046070,-9.220763
3.362500,-30.981981,-7.268069,4.753399,-13.182260,-14.592345,-9.230198
3.368750,-31.946142,-7.299763,6.081555,-13.518877,-17.207254,-9.241863
3.375000,-32.991837,-7.346189,8.298092,-13.834069,-19.900778,-9.256233
3.381250,-34.124989,-7.413042,9.480625,-14.113850,-22.682003,-9.273938
3.387500,-35.339226,-7.506036,11.158272,-14.343373,-25.561279,-9.295670
3.393750,-36.614193,-7.630048,14.814776,-14.507839,-28.550476,-9.322562
3.400000,-37.913036,-7.787342,18.392410,-14.593593,-31.660576,-9.356004
3.406250,-39.189476,-7.978098,21.713665,-14.589030,-34.902092,-9.397665
3.412500,-40.406029,-8.203356,24.597055,-14.485552,-38.285141,-9.449697
3.418750,-41.531094,-8.464699,26.867107,-14.278136,-41.816708,-9.514230
3.425000,-42.518810,-8.762284,28.367395,-13.965508,-45.499779,-9.593556
3.431250,-43.308010,-9.092786,28.966961,-13.550870,-49.333874,-9.690008
3.437500,-43.828815,-9.449304,28.568789,-13.042151,-53.317204,-9.806109
3.443750,-44.013210,-9.821492,27.119125,-12.451245,-57.442024,-9.943959
3.450000,-43.806637,-10.196512,24.612627,-11.793574,-61.695919,-10.104691
3.456250,-43.172325,-10.560179,21.093849,-11.087390,-66.062363,-10.289083
3.462500,-42.097572,-10.897924,18.821653,-10.353171,-70.523697,-10.497128
3.468750,-40.595093,-11.196071,14.676680,-9.612229,-75.062263,-10.727895
3.475000,-38.701187,-11.442810,10.951113,-8.885435,-79.657272,-10.979407
3.481250,-36.473362,-11.628794,7.751046,-8.192114,-84.286743,-11.248495
3.487500,-33.984722,-11.747699,5.159966,-7.548816,-88.932259,-11.531769
3.493750,-31.317364,-11.795729,3.235996,-6.968806,-93.578644,-11.825304
3.500000,-28.558664,-11.771739,2.016786,-6.460663,-98.213478,-12.124261
3.506250,-25.798319,-11.677269,1.522013,-6.028236,-102.825905,-12.423469
3.512500,-23.126297,-11.516585,1.755813,-5.671946,-107.413216,-12.717870
3.518750,-20.630016,-11.296900,2.712922,-5.390227,-111.976898,-13.002644
3.525000,-18.390013,-11.028275,4.381312,-5.178942,-114.627853,-13.273001
3.531250,-16.474909,-10.723028,6.733712,-5.031243,-116.994453,-13.524416
3.537500,-14.934935,-10.395143,7.833611,-4.938084,-118.556419,-13.753207
3.543750,-13.795594,-10.058673,9.255796,-4.890248,-118.834885,-13.957083
3.550000,-13.055087,-9.726088,10.425402,-4.878371,-117.416565,-14.134337
3.556250,-12.685608,-9.406958,10.810691,-4.893569,-113.969231,-14.283760
3.562500,-12.640518,-9.107438,12.111586,-4.928329,-108.266159,-14.404858
3.568750,-12.866296,-8.830627,12.582651,-4.976536,-100.195488,-14.498313
3.575000,-13.309945,-8.577432,12.437895,-5.033318,-89.762772,-14.565203
3.581250,-13.932157,-8.349262,11.945856,-5.094477,-77.090553,-14.606458
3.587500,-14.704303,-8.148240,11.412969,-5.156471,-62.411255,-14.623237
3.593750,-15.589540,-7.974440,11.164592,-5.216971,-46.059372,-14.617024
3.600000,-16.540459,-7.825159,9.632574,-5.274747,-28.454882,-14.590048
3.606250,-17.517632,-7.696373,8.750813,-5.328978,-10.077844,-14.544353
3.612500,-18.494312,-7.584242,8.271150,-5.378806,8.556452,-14.481538
3.618750,-19.458157,-7.485262,7.937072,-5.423737,26.917122,-14.403352
3.625000,-20.405376,-7.396926,7.494253,-5.463919,44.484154,-14.311694
3.631250,-21.336622,-7.317430,6.705869,-5.499377,60.778576,-14.208673
3.637500,-22.256443,-7.245658,5.363433,-5.529935,75.386322,-14.095438
3.643750,-23.170008,-7.181127,3.295049,-5.555471,87.977058,-13.973264
3.650000,-24.080664,-7.123652,2.538733,-5.576269,98.322823,-13.843701
3.656250,-24.989571,-7.072872,1.652670,-5.592449,106.308723,-13.708125
3.662500,-25.895214,-7.028241,1.103471,-5.603943,111.940948,-13.567976
3.668750,-26.795876,-6.988918,-0.547672,-5.610885,115.346268,-13.424727
3.675000,-27.691393,-6.954089,-1.258107,-5.613453,116.763252,-13.279743
3.681250,-28.582939,-6.923232,-1.194749,-5.611509,116.533264,-13.134599
3.687500,-29.474123,-6.896061,-0.558549,-5.604832,115.082321,-12.990354
3.693750,-30.368433,-6.872613,0.424703,-5.593308,112.900825,-12.848104
3.700000,-31.269817,-6.853163,1.515371,-5.576790,110.516571,-12.708826
3.706250,-32.179855,-6.837847,2.471354,-5.555148,106.303818,-12.573508
3.712500,-33.098312,-6.826635,3.062971,-5.528326,102.153130,-12.443048
3.718750,-34.024094,-6.819333,5.247532,-5.496289,98.060501,-12.318344
3.725000,-34.957527,-6.815598,7.486820,-5.458671,94.022369,-12.200014
3.731250,-35.899971,-6.815434,8.240006,-5.415407,90.035522,-12.088648
3.737500,-36.854725,-6.818929,9.465111,-5.366677,86.093307,-11.985157
3.743750,-37.825069,-6.826503,10.929948,-5.312677,82.190514,-11.890584
3.750000,-38.814156,-6.838752,12.394961,-5.253299,78.323608,-11.805321
3.756250,-39.823971,-6.856211,13.622266,-5.188153,74.489838,-11.729524
3.762500,-40.853683,-6.879169,14.385028,-5.117203,70.683426,-11.664057
3.768750,-41.902050,-6.907838,14.480701,-5.040891,66.896515,-11.609794
3.775000,-42.969509,-6.942548,13.741711,-4.959402,63.124851,-11.567393
3.781250,-44.056454,-6.983656,14.214601,-4.872415,59.366920,-11.537285
3.787500,-45.163052,-7.031662,14.463645,-4.779836,55.618546,-11.519810
3.793750,-46.290077,-7.087173,13.062210,-4.682009,51.871822,-11.516032
3.800000,-47.436409,-7.150769,12.090385,-4.579008,48.123436,-11.526420
3.806250,-48.600189,-7.222857,11.440364,-4.470789,44.368858,-11.551539
3.812500,-49.779736,-7.303818,10.987279,-4.357442,40.602993,-11.591808
3.818750,-50.972416,-7.393923,10.595128,-4.239264,36.819111,-11.648003
3.825000,-52.176949,-7.493539,10.125755,-4.116752,33.010086,-11.720814
3.831250,-53.393360,-7.603270,9.443205,-3.990294,29.170347,-11.810919
3.837500,-54.621746,-7.723890,8.422977,-3.860255,25.293978,-11.918973
3.843750,-55.861649,-7.856402,6.956834,-3.727167,21.373375,-12.045956
3.850000,-57.110321,-8.001525,7.125487,-3.591532,17.400234,-12.192720
3.856250,-58.364597,-8.159903,5.610876,-3.453810,13.365945,-12.360301
3.862500,-59.620144,-8.331998,4.494099,-3.314594,9.259324,-12.549754
3.868750,-60.874184,-8.518332,3.666783,-3.174519,5.069835,-12.762378
3.875000,-62.124214,-8.719542,3.005628,-3.034122,0.782221,-12.999312
3.881250,-63.369125,-8.936657,2.377802,-2.894028,-3.620212,-13.261587
3.887500,-64.608459,-9.171021,1.647258,-2.754770,-8.155569,-13.549745
3.893750,-65.839462,-9.424240,0.680856,-2.616848,-12.847394,-13.863679
3.900000,-67.057541,-9.697946,-0.641931,-2.480787,-17.721203,-14.202854
3.906250,-68.255379,-9.993624,-2.426866,-2.347251,-22.805658,-14.565818
3.912500,-69.423889,-10.312632,-2.588274,-2.216576,-28.129818,-14.949770
3.918750,-70.552132,-10.656489,-2.546600,-2.089297,-33.723282,-15.351149
3.925000,-71.631020,-11.027162,-3.733131,-1.965803,-39.618114,-15.765149
3.931250,-72.648148,-11.426950,-4.097663,-1.846574,-45.842812,-16.185534
3.937500,-73.589203,-11.859013,-3.800621,-1.731980,-50.531040,-16.605194
3.943750,-74.434845,-12.326646,-3.037023,-1.622328,-55.324596,-17.015217
3.950000,-75.155006,-12.832702,-2.026954,-1.517920,-59.704674,-17.406050
3.956250,-75.705124,-13.378399,-1.003089,-1.418979,-63.181263,-17.767784
3.962500,-76.029930,-13.962549,-0.201149,-1.325722,-65.319000,-18.090332
3.968750,-76.064293,-14.581947,0.153596,-1.238259,-65.753578,-18.364107
3.975000,-75.753914,-15.231639,2.025556,-1.156695,-64.212456,-18.580137
3.981250,-75.037766,-15.905862,3.880025,-1.081285,-60.526558,-18.731249
3.987500,-73.859093,-16.596081,4.182845,-1.012111,-54.637085,-18.811916
3.993750,-72.156822,-17.291094,4.898154,-0.949238,-46.596466,-18.818491
4.000000,-69.877029,-17.976978,5.801169,-0.892861,-36.566719,-18.749554
4.006250,-66.978477,-18.637300,6.655890,-0.842996,-24.808664,-18.605867
4.012500,-63.438808,-19.254143,7.230289,-0.799598,-11.671086,-18.390532
4.018750,-59.259808,-19.808941,7.304089,-0.762708,2.429197,-18.108637
4.025000,-54.471519,-20.284279,6.682235,-0.732456,17.030001,-17.767052
4.031250,-49.134235,-20.664825,5.204385,-0.708793,31.646030,-17.374037
4.037500,-43.332394,-20.938530,4.921710,-0.691577,45.793900,-16.938801
4.043750,-37.174316,-21.096903,4.402475,-0.680638,59.019833,-16.471117
4.050000,-30.778217,-21.135155,2.227828,-0.676061,70.918114,-15.980796
4.056250,-24.272146,-21.052456,0.482826,-0.677863,81.159424,-15.477091
4.062500,-17.784451,-20.851326,-0.936032,-0.685812,89.505974,-14.968317
4.068750,-11.443645,-20.537905,-2.148922,-0.699871,95.822762,-14.461952
4.075000,-5.371777,-20.121784,-3.286213,-0.720026,100.089561,-13.964571
4.081250,0.316831,-19.615898,-4.481187,-0.746217,102.402527,-13.481136
4.087500,5.523032,-19.036360,-5.864042,-0.778227,102.968681,-13.015592
4.093750,10.169432,-18.401134,-7.556118,-0.816110,102.095673,-12.571101
4.100000,14.204991,-17.728764,-9.662637,-0.859950,100.175064,-12.149402
4.106250,17.611258,-17.036732,-10.098291,-0.909609,97.668747,-11.751176
4.112500,20.395990,-16.340635,-10.283282,-0.964857,95.077057,-11.376650
4.118750,22.591955,-15.652882,-11.649748,-1.025705,90.751709,-11.025361
4.125000,24.248981,-14.982902,-12.148298,-1.092127,86.562729,-10.696843
4.131250,25.424379,-14.337364,-11.939134,-1.163886,82.492218,-10.390369
4.137500,26.175022,-13.721277,-11.218506,-1.240710,78.523727,-10.104854
4.143750,26.554567,-13.138853,-10.207282,-1.322523,74.643517,-9.839503
4.150000,26.611202,-12.592989,-9.139533,-1.409538,70.839218,-9.593647
4.156250,26.407497,-12.084870,-8.250674,-1.501533,67.102310,-9.366444
4.162500,26.000187,-11.612512,-7.765687,-1.598328,63.425137,-9.157059
4.168750,25.445257,-11.172868,-5.721820,-1.699983,59.800869,-8.964816
4.175000,24.783064,-10.762085,-3.655044,-1.806617,56.222710,-8.789137
4.181250,24.041832,-10.376427,-3.099493,-1.918158,52.686356,-8.629415
4.187500,23.238024,-10.013186,-2.092198,-2.034505,49.188347,-8.485062
4.193750,22.380163,-9.670448,-0.861003,-2.155707,45.725250,-8.355509
4.200000,21.473179,-9.347494,0.357699,-2.281721,42.294376,-8.240503
4.206250,20.521603,-9.043520,1.330448,-2.412451,38.893688,-8.139468
4.212500,19.533651,-8.757690,1.835599,-2.547570,35.521053,-8.052032
4.218750,18.519033,-8.488704,1.676191,-2.687012,32.174828,-7.977986
4.225000,17.489201,-8.234831,0.691773,-2.830625,28.853111,-7.917037
4.231250,16.450844,-7.994378,0.931535,-2.978163,25.554796,-7.868817
4.237500,15.406878,-7.765904,0.965271,-3.129477,22.278715,-7.833053
4.243750,14.355078,-7.548730,-0.626721,-3.284407,19.023386,-7.809544
4.250000,13.293348,-7.342812,-1.758152,-3.442799,15.788431,-7.798079
4.256250,12.218994,-7.148469,-2.532724,-3.604595,12.573379,-7.798417
4.262500,11.134768,-6.965744,-3.071526,-3.769794,9.376449,-7.810394
4.268750,10.046556,-6.794110,-3.504560,-3.938387,6.197291,-7.833760
4.275000,8.962377,-6.632435,-3.964561,-4.110286,3.035955,-7.868264
4.281250,7.888065,-6.479360,-4.581884,-4.285205,-0.107453,-7.913726
4.287500,6.825462,-6.333838,-5.478636,-4.463172,-3.234721,-7.970077
4.293750,5.773151,-6.195097,-6.759421,-4.643916,-6.345808,-8.037228
4.300000,4.727583,-6.062925,-6.339618,-4.826972,-9.440943,-8.114860
4.306250,3.685076,-5.937662,-7.533793,-5.011977,-12.519716,-8.202868
4.312500,2.643693,-5.819632,-8.258831,-5.198451,-15.582505,-8.301044
4.318750,1.605848,-5.708795,-8.618389,-5.385850,-18.628569,-8.409379
4.325000,0.575853,-5.604630,-8.732099,-5.573662,-21.656818,-8.527688
4.331250,-0.441882,-5.506348,-8.730193,-5.761376,-24.667599,-8.655924
4.337500,-1.445544,-5.413179,-8.746724,-5.948591,-27.660376,-8.794160
4.343750,-2.436437,-5.324796,-8.909807,-6.134723,-30.634676,-8.942251
4.350000,-3.417797,-5.241245,-9.339434,-6.319454,-33.591045,-9.100206
4.356250,-4.391859,-5.162882,-10.141258,-6.502995,-36.532589,-9.268523
4.362500,-5.359317,-5.089962,-9.231957,-6.685094,-39.460995,-9.447203
4.368750,-6.317503,-5.022440,-9.923676,-6.864963,-42.375263,-9.635843
4.375000,-7.262243,-4.959883,-10.132233,-7.042173,-45.276516,-9.834136
4.381250,-8.190020,-4.901444,-9.967876,-7.216787,-48.170200,-10.042277
4.387500,-9.098708,-4.846324,-9.558041,-7.388603,-51.060322,-10.260512
4.393750,-9.989249,-4.794066,-9.033365,-7.556811,-53.947659,-10.488461
4.400000,-10.865473,-4.744567,-8.530331,-7.720440,-56.831970,-10.725863
4.406250,-11.730941,-4.698176,-8.186178,-7.879285,-59.717190,-10.972991
4.412500,-12.587906,-4.655298,-8.125993,-8.032715,-62.605057,-11.230034
4.418750,-13.435518,-4.616158,-8.456365,-8.179371,-65.494156,-11.496525
4.425000,-14.270080,-4.580519,-7.095512,-8.318628,-68.383942,-11.772473
4.431250,-15.087903,-4.547804,-7.363274,-8.450449,-71.279167,-12.058360
4.437500,-15.886667,-4.517276,-7.178409,-8.574565,-74.181915,-12.354585
4.443750,-16.666313,-4.488486,-6.644301,-8.690301,-77.091164,-12.661053
4.450000,-17.429411,-4.461295,-5.883008,-8.797582,-80.008850,-12.978048
4.456250,-18.179886,-4.435986,-5.031440,-8.897132,-82.941177,-13.306387
4.462500,-18.919897,-4.412971,-4.227895,-8.989456,-85.892601,-13.646577
4.468750,-19.649506,-4.392403,-3.602982,-9.074338,-88.863472,-13.998829
4.475000,-20.365978,-4.374154,-3.282110,-9.152098,-91.859680,-14.363060
4.481250,-21.066336,-4.357694,-3.378875,-9.223408,-94.890533,-14.740262
4.487500,-21.748215,-4.342319,-1.816008,-9.288674,-97.964333,-15.131033
4.493750,-22.411497,-4.327361,-1.914078,-9.347805,-101.088928,-15.535715
4.500000,-23.059381,-4.312527,-1.595235,-9.400921,-104.273651,-15.954360
4.506250,-23.696463,-4.297978,-0.972022,-9.448102,-107.531853,-16.387129
4.512500,-24.326817,-4.284136,-0.169029,-9.488783,-110.874611,-16.833082
4.518750,-24.953003,-4.271631,0.679137,-9.522903,-114.316742,-17.290930
4.525000,-25.574728,-4.260686,1.430445,-9.550955,-115.980583,-17.760506
4.531250,-26.188509,-4.251170,1.951439,-9.573361,-117.503647,-18.241014
4.537500,-26.791521,-4.242641,2.124963,-9.589354,-118.363007,-18.730633
4.543750,-27.381884,-4.234697,1.847744,-9.599008,-118.084877,-19.226601
4.550000,-27.960159,-4.226999,3.197313,-9.603941,-116.269127,-19.726797
4.556250,-28.528782,-4.219535,2.856056,-9.605306,-112.600372,-20.227922
4.562500,-29.090408,-4.212611,2.914230,-9.603123,-106.860062,-20.724468
4.568750,-29.647106,-4.206685,3.270766,-9.597541,-98.940735,-21.210993
4.575000,-30.199604,-4.201994,3.797466,-9.590041,-88.858139,-21.682610
4.581250,-30.745972,-4.198648,4.357717,-9.582059,-76.748337,-22.134491
4.587500,-31.283609,-4.196312,4.819848,-9.573273,-62.840469,-22.560434
4.593750,-31.810814,-4.194645,5.052538,-9.563864,-47.472515,-22.954632
4.600000,-32.327026,-4.193264,4.925244,-9.555492,-31.072969,-23.312155
4.606250,-32.834728,-4.192158,4.328218,-9.549082,-14.133286,-23.628313
4.612500,-33.336479,-4.191600,5.350425,-9.544064,2.833467,-23.897600
4.618750,-33.834293,-4.192028,4.681066,-9.539835,19.302391,-24.115887
4.625000,-34.328175,-4.193767,4.400175,-9.537484,34.766270,-24.281893
4.631250,-34.816010,-4.196854,4.400286,-9.538055,48.769882,-24.395231
4.637500,-35.294605,-4.201041,4.569276,-9.540848,60.937096,-24.456491
4.643750,-35.761173,-4.205953,4.786393,-9.545288,70.979103,-24.468126
4.650000,-36.212971,-4.211129,4.916900,-9.552352,78.703896,-24.436264
4.656250,-36.649990,-4.216209,4.831301,-9.562858,84.034058,-24.368809
4.662500,-37.072971,-4.221003,4.419165,-9.575966,87.029854,-24.272863
4.668750,-37.482895,-4.225413,3.586250,-9.590175,87.866638,-24.155828
4.675000,-37.880291,-4.229273,4.415215,-9.605457,86.837860,-24.023674
4.681250,-38.264652,-4.232161,3.584249,-9.622238,84.337936,-23.881895
4.687500,-38.635704,-4.233932,3.177616,-9.639787,80.832771,-23.737335
4.693750,-38.995495,-4.234391,3.092317,-9.656688,76.850197,-23.595394
4.700000,-39.343788,-4.232977,3.201177,-9.672507,72.964882,-23.460442
4.706250,-39.681450,-4.229283,3.364623,-9.687314,67.583740,-23.333906
4.712500,-40.012360,-4.223143,3.442771,-9.700785,62.616188,-23.215431
4.718750,-40.340431,-4.214742,3.300006,-9.713045,58.059517,-23.102503
4.725000,-40.670135,-4.204372,2.808290,-9.724886,53.898144,-22.993242
4.731250,-41.003658,-4.192455,1.858412,-9.737194,50.106777,-22.884632
4.737500,-41.342793,-4.179187,2.533875,-9.750726,46.658764,-22.773628
4.743750,-41.687710,-4.164682,1.518520,-9.766729,43.522118,-22.657377
4.750000,-42.038464,-4.148897,0.896007,-9.786681,40.655853,-22.534765
4.756250,-42.395901,-4.131862,0.564005,-9.811569,38.017418,-22.405447
4.762500,-42.761753,-4.113813,0.406613,-9.842122,35.570496,-22.269424
4.768750,-43.138439,-4.095217,0.295278,-9.879490,33.264198,-22.128599
4.775000,-43.528004,-4.076619,0.098139,-9.924577,31.055035,-21.985626
4.781250,-43.931854,-4.058566,-0.306044,-9.977065,28.910172,-21.843721
4.787500,-44.349628,-4.041490,-1.028263,-10.036329,26.807886,-21.706238
4.793750,-44.779129,-4.025599,-2.169350,-10.102045,24.730906,-21.576950
4.800000,-45.219250,-4.011028,-1.641543,-10.174305,22.672644,-21.459465
4.806250,-45.669067,-3.998019,-2.749815,-10.251682,20.640858,-21.355480
4.812500,-46.128361,-3.986891,-3.399191,-10.332050,18.645699,-21.265663
4.818750,-46.596195,-3.977877,-3.690424,-10.414230,16.696735,-21.190685
4.825000,-47.070366,-3.971272,-3.746329,-10.497646,14.801435,-21.131359
4.831250,-47.550251,-3.967458,-3.695423,-10.581120,12.973571,-21.085827
4.837500,-48.033520,-3.966702,-3.667425,-10.662815,11.235470,-21.050272
4.843750,-48.515705,-3.968939,-3.797040,-10.742017,9.594644,-21.020796
4.850000,-48.991261,-3.973716,-4.214122,-10.818656,8.052294,-20.993477
4.856250,-49.455044,-3.980492,-5.027724,-10.891848,6.595630,-20.966257
4.862500,-49.904430,-3.988781,-4.156691,-10.960305,5.199018,-20.938480
4.868750,-50.337334,-3.997841,-4.927032,-11.023770,3.846689,-20.907467
4.875000,-50.750748,-4.006803,-5.271893,-11.083220,2.511766,-20.873362
4.881250,-51.145687,-4.015139,-5.307638,-11.138963,1.167623,-20.836437
4.887500,-51.523525,-4.022473,-5.161798,-11.191127,-0.217384,-20.798477
4.893750,-51.885941,-4.028325,-4.975234,-11.240737,-1.675322,-20.762363
4.900000,-52.234196,-4.032171,-4.891976,-11.289192,-3.231929,-20.731884
4.906250,-52.570179,-4.033623,-5.046069,-11.337845,-4.901572,-20.709988
4.912500,-52.897743,-4.032233,-5.556995,-11.387816,-6.689704,-20.699743
4.918750,-53.220718,-4.027915,-6.529583,-11.440643,-8.599615,-20.704283
4.925000,-53.544621,-4.020819,-5.875224,-11.497683,-10.623816,-20.727812
4.931250,-53.874699,-4.011382,-6.903008,-11.560140,-12.747700,-20.773436
4.937500,-54.215389,-4.000313,-7.522565,-11.629426,-14.956238,-20.844818
4.943750,-54.569191,-3.988150,-7.833110,-11.706825,-17.228210,-20.944553
4.950000,-54.937908,-3.975380,-7.945845,-11.792480,-19.532061,-21.073803
4.956250,-55.321358,-3.962399,-7.978612,-11.885773,-21.840538,-21.232908
4.962500,-55.718983,-3.949563,-8.059342,-11.986357,-24.128883,-21.421871
4.968750,-56.129578,-3.937117,-8.314551,-12.093698,-26.383293,-21.641029
4.975000,-56.552765,-3.925265,-8.857322,-12.206307,-28.593487,-21.888647
4.981250,-56.987259,-3.914298,-9.781441,-12.321903,-30.746813,-22.161518
4.987500,-57.432076,-3.904356,-8.999500,-12.439115,-32.849670,-22.458609
4.993750,-57.885479,-3.895625,-9.827019,-12.557221,-34.904156,-22.780157
5.000000,-58.346157,-3.888224,-10.175831,-12.674931,-36.902798,-23.125185
5.006250,-58.812443,-3.882052,-10.143272,-12.790556,-38.818176,-23.491686
5.012500,-59.282055,-3.876856,-9.847423,-12.903030,-40.630898,-23.881538
5.018750,-59.752766,-3.872303,-9.421955,-13.012319,-42.322067,-24.300434
5.025000,-60.224129,-3.868271,-8.999327,-13.117498,-43.863247,-24.754545
5.031250,-60.697914,-3.864651,-8.707648,-13.217641,-45.210194,-25.250042
5.037500,-61.176048,-3.861716,-8.669528,-13.312335,-46.302181,-25.791500
5.043750,-61.659397,-3.859753,-8.997241,-13.401310,-47.071293,-26.382086
5.050000,-62.147823,-3.859003,-7.610045,-13.483687,-47.433483,-27.025440
5.056250,-62.640621,-3.859553,-7.827445,-13.558398,-47.333477,-27.724344
5.062500,-63.135990,-3.861374,-7.574506,-13.624921,-46.729095,-28.479940
5.068750,-63.632702,-3.864360,-6.967871,-13.682604,-45.547409,-29.283451
5.075000,-64.129478,-3.868372,-6.135532,-13.730081,-43.731911,-30.122236
5.081250,-64.625916,-3.873375,-5.216295,-13.766502,-41.258904,-30.980175
5.087500,-65.122307,-3.879274,-4.355968,-13.791484,-38.120277,-31.837473
5.093750,-65.618591,-3.886248,-3.694495,-13.804435,-34.330616,-32.669945
5.100000,-66.114342,-3.894227,-3.353923,-13.804280,-29.926571,-33.450520
5.106250,-66.608429,-3.903195,-3.446491,-13.791186,-24.966930,-34.152008
5.112500,-67.099678,-3.912917,-1.898864,-13.766529,-19.531199,-34.748219
5.118750,-67.586922,-3.923095,-2.028908,-13.730954,-13.710439,-35.214844
5.125000,-68.070435,-3.933491,-1.747531,-13.683901,-7.602044,-35.530727
5.131250,-68.550232,-3.943965,-1.162455,-13.626472,-1.325207,-35.682686
5.137500,-69.027420,-3.954415,-0.406469,-13.560925,4.997296,-35.664440
5.143750,-69.503075,-3.964845,0.386187,-13.488472,11.248224,-35.475582
5.150000,-69.979317,-3.975278,1.086100,-13.408522,17.328638,-35.120605
5.156250,-70.455826,-3.985832,1.561090,-13.321522,23.143356,-34.612354
5.162500,-70.933327,-3.996475,1.677834,-13.228884,28.592306,-33.970963
5.168750,-71.411766,-4.007157,1.324258,-13.131163,33.610214,-33.219227
5.175000,-71.892227,-4.017750,2.587446,-13.027390,38.149590,-32.381683
5.181250,-72.375450,-4.028359,2.151515,-12.917517,42.174175,-31.484962
5.187500,-72.863289,-4.039249,2.090699,-12.802680,45.647732,-30.558052
5.193750,-73.356323,-4.050661,2.296912,-12.683333,48.564445,-29.625097
5.200000,-73.854752,-4.062798,2.655804,-12.558400,50.944065,-28.703936
5.206250,-74.357674,-4.075619,3.037974,-12.428091,52.816952,-27.808798
5.212500,-74.863335,-4.089082,3.303366,-12.293468,54.215485,-26.950293
5.218750,-75.370148,-4.102985,3.318416,-12.155327,55.173138,-26.136946
5.225000,-75.877968,-4.117197,2.967855,-12.013618,55.730770,-25.374575
5.231250,-76.387596,-4.131602,2.147362,-11.868784,55.913624,-24.665001
5.237500,-76.900581,-4.146431,2.936329,-11.722160,55.782413,-24.005033
5.243750,-77.417686,-4.161863,2.019686,-11.574010,55.398098,-23.387762
5.250000,-77.939400,-4.178123,1.485959,-11.424195,54.791813,-22.809818
5.256250,-78.465004,-4.195395,1.228382,-11.273170,53.991322,-22.267040
5.262500,-78.993279,-4.213623,1.121187,-11.121634,53.029980,-21.755102
5.268750,-79.522194,-4.232606,1.034247,-10.969625,51.933998,-21.269192
5.275000,-80.051247,-4.251994,0.836393,-10.816621,50.729546,-20.804953
5.281250,-80.580460,-4.271760,0.393715,-10.663363,49.437298,-20.360073
5.287500,-81.111603,-4.291859,-0.416583,-10.510467,48.067669,-19.932867
5.293750,-81.647217,-4.312629,-1.694733,-10.357503,46.631271,-19.521601
5.300000,-82.188568,-4.334468,-1.350956,-10.204005,45.144642,-19.124435
5.306250,-82.735550,-4.357580,-2.702540,-10.050798,43.611622,-18.741627
5.312500,-83.285912,-4.381996,-3.667165,-9.898664,42.037079,-18.372313
5.318750,-83.837646,-4.407402,-4.344069,-9.747351,40.429909,-18.015045
5.325000,-84.388382,-4.433309,-4.849280,-9.596480,38.793301,-17.668982
5.331250,-84.936462,-4.459298,-5.316309,-9.446975,37.122959,-17.333960
5.337500,-85.484741,-4.485168,-5.882317,-9.299473,35.414379,-17.009871
5.343750,-86.036209,-4.510987,-6.674402,-9.153571,33.676647,-16.695826
5.350000,-86.594940,-4.537292,-7.809602,-9.008688,31.913048,-16.390593
5.356250,-87.163208,-4.564670,-9.396003,-8.865339,30.123966,-16.093876
5.362500,-87.741051,-4.593592,-9.353945,-8.723933,28.307072,-15.805779
5.368750,-88.325920,-4.624128,-9.099617,-8.583933,26.466473,-15.525506
5.375000,-88.915184,-4.656056,-10.061555,-8.444794,24.604429,-15.252631
5.381250,-89.506073,-4.688939,-10.192149,-8.306911,22.716908,-14.987572
5.387500,-90.098045,-4.722414,-9.653038,-8.170473,20.801619,-14.730413
5.393750,-90.693069,-4.756582,-8.636810,-8.035348,18.861773,-14.480685
5.400000,-91.294571,-4.791682,-7.361994,-7.901480,16.897905,-14.238046
5.406250,-91.904846,-4.828239,-6.063595,-7.769352,14.906196,-14.002309
5.412500,-92.524376,-4.866741,-4.977263,-7.639146,12.885414,-13.773153
5.418750,-93.150314,-4.907206,-4.325337,-7.510478,10.836747,-13.549941
5.425000,-93.779915,-4.949365,-2.146067,-7.383494,8.759871,-13.332383
5.431250,-94.409584,-4.992500,0.021563,-7.258658,6.650708,-13.120888
5.437500,-95.038315,-5.036004,0.641843,-7.135946,4.510396,-12.915253
5.443750,-95.668823,-5.079580,1.679946,-7.014831,2.343930,-12.714658
5.450000,-96.306190,-5.123529,2.908700,-6.895055,0.151283,-12.518949
5.456250,-96.955833,-5.168654,4.088678,-6.776948,-2.069421,-12.328745
5.462500,-97.622162,-5.215922,4.986085,-6.660229,-4.319684,-12.143971
5.468750,-98.304703,-5.266081,5.382040,-6.544503,-6.597281,-11.964294
5.475000,-98.999832,-5.319291,5.081599,-6.429585,-8.902392,-11.789914
5.481250,-99.702507,-5.375199,3.922034,-6.315475,-11.237085,-11.620685
5.487500,-100.408028,-5.433208,3.954125,-6.202254,-13.601984,-11.456607
5.493750,-101.116081,-5.492718,3.746946,-6.089885,-15.998664,-11.297520
5.500000,-101.828918,-5.553662,1.880568,-5.978477,-18.428307,-11.143710
5.506250,-102.551727,-5.616541,0.440298,-5.868024,-20.891602,-10.994824
5.512500,-103.288918,-5.682107,-0.676918,-5.758236,-23.388504,-10.850545
5.518750,-104.041985,-5.751129,-1.592797,-5.649141,-25.920530,-10.710819
5.525000,-104.809303,-5.823965,-2.441175,-5.541028,-28.490799,-10.575839
5.531250,-105.586029,-5.900229,-3.357565,-5.433849,-31.099932,-10.445683
5.537500,-106.368324,-5.979283,-4.470925,-5.327151,-33.747150,-10.319879
5.543750,-107.155434,-6.060375,-5.903574,-5.220821,-36.433674,-10.198625
5.550000,-107.952156,-6.143402,-7.763678,-5.114868,-39.161816,-10.082200
5.556250,-108.765961,-6.229179,-7.967717,-5.008999,-41.932850,-9.970736
5.562500,-109.605255,-6.319181,-7.934888,-4.902806,-44.746223,-9.864000
5.568750,-110.474968,-6.415203,-9.098991,-4.796253,-47.604427,-9.762361
5.575000,-111.373383,-6.518476,-9.413011,-4.689506,-50.512032,-9.666409
5.581250,-112.293427,-6.629520,-9.037845,-4.582301,-53.470509,-9.576056
5.587500,-113.225983,-6.747670,-8.167778,-4.474533,-56.480354,-9.491404
5.593750,-114.163994,-6.872019,-7.025699,-4.366468,-59.545956,-9.412916
5.600000,-115.107292,-7.001998,-5.849001,-4.258341,-62.670597,-9.340963
5.606250,-116.061050,-7.138057,-4.873165,-4.150002,-65.855637,-9.275607
5.612500,-117.035942,-7.281699,-4.324705,-4.041282,-69.102432,-9.216856
5.618750,-118.038979,-7.435153,-2.243749,-3.932435,-72.414284,-9.165336
5.625000,-119.071426,-7.600452,-0.168584,-3.823556,-75.794983,-9.121717
5.631250,-120.128273,-7.778779,0.364300,-3.714514,-79.245476,-9.086287
5.637500,-121.200157,-7.970570,1.317499,-3.605198,-82.767784,-9.059444
5.643750,-122.278252,-8.175665,2.461895,-3.495608,-86.364517,-9.041955
5.650000,-123.360397,-8.394424,3.559950,-3.385595,-90.038811,-9.034444
5.656250,-124.449860,-8.628287,4.376651,-3.274773,-93.792671,-9.037192
5.662500,-125.553024,-8.880157,4.689986,-3.163265,-97.629936,-9.051187
5.668750,-126.674164,-9.153927,4.299693,-3.051259,-101.556839,-9.077477
5.675000,-127.809082,-9.453778,3.043090,-2.938754,-105.575508,-9.116976
5.681250,-128.942017,-9.783201,2.968672,-2.825634,-109.688210,-9.170334
5.687500,-130.046158,-10.144521,2.641226,-2.712217,-112.005219,-9.238796
5.693750,-131.089371,-10.539203,2.530489,-2.599086,-114.153465,-9.324033
5.700000,-132.036392,-10.967635,1.202035,-2.486519,-115.602768,-9.427265
5.706250,-132.850769,-11.430171,0.703548,-2.374682,-115.860870,-9.549469
5.712500,-133.496750,-11.926451,0.871014,-2.264106,-114.502815,-9.692049
5.718750,-133.932816,-12.455675,1.502714,-2.155718,-111.191986,-9.856726
5.725000,-134.114288,-13.015751,2.375861,-2.050097,-105.691635,-10.045033
5.731250,-133.985382,-13.602712,3.255487,-1.947771,-97.879021,-10.258441
5.737500,-133.487534,-14.209161,3.904473,-1.849463,-87.753891,-10.498363
5.743750,-132.558395,-14.824816,4.094903,-1.755982,-75.438911,-10.766838
5.750000,-131.146362,-15.436674,5.791210,-1.667943,-61.169701,-11.065277
5.756250,-129.217285,-16.030346,7.460290,-1.585795,-45.284782,-11.395000
5.762500,-126.758858,-16.591366,7.569287,-1.510270,-28.214012,-11.757089
5.768750,-123.782234,-17.106133,8.083403,-1.441756,-10.453423,-12.152631
5.775000,-120.318367,-17.562054,8.781199,-1.380459,7.459794,-12.581921
5.781250,-116.412560,-17.948030,9.431118,-1.326488,24.971504,-13.045290
5.787500,-112.126122,-18.254225,9.802060,-1.280153,41.540062,-13.542562
5.793750,-107.530212,-18.472723,9.677424,-1.241396,56.660744,-14.072770
5.800000,-102.711662,-18.597740,8.866431,-1.209952,69.892342,-14.635188
5.806250,-97.769104,-18.627018,7.211727,-1.185645,80.874573,-15.227664
5.812500,-92.809952,-18.561800,6.765533,-1.168178,89.343422,-15.847766
5.818750,-87.947533,-18.407484,6.099487,-1.157092,95.147217,-16.490980
5.825000,-83.287392,-18.172890,3.797647,-1.151800,98.257324,-17.150782
5.831250,-78.923233,-17.869610,1.945877,-1.151884,98.767410,-17.820200
5.837500,-74.929466,-17.510580,0.440123,-1.157108,96.889236,-18.492302
5.843750,-71.359177,-17.109287,-0.838316,-1.166874,92.944832,-19.158520
5.850000,-68.243858,-16.679014,-2.017829,-1.180521,87.344940,-19.809507
5.856250,-65.595459,-16.232260,-3.232967,-1.197641,80.572800,-20.434977
5.862500,-63.410606,-15.780618,-4.615635,-1.217863,73.163094,-21.024183
5.868750,-61.671600,-15.334431,-6.287054,-1.240651,63.512486,-21.566584
5.875000,-60.347469,-14.902196,-8.352674,-1.265467,53.549625,-22.052036
5.881250,-59.397774,-14.490594,-8.729292,-1.291973,43.322060,-22.471901
5.887500,-58.774075,-14.103902,-8.839561,-1.319714,32.891567,-22.819445
5.893750,-58.424801,-13.744774,-10.117723,-1.348359,22.328541,-23.089893
5.900000,-58.300415,-13.413953,-10.515994,-1.377506,11.713885,-23.280539
5.906250,-58.352215,-13.110998,-10.197940,-1.406878,1.129859,-23.390911
5.912500,-58.541000,-12.834220,-9.360909,-1.436099,-9.338957,-23.422834
5.918750,-58.831871,-12.581923,-8.228328,-1.465062,-19.614988,-23.379799
5.925000,-59.200939,-12.352265,-7.037511,-1.493823,-29.626442,-23.266981
5.931250,-59.627480,-12.143666,-6.027507,-1.522303,-39.311489,-23.091047
5.937500,-60.094238,-11.954188,-5.425519,-1.550349,-48.616348,-22.859131
5.943750,-60.586910,-11.781905,-3.270681,-1.577856,-57.499660,-22.579723
5.950000,-61.092674,-11.624823,-1.101704,-1.604989,-65.933571,-22.261694
5.956250,-61.603275,-11.481249,-0.456680,-1.631751,-73.903885,-21.914059
5.962500,-62.115318,-11.349848,0.625924,-1.657983,-81.408310,-21.545439
5.968750,-62.624287,-11.229536,1.918280,-1.683653,-88.460037,-21.164001
5.975000,-63.128548,-11.119457,3.180900,-1.708948,-95.082802,-20.777081
5.981250,-63.624409,-11.018683,4.176561,-1.733771,-101.310127,-20.389809
5.987500,-64.107780,-10.926028,4.682627,-1.758119,-107.178917,-20.006443
5.993750,-64.577278,-10.840500,4.502493,-1.781906,-112.724419,-19.629122
6.000000,-65.029404,-10.760895,3.472246,-1.805186,-117.979362,-19.260008
6.006250,-65.467407,-10.686659,3.638894,-1.828008,-121.081459,-18.901106
6.012500,-65.894104,-10.617411,3.570099,-1.850303,-123.683762,-18.553881
6.018750,-66.312347,-10.553370,1.844853,-1.872120,-125.284157,-18.218044
6.025000,-66.723091,-10.494531,0.544962,-1.893718,-125.419182,-17.893417
6.031250,-67.125450,-10.440631,-0.436147,-1.915187,-123.684227,-17.578989
6.037500,-67.517090,-10.391212,-1.219796,-1.936530,-119.754471,-17.273733
6.043750,-67.895233,-10.345572,-1.937145,-1.957788,-113.406815,-16.976883
6.050000,-68.259689,-10.302980,-2.724842,-1.979071,-104.531532,-16.687592
6.056250,-68.612816,-10.263036,-3.715518,-2.000438,-93.139145,-16.405153
6.062500,-68.957306,-10.225803,-5.032807,-2.021821,-79.358040,-16.128973
6.068750,-69.297066,-10.191453,-6.782635,-2.043336,-63.433605,-15.858364
6.075000,-69.633591,-10.160283,-6.881492,-2.064925,-45.709728,-15.592734
6.081250,-69.966087,-10.132517,-6.751317,-2.086421,-26.618383,-15.331563
6.087500,-70.293060,-10.107804,-7.824916,-2.107618,-6.653314,-15.074290
6.093750,-70.612045,-10.085576,-8.054850,-2.128658,13.645084,-14.820457
6.100000,-70.922630,-10.065455,-7.604150,-2.149562,33.726994,-14.569900
6.106250,-71.227745,-10.047494,-6.669207,-2.170099,53.059391,-14.322033
6.112500,-71.532982,-10.032255,-5.471615,-2.192436,71.149208,-14.076200
6.118750,-71.843880,-10.021176,-4.215185,-2.212141,87.565292,-13.832186
6.125000,-72.162613,-10.015611,-3.205519,-2.231695,101.963837,-13.589577
6.131250,-72.488419,-10.016957,-2.639220,-2.250813,114.103699,-13.347736
6.137500,-72.814529,-10.026064,-0.555988,-2.269474,123.860718,-13.106144
6.143750,-73.131775,-10.043217,1.504141,-2.287927,131.229156,-12.864335
6.150000,-73.430359,-10.068392,1.998663,-2.306277,136.326233,-12.621609
6.156250,-73.702446,-10.101391,2.884920,-2.324561,139.384674,-12.377573
6.162500,-73.941147,-10.142609,3.929825,-2.343260,140.740280,-12.131620
6.168750,-74.142227,-10.192913,4.889697,-2.363102,140.815186,-11.883410
6.175000,-74.295616,-10.253016,5.522240,-2.385083,140.094727,-11.632846
6.181250,-74.385574,-10.322864,5.599170,-2.410517,139.102966,-11.379931
6.187500,-74.388611,-10.400869,4.917167,-2.441169,136.208633,-11.125414
6.193750,-74.277870,-10.483890,3.308147,-2.479357,133.294342,-10.870236
6.200000,-74.029259,-10.567327,2.819204,-2.527491,130.348572,-10.616111
6.206250,-73.626266,-10.646010,2.019809,-2.587575,127.359993,-10.364427
6.212500,-73.060768,-10.714972,1.389251,-2.661886,124.320053,-10.117219
6.218750,-72.333611,-10.769195,-0.499064,-2.752968,121.215652,-9.877330
6.225000,-71.452278,-10.804005,-1.588235,-2.863437,118.037071,-9.647826
6.231250,-70.429039,-10.814852,-2.023082,-2.994694,114.780754,-9.431526
6.237500,-69.281235,-10.797525,-1.978512,-3.147208,111.449303,-9.231428
6.243750,-68.033257,-10.748037,-1.654683,-3.321403,108.044197,-9.051137
6.250000,-66.715820,-10.663141,-1.265090,-3.516509,104.573982,-8.893825
6.256250,-65.367088,-10.540906,-1.018755,-3.730487,101.056702,-8.761832
6.262500,-64.034668,-10.380982,-1.118466,-3.960334,97.514137,-8.656703
6.268750,-62.770473,-10.185530,0.418065,-4.202876,93.968361,-8.579767
6.275000,-61.627785,-9.958953,2.068866,-4.454610,90.446602,-8.531183
6.281250,-60.655022,-9.707444,2.309793,-4.711298,86.978958,-8.510062
6.287500,-59.889980,-9.438203,3.109953,-4.968669,83.594505,-8.514661
6.293750,-59.356415,-9.158670,4.240405,-5.222934,80.318947,-8.542586
6.300000,-59.063786,-8.875729,5.455756,-5.470521,77.176918,-8.590680
6.306250,-59.010296,-8.595551,6.507703,-5.708283,74.190353,-8.654972
6.312500,-59.185852,-8.323455,7.155727,-5.933930,71.375572,-8.731197
6.318750,-59.575001,-8.064176,7.178782,-6.146189,68.742393,-8.815221
6.325000,-60.158157,-7.821793,6.387064,-6.344237,66.295998,-8.902544
6.331250,-60.912075,-7.599969,6.803126,-6.528116,64.035866,-8.989335
6.337500,-61.806564,-7.401272,6.964621,-6.699302,61.953598,-9.072305
6.343750,-62.807667,-7.226700,5.423705,-6.859870,60.036766,-9.148988
6.350000,-63.875107,-7.074924,4.243046,-7.011999,58.270557,-9.217006
6.356250,-64.970802,-6.943303,3.300741,-7.158027,56.639206,-9.274752
6.362500,-66.064598,-6.828121,2.460707,-7.300862,55.121288,-9.321775
6.368750,-67.137787,-6.725672,1.581023,-7.443682,53.694069,-9.358479
6.375000,-68.183792,-6.633140,0.523353,-7.588817,52.339993,-9.384862
6.381250,-69.204193,-6.548804,-0.841960,-7.738128,51.045307,-9.401060
6.387500,-70.203484,-6.471948,-2.636669,-7.893761,49.794117,-9.407961
6.393750,-71.185249,-6.401886,-4.966768,-8.057964,48.570278,-9.406863
6.400000,-72.149773,-6.338090,-5.743691,-8.231905,47.365307,-9.398418
6.406250,-73.095268,-6.279716,-6.379496,-8.415654,46.174915,-9.382980
6.412500,-74.019310,-6.225645,-8.303976,-8.609884,44.992741,-9.361805
6.418750,-74.920341,-6.174469,-9.469894,-8.815434,43.811867,-9.336263
6.425000,-75.799301,-6.125053,-10.035949,-9.031859,42.634842,-9.306534
6.431250,-76.661285,-6.076880,-10.195550,-9.258483,41.465694,-9.272873
6.437500,-77.514458,-6.029960,-10.174108,-9.495490,40.302376,-9.236183
6.443750,-78.365021,-5.984875,-10.212992,-9.742965,39.143147,-9.197533
6.450000,-79.216476,-5.942132,-10.551459,-10.000335,37.990089,-9.157319
6.456250,-80.069611,-5.901955,-11.418613,-10.266533,36.846603,-9.115650
6.462500,-80.922035,-5.864062,-10.858290,-10.541150,35.711727,-9.073255
6.468750,-81.770683,-5.827702,-10.417096,-10.823478,34.583160,-9.030664
6.475000,-82.615257,-5.792012,-9.742083,-11.112423,33.462399,-8.987876
6.481250,-83.459473,-5.756539,-8.500072,-11.406643,32.350719,-8.944908
6.487500,-84.311638,-5.721656,-8.289626,-11.704683,31.245880,-8.902110
6.493750,-85.180618,-5.688588,-7.242241,-12.004934,30.147955,-8.859582
6.500000,-86.072845,-5.658802,-5.704866,-12.304552,29.059273,-8.816826
6.506250,-86.989326,-5.633761,-4.057144,-12.601222,27.980768,-8.774061
6.512500,-87.925903,-5.614229,-2.696876,-12.892624,26.909931,-8.731550
6.518750,-88.874252,-5.600166,-2.007276,-13.175262,25.850330,-8.689030
6.525000,-89.823700,-5.590720,-0.175135,-13.445385,24.807203,-8.645811
6.531250,-90.766502,-5.584709,1.121950,-13.699484,23.779707,-8.601933
6.537500,-91.699638,-5.580834,2.119510,-13.934590,22.765097,-8.558000
6.543750,-92.625969,-5.578525,3.067945,-14.147532,21.764023,-8.514066
6.550000,-93.551964,-5.578031,4.218144,-14.334516,20.780605,-8.469396
6.556250,-94.484261,-5.580093,5.803335,-14.492505,19.815754,-8.423966
6.562500,-95.426971,-5.585696,6.132532,-14.619014,18.866362,-8.377824
6.568750,-96.380211,-5.595407,6.999959,-14.711859,17.933140,-8.330565
6.575000,-97.340805,-5.609429,8.002615,-14.769114,17.016779,-8.281686
6.581250,-98.303482,-5.627373,8.726374,-14.789902,16.115702,-8.230938
6.587500,-99.264877,-5.648538,8.769357,-14.774241,15.228367,-8.178212
6.593750,-100.225182,-5.672575,9.932158,-14.722260,14.354662,-8.122878
6.600000,-101.189041,-5.699878,10.540071,-14.634900,13.496080,-8.064393
6.606250,-102.162453,-5.731456,10.835924,-14.514066,12.651357,-8.002689
6.612500,-103.148621,-5.768598,11.080485,-14.361938,11.819616,-7.937665
6.618750,-104.145676,-5.812508,11.540082,-14.180492,11.002116,-7.868726
6.625000,-105.147011,-5.863816,12.472061,-13.972579,10.199372,-7.795701
6.631250,-106.143265,-5.922187,12.211970,-13.741581,9.407629,-7.718796
6.637500,-107.120811,-5.986254,12.583374,-13.490759,8.623599,-7.638278
6.643750,-108.070488,-6.054112,13.214530,-13.223129,7.846721,-7.553802
6.650000,-108.989372,-6.124008,13.725581,-12.942332,7.073098,-7.465647
6.656250,-109.882401,-6.195192,13.743994,-12.651731,6.297277,-7.374119
6.662500,-110.760818,-6.268179,12.930214,-12.354304,5.513917,-7.279216
6.668750,-111.634590,-6.344254,13.159818,-12.052622,4.721198,-7.180691
6.675000,-112.508949,-6.424904,12.837872,-11.749423,3.913961,-7.078645
6.681250,-113.384331,-6.511512,12.295755,-11.447410,3.084977,-6.973665
6.687500,-114.254532,-6.604519,11.883103,-11.148460,2.231450,-6.865643
6.693750,-115.108421,-6.703325,11.954355,-10.853738,1.354367,-6.754328
6.700000,-115.935059,-6.806621,10.943347,-10.564755,0.450420,-6.640065
6.706250,-116.729935,-6.913108,10.765143,-10.282710,-0.484498,-6.523600
6.712500,-117.494858,-7.022458,11.134236,-10.008495,-1.449022,-6.405272
6.718750,-118.235519,-7.135087,11.742953,-9.742458,-2.441948,-6.285246
6.725000,-118.955887,-7.251903,12.274235,-9.484971,-3.462726,-6.164045
6.731250,-119.654999,-7.373770,12.417787,-9.236525,-4.512462,-6.042488
6.737500,-120.327614,-7.500867,11.888692,-8.996990,-5.589629,-5.920921
6.743750,-120.963417,-7.632481,12.608087,-8.766375,-6.692271,-5.799658
6.750000,-121.550056,-7.766585,13.012650,-8.545006,-7.822635,-5.679635
6.756250,-122.077782,-7.900569,13.453642,-8.333104,-8.980824,-5.561370
6.762500,-122.547096,-8.032248,12.390722,-8.130420,-10.165468,-5.445107
6.768750,-122.969284,-8.160940,11.780672,-7.936688,-11.375635,-5.330940
6.775000,-123.359200,-8.287374,11.392125,-7.752174,-12.611814,-5.219286
6.781250,-123.731644,-8.413245,10.980929,-7.576824,-13.874658,-5.110454
6.787500,-124.093437,-8.540374,10.309150,-7.410269,-15.163344,-5.004445
6.793750,-124.443878,-8.670323,9.152253,-7.252400,-16.475565,-4.901320
6.800000,-124.774055,-8.803297,7.309130,-7.103304,-17.811239,-4.801332
6.806250,-125.070412,-8.937908,4.614015,-6.962838,-19.169243,-4.704521
6.812500,-125.318100,-9.071730,3.115419,-6.830621,-20.545696,-4.610782
6.818750,-125.513161,-9.202618,1.377843,-6.706637,-21.938662,-4.520247
6.825000,-125.661255,-9.329393,-0.127636,-6.590855,-23.346624,-4.433277
6.831250,-125.774315,-9.452399,-2.834301,-6.482890,-24.766579,-4.349713
6.837500,-125.863876,-9.572589,-4.693961,-6.382290,-26.195501,-4.269550
6.843750,-125.934685,-9.691031,-5.871428,-6.289017,-27.631662,-4.192971
6.850000,-125.986351,-9.808169,-6.566171,-6.203188,-29.075630,-4.120251
6.856250,-126.012764,-9.923393,-7.001026,-6.124298,-30.525602,-4.051445
6.862500,-126.004715,-10.034709,-7.411378,-6.051942,-31.978647,-3.986229
6.868750,-125.957977,-10.139710,-8.036528,-5.985887,-33.434708,-3.924660
6.875000,-125.878433,-10.236878,-9.107758,-5.926126,-34.894539,-3.866967
6.881250,-125.783234,-10.326471,-8.663968,-5.872358,-36.357330,-3.812871
6.887500,-125.692871,-10.410351,-8.242060,-5.824133,-37.820862,-3.762043
6.893750,-125.621773,-10.490667,-7.486502,-5.781095,-39.285198,-3.714440
6.900000,-125.576096,-10.569905,-7.953412,-5.743174,-40.750641,-3.670110
6.906250,-125.553986,-10.649714,-7.717847,-5.710041,-42.216026,-3.628919
6.912500,-125.545334,-10.730127,-7.058260,-5.681096,-43.678196,-3.590486
6.918750,-125.534637,-10.809797,-6.277254,-5.656187,-45.137074,-3.554833
6.925000,-125.510719,-10.886277,-5.686480,-5.635250,-46.592968,-3.522155
6.931250,-125.472816,-10.957865,-5.586666,-5.617769,-48.043659,-3.492087
6.937500,-125.432045,-11.024287,-6.255896,-5.603122,-49.487339,-3.464339
6.943750,-125.404945,-11.086677,-5.769434,-5.590876,-50.923717,-3.438863
6.950000,-125.403450,-11.146987,-5.683260,-5.580832,-52.354496,-3.415805
6.956250,-125.436806,-11.207558,-5.641381,-5.572385,-53.778648,-3.395054
6.962500,-125.502785,-11.269758,-5.285305,-5.564972,-55.195530,-3.376358
6.968750,-125.594681,-11.334029,-6.170425,-5.558179,-56.605179,-3.359715
6.975000,-125.701523,-11.399280,-6.371607,-5.551715,-58.008816,-3.345133
6.981250,-125.817787,-11.464283,-6.167010,-5.544978,-59.405777,-3.332530
6.987500,-125.946510,-11.528881,-5.857135,-5.537358,-60.795879,-3.321686
6.993750,-126.100204,-11.594509,-5.751878,-5.528487,-62.179832,-3.312580
7.000000,-126.290047,-11.663254,-6.152741,-5.518031,-63.558762,-3.305368
7.006250,-126.520645,-11.737731,-7.337649,-5.505508,-64.932808,-3.299871
7.012500,-126.787819,-11.819906,-7.379086,-5.490444,-66.301811,-3.296068
7.018750,-127.080139,-11.910793,-7.832152,-5.472618,-67.666451,-3.294022
7.025000,-127.379524,-12.009335,-8.337738,-5.451670,-69.028069,-3.293867
7.031250,-127.665680,-12.113068,-8.535169,-5.427265,-70.385338,-3.295572
7.037500,-127.928276,-12.219078,-8.082085,-5.399063,-71.737938,-3.299099
7.043750,-128.171722,-12.326093,-8.567183,-5.367043,-73.086517,-3.304568
7.050000,-128.410309,-12.434675,-8.111335,-5.331134,-74.431770,-3.312215
7.056250,-128.662460,-12.546755,-7.051539,-5.291167,-75.773590,-3.322001
7.062500,-128.938980,-12.664917,-5.756410,-5.246966,-77.111168,-3.334032
7.068750,-129.242584,-12.791647,-4.609305,-5.198555,-78.445290,-3.348590
7.075000,-129.570587,-12.929143,-3.986224,-5.146083,-79.776642,-3.365845
7.081250,-129.910736,-13.077983,-2.071231,-5.089527,-81.104286,-3.385965
7.087500,-130.248367,-13.237398,-0.534456,-5.028855,-82.426872,-3.408876
7.093750,-130.575485,-13.407042,0.865219,-4.964425,-83.744766,-3.434839
7.100000,-130.893234,-13.587937,2.375488,-4.896473,-85.057884,-3.463939
7.106250,-131.207291,-13.782463,4.238677,-4.825159,-86.364922,-3.496180
7.112500,-131.520798,-13.993746,4.783611,-4.750593,-87.665733,-3.531620
7.118750,-131.825073,-14.224616,5.826118,-4.673121,-88.959793,-3.570401
7.125000,-132.103851,-14.477755,6.989071,-4.593122,-90.247482,-3.612637
7.131250,-132.332443,-14.754258,7.889616,-4.510941,-91.526985,-3.658239
7.137500,-132.476257,-15.053269,8.159063,-4.427019,-92.797920,-3.707342
7.143750,-132.499283,-15.372239,7.459800,-4.341938,-94.059319,-3.760013
7.150000,-132.374039,-15.708694,7.672643,-4.256280,-95.309753,-3.816305
7.156250,-132.082245,-16.061012,7.211917,-4.170449,-96.546844,-3.876160
7.162500,-131.612289,-16.428776,6.420387,-4.085199,-97.770203,-3.939598
7.168750,-130.948654,-16.811548,5.657880,-4.001277,-98.977516,-4.006907
7.175000,-130.064316,-17.207947,5.285711,-3.919405,-100.167252,-4.078126
7.181250,-128.925522,-17.615026,3.751473,-3.840176,-101.336395,-4.153239
7.187500,-127.489807,-18.027699,2.984317,-3.764385,-102.482872,-4.232413
7.193750,-125.715797,-18.437721,2.707287,-3.692632,-103.604553,-4.315619
7.200000,-123.560280,-18.833929,2.623444,-3.625629,-104.697754,-4.402883
7.206250,-121.000900,-19.204567,2.424578,-3.563910,-105.758354,-4.493939
7.212500,-118.035828,-19.538189,1.809685,-3.508222,-106.782959,-4.588633
7.218750,-114.684311,-19.824863,0.502667,-3.459325,-107.768044,-4.686598
7.225000,-110.978233,-20.055540,0.432022,-3.417854,-108.709427,-4.787580
7.231250,-106.959343,-20.222221,0.044156,-3.384376,-109.602661,-4.891101
7.237500,-102.676498,-20.317972,-0.301007,-3.359478,-110.444382,-4.996678
7.243750,-98.187607,-20.336927,-0.243884,-3.343634,-111.229942,-5.103842
7.250000,-93.558441,-20.274527,-1.336103,-3.337425,-111.956032,-5.211789
7.256250,-88.861519,-20.127762,-1.650703,-3.341418,-112.619141,-5.319846
7.262500,-84.182709,-19.896570,-1.464576,-3.356243,-113.216614,-5.427083
7.268750,-79.616295,-19.584831,-1.075644,-3.382345,-113.746201,-5.532539
7.275000,-75.257164,-19.200167,-0.789411,-3.420171,-114.205345,-5.635091
7.281250,-71.192657,-18.752436,-0.906083,-3.470158,-114.595764,-5.733533
7.287500,-67.492508,-18.253490,-1.701276,-3.532662,-114.917252,-5.826659
7.293750,-64.204620,-17.715822,-1.245964,-3.607946,-115.170769,-5.913108
7.300000,-61.359787,-17.151646,-1.093348,-3.696333,-115.360489,-5.991633
7.306250,-58.965214,-16.571701,-0.883678,-3.798492,-115.490059,-6.061042
7.312500,-57.011196,-15.984915,-0.257157,-3.914616,-115.565536,-6.120178
7.318750,-55.478344,-15.398347,-0.763791,-4.044891,-115.591179,-6.167610
7.325000,-54.346058,-14.818512,-0.472640,-4.189564,-115.573799,-6.202349
7.331250,-53.588703,-14.250820,0.341119,-4.349049,-115.522346,-6.223606
7.337500,-53.182365,-13.700324,1.381035,-4.523757,-115.447311,-6.230787
7.343750,-53.097298,-13.171185,2.344163,-4.713883,-115.356850,-6.223492
7.350000,-53.301323,-12.666636,2.935890,-4.919797,-115.262550,-6.201696
7.356250,-53.761436,-12.189029,2.883957,-5.141779,-115.175598,-6.165893
7.362500,-54.440346,-11.739430,4.123578,-5.379867,-115.106316,-6.231084
7.368750,-55.302631,-11.317058,5.108473,-5.633844,-115.960442,-6.169364
7.375000,-56.313309,-10.920666,6.203822,-5.903904,-115.960098,-6.095747
7.381250,-57.451767,-10.549298,5.880425,-6.189712,-116.012413,-6.011618
7.387500,-58.701248,-10.202633,6.110414,-6.490744,-116.126228,-5.918272
7.393750,-60.052544,-9.881169,6.677212,-6.806133,-116.309151,-5.817162
7.400000,-61.492844,-9.585298,7.350612,-7.135120,-116.567955,-5.710074
7.406250,-63.005829,-9.315240,7.904645,-7.476745,-116.908386,-5.598814
7.412500,-64.573402,-9.070679,8.128348,-7.829515,-117.332848,-5.484951
7.418750,-66.173271,-8.850386,7.836153,-8.192037,-117.841728,-5.369991
7.425000,-67.782700,-8.651809,6.876774,-8.562636,-118.435425,-5.255463
7.431250,-69.380524,-8.471455,7.307701,-8.939565,-119.111710,-5.142822
7.437500,-70.955231,-8.305992,5.812956,-9.320854,-119.866562,-5.033288
7.443750,-72.506325,-8.153069,4.498738,-9.704365,-120.695152,-4.927841
7.450000,-74.041183,-8.011778,3.302965,-10.088006,-121.592468,-4.827459
7.456250,-75.569740,-7.881983,2.167010,-10.469283,-122.553154,-4.732982
7.462500,-77.098137,-7.764486,1.042998,-10.845326,-123.569939,-4.644863
7.468750,-78.628922,-7.659971,-0.109486,-11.212824,-124.636658,-4.563524
7.475000,-80.159584,-7.568752,-1.320253,-11.568460,-125.747505,-4.489506
7.481250,-81.682693,-7.490485,-2.605682,-11.908334,-126.896217,-4.422816
7.487500,-83.189568,-7.424055,-3.970177,-12.227987,-128.075806,-4.363451
7.493750,-84.674667,-7.368446,-5.405155,-12.523262,-129.279999,-4.311269
7.500000,-86.137665,-7.323262,-6.620270,-12.789777,-130.502838,-4.266187
7.506250,-87.579575,-7.288613,-7.328574,-13.023227,-131.738373,-4.227647
7.512500,-89.001907,-7.265004,-7.535219,-13.219740,-132.981171,-4.195403
7.518750,-90.400681,-7.252745,-7.268194,-13.376040,-134.227097,-4.169175
7.525000,-91.768669,-7.251692,-6.572582,-13.489343,-135.471268,-4.148536
7.531250,-93.092857,-7.260510,-5.511436,-13.557642,-136.707611,-4.132838
7.537500,-94.358337,-7.276268,-4.164803,-13.580332,-137.933548,-4.121722
7.543750,-95.555901,-7.295742,-2.627898,-13.558086,-139.147873,-4.115081
7.550000,-96.686951,-7.316517,-1.001936,-13.492648,-140.348495,-4.112462
7.556250,-97.764191,-7.337665,-1.284246,-13.386481,-141.531723,-4.113220
7.562500,-98.803246,-7.359646,0.209685,-13.243377,-142.695755,-4.117100
7.568750,-99.818535,-7.383591,1.484970,-13.068126,-143.844543,-4.124156
7.575000,-100.816933,-7.410670,2.453828,-12.865725,-144.978134,-4.134257
7.581250,-101.800247,-7.441886,3.044041,-12.640869,-146.096588,-4.146928
7.587500,-102.765190,-7.477472,3.199357,-12.398328,-147.201126,-4.162052
7.593750,-103.703362,-7.516531,2.881000,-12.142854,-148.294006,-4.179672
7.600000,-104.607811,-7.557368,2.070696,-11.878140,-149.375824,-4.199661
7.606250,-105.477814,-7.598753,0.771834,-11.607456,-150.446472,-4.221696
7.612500,-106.320564,-7.640396,-0.993023,-11.333360,-151.505020,-4.245712
7.618750,-107.145912,-7.682835,-2.909925,-11.057582,-152.551392,-4.271427
7.625000,-107.962234,-7.727102,-4.661792,-10.781045,-153.582809,-4.298489
7.631250,-108.773216,-7.774382,-6.220663,-10.504240,-154.598129,-4.326645
7.637500,-109.577644,-7.825365,-7.575035,-10.227221,-155.596710,-4.355779
7.643750,-110.369156,-7.879707,-8.731015,-9.949693,-156.576981,-4.385674
7.650000,-111.140472,-7.936181,-9.711467,-9.671357,-157.536575,-4.415915
7.656250,-111.889374,-7.993777,-10.556108,-9.391996,-158.474777,-4.446192
7.662500,-112.622543,-8.052698,-11.319811,-9.111831,-159.392746,-4.476333
7.668750,-113.351280,-8.114484,-12.066842,-8.831160,-160.290527,-4.505740
7.675000,-114.084557,-8.181451,-12.868245,-8.550417,-161.168167,-4.533978
7.681250,-114.823296,-8.255437,-11.630539,-8.270646,-162.028915,-4.560652
7.687500,-115.561386,-8.338257,-11.684186,-7.993206,-162.876740,-4.585732
7.693750,-116.287842,-8.430813,-10.983163,-7.719230,-163.714279,-4.608918
7.700000,-116.985634,-8.532880,-9.687607,-7.449815,-164.543045,-4.629719
7.706250,-117.632050,-8.641985,-7.994464,-7.186601,-165.367203,-4.648341
7.712500,-118.208641,-8.754737,-6.125513,-6.931008,-166.191193,-4.664986
7.718750,-118.708740,-8.868170,-4.312025,-6.683938,-167.015579,-4.679540
7.725000,-119.137543,-8.980716,-2.782156,-6.446050,-165.945724,-4.691796
7.731250,-119.505486,-9.091862,-1.757179,-6.218143,-164.605804,-4.701937
7.737500,-119.821960,-9.201599,0.731034,-6.000886,-162.465759,-4.710481
7.743750,-120.093918,-9.310274,3.155465,-5.794431,-159.035583,-4.717410
7.750000,-120.323952,-9.418437,3.990676,-5.598605,-153.885818,-4.722760
7.756250,-120.510414,-9.525650,5.205732,-5.413532,-146.678345,-4.726884
7.762500,-120.646904,-9.630510,6.580851,-5.239330,-137.178009,-4.730336
7.768750,-120.730659,-9.731207,7.886211,-5.075600,-125.263100,-4.733357
7.775000,-120.767723,-9.827291,8.894810,-4.921936,-110.932701,-4.736039
7.781250,-120.771095,-9.919638,9.389936,-4.778149,-94.310066,-4.738609
7.787500,-120.750641,-10.009645,9.178103,-4.644107,-75.632790,-4.741479
7.793750,-120.709557,-10.098361,8.101855,-4.519214,-55.242085,-4.744644
7.800000,-120.645836,-10.186602,8.213533,-4.403022,-33.564396,-4.748172
7.806250,-120.553246,-10.274763,8.081575,-4.295317,-11.094163,-4.752480
7.812500,-120.421265,-10.361903,6.286552,-4.195890,11.635141,-4.758038
7.818750,-120.235344,-10.445251,4.916881,-4.104050,34.078922,-4.764843
7.825000,-119.986061,-10.521226,3.869651,-4.019302,55.707283,-4.772893
7.831250,-119.676743,-10.587219,3.024985,-3.941385,76.028030,-4.782392
7.837500,-119.323967,-10.642611,2.251998,-3.870147,94.614204,-4.793567
7.843750,-118.950020,-10.688407,1.417797,-3.805232,111.127373,-4.806500
7.850000,-118.572601,-10.726224,0.393733,-3.746260,125.333298,-4.821113
7.856250,-118.201912,-10.757692,-0.940431,-3.692921,137.110794,-4.837346
7.862500,-117.843475,-10.784880,-2.689421,-3.645103,146.459991,-4.855403
7.868750,-117.497284,-10.809099,-2.769472,-3.602467,153.503235,-4.875262
7.875000,-117.154991,-10.830440,-4.494818,-3.564705,158.478256,-4.896920
7.881250,-116.806335,-10.847412,-5.781514,-3.531708,161.726318,-4.920520
7.887500,-116.447624,-10.858976,-6.736756,-3.503088,163.674515,-4.945997
7.893750,-116.084381,-10.865015,-7.481254,-3.478596,164.816528,-4.973413
7.900000,-115.726547,-10.866614,-8.145775,-3.457890,165.685410,-5.002614
7.906250,-115.380486,-10.864903,-8.868033,-3.440858,164.659576,-5.033640
7.912500,-115.047203,-10.860736,-9.779023,-3.427290,163.633896,-5.066635
7.918750,-114.722763,-10.860736,-11.000878,-3.427290,162.608521,-5.066635
7.925000,-114.722763,-10.860736,-11.000878,-3.427290,162.608521,-5.066635
7.931250,-114.722763,-10.860736,-11.000878,-3.427290,162.608521,-5.066635
7.937500,-114.722763,-10.860736,-11.000878,-3.427290,162.608521,-5.066635
7.943750,-114.722763,-10.860736,-11.000878,-3.427290,162.608521,-5.066635
7.950000,-114.722763,-10.860736,-11.000878,-3.427290,162.608521,-5.066635
7.956250,-114.722763,-10.860736,-11.000878,-3.427290,162.608521,-5.066635
7.962500,-114.722763,-10.860736,-11.000878,-3.427290,162.608521,-5.066635
7.968750,-114.722763,-10.860736,-11.000878,-3.427290,162.608521,-5.066635
7.975000,-114.722763,-10.860736,-11.000878,-3.427290,162.608521,-5.066635
7.981250,-114.722763,-10.860736,-11.000878,-3.427290,162.608521,-5.066635
7.987500,-114.722763,-10.860736,-11.000878,-3.427290,162.608521,-5.066635
7.993750,-114.722763,-10.860736,-11.000878,-3.427290,162.608521,-5.066635
8.000000,-114.722763,-10.860736,-11.000878,-3.427290,162.608521,-5.066635
