Anritsu VNA Frequency[GHz],S21[deg],S21[dB],S11[deg],S11[dB],S22[deg],S22[dB]
1338030677.5,2012_05_26_12:11:17,+298.01,+297.84,+02.989,+297.71,+297.15,+298.07,+297.70,+298.11,243.328842,-6.614
3.006250,-74.398346,-3.724556,3.950259,-6.473068,21.925808,-10.878863
3.012500,-74.398346,-3.724556,3.950259,-6.473068,21.925808,-10.878863
3.018750,-74.398346,-3.724556,3.950259,-6.473068,21.925808,-10.878863
3.025000,-74.398346,-3.724556,3.950259,-6.473068,21.925808,-10.878863
3.031250,-74.398346,-3.724556,3.950259,-6.473068,21.925808,-10.878863
3.037500,-74.398346,-3.724556,3.950259,-6.473068,21.925808,-10.878863
3.043750,-74.398346,-3.724556,3.950259,-6.473068,21.925808,-10.878863
3.050000,-74.398346,-3.724556,3.950259,-6.473068,21.925808,-10.878863
3.056250,-74.398346,-3.724556,3.950259,-6.473068,21.925808,-10.878863
3.062500,-74.398346,-3.724556,3.950259,-6.473068,21.925808,-10.878863
3.068750,-74.398346,-3.724556,3.950259,-6.473068,21.925808,-10.878863
3.075000,-74.398346,-3.724556,3.950259,-6.473068,21.925808,-10.878863
3.081250,-74.398346,-3.724556,3.950259,-6.473068,21.925808,-10.878863
3.087500,-74.398346,-3.724556,3.950259,-6.473068,21.925808,-10.878863
3.093750,-74.398346,-3.691881,3.950259,-6.517151,21.925808,-10.904184
3.100000,-74.777107,-3.658597,4.288977,-6.565299,20.710543,-10.932567
3.106250,-75.171303,-3.625080,4.117288,-6.617124,19.465393,-10.963840
3.112500,-75.579659,-3.591593,3.239621,-6.672341,18.191509,-10.997873
3.118750,-75.999420,-3.557946,1.491742,-6.731078,16.888029,-11.035299
3.125000,-76.428986,-3.523785,0.919603,-6.793569,15.554705,-11.076665
3.131250,-76.867424,-3.488894,0.089233,-6.859899,14.194591,-11.122004
3.137500,-77.316231,-3.453276,-0.524977,-6.929615,12.810746,-11.171595
3.143750,-77.777351,-3.417001,-2.356911,-7.002904,11.402189,-11.226142
3.150000,-78.253014,-3.380382,-3.361988,-7.079982,9.967251,-11.286358
3.156250,-78.744934,-3.343857,-3.702845,-7.160518,8.509031,-11.352401
3.162500,-79.254227,-3.308004,-3.575214,-7.244098,7.029008,-11.424339
3.168750,-79.779228,-3.272994,-3.204464,-7.330854,5.525980,-11.502896
3.175000,-80.317833,-3.238794,-2.831026,-7.421459,3.995261,-11.588911
3.181250,-80.867355,-3.205291,-2.692865,-7.515955,2.436915,-11.682752
3.187500,-81.426651,-3.172209,-3.015806,-7.613959,0.854438,-11.784213
3.193750,-81.995819,-3.139376,-1.839350,-7.715640,-0.753970,-11.893770
3.200000,-82.576126,-3.106783,-0.704117,-7.821404,-2.391347,-12.012094
3.206250,-83.169212,-3.074606,0.744932,-7.931748,-4.058743,-12.139811
3.212500,-83.776299,-3.042977,0.952844,-8.046592,-5.755836,-12.277173
3.218750,-84.397545,-3.011974,1.846750,-8.165906,-7.479924,-12.424285
3.225000,-85.032883,-2.981577,3.145907,-8.289840,-9.232680,-12.581837
3.231250,-85.681801,-2.951675,4.545577,-8.418880,-11.015679,-12.750863
3.237500,-86.344528,-2.922183,5.734373,-8.553584,-12.828987,-12.932415
3.243750,-87.022324,-2.892932,6.411846,-8.693801,-14.670751,-13.127151
3.250000,-87.717506,-2.864197,6.300126,-8.839400,-16.537081,-13.335776
3.256250,-88.432877,-2.836305,7.320901,-8.990952,-18.428240,-13.559952
3.262500,-89.169746,-2.809673,7.911888,-9.149531,-20.348288,-13.802058
3.268750,-89.929054,-2.784714,8.428384,-9.315495,-22.293535,-14.064536
3.275000,-90.709709,-2.761479,9.227615,-9.488874,-24.258350,-14.349067
3.281250,-91.510635,-2.739958,8.749775,-9.669997,-26.242546,-14.659113
3.287500,-92.330574,-2.720062,8.909110,-9.860401,-28.254313,-15.000062
3.293750,-93.170326,-2.701531,9.417752,-10.061465,-30.305508,-15.378421
3.300000,-94.032410,-2.684489,9.968195,-10.273758,-32.405357,-15.800885
3.306250,-94.920189,-2.669212,10.239945,-10.498595,-34.572311,-16.278183
3.312500,-95.837242,-2.656134,9.912442,-10.738234,-36.853889,-16.827719
3.318750,-96.786591,-2.645701,8.685427,-10.995046,-39.356956,-17.445160
3.325000,-97.770508,-2.638323,8.461191,-11.270076,-40.455444,-18.104647
3.331250,-98.791367,-2.634290,7.649209,-11.563899,-41.760902,-18.817722
3.337500,-99.852425,-2.634075,6.553344,-11.875960,-42.794079,-19.585340
3.343750,-100.958794,-2.638381,5.471723,-12.203711,-43.228939,-20.394447
3.350000,-102.117157,-2.648560,4.691369,-12.543265,-42.819283,-21.222382
3.356250,-103.335365,-2.666446,4.459028,-12.889957,-41.376900,-22.040516
3.362500,-104.620766,-2.694469,4.957554,-13.237486,-38.782207,-22.816366
3.368750,-105.977837,-2.735430,6.303719,-13.576227,-34.978550,-23.515446
3.375000,-107.409309,-2.792604,8.543367,-13.893566,-29.974699,-24.103249
3.381250,-108.913376,-2.869706,9.754136,-14.175636,-23.850565,-24.548309
3.387500,-110.487343,-2.971527,11.462707,-14.407449,-16.752819,-24.823730
3.393750,-112.122543,-3.103731,15.152679,-14.574266,-8.883126,-24.909050
3.400000,-113.794830,-3.270530,18.765125,-14.662413,-0.494696,-24.791672
3.406250,-115.462051,-3.473388,22.121462,-14.660360,8.124223,-24.467440
3.412500,-117.079109,-3.713560,25.040756,-14.559046,16.663671,-23.940819
3.418750,-118.605461,-3.991959,27.349167,-14.352823,24.806870,-23.225132
3.425000,-119.988304,-4.307369,28.886065,-14.040867,32.242981,-22.342793
3.431250,-121.165726,-4.655493,29.515991,-13.626799,38.683319,-21.323801
3.437500,-122.073410,-5.029502,29.144514,-13.117941,43.885464,-20.203287
3.443750,-122.653320,-5.420114,27.720989,-12.525572,47.664902,-19.020123
3.450000,-122.856758,-5.815929,25.237799,-11.865407,49.894207,-17.815054
3.456250,-122.647949,-6.203999,21.734869,-11.156123,50.519035,-16.629473
3.462500,-122.009399,-6.570451,19.471807,-10.418442,49.566975,-15.501030
3.468750,-120.946136,-6.901690,15.333240,-9.673194,47.146580,-14.461720
3.475000,-119.485611,-7.185377,11.611834,-8.941241,43.447052,-13.535901
3.481250,-117.676407,-7.411068,8.409925,-8.242659,38.720856,-12.739434
3.487500,-115.586517,-7.571134,5.810292,-7.594458,33.284115,-12.075050
3.493750,-113.298645,-7.661001,3.876094,-7.009426,27.520117,-11.528094
3.500000,-110.905014,-7.679564,2.645708,-6.496003,21.906279,-11.097134
3.506250,-108.500221,-7.628939,2.134909,-6.058959,14.957547,-10.800818
3.512500,-106.177841,-7.514340,2.346247,-5.698818,8.432612,-10.616420
3.518750,-104.023544,-7.343523,3.280529,-5.413220,2.218057,-10.521505
3.525000,-102.111473,-7.126281,4.926741,-5.198016,-3.703084,-10.498847
3.531250,-100.500755,-6.873753,7.252799,-5.047362,-9.324457,-10.534178
3.537500,-99.233482,-6.597913,8.322314,-4.952465,-14.641501,-10.614055
3.543750,-98.334076,-6.310839,9.718238,-4.902680,-19.649025,-10.726010
3.550000,-97.809067,-6.024353,10.867014,-4.888335,-24.355001,-10.859521
3.556250,-97.644737,-5.749191,11.229031,-4.901779,-28.783323,-11.006627
3.562500,-97.810661,-5.493874,12.503160,-4.935770,-32.960873,-11.160479
3.568750,-98.256767,-5.263335,12.951949,-4.983240,-36.910652,-11.314719
3.575000,-98.922318,-5.058780,12.792874,-5.038591,-40.662212,-11.464244
3.581250,-99.753006,-4.880030,12.289758,-5.097937,-44.252380,-11.605846
3.587500,-100.709633,-4.727267,11.744112,-5.158682,-47.718155,-11.737797
3.593750,-101.757584,-4.599264,11.480899,-5.218752,-51.092472,-11.858841
3.600000,-102.857697,-4.493196,9.937257,-5.275949,-54.401440,-11.967441
3.606250,-103.982185,-4.406194,9.049922,-5.328921,-57.670361,-12.063096
3.612500,-105.113327,-4.335909,8.563950,-5.377672,-60.926899,-12.146558
3.618750,-106.239754,-4.280010,8.219014,-5.422193,-64.193642,-12.218532
3.625000,-107.350822,-4.236094,7.765572,-5.461983,-67.482552,-12.278953
3.631250,-108.438942,-4.201692,6.969432,-5.496548,-70.804245,-12.327964
3.637500,-109.502312,-4.174721,5.618393,-5.526233,-74.171616,-12.366384
3.643750,-110.543579,-4.153694,3.537283,-5.551289,-77.595482,-12.394958
3.650000,-111.567749,-4.137760,2.766920,-5.571654,-81.080162,-12.413692
3.656250,-112.581673,-4.126713,1.867677,-5.587318,-84.631187,-12.422728
3.662500,-113.591270,-4.120754,1.305516,-5.598398,-88.252968,-12.422469
3.668750,-114.599747,-4.120055,-0.358608,-5.605013,-91.949829,-12.412930
3.675000,-115.606941,-4.124636,-1.080255,-5.606995,-95.720886,-12.393703
3.681250,-116.610130,-4.134065,-1.026267,-5.604250,-99.567482,-12.364645
3.687500,-117.608025,-4.147676,-0.399490,-5.596857,-103.490967,-12.325819
3.693750,-118.599785,-4.164873,0.573883,-5.584926,-107.490379,-12.277164
3.700000,-119.587700,-4.185263,1.654952,-5.568275,-111.562492,-12.218697
3.706250,-120.575722,-4.208787,2.603336,-5.546783,-115.704391,-12.150151
3.712500,-121.568169,-4.235713,3.188257,-5.520056,-118.017380,-12.071164
3.718750,-122.568230,-4.266467,5.367483,-5.488009,-120.119225,-11.981716
3.725000,-123.576942,-4.301359,7.599349,-5.450968,-121.475456,-11.882051
3.731250,-124.593704,-4.340466,8.342141,-5.409115,-121.591080,-11.772472
3.737500,-125.617073,-4.383526,9.557417,-5.361849,-120.029503,-11.652566
3.743750,-126.646233,-4.430383,11.016295,-5.308633,-116.441948,-11.522050
3.750000,-127.682045,-4.480983,12.474105,-5.249990,-110.589088,-11.381625
3.756250,-128.727188,-4.535524,13.688471,-5.186225,-102.346634,-11.232161
3.762500,-129.783981,-4.594442,14.435931,-5.117112,-91.706154,-11.073891
3.768750,-130.854004,-4.658234,14.519045,-5.042236,-78.781952,-10.906890
3.775000,-131.936493,-4.727259,13.771557,-4.961432,-63.806625,-10.731674
3.781250,-133.030121,-4.801509,14.234768,-4.875226,-47.120163,-10.549646
3.787500,-134.133713,-4.880877,14.471560,-4.783836,-29.147020,-10.361629
3.793750,-135.247787,-4.965477,13.061483,-4.686823,-10.370746,-10.167893
3.800000,-136.374237,-5.055778,12.085921,-4.584181,8.682043,-9.969047
3.806250,-137.516571,-5.152456,11.432805,-4.476324,27.465391,-9.766204
3.812500,-138.676880,-5.256329,10.976676,-4.363647,45.448830,-9.560482
3.818750,-139.854813,-5.368035,10.583488,-4.246271,62.144878,-9.352585
3.825000,-141.049377,-5.488188,10.116623,-4.124485,77.129227,-9.143307
3.831250,-142.258591,-5.617167,9.439301,-3.998770,90.062439,-8.933487
3.837500,-143.481293,-5.755246,8.425933,-3.869548,100.709335,-8.723888
3.843750,-144.716949,-5.902831,6.967987,-3.737305,108.949005,-8.515129
3.850000,-145.968079,-6.060874,7.145735,-3.602566,114.782608,-8.307848
3.856250,-147.238403,-6.231058,5.640546,-3.465848,118.330727,-8.102908
3.862500,-148.529053,-6.415118,4.533442,-3.327664,119.830444,-7.900949
3.868750,-149.836578,-6.614677,3.716464,-3.188472,119.622597,-7.702848
3.875000,-151.152893,-6.830641,3.065759,-3.048777,118.133484,-7.509315
3.881250,-152.468491,-7.063594,2.447914,-2.909159,115.854431,-7.321111
3.887500,-153.774689,-7.313713,1.726097,-2.770200,113.316521,-7.139063
3.893750,-155.065353,-7.581291,0.768315,-2.632456,108.896835,-6.963870
3.900000,-156.339478,-7.867486,-0.546491,-2.496480,104.489510,-6.796181
3.906250,-157.598862,-8.174536,-2.323515,-2.362654,100.093567,-6.636634
3.912500,-158.842758,-8.505438,-2.477961,-2.231563,95.708534,-6.485871
3.918750,-160.064209,-8.863145,-2.429853,-2.103739,91.334137,-6.344453
3.925000,-161.248260,-9.250142,-3.610641,-1.979679,86.971954,-6.212687
3.931250,-162.374817,-9.668479,-3.969079,-1.859687,82.623589,-6.090753
3.937500,-163.418518,-10.119983,-3.666062,-1.744284,78.288956,-5.979078
3.943750,-164.353104,-10.605694,-2.897585,-1.633971,73.968353,-5.878103
3.950000,-165.147507,-11.126890,-1.883296,-1.528961,69.662796,-5.788026
3.956250,-165.771988,-11.684686,-0.854939,-1.429394,65.374863,-5.708802
3.962500,-166.185852,-12.280107,-0.047552,-1.335337,61.105751,-5.640515
3.968750,-166.339600,-12.912362,0.311981,-1.247120,56.855480,-5.583428
3.975000,-166.170654,-13.578100,2.186825,-1.164925,52.623768,-5.537705
3.981250,-165.613617,-14.271310,4.043454,-1.088948,48.411644,-5.503447
3.987500,-164.596252,-14.982867,4.348612,-1.019173,44.220009,-5.480689
3.993750,-163.049057,-15.699705,5.065681,-0.955681,40.049088,-5.469590
4.000000,-160.914276,-16.406723,5.969930,-0.898637,35.898636,-5.470258
4.006250,-158.155991,-17.086966,6.825155,-0.848090,31.768759,-5.482700
4.012500,-154.763550,-17.723692,7.399137,-0.804091,27.659058,-5.507041
4.018750,-150.750656,-18.301083,7.471775,-0.766661,23.569151,-5.543273
4.025000,-146.150604,-18.804203,6.848827,-0.735753,19.499035,-5.591268
4.031250,-141.012573,-19.218632,5.370408,-0.711369,15.447956,-5.650953
4.037500,-135.402771,-19.531139,5.086365,-0.693516,11.415003,-5.722294
4.043750,-129.409424,-19.730753,4.565584,-0.682054,7.399569,-5.805283
4.050000,-123.141975,-19.809937,2.389847,-0.676895,3.401596,-5.899537
4.056250,-116.730247,-19.766008,0.644642,-0.678062,-0.578636,-6.005132
4.062500,-110.315941,-19.601377,-0.775025,-0.685509,-4.543037,-6.121953
4.068750,-104.043762,-19.323589,-1.988658,-0.699073,-8.491925,-6.249917
4.075000,-98.048866,-18.944754,-3.125761,-0.718663,-12.425774,-6.388862
4.081250,-92.444450,-18.479229,-4.320654,-0.744256,-16.346052,-6.538856
4.087500,-87.318016,-17.942810,-5.704443,-0.775937,-20.254810,-6.700072
4.093750,-82.731186,-17.351330,-7.397573,-0.813446,-24.152586,-6.872416
4.100000,-78.723846,-16.720753,-9.504108,-0.856714,-28.040558,-7.055806
4.106250,-75.316658,-16.066624,-9.940032,-0.905770,-31.920855,-7.250427
4.112500,-72.511078,-15.403965,-10.127010,-0.960635,-35.796738,-7.456494
4.118750,-70.291756,-14.746281,-11.496176,-1.021115,-39.669117,-7.674103
4.125000,-68.623734,-14.105486,-11.996685,-1.086925,-43.541042,-7.903324
4.131250,-67.458107,-13.490870,-11.789789,-1.158072,-47.414810,-8.144516
4.137500,-66.729034,-12.908691,-11.073257,-1.234535,-51.295208,-8.398190
4.143750,-66.368477,-12.361856,-10.066902,-1.316102,-55.185379,-8.664419
4.150000,-66.307678,-11.851174,-9.002747,-1.402546,-59.088814,-8.943322
4.156250,-66.487190,-11.375858,-8.117695,-1.494079,-63.011513,-9.235079
4.162500,-66.850227,-10.933640,-7.638093,-1.590608,-66.960350,-9.539826
4.168750,-67.354370,-10.521485,-5.600214,-1.692121,-70.942383,-9.857788
4.175000,-67.970062,-10.137295,-3.538841,-1.798620,-74.963249,-10.188882
4.181250,-68.677719,-9.779152,-2.988877,-1.910158,-79.032616,-10.533274
4.187500,-69.459427,-9.445731,-1.988561,-2.026741,-83.158424,-10.891072
4.193750,-70.297516,-9.135211,-0.764558,-2.148238,-87.348633,-11.262074
4.200000,-71.172798,-8.845058,0.448434,-2.274617,-91.612518,-11.646234
4.206250,-72.071510,-8.572503,1.413867,-2.405843,-95.961273,-12.043373
4.212500,-72.985603,-8.315345,1.910676,-2.541697,-100.408104,-12.453246
4.218750,-73.913033,-8.071901,1.742762,-2.681924,-103.072609,-12.875013
4.225000,-74.854431,-7.841390,0.750100,-2.826401,-105.590126,-13.307400
4.231250,-75.811539,-7.623545,0.981251,-2.974915,-107.444145,-13.748981
4.237500,-76.784355,-7.418204,1.006257,-3.127252,-108.156891,-14.197629
4.243750,-77.769356,-7.224961,-0.593959,-3.283207,-107.315384,-14.651048
4.250000,-78.759605,-7.043079,-1.733385,-3.442801,-104.591980,-15.106448
4.256250,-79.748100,-6.871264,-2.516505,-3.605987,-99.764099,-15.560691
4.262500,-80.730667,-6.708446,-3.061707,-3.772569,-92.723778,-16.009346
4.268750,-81.706505,-6.553592,-3.498958,-3.942450,-83.483002,-16.447859
4.275000,-82.676781,-6.406215,-3.962512,-4.115816,-72.171516,-16.871056
4.281250,-83.643814,-6.266055,-4.583106,-4.292622,-59.027649,-17.273535
4.287500,-84.609245,-6.133192,-5.480642,-4.472593,-44.388607,-17.649475
4.293750,-85.573410,-6.007465,-6.759123,-4.655406,-28.668995,-17.994034
4.300000,-86.534637,-5.888504,-6.335235,-4.840798,-12.345151,-18.302485
4.306250,-87.490067,-5.775901,-7.523995,-5.028397,4.073328,-18.571117
4.312500,-88.438553,-5.669086,-8.241649,-5.217593,20.068417,-18.796671
4.318750,-89.379608,-5.567669,-8.592270,-5.407861,35.140625,-18.976290
4.325000,-90.314423,-5.471435,-8.695976,-5.598665,48.835461,-19.108210
4.331250,-91.243958,-5.380316,-8.683414,-5.789376,60.765507,-19.191656
4.337500,-92.168251,-5.294288,-8.687024,-5.979378,70.634262,-19.227102
4.343750,-93.086823,-5.213128,-8.837924,-6.168432,78.247963,-19.216444
4.350000,-93.998024,-5.136535,-9.255497,-6.356096,83.529236,-19.162426
4.356250,-94.900642,-5.064228,-10.041472,-6.541628,86.521568,-19.068459
4.362500,-95.793571,-4.995808,-9.111871,-6.724572,87.385376,-18.938936
4.368750,-96.677620,-4.931210,-9.784515,-6.905150,86.385239,-18.779335
4.375000,-97.553017,-4.870360,-9.976954,-7.083318,83.884407,-18.595160
4.381250,-98.420189,-4.813163,-9.793811,-7.258116,80.328011,-18.390867
4.387500,-99.278679,-4.759539,-9.356012,-7.428931,76.216858,-18.171127
4.393750,-100.127342,-4.709253,-8.800753,-7.595545,72.084869,-17.940647
4.400000,-100.965195,-4.662020,-8.267224,-7.757586,66.306717,-17.703894
4.406250,-101.791924,-4.617460,-7.889222,-7.914112,60.774441,-17.464468
4.412500,-102.608719,-4.575469,-7.789544,-8.064357,55.482761,-17.225853
4.418750,-103.417213,-4.536135,-8.081251,-8.208096,50.416336,-16.991726
4.425000,-104.219185,-4.499720,-6.683672,-8.344822,45.561859,-16.764755
4.431250,-105.014839,-4.466501,-6.912204,-8.473573,40.904869,-16.546459
4.437500,-105.802811,-4.436467,-6.684303,-8.593864,36.429405,-16.338196
4.443750,-106.580711,-4.409371,-6.111927,-8.705952,32.116997,-16.141619
4.450000,-107.345383,-4.384692,-5.318984,-8.809968,27.952957,-15.957251
4.456250,-108.095764,-4.361915,-4.436603,-8.905457,23.927681,-15.785079
4.462500,-108.832428,-4.340672,-3.602339,-8.992551,20.029104,-15.625448
4.468750,-109.558029,-4.320904,-2.955091,-9.072026,16.243734,-15.479370
4.475000,-110.275352,-4.302994,-2.621606,-9.144426,12.558163,-15.347045
4.481250,-110.986115,-4.287275,-2.709669,-9.209625,8.965546,-15.227909
4.487500,-111.689651,-4.273956,-1.140790,-9.267940,5.456368,-15.121614
4.493750,-112.383255,-4.262814,-1.238042,-9.319624,2.019056,-15.027572
4.500000,-113.063904,-4.253363,-0.922736,-9.364611,-1.353908,-14.945081
4.506250,-113.729134,-4.245002,-0.305492,-9.402994,-4.671700,-14.873617
4.512500,-114.378876,-4.237167,0.486362,-9.435201,-7.940838,-14.812798
4.518750,-115.015404,-4.229624,1.316977,-9.461356,-11.167969,-14.762407
4.525000,-115.643394,-4.222741,2.052432,-9.481046,-14.352616,-14.721360
4.531250,-116.266586,-4.217119,2.560755,-9.494357,-17.496807,-14.689041
4.537500,-116.885811,-4.213356,2.714832,-9.502634,-20.607601,-14.666041
4.543750,-117.499329,-4.211681,2.406713,-9.506771,-23.688271,-14.652571
4.550000,-118.102432,-4.211700,3.727266,-9.506460,-26.734030,-14.647409
4.556250,-118.691292,-4.212768,3.364678,-9.501801,-29.744907,-14.649988
4.562500,-119.263618,-4.214175,3.396318,-9.494527,-32.729473,-14.661057
4.568750,-119.820213,-4.215421,3.712761,-9.485909,-35.694386,-14.681153
4.575000,-120.364983,-4.216416,4.195770,-9.475978,-38.638180,-14.709508
4.581250,-120.903023,-4.217566,4.716289,-9.464882,-41.560619,-14.745255
4.587500,-121.438271,-4.219613,5.132917,-9.454044,-44.469170,-14.789148
4.593750,-121.971260,-4.223061,5.308718,-9.444398,-47.371410,-14.841368
4.600000,-122.499092,-4.227982,5.127295,-9.435230,-50.262150,-14.900587
4.606250,-123.017311,-4.233957,4.484646,-9.426504,-53.142086,-14.965945
4.612500,-123.522308,-4.240196,5.457952,-9.419435,-56.020660,-15.038317
4.618750,-124.012718,-4.245983,4.728151,-9.414906,-58.904644,-15.117954
4.625000,-124.490250,-4.250877,4.387881,-9.412367,-61.790936,-15.203874
4.631250,-124.959839,-4.255071,4.340524,-9.411167,-64.675385,-15.295047
4.637500,-125.426460,-4.259110,4.462839,-9.412810,-67.563812,-15.392376
4.643750,-125.893303,-4.263750,4.623180,-9.418365,-70.463333,-15.496405
4.650000,-126.359573,-4.269441,4.700190,-9.427128,-73.367531,-15.606129
4.656250,-126.821655,-4.276086,4.574155,-9.438394,-76.272064,-15.720598
4.662500,-127.275703,-4.283254,4.123940,-9.452636,-79.182976,-15.840739
4.668750,-127.719109,-4.290300,3.243437,-9.470181,-82.107994,-15.967702
4.675000,-128.151764,-4.296881,4.022036,-9.490078,-85.047394,-16.102415
4.681250,-128.575943,-4.302880,3.147802,-9.511573,-88.000053,-16.245518
4.687500,-128.994293,-4.308326,2.698753,-9.534488,-90.956802,-16.395193
4.693750,-129.410461,-4.313794,2.565337,-9.558344,-93.910301,-16.550804
4.700000,-129.827377,-4.320043,2.625937,-9.581954,-96.866325,-16.712488
4.706250,-130.243591,-4.327504,2.746494,-9.604303,-99.825798,-16.879805
4.712500,-130.654083,-4.336116,2.784426,-9.625486,-102.781479,-17.052032
4.718750,-131.053513,-4.345183,2.600688,-9.645782,-105.726349,-17.227882
4.725000,-131.437439,-4.353863,2.070595,-9.665474,-108.651772,-17.405119
4.731250,-131.804214,-4.361328,1.086981,-9.685260,-111.553459,-17.581694
4.737500,-132.155212,-4.367077,1.730609,-9.706558,-114.430840,-17.755722
4.743750,-132.494583,-4.371037,0.686394,-9.730375,-117.287987,-17.924770
4.750000,-132.826233,-4.373280,0.040564,-9.757702,-120.129944,-18.086721
4.756250,-133.153015,-4.374070,-0.309330,-9.789962,-122.971161,-18.239994
4.762500,-133.475342,-4.373370,-0.483676,-9.828618,-125.824570,-18.383591
4.768750,-133.792572,-4.370864,-0.608155,-9.874212,-128.704926,-18.515892
4.775000,-134.104980,-4.366112,-0.810246,-9.926898,-131.622986,-18.636023
4.781250,-134.414673,-4.358788,-1.218175,-9.987501,-132.700668,-18.744587
4.787500,-134.725845,-4.348790,-1.949873,-10.056334,-133.576431,-18.842623
4.793750,-135.043930,-4.336499,-3.101434,-10.132581,-133.725418,-18.930880
4.800000,-135.375305,-4.322710,-2.577645,-10.214962,-132.659073,-19.010326
4.806250,-135.724380,-4.308459,-3.687130,-10.302593,-129.957092,-19.082806
4.812500,-136.092667,-4.294622,-4.343270,-10.394578,-125.282562,-19.150400
4.818750,-136.478790,-4.281813,-4.641984,-10.488882,-118.394699,-19.213400
4.825000,-136.878784,-4.270319,-4.696263,-10.583433,-109.161797,-19.271898
4.831250,-137.289490,-4.260272,-4.639584,-10.677618,-97.581367,-19.327333
4.837500,-137.708405,-4.251768,-4.609408,-10.770763,-83.766594,-19.380219
4.843750,-138.132996,-4.244955,-4.733795,-10.861460,-67.938362,-19.429985
4.850000,-138.561081,-4.239979,-5.133230,-10.948201,-50.415905,-19.474470
4.856250,-138.989182,-4.236752,-5.920451,-11.030896,-31.609219,-19.511030
4.862500,-139.414169,-4.235043,-5.022394,-11.109287,-11.997869,-19.536875
4.868750,-139.833298,-4.234689,-5.759872,-11.182679,7.885139,-19.551687
4.875000,-140.243591,-4.235179,-6.058665,-11.250901,27.489527,-19.554567
4.881250,-140.641525,-4.235795,-6.039350,-11.314778,46.290340,-19.543608
4.887500,-141.025284,-4.235670,-5.837276,-11.375644,63.799713,-19.518013
4.893750,-141.396454,-4.234190,-5.592147,-11.434164,79.589180,-19.477285
4.900000,-141.757309,-4.231060,-5.442606,-11.491007,93.320236,-19.421103
4.906250,-142.112106,-4.226227,-5.523549,-11.547445,104.754860,-19.350470
4.912500,-142.464828,-4.219794,-5.961074,-11.604927,113.769966,-19.266787
4.918750,-142.817627,-4.211776,-6.859499,-11.664702,120.363174,-19.171780
4.925000,-143.171539,-4.202075,-6.131279,-11.728312,124.655563,-19.067827
4.931250,-143.528534,-4.190616,-7.085781,-11.797160,126.883102,-18.956768
4.937500,-143.889923,-4.177385,-7.631325,-11.872103,127.390411,-18.840080
4.943750,-144.259155,-4.162577,-7.862456,-11.953511,126.610023,-18.718777
4.950000,-144.639786,-4.146674,-7.892124,-12.041937,125.037178,-18.594353
4.956250,-145.035675,-4.130389,-7.844713,-12.137877,123.207863,-18.467773
4.962500,-145.448593,-4.114491,-7.842834,-12.240374,119.508720,-18.338892
4.968750,-145.878098,-4.099588,-8.004695,-12.347799,115.845726,-18.207336
4.975000,-146.321869,-4.086154,-8.445023,-12.459017,112.222168,-18.073076
4.981250,-146.776031,-4.074089,-9.265448,-12.572989,108.637878,-17.936144
4.987500,-147.236725,-4.063089,-8.376894,-12.688071,105.095840,-17.796322
4.993750,-147.702072,-4.052986,-9.086896,-12.802278,101.595505,-17.653196
5.000000,-148.172806,-4.043933,-9.310674,-12.914671,98.131355,-17.507807
5.006250,-148.650986,-4.036452,-9.155155,-13.024783,94.699440,-17.360737
5.012500,-149.136368,-4.030849,-8.737744,-13.131214,91.300667,-17.211962
5.018750,-149.625076,-4.027215,-8.183986,-13.232256,87.932945,-17.062244
5.025000,-150.113159,-4.025264,-7.632400,-13.327344,84.587341,-16.913540
5.031250,-150.596146,-4.024299,-7.219593,-13.416378,81.255447,-16.768801
5.037500,-151.071671,-4.023472,-7.070669,-13.498480,77.934967,-16.630054
5.043750,-151.539078,-4.022197,-7.291458,-13.572709,74.628593,-16.499031
5.050000,-152.000732,-4.020034,-5.805894,-13.638634,71.337532,-16.377836
5.056250,-152.460571,-4.017078,-5.937963,-13.695641,68.063377,-16.268135
5.062500,-152.923096,-4.013610,-5.609576,-13.742559,64.815247,-16.170284
5.068750,-153.391068,-4.010096,-4.933457,-13.778412,61.603970,-16.084455
5.075000,-153.864685,-4.006794,-4.043310,-13.802920,58.437195,-16.010563
5.081250,-154.343491,-4.003708,-3.080010,-13.815438,55.324261,-15.947969
5.087500,-154.824951,-4.000402,-2.184310,-13.814928,52.278419,-15.894878
5.093750,-155.307678,-3.996523,-1.495531,-13.801375,49.306957,-15.850363
5.100000,-155.793259,-3.991719,-1.146289,-13.775639,46.411610,-15.813228
5.106250,-156.285828,-3.986125,-1.246252,-13.737889,43.599522,-15.781472
5.112500,-156.789536,-3.980433,0.289472,-13.687939,40.878811,-15.752000
5.118750,-157.308777,-3.975508,0.140972,-13.626803,38.248352,-15.722890
5.125000,-157.844925,-3.972263,0.381689,-13.556756,35.695965,-15.693270
5.131250,-158.396011,-3.971168,0.903960,-13.479140,33.217228,-15.661453
5.137500,-158.955902,-3.972234,1.592508,-13.393719,30.811157,-15.625087
5.143750,-159.519852,-3.975011,2.313853,-13.301642,28.465942,-15.583695
5.150000,-160.084824,-3.978912,2.922712,-13.204879,26.160183,-15.539186
5.156250,-160.648788,-3.983339,3.285140,-13.104215,23.884514,-15.492400
5.162500,-161.214386,-3.988332,3.284784,-12.998877,21.638559,-15.443247
5.168750,-161.786346,-3.994534,2.815802,-12.888702,19.416828,-15.392426
5.175000,-162.368027,-4.002718,3.952232,-12.774994,17.207947,-15.341880
5.181250,-162.958817,-4.013520,3.374510,-12.658295,15.005286,-15.292532
5.187500,-163.553360,-4.026750,3.174957,-12.537356,12.807592,-15.244580
5.193750,-164.145477,-4.042019,3.252541,-12.411927,10.608916,-15.198892
5.200000,-164.731812,-4.058483,3.478905,-12.283023,8.399100,-15.157250
5.206250,-165.310028,-4.075278,3.723040,-12.151168,6.176694,-15.120142
5.212500,-165.881500,-4.091922,3.856283,-12.016094,3.948697,-15.086455
5.218750,-166.449997,-4.108541,3.750603,-11.878134,1.717429,-15.056058
5.225000,-167.020599,-4.125519,3.280161,-11.738558,-0.522205,-15.029314
5.231250,-167.597015,-4.143687,2.340263,-11.597904,-2.769193,-15.006061
5.237500,-168.179718,-4.163517,3.019601,-11.456042,-5.018787,-14.985489
5.243750,-168.764893,-4.185134,2.003072,-11.313413,-7.269749,-14.967907
5.250000,-169.348160,-4.208186,1.369521,-11.170882,-9.526035,-14.953896
5.256250,-169.925858,-4.232018,1.014046,-11.028409,-11.783256,-14.943358
5.262500,-170.495956,-4.255940,0.818501,-10.885601,-14.036561,-14.936109
5.268750,-171.060745,-4.279747,0.649356,-10.742752,-16.287806,-14.932833
5.275000,-171.624222,-4.303547,0.369338,-10.600353,-18.540522,-14.934153
5.281250,-172.190994,-4.328143,-0.150026,-10.457808,-20.791180,-14.940015
5.287500,-172.762833,-4.354200,-1.025238,-10.314642,-23.038145,-14.950011
5.293750,-171.444092,-4.382063,-2.364022,-10.171427,-25.285849,-14.965118
5.300000,-169.852051,-4.411696,-2.083504,-10.028869,-27.540821,-14.985640
5.306250,-167.449310,-4.442504,-3.493238,-9.886615,-29.800346,-15.011190
5.312500,-163.740372,-4.473688,-4.502742,-9.744239,-32.064125,-15.041108
5.318750,-158.298309,-4.504628,-5.218710,-9.602735,-34.338863,-15.076116
5.325000,-150.784988,-4.535099,-5.764977,-9.462820,-36.629478,-15.116531
5.331250,-140.967239,-4.565297,-6.267221,-9.324272,-38.931946,-15.161509
5.337500,-128.729080,-4.595867,-6.855919,-9.186813,-41.244007,-15.210528
5.343750,-114.072975,-4.627439,-7.665294,-9.051023,-43.569874,-15.264338
5.350000,-97.119972,-4.660392,-8.820307,-8.917420,-45.913303,-15.323567
5.356250,-78.103546,-4.694686,-10.423094,-8.785491,-48.270172,-15.388092
5.362500,-57.360512,-4.729835,-10.386201,-8.654646,-50.638538,-15.457831
5.368750,-35.315945,-4.765369,-10.132784,-8.525166,-53.021912,-15.533936
5.375000,-12.462977,-4.800890,-11.098109,-8.397090,-55.423649,-15.617227
5.381250,10.663711,-4.836451,-11.229458,-8.269937,-57.841400,-15.707806
5.387500,33.514061,-4.872475,-10.684647,-8.143493,-60.275509,-15.805866
5.393750,55.553329,-4.909474,-9.661052,-8.017973,-62.731350,-15.912453
5.400000,76.288834,-4.947807,-8.378648,-7.893529,-65.214371,-16.028255
5.406250,95.295647,-4.987530,-7.068645,-7.769898,-67.726051,-16.153469
5.412500,112.237083,-5.028308,-5.966215,-7.647266,-70.270432,-16.288910
5.418750,126.879021,-5.069601,-5.299996,-7.526312,-72.855110,-16.435461
5.425000,139.100113,-5.110816,-3.106405,-7.407069,-75.483139,-16.593632
5.431250,148.898270,-5.151838,-0.918154,-7.289040,-78.154991,-16.763559
5.437500,156.391571,-5.192784,-0.270766,-7.172308,-80.878464,-16.946022
5.443750,161.812653,-5.234113,0.794137,-7.057243,-83.662941,-17.142149
5.450000,165.500153,-5.276351,2.049972,-6.943711,-86.516693,-17.352999
5.456250,167.880783,-5.319868,3.262014,-6.831170,-89.443352,-17.579191
5.462500,169.448441,-5.364605,4.196009,-6.719480,-92.452744,-17.822403
5.468750,170.737701,-5.410374,4.628561,-6.608811,-95.558395,-18.084454
5.475000,170.127930,-5.456878,4.363957,-6.498886,-98.774292,-18.366495
5.481250,169.512436,-5.504062,3.242027,-6.389409,-102.120682,-18.669586
5.487500,168.889374,-5.552032,3.313244,-6.280420,-105.619736,-18.994814
5.493750,168.256042,-5.601224,3.145185,-6.171907,-107.403992,-19.342949
5.500000,167.610962,-5.652011,1.318391,-6.063688,-109.130775,-19.713600
5.506250,166.954453,-5.704552,-0.082370,-5.955812,-110.304199,-20.106237
5.512500,166.287918,-5.758890,-1.162844,-5.848606,-110.480919,-20.518032
5.518750,165.612335,-5.814762,-2.043620,-5.742024,-109.279900,-20.943707
5.525000,164.927689,-5.872076,-2.853728,-5.635563,-106.407501,-21.376404
5.531250,164.232025,-5.930870,-3.728454,-5.529205,-101.670944,-21.807894
5.537500,163.522354,-5.991532,-4.802327,-5.423317,-94.987572,-22.228281
5.543750,162.795135,-6.054628,-6.196789,-5.317708,-86.386932,-22.626608
5.550000,162.048340,-6.120772,-8.016031,-5.211926,-76.003883,-22.990459
5.556250,161.281631,-6.190452,-8.177231,-5.105879,-64.081184,-23.307373
5.562500,160.495392,-6.263872,-8.102509,-4.999691,-50.952785,-23.564726
5.568750,159.690033,-6.341327,-9.224712,-4.892929,-37.016243,-23.750307
5.575000,158.864166,-6.423189,-9.493445,-4.785162,-22.718824,-23.853336
5.581250,158.015808,-6.510270,-9.072952,-4.676655,-8.532928,-23.865379
5.587500,157.143570,-6.603342,-8.162033,-4.567812,5.067803,-23.781237
5.593750,156.247482,-6.703127,-6.981609,-4.458504,17.639854,-23.597761
5.600000,155.330322,-6.810023,-5.764946,-4.348372,28.790865,-23.314835
5.606250,154.394699,-6.924410,-4.751445,-4.237605,38.193153,-22.935987
5.612500,153.442551,-7.046243,-4.170243,-4.126535,45.601765,-22.467781
5.618750,152.476379,-7.175533,-2.060007,-4.015021,50.872181,-21.919340
5.625000,151.494598,-7.312570,0.043155,-3.902987,53.965805,-21.301807
5.631250,150.492157,-7.458367,0.601046,-3.790645,54.952766,-20.627842
5.637500,149.462646,-7.614752,1.575294,-3.677884,54.008018,-19.910414
5.643750,148.403152,-7.783808,2.738613,-3.564405,51.407650,-19.161886
5.650000,147.313751,-7.967643,3.854739,-3.450193,47.511810,-18.394306
5.656250,146.199738,-8.168033,4.685341,-3.335419,42.747768,-17.619265
5.662500,145.069168,-8.386214,5.009284,-3.220043,37.601223,-16.846798
5.668750,143.927429,-8.623758,4.629966,-3.103807,32.579056,-16.085018
5.675000,142.778702,-8.883185,3.383232,-2.987002,26.021605,-15.340588
5.681250,141.625214,-9.168033,3.314395,-2.870108,19.779718,-14.618859
5.687500,140.473495,-9.482784,2.989963,-2.753314,13.802464,-13.922512
5.693750,139.339905,-9.831986,2.883654,-2.636517,8.046770,-13.253277
5.700000,138.256241,-10.219117,1.560177,-2.520076,2.465026,-12.612909
5.706250,137.266876,-10.645332,1.062613,-2.404901,-2.986844,-12.002515
5.712500,136.426804,-11.109494,1.226860,-2.291642,-8.346334,-11.422420
5.718750,135.791428,-11.608861,1.855929,-2.180593,-13.646366,-10.872722
5.725000,133.517426,-12.139390,2.726773,-2.072378,-18.913225,-10.353264
5.731250,131.273178,-12.697015,3.602152,-1.967885,-24.173361,-9.864282
5.737500,128.571777,-13.276407,4.245296,-1.867719,-29.440903,-9.405731
5.743750,124.969292,-13.870358,4.430955,-1.772331,-34.722744,-8.977876
5.750000,120.091759,-14.468647,6.122367,-1.682498,-40.023746,-8.581163
5.756250,113.647789,-15.057908,7.784600,-1.599029,-45.343998,-8.216077
5.762500,105.438278,-15.622152,7.885913,-1.522328,-50.678249,-7.882706
5.768750,95.356941,-16.144524,8.393805,-1.452587,-56.016449,-7.580628
5.775000,83.388115,-16.608770,9.085559,-1.390202,-61.350296,-7.309322
5.781250,69.607491,-17.001431,9.728205,-1.335422,-66.671265,-7.068406
5.787500,54.180729,-17.311956,10.092519,-1.288225,-71.970894,-6.857093
5.793750,37.360451,-17.533297,9.961761,-1.248605,-77.239685,-6.674454
5.800000,19.475819,-17.661549,9.143473,-1.216619,-82.467430,-6.519314
5.806250,0.919732,-17.695383,7.480996,-1.191860,-87.643646,-6.389977
5.812500,-17.874327,-17.635693,7.027910,-1.173859,-92.757988,-6.284596
5.818750,-36.456566,-17.485312,6.354579,-1.162368,-97.803566,-6.201718
5.825000,-54.393005,-17.249966,4.044080,-1.157131,-102.775391,-6.139738
5.831250,-71.288315,-16.938652,2.182291,-1.157445,-107.666542,-6.096751
5.837500,-86.806931,-16.563761,0.668813,-1.162657,-112.470955,-6.070716
5.843750,-100.686195,-16.140615,-0.617170,-1.172487,-117.186844,-6.060216
5.850000,-112.741547,-15.685599,-1.806884,-1.186715,-121.812653,-6.063683
5.856250,-122.874207,-15.214097,-3.032740,-1.204630,-124.451439,-6.079503
5.862500,-131.074753,-14.739013,-4.424438,-1.225612,-126.722954,-6.105917
5.868750,-137.432175,-14.269929,-6.103900,-1.249153,-128.095245,-6.141557
5.875000,-142.137955,-13.813250,-8.176978,-1.274901,-128.078400,-6.185178
5.881250,-145.487808,-13.373385,-8.561800,-1.302403,-126.248116,-6.235672
5.887500,-147.867432,-12.954516,-8.679590,-1.331239,-122.265442,-6.291949
5.893750,-149.735504,-12.560760,-9.964394,-1.361008,-115.897385,-6.353134
5.900000,-151.588577,-12.195652,-10.367958,-1.391335,-107.027069,-6.418400
5.906250,-151.762390,-11.861640,-10.053814,-1.421955,-95.658669,-6.487075
5.912500,-152.101944,-11.558176,-9.220622,-1.452607,-81.918541,-6.558601
5.918750,-152.555695,-11.282646,-8.090446,-1.483091,-66.047974,-6.632498
5.925000,-153.080200,-11.031088,-6.899349,-1.513151,-48.390285,-6.708113
5.931250,-153.648361,-10.799767,-5.887141,-1.542781,-29.376640,-6.785337
5.937500,-154.245712,-10.585896,-5.283675,-1.572199,-9.502450,-6.863917
5.943750,-154.869598,-10.388257,-3.127612,-1.601380,10.697139,-6.943795
5.950000,-155.520172,-10.206627,-0.955456,-1.630113,30.675112,-7.024519
5.956250,-156.193222,-10.041129,-0.304632,-1.658170,49.897648,-7.105937
5.962500,-156.879364,-9.890970,0.784272,-1.685750,67.869194,-7.188185
5.968750,-157.562897,-9.754239,2.081967,-1.712972,84.160667,-7.271247
5.975000,-158.228775,-9.628235,3.350903,-1.739635,98.431084,-7.354817
5.981250,-158.868698,-9.510103,4.354854,-1.765592,110.443069,-7.438654
5.987500,-159.483917,-9.397803,4.868645,-1.791074,120.072296,-7.522875
5.993750,-160.081497,-9.290432,4.695222,-1.816116,127.315544,-7.607403
6.000000,-160.672012,-9.188267,3.672585,-1.840524,132.293930,-7.691961
6.006250,-161.263321,-9.092118,3.848762,-1.864141,135.243271,-7.776402
6.012500,-161.856903,-9.002586,3.789749,-1.887214,136.499985,-7.860884
6.018750,-162.448441,-8.919449,2.073297,-1.909920,136.488693,-7.945395
6.025000,-163.030212,-8.841618,0.783564,-1.932191,135.700287,-8.029755
6.031250,-163.597641,-8.767754,-0.184931,-1.953943,134.666245,-8.113929
6.037500,-164.149933,-8.696827,-0.955630,-1.975528,131.761948,-8.198170
6.043750,-164.692413,-8.628559,-1.660493,-1.997077,128.879791,-8.282707
6.050000,-165.233139,-8.563474,-2.434920,-2.018538,126.019325,-8.367723
6.056250,-165.778107,-8.502622,-3.411968,-2.040013,123.179909,-8.453451
6.062500,-166.328720,-8.446945,-4.714355,-2.061504,120.360870,-8.540164
6.068750,-166.881302,-8.396470,-6.448460,-2.082849,117.561661,-8.628119
6.075000,-167.427185,-8.350517,-6.530642,-2.104061,114.780373,-8.717388
6.081250,-167.959412,-8.307710,-6.385305,-2.125236,112.015190,-8.808452
6.087500,-168.476364,-8.266706,-7.445244,-2.146246,109.263092,-8.901681
6.093750,-168.982498,-8.227117,-7.660536,-2.166873,106.522270,-8.996929
6.100000,-169.488129,-8.189529,-7.193883,-2.186864,103.789864,-9.094420
6.106250,-170.002213,-8.155600,-6.244782,-2.206513,101.059776,-9.194809
6.112500,-170.528961,-8.126889,-5.035944,-2.225940,98.327850,-9.298509
6.118750,-171.066711,-8.104751,-3.801206,-2.244864,95.589272,-9.406035
6.125000,-169.712082,-8.089449,-2.778711,-2.263137,92.838043,-9.518229
6.131250,-168.077103,-8.080579,-2.199846,-2.280847,90.063988,-9.636895
6.137500,-165.621002,-8.077554,-0.105892,-2.298164,87.257782,-9.764137
6.143750,-163.743195,-8.080058,1.964678,-2.315072,84.410934,-9.902569
6.150000,-160.396469,-8.088784,2.470239,-2.331639,81.514252,-10.055742
6.156250,-155.774033,-8.105136,3.366311,-2.348235,78.558342,-10.228295
6.162500,-150.129425,-8.130712,4.419983,-2.365324,75.533928,-10.426371
6.168750,-143.757294,-8.166492,5.389217,-2.383415,72.434067,-10.658897
6.175000,-136.979736,-8.212008,6.031600,-2.403460,69.256546,-10.940912
6.181250,-130.133087,-8.265367,6.117039,-2.427049,66.018982,-11.294625
6.187500,-123.556351,-8.324122,5.441272,-2.456128,62.876232,-11.685721
6.193750,-117.577385,-8.386087,3.838679,-2.492572,60.044605,-12.115896
6.200000,-112.492393,-8.449085,3.356441,-2.538702,57.347569,-12.601872
6.206250,-108.546577,-8.510010,2.560378,-2.597267,54.884476,-13.144146
6.212500,-105.918747,-8.564804,1.928800,-2.670957,52.807926,-13.732732
6.218750,-104.721123,-8.608902,0.039397,-2.761636,51.264240,-14.350078
6.225000,-104.993477,-8.637607,-1.046615,-2.871203,50.368763,-14.974730
6.231250,-106.701607,-8.646191,-1.479180,-3.002061,50.194420,-15.583574
6.237500,-109.739456,-8.630165,-1.437484,-3.155426,50.776054,-16.152573
6.243750,-113.934807,-8.585263,-1.114418,-3.330650,52.112415,-16.657885
6.250000,-119.060196,-8.508064,-0.718813,-3.526777,54.155880,-17.079147
6.256250,-124.846947,-8.396413,-0.466810,-3.742323,56.816002,-17.400455
6.262500,-130.999756,-8.250034,-0.560596,-3.974649,59.973824,-17.609827
6.268750,-137.209259,-8.070902,0.986521,-4.219824,63.491161,-17.699787
6.275000,-143.166534,-7.862857,2.656817,-4.473625,67.209999,-17.668722
6.281250,-148.573456,-7.631152,2.922616,-4.732214,70.959740,-17.520885
6.287500,-153.159515,-7.381693,3.750595,-4.991325,74.572266,-17.265465
6.293750,-156.694016,-7.120861,4.915905,-5.246446,77.891663,-16.916004
6.300000,-157.104828,-6.855137,6.173191,-5.493787,80.778694,-16.490606
6.306250,-158.068756,-6.591048,7.271169,-5.730371,83.118675,-16.010231
6.312500,-157.648026,-6.334910,7.969585,-5.953582,84.833176,-15.497232
6.318750,-155.872772,-6.092411,8.047632,-6.161852,85.882050,-14.974471
6.325000,-150.673782,-5.868393,7.313715,-6.354705,86.262047,-14.463908
6.331250,-143.576492,-5.666319,7.787830,-6.532483,86.010109,-13.984856
6.337500,-134.308701,-5.487830,8.011078,-6.695918,85.202301,-13.552277
6.343750,-122.710876,-5.332832,6.535510,-6.846781,83.946655,-13.175864
6.350000,-108.747589,-5.200155,5.417828,-6.988198,82.375694,-12.857712
6.356250,-92.510681,-5.087987,4.530989,-7.123418,80.641068,-12.586722
6.362500,-74.213875,-4.994385,3.743325,-7.254844,78.889053,-12.335854
6.368750,-54.179176,-4.917055,2.916934,-7.384963,77.108238,-12.134898
6.375000,-32.816437,-4.852734,1.909268,-7.516995,75.174271,-11.982400
6.381250,-10.606100,-4.798075,0.584463,-7.653624,73.366119,-11.857099
6.387500,11.921132,-4.750800,-1.174455,-7.796364,71.733261,-11.745883
6.393750,34.211681,-4.709923,-3.467856,-7.946427,70.267822,-11.640318
6.400000,55.726208,-4.675255,-4.210698,-8.105868,68.943069,-11.535928
6.406250,75.968918,-4.646448,-4.824052,-8.276017,67.732391,-11.429537
6.412500,94.514587,-4.622922,-6.730117,-8.456534,66.618629,-11.318128
6.418750,111.026115,-4.603486,-7.872828,-8.647098,65.584061,-11.200138
6.425000,125.268707,-4.586732,-8.417754,-8.848534,64.603531,-11.075813
6.431250,137.119141,-4.571633,-8.562016,-9.060904,63.660519,-10.945216
6.437500,146.572311,-4.557693,-8.522399,-9.283223,62.749340,-10.807481
6.443750,153.742722,-4.545104,-8.534260,-9.514759,61.861343,-10.662612
6.450000,158.861374,-4.534300,-8.841448,-9.755766,60.981426,-10.511672
6.456250,162.265884,-4.525684,-9.679290,-10.006282,60.097866,-10.355644
6.462500,164.383820,-4.519368,-9.086570,-10.265305,59.205669,-10.194777
6.468750,165.709656,-4.514935,-8.604362,-10.531790,58.298790,-10.029671
6.475000,166.778915,-4.511597,-7.882116,-10.805406,57.367184,-9.861592
6.481250,165.970261,-4.508494,-6.587512,-11.084633,56.405514,-9.691001
6.487500,165.173691,-4.505327,-6.316849,-11.367768,55.411915,-9.518046
6.493750,164.381729,-4.502579,-5.202031,-11.653551,54.382530,-9.343471
6.500000,163.587372,-4.501372,-3.594869,-11.940197,53.310375,-9.168060
6.506250,162.786133,-4.503036,-1.873369,-12.224885,52.196861,-8.991865
6.512500,161.979172,-4.508569,-0.428179,-12.504757,51.043671,-8.814872
6.518750,161.171661,-4.518387,0.350014,-12.777398,49.847630,-8.638204
6.525000,160.373901,-4.532079,2.267949,-13.040292,48.607990,-8.462779
6.531250,159.596176,-4.548291,3.653398,-13.289617,47.331009,-8.288395
6.537500,158.845352,-4.565338,4.749852,-13.521325,46.022846,-8.115016
6.543750,158.121170,-4.582059,5.801603,-13.732533,44.681171,-7.943590
6.550000,157.418503,-4.597981,7.051695,-13.920792,43.304565,-7.775308
6.556250,156.729019,-4.613465,6.838127,-14.082660,41.898197,-7.610393
6.562500,156.045273,-4.629433,6.989789,-14.215210,40.466824,-7.448999
6.568750,155.364029,-4.646790,7.141261,-14.316640,39.010426,-7.291763
6.575000,154.686829,-4.665857,6.925034,-14.385376,37.528034,-7.139349
6.581250,154.019424,-4.686072,5.992558,-14.419686,36.023201,-6.991441
6.587500,153.367874,-4.706389,4.030410,-14.418812,34.498402,-6.848202
6.593750,152.733948,-4.725655,2.938359,-14.383077,32.951969,-6.709988
6.600000,152.112671,-4.743443,1.152777,-14.313028,31.384783,-6.576675
6.606250,151.495453,-4.760406,-0.958914,-14.209342,29.803022,-6.447873
6.612500,150.874329,-4.777830,-3.015256,-14.073945,28.208172,-6.323483
6.618750,150.245483,-4.797047,-4.639697,-13.909467,26.600147,-6.203850
6.625000,149.610992,-4.819107,-5.471838,-13.718493,24.982143,-6.088863
6.631250,148.979507,-4.844028,-7.081085,-13.503489,23.360655,-5.977964
6.637500,148.363297,-4.870493,-7.577387,-13.267501,21.737719,-5.871423
6.643750,147.773193,-4.896274,-7.292873,-13.013983,20.112804,-5.769566
6.650000,147.212936,-4.919173,-6.590286,-12.745945,18.490011,-5.672077
6.656250,146.675552,-4.938053,-5.851711,-12.466071,16.872997,-5.578598
6.662500,146.146469,-4.953286,-5.458992,-12.178224,15.259583,-5.489456
6.668750,145.610825,-4.966399,-3.602888,-11.885707,13.648342,-5.405159
6.675000,145.057495,-4.979401,-1.961460,-11.590809,12.042024,-5.325058
6.681250,144.483582,-4.994068,-0.299093,-11.295563,10.444200,-5.248469
6.687500,143.893967,-5.011260,1.616622,-11.002586,8.852002,-5.175581
6.693750,143.299255,-5.030419,2.116504,-10.713764,7.262475,-5.106646
6.700000,142.710602,-5.050124,3.036540,-10.430024,5.679896,-5.040759
6.706250,142.132172,-5.069053,4.026648,-10.151979,4.107627,-4.977274
6.712500,141.559631,-5.086789,4.734035,-9.880835,2.542667,-4.916347
6.718750,140.983261,-5.104287,4.825085,-9.617625,0.982672,-4.858207
6.725000,140.396194,-5.122876,4.008227,-9.362524,-0.568495,-4.802378
6.731250,139.796539,-5.143842,2.039416,-9.115367,-2.108078,-4.748454
6.737500,139.189255,-5.168055,0.899368,-8.877135,-3.638387,-4.696966
6.743750,138.585129,-5.194846,-0.887755,-8.648187,-5.159253,-4.647919
6.750000,137.997742,-5.222214,-2.861174,-8.427796,-6.666999,-4.600687
6.756250,137.436508,-5.247674,-4.552391,-8.216022,-8.160492,-4.555167
6.762500,136.899826,-5.269028,-7.404404,-8.013430,-9.644457,-4.511934
6.768750,136.375397,-5.285813,-9.374930,-7.820181,-11.119921,-4.471182
6.775000,135.843491,-5.299344,-10.628515,-7.635914,-12.584198,-4.432459
6.781250,135.288605,-5.311810,-11.365961,-7.460430,-14.035806,-4.395522
6.787500,134.702179,-5.325614,-11.815504,-7.294136,-15.477629,-4.360651
6.793750,134.084183,-5.342737,-12.217528,-7.136963,-16.909655,-4.327659
6.800000,133.443497,-5.363844,-12.809406,-6.988416,-18.329441,-4.296080
6.806250,132.794357,-5.388099,-13.821097,-6.848329,-19.737255,-4.265748
6.812500,132.150116,-5.413633,-13.295983,-6.716749,-21.134731,-4.236855
6.818750,131.516464,-5.438803,-12.770647,-6.593208,-22.520071,-4.208906
6.825000,130.887833,-5.463011,-11.887636,-6.477188,-23.891439,-4.181442
6.831250,130.253464,-5.487148,-12.205142,-6.369030,-25.250706,-4.154848
6.837500,129.604843,-5.512595,-11.800124,-6.268845,-26.600662,-4.129350
6.843750,128.938614,-5.540734,-10.948202,-6.175948,-27.937662,-4.104449
6.850000,128.259216,-5.572271,-9.948570,-6.089727,-29.259483,-4.079609
6.856250,127.576149,-5.606738,-9.113954,-6.010461,-30.570333,-4.055239
6.862500,126.900337,-5.642344,-8.749589,-5.938335,-31.873325,-4.031809
6.868750,126.239182,-5.676898,-9.131696,-5.872569,-33.166302,-4.008670
6.875000,125.588730,-5.709110,-8.332644,-5.812634,-34.446552,-3.985380
6.881250,124.935265,-5.739260,-7.912554,-5.758750,-35.719444,-3.962536
6.887500,124.261955,-5.769020,-7.516834,-5.711024,-36.987629,-3.940298
6.893750,123.556641,-5.800828,-6.785976,-5.668595,-38.248341,-3.918232
6.900000,122.816711,-5.836774,-7.273766,-5.630744,-39.499199,-3.895760
6.906250,122.045982,-5.878513,-7.058441,-5.597731,-40.743481,-3.873341
6.912500,121.256981,-5.926280,-6.423045,-5.569784,-41.983837,-3.851308
6.918750,120.466026,-5.978530,-5.664971,-5.545786,-43.216240,-3.828820
6.925000,119.687134,-6.032986,-5.090905,-5.524981,-44.439556,-3.805618
6.931250,118.923958,-6.087787,-5.007627,-5.507702,-45.658348,-3.782220
6.937500,118.169350,-6.142151,-5.696336,-5.493726,-46.875008,-3.758842
6.943750,117.410538,-6.196887,-5.227658,-5.482138,-48.086422,-3.735002
6.950000,116.636230,-6.253476,-5.155454,-5.472341,-49.291912,-3.710268
6.956250,115.840294,-6.313515,-5.125649,-5.464183,-50.494717,-3.685006
6.962500,115.023308,-6.378252,-4.782815,-5.457475,-51.697823,-3.659390
6.968750,114.192139,-6.447828,-5.679580,-5.451439,-52.900589,-3.633116
6.975000,113.357071,-6.521004,-5.888875,-5.445559,-54.103962,-3.606261
6.981250,112.523087,-6.596389,-5.691413,-5.439592,-55.311039,-3.579162
6.987500,111.687630,-6.673429,-5.388508,-5.433095,-56.522297,-3.551810
6.993750,110.838188,-6.753186,-5.287658,-5.425261,-57.736580,-3.523870
7.000000,109.962204,-6.837595,-5.690805,-5.415792,-58.955486,-3.495544
7.006250,109.053658,-6.929083,-6.878623,-5.404721,-60.182663,-3.467339
7.012500,108.113968,-7.029761,-6.923387,-5.391408,-61.418133,-3.439144
7.018750,107.151405,-7.140828,-7.376451,-5.375119,-62.659412,-3.410648
7.025000,106.182999,-7.261961,-7.880090,-5.355750,-63.909496,-3.382275
7.031250,105.227547,-7.390960,-8.077410,-5.333436,-65.171165,-3.354486
7.037500,104.297897,-7.525169,-7.624736,-5.307640,-66.442642,-3.327176
7.043750,103.392235,-7.663167,-8.107071,-5.277842,-67.721954,-3.299940
7.050000,102.497391,-7.805351,-7.647034,-5.244235,-69.011650,-3.273354
7.056250,101.597260,-7.953531,-6.584634,-5.206979,-70.315163,-3.247844
7.062500,100.680496,-8.110377,-5.287068,-5.165836,-71.630936,-3.223387
7.068750,99.742744,-8.278644,-4.135792,-5.120376,-72.958199,-3.199951
7.075000,98.789307,-8.460562,-3.508120,-5.070892,-74.298607,-3.177912
7.081250,97.831963,-8.656940,-1.589972,-5.017803,-75.654945,-3.157928
7.087500,96.888985,-8.866930,-0.051465,-4.960946,-77.026764,-3.140074
7.093750,95.972130,-9.089614,1.351689,-4.900156,-78.412064,-3.124387
7.100000,95.081779,-9.325503,2.866154,-4.835809,-79.812897,-3.111392
7.106250,94.212799,-9.576665,4.731954,-4.768277,-81.230293,-3.101411
7.112500,93.362000,-9.845859,5.278848,-4.697578,-82.663513,-3.094646
7.118750,92.536232,-10.135946,6.323621,-4.623837,-84.112091,-3.091272
7.125000,91.749344,-10.449626,7.488175,-4.547660,-85.577019,-3.091763
7.131250,91.025490,-10.788567,8.389625,-4.469370,-87.058922,-3.096427
7.137500,90.400566,-11.151753,8.659778,-4.389226,-88.556389,-3.105496
7.143750,89.912788,-11.536530,7.962428,-4.307740,-90.068481,-3.119322
7.150000,89.593506,-11.939887,8.176641,-4.225614,-91.595352,-3.138315
7.156250,89.460403,-12.359612,7.716691,-4.143277,-93.134727,-3.162727
7.162500,89.525116,-12.795270,6.926528,-4.061296,-94.684929,-3.192692
7.168750,89.801231,-13.246597,6.166057,-3.980379,-96.244011,-3.228651
7.175000,90.314384,-13.712180,5.794695,-3.901416,-97.812180,-3.271341
7.181250,91.098717,-14.189281,4.260388,-3.825158,-99.387459,-3.321110
7.187500,92.195641,-14.672820,3.493494,-3.751968,-100.964973,-3.378306
7.193750,93.652275,-15.154197,3.217061,-3.682602,-102.543007,-3.443423
7.200000,95.511536,-15.621878,3.132354,-3.617832,-104.119911,-3.517138
7.206250,97.799026,-16.063023,2.930991,-3.558208,-105.690216,-3.599693
7.212500,100.514114,-16.465862,2.313740,-3.504352,-107.249283,-3.691389
7.218750,103.633774,-16.820225,1.003826,-3.457049,-108.792671,-3.792582
7.225000,107.121574,-17.117395,0.928343,-3.417046,-110.316338,-3.903732
7.231250,110.933449,-17.349520,0.535010,-3.384861,-111.814125,-4.024948
7.237500,115.018196,-17.509901,0.183859,-3.361059,-113.279419,-4.156496
7.243750,119.317589,-17.592615,0.233730,-3.346159,-114.706039,-4.298542
7.250000,123.768578,-17.592827,-0.866564,-3.340788,-116.086426,-4.451101
7.256250,128.296097,-17.507221,-1.189217,-3.345451,-117.412384,-4.614004
7.262500,132.814407,-17.335688,-1.011257,-3.360787,-118.675156,-4.786975
7.268750,137.223999,-17.082268,-0.630841,-3.387343,-119.866165,-4.969607
7.275000,141.424240,-16.755272,-0.353732,-3.425578,-120.974533,-5.161149
7.281250,145.328171,-16.365318,-0.479285,-3.475846,-121.991989,-5.360495
7.287500,148.866714,-15.924553,-1.283225,-3.538679,-122.908524,-5.566690
7.293750,151.991821,-15.445803,-0.837196,-3.614396,-123.714607,-5.777998
7.300000,154.676178,-14.941492,-0.693237,-3.703247,-124.398994,-5.992541
7.306250,156.916290,-14.422132,-0.491288,-3.805637,-124.953674,-6.208085
7.312500,158.723129,-13.896092,0.127265,-3.922126,-125.372276,-6.422502
7.318750,160.115662,-13.370747,-0.387536,-4.053009,-125.647469,-6.632838
7.325000,161.114319,-12.852790,-0.104434,-4.198389,-125.773125,-6.835958
7.331250,161.741043,-12.348094,0.702573,-4.358609,-125.746849,-7.028689
7.337500,162.023727,-11.862134,1.736374,-4.534155,-125.570114,-7.207871
7.343750,161.995087,-11.398653,2.694132,-4.725220,-125.246368,-7.370294
7.350000,161.691528,-10.960433,3.282356,-4.932018,-124.783272,-7.513034
7.356250,161.149368,-10.549250,3.229171,-5.154903,-124.192413,-7.633567
7.362500,160.405869,-10.165494,4.468950,-5.393864,-123.488144,-7.729696
7.368750,159.497147,-9.808256,5.455835,-5.648808,-122.688309,-7.799404
7.375000,158.451828,-9.476282,6.557106,-5.919620,-121.813446,-7.841443
7.381250,157.291122,-9.168781,6.241873,-6.206010,-120.888062,-7.855310
7.387500,156.028748,-8.885789,6.482316,-6.507755,-119.938263,-7.841001
7.393750,154.676163,-8.627677,7.062492,-6.823724,-118.988960,-7.798748
7.400000,153.247238,-8.394757,7.753399,-7.152917,-118.066841,-7.729636
7.406250,151.759903,-8.186820,8.328795,-7.494250,-117.198456,-7.635562
7.412500,150.232437,-8.003337,8.575923,-7.846444,-116.408020,-7.518755
7.418750,148.686172,-7.842885,8.308157,-8.207846,-115.715355,-7.381608
7.425000,147.142746,-7.703055,7.374787,-8.576654,-115.137199,-7.226802
7.431250,145.618759,-7.580875,7.832268,-8.951158,-114.688576,-7.057562
7.437500,144.126190,-7.473269,6.362993,-9.329341,-114.378624,-6.876903
7.443750,142.666962,-7.377866,5.073746,-9.708630,-114.212982,-6.687676
7.450000,141.236908,-7.293422,3.901704,-10.086824,-114.193169,-6.492867
7.456250,139.829803,-7.219337,2.786753,-10.461304,-114.320351,-6.295194
7.462500,138.438675,-7.155909,1.678929,-10.829476,-114.588470,-6.097269
7.468750,137.059296,-7.103630,0.536133,-11.188101,-114.991608,-5.901052
7.475000,135.692780,-7.062922,-0.671576,-11.533905,-115.521088,-5.708748
7.481250,134.344162,-7.033385,-1.961602,-11.863247,-116.169212,-5.521893
7.487500,133.020691,-7.014115,-3.338187,-12.172071,-116.924408,-5.341785
7.493750,131.728745,-7.004038,-4.792724,-12.456166,-117.774445,-5.169238
7.500000,130.469345,-7.002707,-6.035509,-12.711678,-118.709496,-5.005084
7.506250,129.241867,-7.009720,-6.779580,-12.934784,-119.719452,-4.849738
7.512500,128.045807,-7.025252,-7.030281,-13.121763,-120.794083,-4.703295
7.518750,126.882812,-7.049384,-6.813589,-13.269700,-121.924706,-4.565917
7.525000,125.757027,-7.082167,-6.176212,-13.376396,-123.103806,-4.437752
7.531250,124.677444,-7.122620,-5.180346,-13.439968,-124.322922,-4.318532
7.537500,123.656097,-7.168634,-3.902639,-13.459694,-125.573570,-4.207682
7.543750,122.702942,-7.217188,-2.436364,-13.436190,-126.850403,-4.105064
7.550000,121.818581,-7.265716,-0.883924,-13.371403,-128.149216,-4.010444
7.556250,120.993164,-7.313139,-1.243168,-13.267842,-129.463547,-3.923431
7.562500,120.209969,-7.359850,0.174519,-13.129072,-130.787903,-3.843325
7.568750,119.454620,-7.407051,1.376976,-12.959110,-132.118530,-3.769657
7.575000,118.718994,-7.456264,2.275026,-12.763045,-133.455765,-3.702402
7.581250,118.000465,-7.508838,2.796116,-12.545642,-134.797058,-3.641183
7.587500,117.303619,-7.565335,2.886065,-12.311336,-136.138885,-3.585385
7.593750,116.640083,-7.624836,2.507812,-12.064340,-137.480438,-3.534693
7.600000,116.020294,-7.685359,1.643799,-11.808383,-138.821243,-3.488828
7.606250,115.449890,-7.744936,0.297256,-11.546584,-140.161057,-3.447500
7.612500,114.925812,-7.802405,-1.507709,-11.281199,-141.498062,-3.410248
7.618750,114.437912,-7.857536,-3.457365,-11.013911,-142.832458,-3.376920
7.625000,113.977158,-7.910897,-5.236280,-10.745997,-144.163666,-3.347351
7.631250,113.536537,-7.963414,-6.815350,-10.477596,-145.490417,-3.321056
7.637500,113.114059,-8.015750,-8.181945,-10.208823,-146.811905,-3.297922
7.643750,112.714638,-8.067319,-9.343738,-9.939472,-148.129181,-3.277951
7.650000,112.346809,-8.116220,-10.323730,-9.669180,-149.441818,-3.261075
7.656250,112.012169,-8.160522,-11.160722,-9.397467,-150.748764,-3.247026
7.662500,111.701096,-8.199817,-11.910036,-9.124440,-152.050583,-3.235786
7.668750,111.395279,-8.235648,-12.638356,-8.850482,-153.347794,-3.227236
7.675000,111.078613,-8.270500,-13.417770,-8.576303,-154.640717,-3.221182
7.681250,110.743675,-8.306532,-12.154493,-8.302478,-155.929031,-3.217363
7.687500,110.391327,-8.346129,-12.179208,-8.030220,-157.214294,-3.215750
7.693750,110.027878,-8.391020,-11.447273,-7.761062,-158.497131,-3.216556
7.700000,109.667213,-8.441512,-10.121161,-7.495887,-159.778549,-3.219402
7.706250,109.331802,-8.495584,-8.395325,-7.235781,-161.056458,-3.223986
7.712500,109.041107,-8.549749,-6.491845,-6.982410,-162.333176,-3.230518
7.718750,108.802338,-8.600852,-4.645757,-6.737060,-161.714127,-3.239180
7.725000,108.607597,-8.647661,-3.087128,-6.500554,-160.819260,-3.249637
7.731250,108.441170,-8.690384,-2.034238,-6.273375,-159.113876,-3.261610
7.737500,108.290382,-8.729746,0.481545,-6.056166,-156.106735,-3.275152
7.743750,108.148476,-8.766804,2.931668,-5.849396,-151.371979,-3.290398
7.750000,108.012001,-8.802730,3.788868,-5.653137,-144.568512,-3.307234
7.756250,107.885063,-8.837420,5.025993,-5.467192,-135.455872,-3.325427
7.762500,107.776894,-8.869325,6.422786,-5.291614,-123.914848,-3.345147
7.768750,107.692337,-8.896619,7.747659,-5.126547,-109.946747,-3.366693
7.775000,107.623817,-8.919070,8.772509,-4.971687,-93.672165,-3.389931
7.781250,107.556793,-8.938010,9.283283,-4.826623,-75.328789,-3.414775
7.787500,107.478859,-8.955499,9.086952,-4.691223,-55.257057,-3.441380
7.793750,107.386864,-8.973193,8.024033,-4.565338,-33.886135,-3.469899
7.800000,107.284271,-8.992564,8.147953,-4.448371,-11.708192,-3.500093
7.806250,107.178185,-9.014427,8.030116,-4.339517,10.744837,-3.531770
7.812500,107.082344,-9.038306,6.250407,-4.238800,32.924232,-3.565302
7.818750,107.016823,-9.060963,4.892794,-4.146116,54.295128,-3.601032
7.825000,106.996201,-9.078168,3.855609,-4.060760,74.367210,-3.638903
7.831250,107.015305,-9.087601,3.022910,-3.982185,92.716057,-3.678581
7.837500,107.054993,-9.089083,2.261972,-3.910166,109.000854,-3.720184
7.843750,107.092384,-9.084154,1.439165,-3.844647,122.984505,-3.763888
7.850000,107.111809,-9.074742,0.425152,-3.785337,134.545914,-3.809759
7.856250,107.105965,-9.062647,-0.898957,-3.731658,143.687286,-3.857554
7.862500,107.071915,-9.050152,-2.636750,-3.683475,150.530624,-3.907403
7.868750,107.012856,-9.038570,-2.705898,-3.640548,155.311920,-3.959386
7.875000,106.940979,-9.027505,-4.421714,-3.602587,158.370956,-4.013556
7.881250,106.870583,-9.015154,-5.699495,-3.569345,160.137070,-4.069940
7.887500,106.806091,-9.000190,-6.645716,-3.540587,161.101379,-4.128742
7.893750,106.741043,-8.982790,-7.382246,-3.516153,161.797440,-4.190056
7.900000,106.664688,-8.964238,-8.040189,-3.495628,160.603638,-4.253752
7.906250,106.571297,-8.945813,-8.755573,-3.478646,159.415573,-4.319823
7.912500,106.463249,-8.928367,-9.659526,-3.465042,158.233047,-4.388464
7.918750,106.347900,-8.928367,-10.875125,-3.465042,157.054916,-4.388464
7.925000,106.347900,-8.928367,-10.875125,-3.465042,157.054916,-4.388464
7.931250,106.347900,-8.928367,-10.875125,-3.465042,157.054916,-4.388464
7.937500,106.347900,-8.928367,-10.875125,-3.465042,157.054916,-4.388464
7.943750,106.347900,-8.928367,-10.875125,-3.465042,157.054916,-4.388464
7.950000,106.347900,-8.928367,-10.875125,-3.465042,157.054916,-4.388464
7.956250,106.347900,-8.928367,-10.875125,-3.465042,157.054916,-4.388464
7.962500,106.347900,-8.928367,-10.875125,-3.465042,157.054916,-4.388464
7.968750,106.347900,-8.928367,-10.875125,-3.465042,157.054916,-4.388464
7.975000,106.347900,-8.928367,-10.875125,-3.465042,157.054916,-4.388464
7.981250,106.347900,-8.928367,-10.875125,-3.465042,157.054916,-4.388464
7.987500,106.347900,-8.928367,-10.875125,-3.465042,157.054916,-4.388464
7.993750,106.347900,-8.928367,-10.875125,-3.465042,157.054916,-4.388464
8.000000,106.347900,-8.928367,-10.875125,-3.465042,157.054916,-4.388464
