Anritsu VNA Frequency[GHz],S21[deg],S21[dB],S11[deg],S11[dB],S22[deg],S22[dB]
1338030543.89,2012_05_26_12:09:03,+298.01,+297.83,+02.989,+297.71,+297.14,+298.07,+297.69,+298.10,243.324814,-6.615
3.006250,110.375549,-4.509820,10.299494,-6.748435,-82.862183,-12.600844
3.012500,110.375549,-4.509820,10.299494,-6.748435,-82.862183,-12.600844
3.018750,110.375549,-4.509820,10.299494,-6.748435,-82.862183,-12.600844
3.025000,110.375549,-4.509820,10.299494,-6.748435,-82.862183,-12.600844
3.031250,110.375549,-4.509820,10.299494,-6.748435,-82.862183,-12.600844
3.037500,110.375549,-4.509820,10.299494,-6.748435,-82.862183,-12.600844
3.043750,110.375549,-4.509820,10.299494,-6.748435,-82.862183,-12.600844
3.050000,110.375549,-4.509820,10.299494,-6.748435,-82.862183,-12.600844
3.056250,110.375549,-4.509820,10.299494,-6.748435,-82.862183,-12.600844
3.062500,110.375549,-4.509820,10.299494,-6.748435,-82.862183,-12.600844
3.068750,110.375549,-4.509820,10.299494,-6.748435,-82.862183,-12.600844
3.075000,110.375549,-4.509820,10.299494,-6.748435,-82.862183,-12.600844
3.081250,110.375549,-4.509820,10.299494,-6.748435,-82.862183,-12.600844
3.087500,110.375549,-4.509820,10.299494,-6.748435,-82.862183,-12.600844
3.093750,110.375549,-4.611849,10.299494,-6.485802,-82.862183,-13.038464
3.100000,108.307526,-4.723526,8.909813,-6.222220,-83.422150,-13.451913
3.106250,106.256546,-4.844465,8.196878,-5.960486,-82.226807,-13.833845
3.112500,104.227745,-4.973914,8.012115,-5.702586,-79.023933,-14.176768
3.118750,102.222855,-5.111345,8.171684,-5.450526,-73.670433,-14.474010
3.125000,100.240196,-5.256617,8.467281,-5.205371,-66.137825,-14.719946
3.131250,98.275505,-5.410299,8.678824,-4.967603,-56.507366,-14.909730
3.137500,96.325928,-5.573092,8.575618,-4.738767,-44.967892,-15.039701
3.143750,94.392059,-5.745474,7.942653,-4.519217,-31.808105,-15.108078
3.150000,92.475243,-5.927988,8.754644,-4.309174,-17.400576,-15.114677
3.156250,90.577667,-6.120762,9.486159,-4.108312,-2.178973,-15.060366
3.162500,88.701820,-6.324129,10.507467,-3.915893,13.383696,-14.947160
3.168750,86.849365,-6.538430,10.271398,-3.731771,28.794403,-14.779028
3.175000,85.019783,-6.764319,10.708097,-3.556260,43.567173,-14.561519
3.181250,83.214462,-7.002583,11.546803,-3.389028,57.253056,-14.300575
3.187500,81.434387,-7.253827,12.494979,-3.229492,69.465736,-14.002679
3.193750,79.682632,-7.519136,13.250480,-3.077390,79.893913,-13.674520
3.200000,77.961655,-7.799158,13.515410,-2.932693,88.318756,-13.323641
3.206250,76.275261,-8.094756,13.014989,-2.795391,94.626106,-12.957382
3.212500,74.625870,-8.407193,13.680907,-2.665034,98.819443,-12.582080
3.218750,73.015335,-8.737830,13.963433,-2.541522,101.014160,-12.203513
3.225000,71.448158,-9.088575,14.221933,-2.424692,101.433395,-11.826715
3.231250,69.927887,-9.461826,12.922040,-2.314342,100.400070,-11.455816
3.237500,68.461342,-9.860091,12.028130,-2.210338,98.320168,-11.094118
3.243750,67.060646,-10.286452,11.315333,-2.112474,95.664589,-10.743932
3.250000,65.740257,-10.743927,10.546798,-2.020631,92.941422,-10.407578
3.256250,64.522400,-11.235697,9.489323,-1.934635,88.505997,-10.086312
3.262500,63.435978,-11.765280,7.922348,-1.854275,84.228729,-9.780942
3.268750,62.520630,-12.334653,5.650880,-1.779489,80.088135,-9.491664
3.275000,61.831776,-12.943544,2.513550,-1.710181,76.064217,-9.218471
3.281250,61.436501,-13.589275,0.559910,-1.646284,72.139099,-8.961013
3.287500,61.397694,-14.268084,-1.642675,-1.587783,68.297745,-8.719035
3.293750,61.781189,-14.974045,-3.619586,-1.534824,64.527245,-8.492098
3.300000,62.661575,-15.697394,-4.908467,-1.487352,60.815609,-8.279805
3.306250,64.112450,-16.424641,-6.977004,-1.445368,57.154102,-8.081729
3.312500,66.198929,-17.138922,-7.833095,-1.408880,53.534206,-7.897545
3.318750,68.963989,-17.821499,-7.713918,-1.377898,49.948605,-7.726977
3.325000,72.423828,-18.453253,-6.906660,-1.352406,46.391468,-7.569571
3.331250,76.567047,-19.015247,-5.734272,-1.332620,42.857510,-7.425077
3.337500,81.358437,-19.489185,-4.537821,-1.318513,39.341644,-7.293354
3.343750,86.736069,-19.858267,-3.660617,-1.310088,35.840595,-7.174022
3.350000,92.612823,-20.108320,-1.263111,-1.307594,32.350498,-7.066914
3.356250,98.877090,-20.228413,0.996015,-1.311102,28.868017,-6.971936
3.362500,105.395042,-20.211855,3.358461,-1.320729,25.391106,-6.888874
3.368750,112.017242,-20.057503,6.061182,-1.336487,21.916735,-6.817441
3.375000,118.582451,-19.769617,7.426349,-1.358718,18.442095,-6.757828
3.381250,124.933037,-19.357941,9.263953,-1.387704,14.963649,-6.709991
3.387500,130.924271,-18.836069,11.192224,-1.423605,11.480526,-6.673698
3.393750,136.435471,-18.219963,12.823240,-1.466806,7.991014,-6.648867
3.400000,141.369492,-17.527866,13.781798,-1.517643,4.492258,-6.635511
3.406250,145.653900,-16.778753,13.725794,-1.576485,0.982492,-6.633766
3.412500,149.242615,-15.991884,14.531829,-1.643473,-2.538631,-6.643266
3.418750,152.116623,-15.186052,14.609438,-1.718679,-6.070930,-6.664039
3.425000,154.279556,-14.378597,14.296087,-1.802789,-9.616405,-6.696388
3.431250,155.760345,-13.585423,13.949165,-1.896060,-13.174953,-6.740543
3.437500,156.607895,-12.819457,13.927851,-1.998503,-16.744223,-6.796414
3.443750,156.892517,-12.089177,12.678247,-2.110152,-20.321926,-6.863912
3.450000,156.695175,-11.399922,12.125784,-2.231426,-23.908331,-6.943557
3.456250,156.093063,-10.754723,11.990129,-2.362736,-27.503462,-7.035680
3.462500,155.154922,-10.155078,11.973056,-2.504078,-31.103819,-7.140363
3.468750,153.951538,-9.599419,11.767211,-2.655479,-34.706425,-7.257432
3.475000,152.547150,-9.084439,11.070349,-2.817194,-38.311207,-7.387204
3.481250,150.988571,-8.606900,9.604170,-2.989367,-41.916565,-7.529653
3.487500,149.307129,-8.164271,9.295373,-3.171837,-45.520245,-7.684687
3.493750,147.524094,-7.754958,8.589874,-3.364538,-49.120148,-7.852112
3.500000,145.659882,-7.377321,7.845126,-3.567292,-52.714104,-8.031773
3.506250,143.736389,-7.028951,7.419485,-3.779920,-56.300686,-8.223349
3.512500,141.775131,-6.706846,5.759405,-4.001795,-59.876419,-8.431057
3.518750,139.791107,-6.408127,4.792482,-4.232306,-63.452465,-8.644446
3.525000,137.792603,-6.130210,4.241065,-4.470752,-66.999435,-8.867582
3.531250,135.782318,-5.871164,3.804970,-4.716295,-70.526604,-9.099843
3.537500,133.758698,-5.630245,3.176086,-4.968226,-74.031601,-9.340373
3.543750,131.718246,-5.407613,2.056108,-5.225224,-77.509056,-9.588129
3.550000,129.660797,-5.203607,0.171860,-5.485731,-80.951591,-9.841497
3.556250,127.594177,-5.017804,-0.547617,-5.748122,-84.353653,-10.098977
3.562500,125.529655,-4.849027,-1.658435,-6.011642,-87.714439,-10.360130
3.568750,123.478470,-4.695495,-2.801638,-6.275161,-91.032295,-10.623927
3.575000,121.447708,-4.555556,-3.610961,-6.536471,-94.297348,-10.888273
3.581250,119.439606,-4.427683,-3.741211,-6.793458,-97.502472,-11.151183
3.587500,117.453064,-4.310792,-4.781993,-7.044788,-100.650681,-11.411198
3.593750,115.484863,-4.204444,-4.858681,-7.289550,-103.745049,-11.667470
3.600000,113.530205,-4.108849,-4.306386,-7.525992,-106.785721,-11.918248
3.606250,111.586914,-4.024338,-3.489164,-7.751400,-109.768150,-12.160913
3.612500,109.657455,-3.950622,-2.787360,-7.964046,-112.695374,-12.393669
3.618750,107.747795,-3.886787,-2.581390,-8.163014,-115.576523,-12.615440
3.625000,105.862938,-3.831681,-1.053856,-8.346952,-118.415932,-12.824531
3.631250,104.003998,-3.784297,0.130794,-8.514060,-121.214539,-13.018594
3.637500,102.169655,-3.743815,1.219943,-8.662957,-123.976868,-13.195658
3.643750,100.355721,-3.709899,2.462018,-8.792893,-126.713791,-13.354390
3.650000,98.558350,-3.682571,4.102447,-8.903137,-129.433655,-13.493265
3.656250,96.773125,-3.662206,4.476954,-8.992758,-132.142899,-13.610680
3.662500,94.998650,-3.649067,5.406875,-9.061243,-134.848145,-13.705563
3.668750,93.236816,-3.643043,6.520063,-9.108347,-137.558105,-13.776861
3.675000,91.490753,-3.643562,7.438914,-9.133986,-138.383774,-13.823591
3.681250,89.762718,-3.650000,7.798739,-9.138347,-138.952393,-13.845083
3.687500,88.052834,-3.661776,7.265242,-9.121856,-138.737885,-13.841145
3.693750,86.358253,-3.678545,7.720393,-9.085183,-137.255890,-13.811909
3.700000,84.675018,-3.700308,7.579690,-9.029084,-134.084976,-13.757714
3.706250,82.999123,-3.727364,7.187424,-8.954497,-128.889786,-13.679278
3.712500,81.327019,-3.760185,6.904619,-8.862203,-121.437965,-13.577150
3.718750,79.657211,-3.799060,7.090547,-8.752854,-111.611137,-13.452108
3.725000,77.990578,-3.844047,6.190583,-8.627586,-99.413620,-13.305084
3.731250,76.327881,-3.894943,6.126103,-8.487946,-84.973495,-13.138068
3.737500,74.668831,-3.951697,6.616354,-8.335262,-68.531403,-12.952777
3.743750,73.011925,-4.014246,7.361410,-8.169951,-50.425465,-12.749959
3.750000,71.354645,-4.082881,8.051299,-7.992795,-31.081041,-12.531010
3.756250,69.693298,-4.158089,8.375628,-7.805261,-10.996600,-12.298206
3.762500,68.025581,-4.240598,8.049018,-7.608769,9.292016,-12.053464
3.768750,66.350632,-4.331091,8.993717,-7.404056,29.242416,-11.798274
3.775000,64.670059,-4.429854,9.653931,-7.191706,48.324303,-11.533844
3.781250,62.985592,-4.536960,10.380082,-6.972738,66.045586,-11.261995
3.787500,61.297909,-4.652523,9.626943,-6.748458,81.977295,-10.984771
3.793750,59.605656,-4.777117,9.350601,-6.519713,95.782349,-10.703697
3.800000,57.905621,-4.911674,9.321179,-6.286865,107.230934,-10.419708
3.806250,56.195045,-5.057445,9.294024,-6.050867,116.202316,-10.134385
3.812500,54.473431,-5.215588,9.025828,-5.812760,122.697479,-9.849478
3.818750,52.742352,-5.387149,8.289447,-5.573311,126.840126,-9.566380
3.825000,51.005344,-5.573146,6.884237,-5.333208,128.872650,-9.286194
3.831250,49.265705,-5.774318,4.641776,-5.093245,129.138733,-9.010165
3.837500,47.525875,-5.991548,3.604543,-4.854286,128.067307,-8.739459
3.843750,45.786869,-6.226182,2.335590,-4.617101,126.154060,-8.474837
3.850000,44.048111,-6.480271,1.304925,-4.382580,123.935280,-8.217340
3.856250,42.309170,-6.756590,-0.924659,-4.151592,119.791275,-7.967916
3.862500,40.575554,-7.057980,-2.307552,-3.925030,115.618683,-7.727516
3.868750,38.858826,-7.386935,-3.007592,-3.703606,111.420601,-7.496859
3.875000,37.176105,-7.745398,-3.223340,-3.488073,107.199677,-7.276654
3.881250,35.546356,-8.135256,-3.178135,-3.279326,102.957924,-7.067704
3.887500,33.991253,-8.558095,-3.108294,-3.078115,98.696800,-6.870560
3.893750,32.534058,-9.015854,-3.251086,-2.885096,94.418701,-6.685865
3.900000,31.197481,-9.510905,-3.831535,-2.700853,90.125450,-6.514069
3.906250,30.013231,-10.045489,-2.886002,-2.525835,85.819519,-6.355798
3.912500,29.023335,-10.620611,-1.948200,-2.360453,81.503098,-6.211404
3.918750,28.283789,-11.234760,-0.656966,-2.204995,77.179543,-6.081389
3.925000,27.859503,-11.884313,-0.563259,-2.059673,72.852585,-5.965996
3.931250,27.812532,-12.563276,0.263805,-1.924526,68.526939,-5.865241
3.937500,28.207687,-13.263039,1.549067,-1.799817,64.206314,-5.779180
3.943750,29.108334,-13.971922,2.994916,-1.685741,59.893070,-5.708127
3.950000,30.564629,-14.676503,4.298085,-1.582241,55.590858,-5.652082
3.956250,32.608021,-15.362529,5.161464,-1.488969,51.304569,-5.610786
3.962500,35.253845,-16.015217,5.311017,-1.405684,47.038616,-5.583971
3.968750,38.501858,-16.619505,6.675219,-1.332388,42.794964,-5.571584
3.975000,42.337154,-17.159462,7.701490,-1.268917,38.576237,-5.573420
3.981250,46.724766,-17.619625,8.750950,-1.215124,34.384727,-5.589236
3.987500,51.607059,-17.985907,8.290615,-1.170624,30.223148,-5.618805
3.993750,56.901672,-18.246815,8.283562,-1.135174,26.093111,-5.661857
4.000000,62.503643,-18.394640,8.504187,-1.108531,21.995548,-5.718228
4.006250,68.288780,-18.426176,8.716511,-1.090381,17.931168,-5.787570
4.012500,74.121300,-18.343554,8.686719,-1.080508,13.899584,-5.869685
4.018750,79.867691,-18.153341,8.194686,-1.078488,9.901291,-5.964320
4.025000,85.405098,-17.865389,7.044884,-1.083954,5.936536,-6.071108
4.031250,90.629761,-17.491463,5.076456,-1.096627,2.003943,-6.189752
4.037500,95.459198,-17.044445,4.338477,-1.116274,-1.897415,-6.320053
4.043750,99.826477,-16.538076,3.398739,-1.142425,-5.768832,-6.461726
4.050000,103.680847,-15.987123,2.732981,-1.174817,-9.610318,-6.614368
4.056250,106.987846,-15.407000,0.908495,-1.213344,-13.423931,-6.777870
4.062500,109.731804,-14.813015,-0.026658,-1.257691,-17.211395,-6.951976
4.068750,111.917885,-14.219746,-0.233207,-1.307476,-20.973656,-7.136451
4.075000,113.572945,-13.639668,0.093737,-1.362596,-24.713058,-7.331137
4.081250,114.748573,-13.081699,0.730977,-1.422899,-28.432295,-7.536038
4.087500,115.507744,-12.551360,1.442565,-1.488270,-32.134472,-7.751234
4.093750,115.918213,-12.051152,1.992033,-1.558289,-35.820312,-7.976495
4.100000,116.040451,-11.582141,2.152458,-1.632793,-39.492874,-8.211652
4.106250,115.925293,-11.143913,3.884374,-1.711818,-43.155636,-8.457047
4.112500,115.621414,-10.735314,5.649482,-1.795243,-46.813187,-8.712823
4.118750,115.166588,-10.354917,5.913200,-1.882766,-50.467106,-8.979209
4.125000,114.587547,-10.001782,6.638231,-1.973999,-54.120899,-9.256120
4.131250,113.909912,-9.674732,7.596210,-2.068897,-57.779770,-9.544200
4.137500,113.160118,-9.371936,8.549479,-2.167542,-61.450108,-9.843905
4.143750,112.363098,-9.090775,9.263309,-2.269612,-65.135246,-10.155490
4.150000,111.538704,-8.828104,9.518697,-2.374804,-68.839943,-10.478827
4.156250,110.698181,-8.581429,9.118278,-2.483282,-72.573059,-10.814364
4.162500,109.847099,-8.348713,7.899637,-2.595039,-76.344231,-11.162288
4.168750,108.985703,-8.128627,7.911734,-2.710114,-80.161209,-11.522676
4.175000,108.111870,-7.920683,7.724216,-2.828416,-84.034248,-11.895565
4.181250,107.223885,-7.724792,5.916184,-2.950032,-87.974754,-12.280785
4.187500,106.323608,-7.540791,4.569922,-3.074960,-91.993637,-12.678472
4.193750,105.417923,-7.367863,3.580268,-3.203047,-96.102539,-13.088128
4.200000,104.514397,-7.204617,2.825395,-3.334221,-100.314491,-13.509262
4.206250,103.618164,-7.049532,2.172393,-3.468495,-104.645737,-13.941079
4.212500,102.730362,-6.901419,1.485785,-3.605607,-107.218643,-14.382483
4.218750,101.847847,-6.759605,0.633857,-3.745254,-109.671982,-14.831657
4.225000,100.966957,-6.624084,-0.504237,-3.887362,-111.490654,-15.286290
4.231250,100.084473,-6.495022,-2.034596,-4.031677,-112.199570,-15.743560
4.237500,99.198936,-6.372648,-1.871952,-4.177892,-111.382736,-16.200415
4.243750,98.312981,-6.256873,-3.329521,-4.325780,-108.713455,-16.653372
4.250000,97.430931,-6.147252,-4.322405,-4.475494,-103.965683,-17.098267
4.256250,96.557243,-6.042942,-4.955754,-4.626904,-97.027390,-17.530333
4.262500,95.693787,-5.943308,-5.347377,-4.779764,-87.905312,-17.944279
4.268750,94.839989,-5.847706,-5.626990,-4.934005,-76.722130,-18.334244
4.275000,93.993629,-5.756011,-5.929692,-5.089880,-63.711727,-18.694632
4.281250,93.152428,-5.668294,-6.386305,-5.247492,-49.201557,-19.020132
4.287500,92.315086,-5.584642,-7.116652,-5.406400,-33.600235,-19.305477
4.293750,91.481537,-5.505026,-8.224630,-5.566341,-17.370962,-19.546539
4.300000,90.652573,-5.429233,-7.628057,-5.727077,-1.017570,-19.740232
4.306250,89.830063,-5.356943,-8.642866,-5.888326,14.949283,-19.884417
4.312500,89.014351,-5.287928,-9.184745,-6.049511,30.036985,-19.977613
4.318750,88.204758,-5.221918,-9.359716,-6.209990,43.796551,-20.019501
4.325000,87.400276,-5.158943,-9.288942,-6.369306,55.844082,-20.010891
4.331250,86.599854,-5.099034,-9.103788,-6.526877,65.883011,-19.953865
4.337500,85.803001,-5.042213,-8.937735,-6.682138,73.719177,-19.851301
4.343750,85.010857,-4.988413,-8.922500,-6.834798,79.272690,-19.707636
4.350000,84.224426,-4.937394,-9.178450,-6.984354,82.580452,-19.527954
4.356250,83.444939,-4.888929,-9.809043,-7.130183,83.797501,-19.317495
4.362500,82.672142,-4.842843,-8.730687,-7.271862,83.186440,-19.082043
4.368750,81.905556,-4.799110,-9.262181,-7.409709,81.100624,-18.827717
4.375000,81.144127,-4.757814,-9.321772,-7.543655,77.974670,-18.560200
4.381250,80.387711,-4.719009,-9.013082,-7.673072,74.304161,-18.283861
4.387500,79.637062,-4.682594,-8.458697,-7.797324,70.616402,-18.002741
4.393750,78.893494,-4.648445,-7.795688,-7.916407,65.280128,-17.720779
4.400000,78.158089,-4.616259,-7.163948,-8.030149,60.175617,-17.441576
4.406250,77.430931,-4.585711,-6.696783,-8.137776,55.293304,-17.167751
4.412500,76.710388,-4.556760,-6.518892,-8.238687,50.619785,-16.901682
4.418750,75.994705,-4.529646,-6.742203,-8.332850,46.133839,-16.645662
4.425000,75.281792,-4.504691,-5.287104,-8.419995,41.818340,-16.400885
4.431250,74.571747,-4.482242,-5.468953,-8.499205,37.657639,-16.167892
4.437500,73.865852,-4.462377,-5.205929,-8.570208,33.635658,-15.947087
4.443750,73.166832,-4.444852,-4.609252,-8.633330,29.737110,-15.739139
4.450000,72.478256,-4.429199,-3.803281,-8.688810,25.949343,-15.544232
4.456250,71.801392,-4.414937,-2.918160,-8.736421,22.265438,-15.361979
4.462500,71.135361,-4.401679,-2.091107,-8.776129,18.675505,-15.192369
4.468750,70.477814,-4.389506,-1.459833,-8.808963,15.168556,-15.035955
4.475000,69.825356,-4.378793,-1.150254,-8.835512,11.732876,-14.892774
4.481250,69.176552,-4.369920,-1.269112,-8.855756,8.363950,-14.762076
4.487500,68.532349,-4.363179,0.263767,-8.870086,5.054190,-14.643412
4.493750,67.895660,-4.358341,0.126950,-8.878853,1.795687,-14.536272
4.500000,67.270050,-4.354968,0.399807,-8.882145,-1.418927,-14.439974
4.506250,66.657974,-4.352357,0.973346,-8.880129,-4.595623,-14.353870
4.512500,66.059303,-4.349974,1.721498,-8.873221,-7.740544,-14.277680
4.518750,65.472130,-4.347646,2.509327,-8.861613,-10.857072,-14.211200
4.525000,64.891258,-4.345719,3.202715,-8.844913,-13.945962,-14.153522
4.531250,64.312920,-4.344910,3.671204,-8.823275,-17.007416,-14.103933
4.537500,63.735821,-4.345829,3.787587,-8.797776,-20.047724,-14.062953
4.543750,63.162361,-4.348774,3.445105,-8.769335,-23.068802,-14.030990
4.550000,62.597160,-4.353436,4.734542,-8.737433,-26.066206,-14.006790
4.556250,62.045059,-4.359103,4.344670,-8.702168,-29.039093,-13.989782
4.562500,61.508327,-4.365026,4.353519,-8.664957,-31.995325,-13.980646
4.568750,60.986626,-4.370665,4.652396,-8.626930,-34.940964,-13.980011
4.575000,60.475903,-4.375922,5.124064,-8.588049,-37.874355,-13.987015
4.581250,59.970764,-4.381310,5.640146,-8.548322,-40.793728,-14.000792
4.587500,59.466991,-4.387568,6.060599,-8.508929,-43.706757,-14.022030
4.593750,58.964172,-4.395327,6.249196,-8.470676,-46.619389,-14.050951
4.600000,58.465603,-4.404658,6.089376,-8.432751,-49.527431,-14.086311
4.606250,57.976662,-4.415086,5.478321,-8.394923,-52.430664,-14.127102
4.612500,57.501041,-4.425805,6.492293,-8.358198,-55.337772,-14.174016
4.618750,57.041176,-4.435924,5.812006,-8.323331,-58.254108,-14.227352
4.625000,56.595257,-4.445024,5.528181,-8.289788,-61.177094,-14.285951
4.631250,56.157784,-4.453216,5.542428,-8.256968,-64.102966,-14.348846
4.637500,55.723484,-4.461068,5.730497,-8.225899,-67.037598,-14.416618
4.643750,55.288586,-4.469439,5.958883,-8.197877,-69.987785,-14.489844
4.650000,54.853771,-4.478802,6.103609,-8.172372,-72.947998,-14.567613
4.656250,54.422817,-4.489050,6.042799,-8.148819,-75.914429,-14.649132
4.662500,54.000313,-4.499667,5.654617,-8.128044,-78.893898,-14.735198
4.668750,53.588814,-4.509909,4.832653,-8.110744,-81.893417,-14.827335
4.675000,53.187931,-4.519392,5.666802,-8.096122,-84.914742,-14.926559
4.681250,52.794102,-4.528154,4.848517,-8.083344,-87.951691,-15.032728
4.687500,52.403828,-4.536241,4.456611,-8.072711,-90.993797,-15.143956
4.693750,52.013844,-4.544205,4.381156,-8.064163,-94.041145,-15.260409
4.700000,51.620277,-4.553020,4.504463,-8.056444,-97.098534,-15.382251
4.706250,51.223812,-4.563301,4.696414,-8.048500,-100.160965,-15.508978
4.712500,50.829380,-4.575080,4.817938,-8.039944,-103.221542,-15.639434
4.718750,50.443573,-4.587751,4.732270,-8.030744,-106.268806,-15.771938
4.725000,50.072277,-4.600398,4.315310,-8.020623,-109.296585,-15.904139
4.731250,49.717278,-4.612138,3.460082,-8.009880,-112.299988,-16.033796
4.737500,49.377602,-4.622500,4.246814,-7.999271,-115.280296,-16.158978
4.743750,49.049778,-4.631334,3.359820,-7.989380,-118.241478,-16.277164
4.750000,48.729504,-4.638936,2.883724,-7.980844,-121.189270,-16.386045
4.756250,48.415016,-4.645500,2.713767,-7.974595,-124.137497,-16.484369
4.762500,48.106937,-4.650955,2.727780,-7.971841,-127.100784,-16.570890
4.768750,47.807148,-4.654911,2.796444,-7.972984,-130.093277,-16.644575
4.775000,47.516823,-4.656686,2.790028,-7.978180,-131.233353,-16.704668
4.781250,47.234509,-4.655663,2.577627,-7.988264,-132.159515,-16.751770
4.787500,46.955830,-4.651653,2.037181,-8.003701,-132.357162,-16.787271
4.793750,46.675068,-4.644834,1.070547,-8.024008,-131.342957,-16.812424
4.800000,46.385002,-4.636060,1.768530,-8.048082,-128.697739,-16.828314
4.806250,46.080406,-4.626176,0.818392,-8.075486,-124.088951,-16.837341
4.812500,45.759628,-4.616043,0.302637,-8.106039,-117.287811,-16.842213
4.818750,45.423592,-4.606164,0.120092,-8.138698,-108.169563,-16.844387
4.825000,45.075916,-4.596657,0.155725,-8.172062,-96.723183,-16.844687
4.831250,44.718529,-4.587528,0.276996,-8.205781,-83.064003,-16.844767
4.837500,44.353180,-4.578890,0.345799,-8.239854,-67.420418,-16.846380
4.843750,43.980362,-4.570935,0.231605,-8.273812,-50.115128,-16.849604
4.850000,43.600742,-4.563955,-0.186143,-8.307037,-31.550737,-16.853174
4.856250,43.216370,-4.557971,-1.018065,-8.340588,-12.198520,-16.855215
4.862500,42.829834,-4.552790,-0.187983,-8.375494,7.422798,-16.854296
4.868750,42.443226,-4.548469,-1.008948,-8.411525,26.770037,-16.850763
4.875000,42.058037,-4.544798,-1.394387,-8.448613,45.320526,-16.842934
4.881250,41.677731,-4.541178,-1.455624,-8.487540,62.598450,-16.828690
4.887500,41.304310,-4.536873,-1.317785,-8.529184,78.183868,-16.806463
4.893750,40.936516,-4.531424,-1.111766,-8.573668,91.740776,-16.775217
4.900000,40.571041,-4.524767,-0.967256,-8.620651,103.035172,-16.733925
4.906250,40.203648,-4.517065,-1.011901,-8.670099,111.946861,-16.682220
4.912500,39.831459,-4.508586,-1.365394,-8.721907,118.475174,-16.620417
4.918750,39.453529,-4.499444,-2.128470,-8.775768,122.738678,-16.548727
4.925000,39.070141,-4.489555,-1.213268,-8.831365,124.969826,-16.467993
4.931250,38.681767,-4.478682,-1.930080,-8.888475,125.504715,-16.379234
4.937500,38.287033,-4.466712,-2.191559,-8.946534,124.767754,-16.282719
4.943750,37.883636,-4.453739,-2.097761,-9.004581,123.248901,-16.179180
4.950000,37.468060,-4.440243,-1.769808,-9.062314,121.476616,-16.069405
4.956250,37.037258,-4.426861,-1.341444,-9.119776,117.826035,-15.954531
4.962500,36.589661,-4.414371,-0.946492,-9.176043,114.191566,-15.834930
4.968750,36.127186,-4.403240,-0.713809,-9.230025,110.575958,-15.711010
4.975000,35.652775,-4.393717,-0.769421,-9.281294,106.977196,-15.583239
4.981250,35.171047,-4.385408,-1.224028,-9.329992,103.391502,-15.452768
4.987500,34.685555,-4.377921,0.004447,-9.375639,99.820175,-15.319880
4.993750,34.196762,-4.370974,-0.397848,-9.417305,96.265266,-15.184665
5.000000,33.702518,-4.364887,-0.348455,-9.454712,92.723595,-15.047924
5.006250,33.199440,-4.360292,0.042751,-9.488237,89.192612,-14.910809
5.012500,32.687649,-4.357732,0.654407,-9.517456,85.672661,-14.773762
5.018750,32.170540,-4.357277,1.358418,-9.541747,82.165588,-14.637164
5.025000,31.652945,-4.358654,2.018775,-9.561047,78.667572,-14.502819
5.031250,31.139755,-4.361078,2.500826,-9.575691,75.172745,-14.372707
5.037500,30.634052,-4.363663,2.682765,-9.585321,71.681038,-14.248380
5.043750,30.136112,-4.365704,2.460307,-9.589517,68.194290,-14.131127
5.050000,29.642090,-4.366868,3.913758,-9.588155,64.712875,-14.022462
5.056250,29.146626,-4.367470,3.722462,-9.581252,61.237507,-13.923858
5.062500,28.644945,-4.368085,3.967674,-9.568194,57.773582,-13.835757
5.068750,28.134287,-4.369312,4.540534,-9.548480,54.329216,-13.758314
5.075000,27.615828,-4.371486,5.311617,-9.522282,50.909527,-13.691909
5.081250,27.092644,-4.374353,6.142961,-9.489393,47.520313,-13.636345
5.087500,26.568274,-4.377273,6.896976,-9.449113,44.173668,-13.590590
5.093750,26.043903,-4.379704,7.437335,-9.401680,40.874660,-13.554017
5.100000,25.517185,-4.381242,7.634228,-9.347843,37.625160,-13.526337
5.106250,24.982641,-4.382195,7.380091,-9.287731,34.432301,-13.506301
5.112500,24.433475,-4.383476,8.761568,-9.220920,31.304804,-13.491643
5.118750,23.865660,-4.386265,8.460965,-9.148051,28.243238,-13.481080
5.125000,23.278490,-4.391544,8.554035,-9.070905,25.239943,-13.474347
5.131250,22.676481,-4.399650,8.934844,-8.990267,22.293776,-13.470158
5.137500,22.066416,-4.410300,9.489450,-8.905553,19.406260,-13.466496
5.143750,21.454327,-4.422879,10.086060,-8.817487,16.569935,-13.463049
5.150000,20.843019,-4.436594,10.581441,-8.727637,13.770204,-13.461144
5.156250,20.232866,-4.450979,10.843936,-8.636543,10.998868,-13.461349
5.162500,19.619656,-4.466304,10.758276,-8.543428,8.256868,-13.463416
5.168750,18.997622,-4.483508,10.218337,-8.448143,5.540275,-13.467496
5.175000,18.364433,-4.503656,11.301641,-8.351793,2.839687,-13.474995
5.181250,17.722822,-4.527240,10.688949,-8.254824,0.149052,-13.486515
5.187500,17.080423,-4.553915,10.472148,-8.156115,-2.532018,-13.501676
5.193750,16.444862,-4.582921,10.548031,-8.055449,-5.207536,-13.521080
5.200000,15.820682,-4.613160,10.789276,-7.953629,-7.886374,-13.546105
5.206250,15.208665,-4.643738,11.063766,-7.851086,-10.568980,-13.577026
5.212500,14.605795,-4.674272,11.241788,-7.747377,-13.250324,-13.613223
5.218750,14.005581,-4.705192,11.194232,-7.642665,-15.928498,-13.654453
5.225000,13.402415,-4.737213,10.796061,-7.537765,-18.605623,-13.701203
5.231250,12.793580,-4.771245,9.941950,-7.433118,-21.282475,-13.753567
5.237500,12.180944,-4.807683,10.719595,-7.328344,-23.955034,-13.810987
5.243750,11.569449,-4.846279,9.813727,-7.223769,-26.622707,-13.873702
5.250000,10.964500,-4.886394,9.304408,-7.120062,-29.289141,-13.942453
5.256250,10.369143,-4.927114,9.086163,-7.017109,-31.953474,-14.017200
5.262500,9.783429,-4.967859,9.040447,-6.914565,-34.611671,-14.097791
5.268750,9.202721,-5.008641,9.034103,-6.812775,-37.266712,-14.184584
5.275000,8.621910,-5.049873,8.929605,-6.711972,-39.922588,-14.278233
5.281250,8.036425,-5.092483,8.598094,-6.611707,-42.577515,-14.378543
5.287500,7.445937,-5.137189,7.921802,-6.511585,-45.230503,-14.485285
5.293750,6.854057,-5.184063,6.792201,-6.412102,-47.886555,-14.599065
5.300000,6.265855,-5.232702,7.291786,-6.313823,-50.551060,-14.720603
5.306250,5.686645,-5.282243,6.109405,-6.216356,-53.222271,-14.849334
5.312500,5.118322,-5.331920,5.334033,-6.119369,-55.899563,-14.984887
5.318750,4.558864,-5.381357,4.857928,-6.023611,-58.590015,-15.128015
5.325000,4.004558,-5.430467,4.557349,-5.929680,-61.298862,-15.279342
5.331250,3.450494,-5.479812,4.305659,-5.837169,-64.024254,-15.438426
5.337500,2.892514,-5.530076,3.970946,-5.745936,-66.765854,-15.605103
5.343750,2.329999,-5.581738,3.418356,-5.656419,-69.530197,-15.780158
5.350000,1.765925,-5.634872,2.525128,-5.569061,-72.321922,-15.964534
5.356250,1.203890,-5.689134,1.186312,-5.483438,-75.143677,-16.158186
5.362500,0.646902,-5.743952,1.489606,-5.399012,-77.995911,-16.361580
5.368750,0.095010,-5.798953,0.116354,-5.316077,-80.887276,-16.575733
5.375000,-0.453780,-5.853907,-0.851517,-5.234656,-83.826767,-16.801809
5.381250,-1.003432,-5.909166,-1.517300,-5.154387,-86.820511,-17.040024
5.387500,-1.556983,-5.965206,-1.999207,-5.074984,-89.876091,-17.290985
5.393750,-2.115641,-6.022588,-2.429866,-4.996684,-93.009476,-17.555323
5.400000,-2.677936,-6.081429,-2.943949,-4.919455,-96.235214,-17.833418
5.406250,-3.240858,-6.141542,-3.669454,-4.843195,-99.568970,-18.124987
5.412500,-3.801455,-6.205362,-4.727860,-4.767975,-103.025848,-18.429983
5.418750,-4.344915,-6.266522,-6.225746,-4.694284,-104.731049,-18.748623
5.425000,-4.900742,-6.327857,-6.078372,-4.622042,-106.324776,-19.080538
5.431250,-5.457564,-6.389342,-5.704739,-4.550927,-107.294456,-19.424253
5.437500,-6.018598,-6.451399,-6.536994,-4.480948,-107.173256,-19.778017
5.443750,-6.587193,-6.514498,-6.530369,-4.412370,-105.567360,-20.138962
5.450000,-7.163558,-6.578988,-5.847152,-4.345039,-102.164696,-20.503160
5.456250,-7.747257,-6.645000,-4.682944,-4.278568,-96.755814,-20.864519
5.462500,-8.337551,-6.712368,-3.259682,-4.212778,-89.239334,-21.217230
5.468750,-8.934175,-6.781126,-1.814768,-4.147747,-79.633133,-21.555603
5.475000,-9.538553,-6.851303,-0.584591,-4.083258,-68.069946,-21.873026
5.481250,-10.153206,-6.923207,0.203637,-4.018998,-54.792221,-22.162052
5.487500,-10.779911,-6.997398,2.513073,-3.955001,-40.142853,-22.414801
5.493750,-11.420092,-7.074367,4.807085,-3.891188,-24.546169,-22.623198
5.500000,-12.073029,-7.154375,5.550086,-3.827504,-8.478456,-22.778982
5.506250,-12.737165,-7.237498,6.704515,-3.763938,7.554028,-22.875023
5.512500,-13.411327,-7.323706,8.043564,-3.700665,23.041611,-22.905325
5.518750,-14.095412,-7.413089,9.330180,-3.637674,37.502747,-22.865547
5.525000,-14.791912,-7.505970,10.330441,-3.574648,50.504414,-22.752787
5.531250,-15.503605,-7.603096,10.820859,-3.511571,61.679619,-22.566761
5.537500,-16.232483,-7.705359,10.603339,-3.448657,70.752579,-22.309040
5.543750,-16.979181,-7.813587,9.514683,-3.385870,77.548164,-21.982590
5.550000,-17.742359,-7.928422,9.603256,-3.322870,82.004898,-21.591955
5.556250,-18.520065,-8.050258,9.434027,-3.259687,84.175133,-21.142864
5.562500,-19.310606,-8.179613,7.585303,-3.196360,84.225639,-20.642221
5.568750,-20.115234,-8.317196,6.138847,-3.132682,82.431320,-20.096947
5.575000,-20.935987,-8.464574,4.988739,-3.068467,79.164940,-19.514915
5.581250,-21.775663,-8.623723,4.011064,-3.004037,74.874779,-18.904608
5.587500,-22.632729,-8.796667,3.070574,-2.939645,70.065201,-18.274860
5.593750,-23.500578,-8.985229,2.034004,-2.875314,65.269508,-17.633829
5.600000,-24.368145,-9.190669,0.769326,-2.810913,58.858437,-16.988674
5.606250,-25.221666,-9.413531,-0.847217,-2.746647,52.706600,-16.345598
5.612500,-26.048822,-9.654687,-2.923649,-2.682960,46.786949,-15.709654
5.618750,-26.840593,-9.915147,-3.377807,-2.619955,41.069870,-15.084474
5.625000,-27.587744,-10.197146,-3.630500,-2.557717,35.528545,-14.473044
5.631250,-28.278006,-10.503238,-5.116316,-2.496444,30.134809,-13.877916
5.637500,-28.890787,-10.835615,-5.787795,-2.436315,24.866285,-13.302049
5.643750,-29.393026,-11.195101,-5.808031,-2.377324,19.698051,-12.747266
5.650000,-29.742615,-11.580268,-5.374600,-2.319599,14.605800,-12.214622
5.656250,-29.892550,-11.987779,-4.711736,-2.263431,9.566039,-11.704741
5.662500,-29.796926,-12.412855,-4.054821,-2.209199,4.559131,-11.217930
5.668750,-29.417856,-12.849459,-3.642707,-2.157154,-0.429765,-10.754446
5.675000,-28.723299,-13.291264,-3.703142,-2.107871,-5.410971,-10.314355
5.681250,-27.687263,-13.731289,-2.275411,-2.061891,-10.392005,-9.898479
5.687500,-26.286913,-14.161380,-0.894962,-2.019704,-15.377364,-9.506993
5.693750,-24.503191,-14.571976,0.796627,-1.981779,-20.367960,-9.140242
5.700000,-22.321785,-14.951729,1.244821,-1.948716,-25.367615,-8.798539
5.706250,-19.741653,-15.288413,2.376516,-1.921292,-30.376352,-8.482335
5.712500,-16.780813,-15.569929,3.915866,-1.900046,-35.392002,-8.191511
5.718750,-13.480329,-15.785701,5.564395,-1.885499,-40.412052,-7.925993
5.725000,-9.903976,-15.928020,7.015917,-1.878249,-45.433083,-7.685735
5.731250,-6.132293,-15.992654,7.972637,-1.878735,-50.451233,-7.470575
5.737500,-2.254761,-15.978936,8.160850,-1.887158,-55.459442,-7.279898
5.743750,1.640200,-15.888743,9.511127,-1.903781,-60.450188,-7.113364
5.750000,5.472177,-15.725711,10.472074,-1.928787,-65.417999,-6.970681
5.756250,9.170041,-15.494139,11.406636,-1.962046,-70.354179,-6.851031
5.762500,12.670247,-15.199461,10.782864,-2.003333,-75.250732,-6.753696
5.768750,15.912870,-14.848475,10.566457,-2.052447,-80.101303,-6.677937
5.775000,18.839483,-14.449789,10.532645,-2.109074,-84.899277,-6.622827
5.781250,21.397333,-14.014204,10.448077,-2.172703,-89.638069,-6.587221
5.787500,23.544958,-13.554302,10.080933,-2.242968,-94.312241,-6.569905
5.793750,25.260309,-13.082644,9.211047,-2.319559,-98.918205,-6.570092
5.800000,26.546017,-12.610753,7.643642,-2.401914,-103.451630,-6.586610
5.806250,27.427605,-12.147110,5.219591,-2.489238,-107.905624,-6.617890
5.812500,27.945036,-11.697230,3.987389,-2.581191,-112.276566,-6.662643
5.818750,28.143248,-11.264197,2.512605,-2.677468,-116.562637,-6.719932
5.825000,28.062279,-10.849978,1.269702,-2.777604,-120.761566,-6.788565
5.831250,27.733038,-10.456598,-1.173376,-2.880826,-124.869362,-6.866942
5.837500,27.179962,-10.086452,-2.769630,-2.986856,-128.885406,-6.953916
5.843750,26.426474,-9.741891,-3.685283,-3.095789,-132.810791,-7.048607
5.850000,25.502361,-9.424649,-4.117643,-3.207264,-134.750793,-7.149733
5.856250,24.443741,-9.134505,-4.288529,-3.320652,-136.324509,-7.256060
5.862500,23.289133,-8.869242,-4.436056,-3.435624,-137.001419,-7.366442
5.868750,22.074429,-8.625505,-4.801467,-3.552145,-136.292114,-7.480192
5.875000,20.825020,-8.399298,-5.615757,-3.669906,-133.771606,-7.596523
5.881250,19.551046,-8.187750,-4.919145,-3.788541,-129.100433,-7.714599
5.887500,18.252848,-7.989252,-4.251402,-3.907857,-122.044441,-7.833889
5.893750,16.925381,-7.803654,-3.258296,-4.027834,-112.486122,-7.953998
5.900000,15.565326,-7.631321,-3.495616,-4.148119,-100.428497,-8.074369
5.906250,14.175846,-7.472499,-3.039930,-4.268506,-85.997063,-8.194664
5.912500,12.766371,-7.326379,-2.172077,-4.388898,-69.432457,-8.314651
5.918750,11.348826,-7.191251,-1.194599,-4.509049,-51.077774,-8.433861
5.925000,9.932064,-7.064939,-0.419740,-4.628706,-31.362534,-8.551818
5.931250,8.517583,-6.945839,-0.153660,-4.748057,-10.780776,-8.668301
5.937500,7.100035,-6.833376,-0.679124,-4.867361,10.132577,-8.783381
5.943750,5.670333,-6.727927,-0.070934,-4.986060,30.831375,-8.896498
5.950000,4.220729,-6.630464,0.115927,-5.103501,50.785534,-9.006930
5.956250,2.750413,-6.542002,0.234471,-5.219561,69.501915,-9.114648
5.962500,1.263925,-6.462749,0.636957,-5.334408,86.550682,-9.219792
5.968750,-0.228827,-6.391785,-0.233408,-5.447601,101.593987,-9.321755
5.975000,-1.718508,-6.327520,-0.449539,-5.558453,114.398186,-9.419662
5.981250,-3.199777,-6.268147,-0.292757,-5.666737,124.840851,-9.513259
5.987500,-4.674625,-6.212484,-0.068108,-5.772459,132.917969,-9.602616
5.993750,-6.150474,-6.160203,-0.083729,-5.874778,138.751053,-9.687322
6.000000,-7.635821,-6.111850,-0.639047,-5.972802,142.576935,-9.766723
6.006250,-9.139050,-6.068442,-2.014173,-6.066103,144.733383,-9.840401
6.012500,-10.662409,-6.030890,-2.284930,-6.154344,145.642426,-9.908315
6.018750,-12.203547,-5.999654,-3.004235,-6.236943,145.792969,-9.969901
6.025000,-13.757062,-5.974482,-3.811183,-6.312979,145.714676,-10.024465
6.031250,-15.317740,-5.954519,-4.346262,-6.381887,143.781097,-10.071704
6.037500,-16.884035,-5.939171,-4.269262,-6.443304,141.879745,-10.111432
6.043750,-18.458138,-5.928440,-5.166196,-6.496701,140.007996,-10.143289
6.050000,-20.045477,-5.922656,-5.157465,-6.541404,138.162842,-10.166855
6.056250,-21.650860,-5.922894,-4.579503,-6.576859,136.341949,-10.181715
6.062500,-23.275820,-5.930063,-3.801251,-6.602463,134.541580,-10.187668
6.068750,-24.917473,-5.944640,-3.204200,-6.617957,132.757782,-10.184817
6.075000,-26.568645,-5.966360,-3.163947,-6.623143,130.985352,-10.173479
6.081250,-28.222086,-5.994234,-1.861009,-6.617682,129.221161,-10.153860
6.087500,-29.873825,-6.027076,-0.960487,-6.600941,127.463402,-10.125965
6.093750,-31.524538,-6.064252,-0.217781,-6.572964,125.707153,-10.090105
6.100000,-33.180222,-6.105828,0.615931,-6.534258,123.944115,-10.047282
6.106250,-34.848671,-6.152794,1.786725,-6.485047,122.169983,-9.998160
6.112500,-36.535046,-6.206370,1.632470,-6.424891,120.382065,-9.942951
6.118750,-38.239330,-6.267785,1.977295,-6.353760,118.576187,-9.882243
6.125000,-39.956799,-6.337600,2.445035,-6.272421,116.744987,-9.817245
6.131250,-41.679424,-6.415827,2.654245,-6.181621,114.881592,-9.749282
6.137500,-43.397430,-6.501513,2.243922,-6.081897,112.984413,-9.679123
6.143750,-45.103870,-6.593405,0.882762,-5.973727,111.053551,-9.607483
6.150000,-46.797829,-6.690727,0.453413,-5.858025,109.086182,-9.535687
6.156250,-48.482857,-6.793219,-0.628325,-5.735607,107.080849,-9.464605
6.162500,-50.165211,-6.901478,-2.016075,-5.607225,105.040024,-9.394854
6.168750,-51.849350,-7.016333,-3.346864,-5.473673,102.966331,-9.327044
6.175000,-53.536644,-7.138682,-4.259746,-5.335951,100.861855,-9.261758
6.181250,-55.224194,-7.268911,-4.411087,-5.194938,98.728966,-9.199327
6.187500,-56.904877,-7.406556,-5.387402,-5.051418,96.571548,-9.139983
6.193750,-58.571846,-7.550570,-5.308975,-4.906479,94.391792,-9.084043
6.200000,-60.221703,-7.699908,-4.514718,-4.760851,92.193665,-9.031593
6.206250,-61.857670,-7.854186,-3.373928,-4.614951,89.980865,-8.982346
6.212500,-63.486347,-8.013975,-2.272890,-4.469468,87.757210,-8.936058
6.218750,-65.114120,-8.180414,-1.593513,-4.325202,85.522743,-8.892723
6.225000,-66.743431,-8.354820,0.475837,-4.182754,83.277939,-8.852359
6.231250,-68.371315,-8.538191,2.261414,-4.042338,81.024475,-8.814800
6.237500,-69.989182,-8.730323,3.999153,-3.904297,78.761490,-8.780367
6.243750,-71.585411,-8.930344,5.931227,-3.769105,76.486000,-8.749591
6.250000,-73.151360,-9.136636,6.399159,-3.636836,74.197311,-8.722957
6.256250,-74.684227,-9.347728,7.244494,-3.507317,71.896896,-8.700719
6.262500,-76.189201,-9.563137,8.122801,-3.380808,69.582314,-8.683509
6.268750,-77.675407,-9.783523,8.689060,-3.257898,67.249832,-8.672303
6.275000,-79.153442,-10.010135,8.619900,-3.138683,64.898544,-8.667798
6.281250,-80.628273,-10.244700,7.629988,-3.023074,62.529819,-8.670432
6.287500,-82.099159,-10.488400,5.479980,-2.911069,60.142990,-8.680751
6.293750,-83.560272,-10.741671,4.159521,-2.802919,57.736172,-8.699678
6.300000,-85.004005,-11.004270,2.195901,-2.698759,55.309387,-8.727787
6.306250,-86.424889,-11.275908,0.051589,-2.598616,52.864315,-8.765509
6.312500,-87.820374,-11.556502,-1.799604,-2.502570,50.403511,-8.813610
6.318750,-89.194366,-11.846653,-4.793775,-2.410633,47.928879,-8.872536
6.325000,-90.548744,-12.147663,-6.883941,-2.322731,45.442265,-8.943004
6.331250,-91.885323,-12.461156,-8.232697,-2.238822,42.945492,-9.025721
6.337500,-93.197990,-12.788617,-9.039343,-2.158899,40.439617,-9.121637
6.343750,-94.477951,-13.130583,-9.526071,-2.082872,37.925468,-9.231756
6.350000,-95.713135,-13.487382,-9.928970,-2.010616,35.405499,-9.357254
6.356250,-96.890244,-13.858095,-10.486537,-1.941929,32.878910,-9.499374
6.362500,-97.999832,-14.242661,-11.427263,-1.876777,30.346672,-9.659885
6.368750,-99.037720,-14.641271,-10.789055,-1.815009,27.809450,-9.840596
6.375000,-100.003288,-15.055522,-10.108250,-1.756279,25.268993,-10.043455
6.381250,-100.894585,-15.487483,-9.027746,-1.700607,22.726963,-10.271380
6.387500,-101.700874,-15.939714,-9.103882,-1.648084,20.186024,-10.528069
6.393750,-102.403008,-16.413734,-8.409981,-1.598618,17.650295,-10.818190
6.400000,-102.974762,-16.910231,-7.222565,-1.552036,15.130416,-11.147496
6.406250,-103.380844,-17.428629,-5.843616,-1.508236,12.636968,-11.524519
6.412500,-103.581871,-17.966301,-4.583758,-1.467200,10.193132,-11.962325
6.418750,-103.540886,-18.520685,-3.743125,-1.428897,7.848173,-12.472476
6.425000,-103.222740,-19.087254,-3.599922,-1.393135,5.747197,-13.039463
6.431250,-102.590904,-19.661200,-2.228780,-1.359910,4.052727,-13.656919
6.437500,-101.612518,-20.235682,-1.185396,-1.329286,2.721426,-14.334668
6.443750,-100.250328,-20.802458,-0.113406,-1.301231,1.838519,-15.070116
6.450000,-98.477722,-21.351120,-0.548643,-1.275632,1.548034,-15.850588
6.456250,-96.274231,-21.870028,-0.529816,-1.252359,1.987634,-16.655666
6.462500,-93.635681,-22.346725,-0.285695,-1.231340,3.269463,-17.459282
6.468750,-90.576370,-22.769384,-0.053989,-1.212607,5.465667,-18.231806
6.475000,-87.130318,-23.127357,-0.070610,-1.196151,8.604155,-18.941957
6.481250,-83.346909,-23.411699,-0.556990,-1.181902,12.667279,-19.559038
6.487500,-79.289047,-23.614721,-1.710230,-1.169858,17.589142,-20.054365
6.493750,-75.032173,-23.731056,-3.691172,-1.160021,23.261196,-20.402910
6.500000,-70.658447,-23.758078,-4.450693,-1.152283,29.535683,-20.585127
6.506250,-66.260918,-23.695868,-5.421121,-1.146659,36.235126,-20.587650
6.512500,-61.932972,-23.547247,-6.127511,-1.143071,43.158821,-20.404202
6.518750,-57.768196,-23.317877,-8.002129,-1.141567,50.093258,-20.036146
6.525000,-53.853550,-23.016020,-8.996024,-1.142129,56.824192,-19.492348
6.531250,-50.261753,-22.651012,-9.271420,-1.144519,63.143356,-18.788568
6.537500,-47.054131,-22.233799,-9.024515,-1.148692,68.862862,-17.946999
6.543750,-44.276882,-21.774992,-8.476871,-1.154464,73.821152,-16.994535
6.550000,-41.964546,-21.286261,-7.863504,-1.161593,77.892616,-15.961788
6.556250,-40.139336,-20.779383,-7.422374,-1.169872,80.994125,-14.881281
6.562500,-38.810104,-20.266363,-7.380535,-1.179027,83.086128,-13.785126
6.568750,-37.971535,-19.758207,-5.776453,-1.188951,84.176964,-12.703353
6.575000,-37.602993,-19.265160,-4.146256,-1.199366,84.321823,-11.661797
6.581250,-37.666103,-18.795216,-4.026733,-1.209962,83.616211,-10.680289
6.587500,-38.112564,-18.353292,-3.456019,-1.220497,82.192856,-9.769779
6.593750,-38.890167,-17.942829,-2.661282,-1.230880,80.202538,-8.929134
6.600000,-39.946732,-17.564835,-1.880284,-1.240781,77.787910,-8.150532
6.606250,-41.237289,-17.220705,-1.349598,-1.250126,74.991936,-7.449932
6.612500,-42.724072,-16.910870,-1.291287,-1.258780,71.811760,-6.833761
6.618750,-44.369415,-16.635494,-1.903213,-1.266609,68.455795,-6.287139
6.625000,-46.142315,-16.394606,-3.348896,-1.273503,65.030113,-5.799203
6.631250,-48.007938,-16.187466,-3.581250,-1.279339,61.577038,-5.361803
6.637500,-49.930557,-16.012314,-4.035480,-1.284146,58.120628,-4.968789
6.643750,-51.874977,-15.865627,-4.239122,-1.287932,54.675804,-4.615261
6.650000,-53.811012,-15.742702,-5.627535,-1.290552,51.254578,-4.297205
6.656250,-55.719479,-15.639202,-6.154219,-1.292109,47.866562,-4.011248
6.662500,-57.599285,-15.552121,-5.982840,-1.292607,44.517677,-3.754363
6.668750,-59.457771,-15.480602,-5.311092,-1.292045,41.215214,-3.523972
6.675000,-61.301495,-15.425027,-4.362264,-1.290527,37.964516,-3.317638
6.681250,-63.134930,-15.386202,-3.372389,-1.288124,34.768459,-3.133231
6.687500,-64.951202,-15.364386,-2.578676,-1.284990,31.629942,-2.968731
6.693750,-66.733376,-15.358227,-2.209708,-1.281264,28.551462,-2.822304
6.700000,-68.460510,-15.364431,-0.303194,-1.277073,25.535191,-2.692237
6.706250,-70.115593,-15.379061,1.603942,-1.272531,22.581116,-2.577002
6.712500,-71.697861,-15.399312,1.974653,-1.267720,19.690603,-2.475262
6.718750,-73.215767,-15.424074,2.772439,-1.262765,16.863615,-2.385619
6.725000,-74.683754,-15.453714,3.768413,-1.257765,14.099910,-2.306950
6.731250,-76.110611,-15.489640,4.724464,-1.252794,11.399065,-2.238228
6.737500,-77.496727,-15.532837,5.404976,-1.248104,8.759518,-2.178435
6.743750,-78.831230,-15.582885,5.587541,-1.243741,6.180285,-2.126713
6.750000,-80.094971,-15.637044,5.075515,-1.239748,3.659422,-2.082350
6.756250,-81.271477,-15.690939,3.706624,-1.236215,1.194146,-2.044680
6.762500,-82.354820,-15.740036,3.529052,-1.233235,-1.217616,-2.013118
6.768750,-83.360458,-15.782557,3.110389,-1.230891,-3.578090,-1.987049
6.775000,-84.315941,-15.819147,2.924350,-1.229159,-5.890018,-1.965977
6.781250,-85.247215,-15.852288,1.538253,-1.228234,-8.155910,-1.949410
6.787500,-86.168869,-15.884547,1.000939,-1.228177,-10.378709,-1.936892
6.793750,-87.081741,-15.917810,1.150755,-1.228979,-12.560278,-1.928060
6.800000,-87.976982,-15.952779,1.791335,-1.230650,-14.702294,-1.922491
6.806250,-88.837563,-15.987590,2.702221,-1.233166,-16.806314,-1.919887
6.812500,-89.645378,-16.019018,3.647604,-1.236555,-18.874680,-1.919943
6.818750,-90.395523,-16.043982,4.390705,-1.240768,-20.907495,-1.922347
6.825000,-91.098915,-16.061428,4.702857,-1.245760,-22.905807,-1.926862
6.831250,-91.774422,-16.072395,6.547373,-1.251658,-24.871834,-1.933462
6.837500,-92.438614,-16.078934,8.387537,-1.258327,-26.805737,-1.941935
6.843750,-93.097733,-16.082851,8.687304,-1.265779,-28.708040,-1.952157
6.850000,-93.745964,-16.085079,9.408251,-1.274018,-30.580770,-1.964091
6.856250,-94.373108,-16.084688,10.322659,-1.283096,-32.425838,-1.977724
6.862500,-94.964134,-16.079237,11.192986,-1.293083,-34.244411,-1.992969
6.868750,-95.510727,-16.065577,11.784090,-1.303948,-36.037941,-2.009771
6.875000,-96.019447,-16.041546,11.873798,-1.315841,-37.808365,-2.028133
6.881250,-96.510979,-16.007999,11.264461,-1.328755,-39.558308,-2.048058
6.887500,-97.008507,-15.967050,9.794327,-1.342630,-41.287411,-2.069486
6.893750,-97.528351,-15.921415,9.513532,-1.357381,-42.997936,-2.092236
6.900000,-98.074196,-15.873604,8.986408,-1.373017,-44.691048,-2.116367
6.906250,-98.639938,-15.825530,6.792113,-1.389656,-46.367886,-2.141918
6.912500,-99.211365,-15.776818,5.013906,-1.407271,-48.029507,-2.168767
6.918750,-99.768013,-15.725244,3.546288,-1.425730,-49.675560,-2.196857
6.925000,-100.295982,-15.667672,2.267247,-1.445131,-51.307728,-2.226228
6.931250,-100.795250,-15.601792,1.044195,-1.465491,-52.926231,-2.256833
6.937500,-101.276649,-15.527353,-0.257580,-1.486756,-54.530865,-2.288640
6.943750,-101.759880,-15.445694,-1.769732,-1.508824,-56.122746,-2.321536
6.950000,-102.257668,-15.358611,-3.613827,-1.531873,-57.702541,-2.355641
6.956250,-102.774269,-15.267901,-5.896957,-1.556069,-59.271370,-2.391029
6.962500,-103.305237,-15.174369,-6.535684,-1.581445,-60.829922,-2.427730
6.968750,-103.841255,-15.077301,-6.951127,-1.607996,-62.378132,-2.465808
6.975000,-104.371979,-14.974862,-8.576054,-1.635961,-63.917030,-2.505426
6.981250,-104.893852,-14.865154,-9.363098,-1.665363,-65.447289,-2.546696
6.987500,-105.414864,-14.747642,-9.474309,-1.696211,-66.969452,-2.589613
6.993750,-105.951538,-14.623651,-9.107818,-1.728543,-68.482513,-2.634301
7.000000,-106.518631,-14.495394,-8.486715,-1.762580,-69.988022,-2.681057
7.006250,-107.122002,-14.365150,-7.847389,-1.798449,-71.486275,-2.730060
7.012500,-107.759094,-14.234550,-7.427485,-1.836059,-72.975708,-2.781261
7.018750,-108.418739,-14.104000,-7.455093,-1.875478,-74.456367,-2.834850
7.025000,-109.083191,-13.971842,-5.969772,-1.916962,-75.928833,-2.891132
7.031250,-109.736183,-13.835051,-4.508078,-1.960658,-77.391899,-2.950133
7.037500,-110.371872,-13.690792,-2.711907,-2.006521,-78.844635,-3.011837
7.043750,-110.999222,-13.537719,-2.136470,-2.054832,-80.285767,-3.076311
7.050000,-111.636353,-13.376367,-0.856160,-2.105966,-81.715942,-3.143764
7.056250,-112.301888,-13.208729,0.851318,-2.160102,-83.134422,-3.214280
7.062500,-113.006866,-13.036558,2.687031,-2.217336,-84.538994,-3.287893
7.068750,-113.755791,-12.861882,4.340989,-2.277889,-85.929871,-3.364729
7.075000,-114.544373,-12.685721,5.511590,-2.342283,-87.307480,-3.445097
7.081250,-115.364212,-12.507629,5.921423,-2.410640,-88.670143,-3.529184
7.087500,-116.206161,-12.326080,7.497785,-2.483041,-90.015923,-3.616823
7.093750,-117.068779,-12.140096,8.685239,-2.559918,-91.343765,-3.708342
7.100000,-117.961060,-11.950063,9.840711,-2.641742,-92.653679,-3.803916
7.106250,-118.895103,-11.757598,9.427890,-2.728766,-93.943657,-3.903580
7.112500,-119.879799,-11.564824,9.409358,-2.821219,-95.211693,-4.007335
7.118750,-120.916580,-11.373494,9.556411,-2.919540,-96.456741,-4.115382
7.125000,-121.998886,-11.184752,9.631011,-3.024329,-97.677277,-4.227829
7.131250,-123.113647,-10.998261,9.397636,-3.135755,-98.870544,-4.344663
7.137500,-124.245483,-10.812177,8.634823,-3.254297,-100.033974,-4.465795
7.143750,-125.383591,-10.623695,7.144556,-3.380694,-101.165184,-4.591360
7.150000,-126.527924,-10.430969,4.765686,-3.515524,-102.260330,-4.721230
7.156250,-127.692383,-10.233700,3.548109,-3.659048,-103.314171,-4.854898
7.162500,-128.894287,-10.033349,2.059147,-3.812095,-104.323357,-4.992192
7.168750,-130.150085,-9.832251,0.770172,-3.975786,-105.285736,-5.133382
7.175000,-131.467560,-9.632843,-1.750314,-4.150888,-106.197327,-5.278113
7.181250,-132.847610,-9.437150,-3.449810,-4.337816,-107.050598,-5.425516
7.187500,-134.283722,-9.246572,-4.489054,-4.537518,-107.840584,-5.575183
7.193750,-135.763947,-9.061050,-5.066701,-4.751212,-108.565544,-5.726879
7.200000,-137.276962,-8.879452,-5.400955,-4.979785,-109.220779,-5.879816
7.206250,-138.816360,-8.701031,-5.723091,-5.223886,-109.798897,-6.032557
7.212500,-140.384766,-8.525784,-6.269564,-5.484902,-110.297165,-6.184313
7.218750,-141.986969,-8.354683,-7.266514,-5.764463,-110.714203,-6.334198
7.225000,-143.627075,-8.188771,-6.746503,-6.063644,-111.046158,-6.480712
7.231250,-145.303879,-8.029018,-6.238382,-6.383380,-111.288689,-6.622081
7.237500,-147.011475,-7.875895,-5.379317,-6.725494,-111.442863,-6.757046
7.243750,-148.742722,-7.729235,-5.717751,-7.091715,-111.511551,-6.884504
7.250000,-148.593674,-7.588125,-5.314420,-7.483404,-111.494972,-7.002498
7.256250,-148.180237,-7.451282,-4.434035,-7.902243,-111.394051,-7.109360
7.262500,-146.969421,-7.317874,-3.367178,-8.351208,-111.216629,-7.203834
7.268750,-144.474289,-7.187809,-2.408144,-8.832783,-110.970772,-7.284942
7.275000,-140.277435,-7.062179,-1.833701,-9.349477,-110.661545,-7.351132
7.281250,-134.046280,-6.942598,-1.896895,-9.903933,-110.299637,-7.401294
7.287500,-125.548180,-6.831099,-0.640178,-10.498930,-109.897377,-7.435047
7.293750,-114.660088,-6.729506,0.419437,-11.135806,-109.468063,-7.452056
7.300000,-101.373886,-6.638932,-0.206876,-11.813581,-109.022362,-7.451592
7.306250,-85.797623,-6.559554,-0.490765,-12.531170,-108.573288,-7.433727
7.312500,-68.153610,-6.490590,-0.575956,-13.285615,-108.138420,-7.399251
7.318750,-48.768219,-6.430251,-0.595257,-14.071819,-107.730385,-7.348738
7.325000,-28.060020,-6.377073,-0.659005,-14.881590,-107.358261,-7.282563
7.331250,-6.518714,-6.329617,-0.865313,-15.704460,-107.033859,-7.201706
7.337500,15.321354,-6.287173,-1.282016,-16.527695,-106.769730,-7.107865
7.343750,36.908676,-6.249552,-1.952522,-17.335924,-106.573875,-7.002357
7.350000,57.706612,-6.216983,-2.887567,-18.112270,-106.450386,-6.886185
7.356250,77.220116,-6.190027,-3.804539,-18.839447,-106.404648,-6.761148
7.362500,95.021698,-6.169034,-4.413651,-19.500992,-106.443130,-6.629461
7.368750,110.775040,-6.153576,-4.701437,-20.080875,-106.567757,-6.492669
7.375000,124.247429,-6.142854,-4.661783,-20.565287,-106.774353,-6.352140
7.381250,135.318817,-6.136376,-4.305279,-20.943979,-107.064392,-6.209548
7.387500,143.985367,-6.134046,-3.654345,-21.210304,-107.438095,-6.066799
7.393750,150.362885,-6.136891,-2.737067,-21.360895,-107.891441,-5.924848
7.400000,154.684158,-6.145931,-1.592883,-21.396166,-108.417824,-5.784444
7.406250,157.291672,-6.162244,-0.272720,-21.320911,-109.015678,-5.646766
7.412500,158.617828,-6.186559,1.163321,-21.143530,-109.683578,-5.513054
7.418750,159.164413,-6.218775,0.760141,-20.874634,-110.415550,-5.383667
7.425000,159.477982,-6.257543,2.243825,-20.527397,-111.204079,-5.258615
7.431250,157.950531,-6.300397,3.651468,-20.117197,-112.046516,-5.138598
7.437500,156.485291,-6.344448,4.918206,-19.659822,-112.939423,-5.023842
7.443750,155.079132,-6.387756,5.989957,-19.169998,-113.875885,-4.914111
7.450000,153.719742,-6.429849,6.818366,-18.662235,-114.850487,-4.809218
7.456250,152.392303,-6.471341,7.358385,-18.149067,-115.861465,-4.709301
7.462500,151.084381,-6.513622,7.575294,-17.640507,-116.903809,-4.614295
7.468750,149.788086,-6.558082,7.439843,-17.143396,-117.973137,-4.523773
7.475000,148.503677,-6.605863,6.925065,-16.663074,-119.065369,-4.437666
7.481250,147.235092,-6.657222,6.277518,-16.203852,-120.179367,-4.356202
7.487500,145.989441,-6.711654,5.737949,-15.767183,-121.312500,-4.279243
7.493750,144.772171,-6.768332,5.251803,-15.353126,-122.457993,-4.206485
7.500000,143.582474,-6.827288,4.745917,-14.961577,-123.614693,-4.137828
7.506250,142.416992,-6.888866,4.127337,-14.591247,-124.781761,-4.073369
7.512500,141.272903,-6.953954,3.301506,-14.240696,-125.956528,-4.012802
7.518750,140.151108,-7.023380,2.162746,-13.908710,-127.137367,-3.955962
7.525000,139.057571,-7.097631,0.614893,-13.594449,-128.323181,-3.903022
7.531250,138.003098,-7.175941,-1.430381,-13.296561,-129.513519,-3.853923
7.537500,137.002060,-7.256043,-1.873056,-13.014314,-130.705521,-3.808258
7.543750,136.064301,-7.335052,-2.123725,-12.747139,-131.898056,-3.765789
7.550000,135.189896,-7.410656,-3.607291,-12.494999,-133.091721,-3.726625
7.556250,134.366684,-7.482245,-4.265557,-12.257527,-134.286758,-3.690581
7.562500,133.577850,-7.550505,-4.246767,-12.033629,-135.479950,-3.657289
7.568750,132.808884,-7.617181,-3.734395,-11.822127,-136.670929,-3.626355
7.575000,132.053055,-7.683778,-2.939398,-11.621708,-137.860825,-3.597906
7.581250,131.308960,-7.751810,-2.085026,-11.430487,-139.051682,-3.571994
7.587500,130.582474,-7.821949,-1.397120,-11.246292,-140.241562,-3.548292
7.593750,129.884689,-7.893271,-1.093844,-11.066885,-141.430405,-3.526616
7.600000,129.227615,-7.963929,0.790637,-10.890046,-142.618332,-3.506909
7.606250,128.617065,-8.031967,2.721399,-10.713550,-143.805908,-3.489109
7.612500,128.048935,-8.096558,3.162095,-10.535196,-144.992142,-3.473010
7.618750,127.514267,-8.157674,4.070291,-10.353208,-146.177536,-3.458646
7.625000,127.004776,-8.215790,5.211240,-10.166046,-147.361984,-3.446022
7.631250,126.515556,-8.271788,6.338899,-9.972297,-148.544189,-3.435020
7.637500,126.046432,-8.326079,7.206989,-9.771181,-149.723877,-3.425432
7.643750,125.601494,-8.377916,7.578778,-9.562512,-150.901566,-3.417496
7.650000,125.189453,-8.425406,7.243021,-9.346799,-152.077621,-3.411299
7.656250,124.810509,-8.466651,6.025716,-9.124738,-153.251541,-3.406683
7.662500,124.453651,-8.501398,5.962090,-8.897643,-154.423309,-3.403605
7.668750,124.100388,-8.531200,5.607205,-8.667257,-155.593933,-3.402203
7.675000,123.734352,-8.558526,5.427689,-8.435534,-156.765213,-3.402255
7.681250,123.348244,-8.585653,3.987265,-8.204052,-157.935699,-3.403699
7.687500,122.942284,-8.614824,3.333962,-7.974626,-159.107025,-3.406366
7.693750,122.523239,-8.647747,3.304443,-7.748966,-160.280273,-3.410716
7.700000,122.104538,-8.684720,3.706377,-7.528311,-161.456177,-3.416567
7.706250,121.707024,-8.723630,4.323932,-7.313494,-162.633423,-3.423591
7.712500,121.349136,-8.761208,4.926552,-7.105888,-161.918152,-3.431937
7.718750,121.036346,-8.794693,5.281133,-6.906476,-160.932648,-3.441889
7.725000,120.760590,-8.822933,5.169285,-6.715663,-159.143311,-3.453350
7.731250,120.506287,-8.846212,6.562492,-6.533340,-156.055267,-3.466004
7.737500,120.261467,-8.865315,7.931928,-6.359427,-151.241440,-3.479828
7.743750,120.018967,-8.881376,7.745701,-6.194056,-144.362747,-3.495055
7.750000,119.775734,-8.895630,7.971444,-6.036958,-135.181747,-3.511753
7.756250,119.534348,-8.908100,8.388872,-5.887642,-123.573753,-3.529702
7.762500,119.303329,-8.917529,8.764592,-5.746103,-109.539391,-3.548918
7.768750,119.087357,-8.922252,8.865279,-5.612354,-93.201843,-3.569846
7.775000,118.879295,-8.922240,8.472856,-5.486159,-74.797729,-3.592353
7.781250,118.664856,-8.919003,7.395769,-5.367140,-54.667862,-3.616392
7.787500,118.432075,-8.914647,5.473969,-5.255210,-33.238480,-3.642072
7.793750,118.178680,-8.910781,4.756369,-5.150376,-11.004423,-3.669637
7.800000,117.908684,-8.908872,3.812504,-5.052160,11.501892,-3.698959
7.806250,117.630493,-8.909852,3.119883,-4.960072,33.735855,-3.729717
7.812500,117.356789,-8.913134,1.245282,-4.874027,55.162807,-3.762089
7.818750,117.107635,-8.915664,0.235374,-4.794208,75.287804,-3.796602
7.825000,116.897362,-8.913497,-0.069058,-4.720292,93.684952,-3.833271
7.831250,116.722458,-8.904212,0.139322,-4.651696,110.017456,-3.871749
7.837500,116.563255,-8.887801,0.638949,-4.588246,124.049255,-3.911963
7.843750,116.399170,-8.865676,1.194296,-4.530044,135.657516,-3.954246
7.850000,116.214287,-8.839787,1.568393,-4.477009,144.843613,-3.998582
7.856250,116.001846,-8.812048,1.537408,-4.428707,151.731293,-4.044835
7.862500,115.759758,-8.784539,3.064569,-4.385002,156.558411,-4.092959
7.868750,115.491310,-8.758698,4.611827,-4.345783,159.665039,-4.143186
7.875000,115.208321,-8.734134,4.643154,-4.310980,161.477005,-4.195581
7.881250,114.924828,-8.709142,5.121595,-4.280293,162.489212,-4.250055
7.887500,114.646393,-8.682463,5.819069,-4.253758,163.233459,-4.306830
7.893750,114.366402,-8.654227,6.497281,-4.231306,162.088455,-4.366034
7.900000,114.075233,-8.625638,6.921578,-4.212650,160.949127,-4.427496
7.906250,113.768127,-8.597936,6.871591,-4.197444,159.816650,-4.491139
7.912500,113.447945,-8.571814,6.149881,-4.185661,158.690384,-4.557081
7.918750,113.121048,-8.571814,4.592731,-4.185661,157.568558,-4.557081
7.925000,113.121048,-8.571814,4.592731,-4.185661,157.568558,-4.557081
7.931250,113.121048,-8.571814,4.592731,-4.185661,157.568558,-4.557081
7.937500,113.121048,-8.571814,4.592731,-4.185661,157.568558,-4.557081
7.943750,113.121048,-8.571814,4.592731,-4.185661,157.568558,-4.557081
7.950000,113.121048,-8.571814,4.592731,-4.185661,157.568558,-4.557081
7.956250,113.121048,-8.571814,4.592731,-4.185661,157.568558,-4.557081
7.962500,113.121048,-8.571814,4.592731,-4.185661,157.568558,-4.557081
7.968750,113.121048,-8.571814,4.592731,-4.185661,157.568558,-4.557081
7.975000,113.121048,-8.571814,4.592731,-4.185661,157.568558,-4.557081
7.981250,113.121048,-8.571814,4.592731,-4.185661,157.568558,-4.557081
7.987500,113.121048,-8.571814,4.592731,-4.185661,157.568558,-4.557081
7.993750,113.121048,-8.571814,4.592731,-4.185661,157.568558,-4.557081
8.000000,113.121048,-8.571814,4.592731,-4.185661,157.568558,-4.557081
