Anritsu VNA Frequency[GHz],S21[deg],S21[dB],S11[deg],S11[dB],S22[deg],S22[dB]
1337880496.71,2012_05_24_18:28:16,+298.37,+298.54,+02.989,+298.40,+297.77,+298.87,+298.36,+298.93,243.943176,-6.914
3.001581,77.870308,0.196417,-101.605080,-20.388531,99.940453,-20.603197
3.006586,82.128906,0.435476,-131.370941,-17.634850,104.988861,-19.410444
3.011592,84.077148,0.327204,-114.155815,-19.120207,112.620979,-18.074961
3.016597,90.065163,0.328423,-104.304558,-16.367054,118.149864,-17.164547
3.021603,91.188187,0.388608,-86.175842,-17.659929,123.901566,-16.888020
3.026609,95.938377,0.184408,-75.957253,-16.078606,129.595749,-17.239529
3.031614,98.616570,0.342640,-69.437126,-18.972263,133.201736,-18.462778
3.036620,101.352623,0.244161,-40.271275,-17.774000,135.371017,-20.227331
3.041625,105.445358,0.371858,-38.498470,-19.844027,134.291107,-22.481112
3.046631,108.786217,0.336942,-15.499994,-20.386459,132.235977,-24.394554
3.051637,111.789619,0.477902,2.361989,-24.387758,126.960876,-26.030848
3.056642,114.946808,0.409216,14.140304,-31.027515,123.122528,-27.837076
3.061648,116.210487,0.684593,16.897921,-28.291393,123.930061,-30.932089
3.066653,120.680779,0.387273,17.349377,-26.804132,130.818787,-36.127068
3.071659,123.133102,0.238753,100.907768,-31.819120,138.289673,-56.227993
3.076664,127.342209,0.470796,134.920349,-26.659058,85.759125,-36.258415
3.081670,130.253830,0.395067,102.388947,-28.966345,-3.820076,-31.037888
3.086676,133.451431,0.321016,109.498512,-37.996719,6.720579,-29.149776
3.091681,136.079926,0.274743,-131.131470,-26.072422,12.989645,-29.326727
3.096687,140.117218,0.368341,-146.703125,-24.165285,24.450811,-31.828054
3.101692,141.685516,0.363230,-141.203873,-22.373478,24.228493,-38.187485
3.106698,144.791885,0.251580,-116.782951,-24.521971,-5.477881,-33.988842
3.111704,147.767120,0.305116,-100.337639,-21.958199,-80.100372,-28.483671
3.116709,151.125534,0.485683,-71.020462,-22.625814,-90.561935,-26.218857
3.121715,156.451843,0.279299,-41.055683,-23.429361,-94.678886,-25.183044
3.126720,158.733307,0.453030,-12.818510,-23.383921,-94.225250,-25.634260
3.131726,161.361954,0.351962,23.343594,-19.529949,-96.299667,-26.857140
3.136732,164.271591,0.530120,27.956158,-21.594669,-104.619225,-28.187336
3.141737,167.892349,0.450076,60.625328,-25.772375,-108.826599,-29.293413
3.146743,172.289398,0.347876,79.968521,-41.980995,-107.141136,-30.755329
3.151748,173.638733,0.426882,167.276367,-31.770760,-92.345673,-30.448570
3.156754,175.191818,0.158754,96.221664,-30.364931,-61.831066,-28.747717
3.161760,-179.539825,0.335873,-105.145218,-28.459671,-31.186491,-26.770861
3.166765,-176.319458,0.111527,167.082870,-27.223059,-5.464741,-25.176647
3.171771,-173.675018,0.493214,-170.945221,-27.438210,13.207483,-24.291008
3.176776,-170.675140,0.271948,-152.642380,-25.074234,35.771679,-23.704531
3.181782,-168.172226,0.756700,-114.014984,-23.002314,54.186867,-22.756847
3.186788,-163.784164,0.740164,-106.469009,-22.084480,71.557510,-22.345667
3.191793,-160.103516,0.364870,-124.302841,-21.175922,82.448753,-21.924137
3.196799,-157.569168,0.407325,-103.149719,-22.524281,90.127625,-21.582657
3.201804,-153.725357,0.484408,-66.448524,-21.019806,94.429848,-21.360563
3.206810,-151.618469,0.185144,-70.545273,-20.011198,95.629402,-21.591568
3.211815,-149.663239,0.074141,-65.216331,-25.095407,98.531555,-21.980961
3.216821,-145.336960,0.334779,-56.272423,-26.215107,105.196869,-23.125597
3.221827,-142.321976,0.276009,-25.377539,-41.986340,115.616966,-24.307243
3.226832,-137.080673,0.408323,153.224136,-29.561934,131.905548,-25.833694
3.231838,-136.572342,0.416033,-119.611153,-36.332649,158.815140,-26.491899
3.236843,-134.160355,0.474146,-117.343246,-33.402512,-174.170532,-26.553310
3.241849,-128.810104,0.560566,-62.786766,-22.154379,-151.031143,-27.221506
3.246855,-126.342773,0.222630,-94.988358,-25.335674,-139.275482,-28.926161
3.251860,-123.908806,0.540919,-101.289207,-20.713737,-136.037659,-32.868378
3.256866,-121.168762,0.445656,-78.535141,-23.625149,-143.528015,-38.386677
3.261871,-118.147911,0.433432,-85.062370,-23.802996,-162.115067,-40.516644
3.266877,-114.137222,0.372383,-51.388718,-25.788029,141.933289,-37.733368
3.271883,-111.742661,0.337153,-32.421989,-28.591238,125.741188,-40.787022
3.276888,-107.502625,0.336979,2.675179,-30.981596,95.854973,-36.472172
3.281894,-105.496338,0.646459,-11.796495,-29.876804,68.317307,-32.959824
3.286899,-101.982430,0.214044,131.183517,-27.349285,79.080055,-33.341908
3.291905,-97.437515,0.533947,-19.046108,-25.216345,83.688560,-29.330366
3.296911,-94.505890,0.457499,8.407800,-19.987104,103.556480,-28.482370
3.301916,-92.654915,0.395118,-18.644381,-23.687044,129.166275,-27.017794
3.306922,-90.672928,0.271797,17.471386,-29.403366,148.358353,-26.433777
3.311927,-85.054504,0.393424,53.380409,-37.034794,165.288284,-27.202686
3.316933,-83.071815,0.369949,-16.301884,-30.965921,-175.191818,-29.346764
3.321939,-81.948380,0.501470,133.914520,-28.502028,-162.290543,-31.932848
3.326944,-77.203896,0.319988,-24.409824,-31.039452,-121.799416,-29.593967
3.331950,-73.535278,0.483488,-43.932102,-21.125078,-89.121651,-28.213305
3.336955,-71.169250,0.316031,-43.750301,-21.116211,-67.460609,-24.766359
3.341961,-66.901276,0.317482,-16.254557,-17.440460,-70.339500,-22.606001
3.346967,-64.630623,0.446321,-6.123409,-17.407351,-70.339676,-21.230001
3.351972,-60.023911,0.356056,8.857278,-18.285896,-69.420746,-20.615444
3.356978,-59.038883,0.386492,16.856438,-19.003880,-66.086533,-21.002298
3.361983,-54.899017,0.393333,37.277565,-21.268574,-58.180607,-21.898020
3.366989,-50.744617,0.383500,51.885994,-21.681236,-50.602936,-23.534447
3.371994,-48.884476,0.307564,42.384220,-21.184696,-35.589603,-26.204445
3.377000,-45.438011,0.327175,85.298180,-22.870670,-19.826269,-30.321276
3.382006,-41.306824,0.452608,49.645550,-25.179094,3.150432,-35.895412
3.387011,-39.654648,0.261397,105.502747,-26.052347,41.597614,-37.478336
3.392017,-36.869324,0.484105,70.473923,-35.892521,103.524017,-35.434155
3.397022,-32.756977,0.650199,-0.062565,-27.361965,139.161789,-30.627859
3.402028,-29.953180,0.512122,-162.584198,-24.371393,149.571121,-28.890810
3.407034,-26.171301,0.283906,-158.761459,-20.724188,157.584778,-26.555719
3.412039,-22.905106,0.436206,-125.304352,-22.202866,154.068710,-24.688496
3.417045,-20.484026,0.484014,-117.166473,-21.947748,155.181274,-22.833284
3.422050,-16.349314,0.408689,-111.726265,-18.407391,157.779434,-22.091511
3.427056,-13.407325,0.564992,-83.110069,-17.490126,162.457535,-22.199865
3.432062,-11.057718,0.277588,-48.078426,-20.475510,164.472061,-24.008224
3.437067,-7.412907,0.336327,-46.172256,-19.012909,163.954102,-27.973022
3.442073,-6.275104,0.387690,-9.835258,-19.032156,151.363724,-31.040356
3.447078,-1.604431,0.353985,15.584028,-23.090874,104.956650,-28.647501
3.452084,1.313637,0.558762,41.739067,-22.154068,69.957314,-25.769232
3.457090,4.825715,0.502818,50.163551,-22.251858,61.567333,-24.894016
3.462095,8.614133,0.351925,83.433449,-24.792498,59.675282,-25.097097
3.467101,12.196267,0.538200,102.735161,-27.970701,64.057564,-25.803503
3.472106,13.423330,0.398187,101.876205,-26.575502,71.633247,-26.699224
3.477112,16.284618,0.601701,58.819489,-24.620838,78.046211,-26.560925
3.482118,19.306810,0.356093,90.547577,-22.911156,80.831505,-26.075495
3.487123,22.292259,0.589181,128.573196,-24.595686,84.100052,-25.560944
3.492129,27.883390,0.575244,121.303673,-25.710604,87.906395,-25.480907
3.497134,28.722343,0.381639,151.236069,-23.282349,94.272476,-26.538187
3.502140,33.116493,0.620962,179.911346,-45.821339,105.475784,-28.991280
3.507145,36.710339,0.514520,133.971939,-26.859554,123.988930,-32.970837
3.512151,38.803524,0.432658,-151.366867,-30.302139,161.874496,-32.045528
3.517157,41.898140,0.281172,-90.899170,-29.238604,-135.398743,-28.408594
3.522162,43.160683,0.417757,-10.992842,-33.800835,-103.848297,-26.662458
3.527168,48.757233,0.539164,-14.260492,-23.299730,-86.078049,-26.109043
3.532173,50.822353,0.740717,69.376816,-27.917707,-73.320366,-26.416002
3.537179,55.867680,0.460732,52.658386,-28.405985,-65.295647,-29.051754
3.542185,57.091339,0.461829,111.591232,-36.737648,-52.479504,-30.325815
3.547190,60.951488,0.317891,76.407562,-29.650036,-39.972622,-28.285877
3.552196,63.543526,0.506135,-153.763245,-28.937874,-16.841423,-26.961197
3.557201,67.127716,0.365439,-93.483925,-27.985977,0.413893,-23.763487
3.562207,72.338593,0.534429,-88.698463,-27.389372,11.050013,-22.098293
3.567213,74.774918,0.341263,-114.705246,-22.011589,19.930597,-21.307692
3.572218,75.976555,0.412261,-58.082104,-21.862230,30.307243,-21.375290
3.577224,81.064629,0.319663,-32.577366,-24.963306,40.491253,-22.159786
3.582229,82.260941,0.169240,-40.486256,-32.164627,53.060314,-23.934250
3.587235,86.366592,0.108732,-28.097319,-28.513010,66.121780,-25.893957
3.592241,89.962227,0.152472,-19.827072,-30.792450,78.038582,-27.974756
3.597246,92.363602,0.466064,-43.442322,-34.011078,83.255989,-28.993490
3.602252,94.763138,0.462582,-172.978271,-33.022118,73.031952,-29.006399
3.607257,98.614265,0.561630,-47.874146,-33.436501,67.253502,-28.358093
3.612263,102.160332,0.740339,-30.824144,-25.310204,58.325157,-28.128408
3.617269,105.580688,0.461161,-2.634533,-24.823444,54.933094,-28.629757
3.622274,108.127083,0.430609,48.700153,-25.411997,56.158741,-29.690483
3.627280,110.494186,0.590642,89.601059,-20.942179,46.898586,-30.107134
3.632285,114.249069,0.256694,108.981689,-27.410681,27.914963,-29.580086
3.637291,117.559044,0.363435,173.713547,-24.620043,12.765995,-27.071772
3.642296,119.511253,0.542021,-135.820587,-28.157288,16.370766,-24.661110
3.647302,123.902290,0.520059,-79.713112,-22.478382,36.344288,-23.139666
3.652308,125.300507,0.489605,-27.464909,-19.208191,60.701057,-19.965162
3.657313,130.199341,0.405198,-2.684992,-20.619089,79.350960,-17.549454
3.662319,131.784882,0.580088,26.247967,-16.848385,94.048485,-16.170561
3.667324,136.255646,0.266137,37.836536,-16.635164,102.726120,-15.255255
3.672330,137.862274,0.257167,56.608654,-14.958949,106.567863,-14.978136
3.677336,142.939087,0.187962,66.811432,-17.253717,110.056992,-14.959992
3.682341,144.858322,0.329810,85.605415,-16.416725,112.603096,-15.008356
3.687347,148.204590,0.750870,98.971588,-15.952356,115.356186,-15.269660
3.692352,151.519470,0.306603,100.710693,-15.666619,120.039207,-14.772966
3.697358,153.822037,0.314344,102.479065,-16.858311,127.651947,-14.804802
3.702364,157.288818,0.591293,101.236130,-16.346693,135.699142,-15.128495
3.707369,160.223419,0.580854,117.817360,-16.521719,144.907944,-15.862630
3.712375,164.134323,0.503317,128.893707,-15.677283,153.040359,-17.403025
3.717380,168.087357,0.242009,136.334564,-19.576937,161.184570,-19.511997
3.722386,169.300598,0.490211,146.786942,-19.712360,170.445984,-22.924778
3.727392,175.281403,0.354577,148.020889,-24.835953,175.138031,-27.347128
3.732397,178.321320,0.524918,165.079010,-25.797756,-176.872147,-34.186325
3.737403,-177.823257,0.272375,-154.326416,-26.191313,-154.357895,-37.668911
3.742408,-175.705948,0.199312,-94.077995,-25.625544,-106.075493,-32.126526
3.747414,-172.450027,0.704387,-55.368172,-23.567869,-66.297501,-27.243948
3.752420,-170.388062,0.318004,-11.762979,-22.655712,-58.685642,-24.701965
3.757425,-167.016327,0.482290,17.926994,-20.701448,-53.922512,-23.074650
3.762431,-164.713425,0.478594,52.684246,-21.799616,-48.495014,-22.770075
3.767436,-159.723343,0.366985,47.240482,-22.402506,-40.874249,-23.817436
3.772442,-157.979446,0.713077,75.867195,-22.903769,-37.094845,-25.187084
3.777448,-155.192963,0.558965,89.664520,-28.513947,-38.003609,-27.638857
3.782453,-151.385071,0.422256,108.070221,-22.415430,-39.854576,-28.729973
3.787459,-148.080048,0.538340,105.328590,-27.522060,-49.642502,-27.141033
3.792464,-145.589706,0.519912,109.294731,-24.700317,-61.191113,-24.803291
3.797470,-141.389542,0.238689,90.325775,-22.477896,-60.592422,-22.604134
3.802475,-140.207581,0.552467,111.332367,-23.474573,-58.065033,-21.539303
3.807481,-135.608215,0.498290,141.912094,-24.138916,-49.398762,-21.290489
3.812487,-132.569885,0.479699,144.930923,-20.884317,-44.863434,-21.861485
3.817492,-129.402023,0.594357,175.095200,-26.404737,-40.661968,-22.724342
3.822498,-126.560547,0.618560,-156.896118,-20.737907,-36.280567,-23.879326
3.827503,-123.623558,0.530438,-120.336197,-26.024124,-29.572432,-24.140865
3.832509,-121.147614,0.361737,-110.439270,-42.470253,-19.539728,-23.499620
3.837515,-117.142616,0.597640,-116.069794,-41.489609,-4.713954,-22.017181
3.842520,-113.007690,0.524305,-46.562946,-26.230495,14.455473,-20.723366
3.847526,-109.560753,0.547024,85.152008,-28.885658,28.582405,-19.710842
3.852531,-106.781235,0.507498,96.640297,-26.626711,42.151035,-19.594591
3.857537,-104.652748,0.300761,125.667786,-27.787716,54.826233,-20.545616
3.862543,-100.817520,0.575699,-147.915329,-26.982874,69.894119,-22.076536
3.867548,-100.247528,0.443771,160.916550,-29.522295,82.374298,-23.527679
3.872554,-95.615692,0.372692,29.239895,-31.827457,105.384895,-24.155729
3.877559,-91.304268,0.449869,147.590088,-32.204937,126.481064,-24.775692
3.882565,-88.746262,0.333314,-6.003753,-23.680853,143.784149,-23.977652
3.887571,-85.811844,0.435205,36.226650,-21.634382,155.538696,-23.005404
3.892576,-84.319595,0.321535,15.576327,-21.367729,162.800201,-22.345901
3.897582,-78.612434,0.442020,18.810255,-26.270796,169.424362,-22.066364
3.902587,-76.287086,0.355533,8.711493,-21.856916,179.742081,-22.115461
3.907593,-74.890663,0.638424,45.245857,-24.895550,-162.027176,-22.449932
3.912599,-71.527206,0.234961,45.910004,-27.421083,-141.013748,-23.081745
3.917604,-65.336670,0.447092,24.088642,-25.917240,-121.149361,-23.100559
3.922610,-63.239883,0.721000,38.209625,-20.364136,-96.885368,-23.541201
3.927615,-59.764454,0.618121,61.985928,-21.338722,-80.130516,-26.901495
3.932621,-57.374699,0.288412,46.795425,-23.674990,-63.767845,-30.941391
3.937626,-53.516018,0.604621,69.054451,-28.617996,-32.852013,-36.241226
3.942632,-51.365902,0.648867,71.508629,-28.769606,39.378887,-30.711462
3.947638,-49.982857,0.323412,116.157539,-31.183199,83.241226,-28.592762
3.952643,-46.121086,0.321346,-161.989471,-22.555408,92.946953,-27.327003
3.957649,-41.219692,0.304835,-145.051926,-23.884232,90.977158,-25.670902
3.962654,-40.934582,0.114534,-103.771179,-22.243219,89.661453,-25.531605
3.967660,-35.792778,0.581657,-61.346306,-21.022131,86.497742,-25.274151
3.972666,-32.611832,0.335235,-39.869755,-24.136953,98.403847,-26.813154
3.977671,-29.467394,0.549240,8.774697,-24.404385,109.457062,-28.043585
3.982677,-28.644846,0.270348,37.352795,-20.642204,138.795227,-26.935938
3.987682,-22.351524,0.604277,78.591835,-22.195351,-164.123230,-23.571823
3.992688,-20.375624,0.329203,110.233719,-23.768286,-134.635071,-20.654903
3.997694,-15.622214,0.420394,122.849831,-19.402246,-114.681778,-19.099047
4.002699,-15.219151,0.489701,148.019150,-20.411461,-101.885666,-18.021078
4.007705,-10.389121,0.471921,144.745407,-19.294937,-90.533531,-17.686138
4.012710,-7.788626,0.388382,158.301987,-18.115242,-80.001724,-17.315775
4.017716,-4.441158,0.308127,159.242020,-18.366735,-69.928864,-16.810249
4.022722,-2.158402,0.224447,158.628494,-15.699633,-61.796452,-16.277199
4.027727,2.940535,0.356742,164.435425,-15.845722,-56.715935,-15.772635
4.032733,4.601125,0.391872,171.452057,-14.966924,-51.514313,-15.483261
4.037738,8.413238,0.291025,-162.318130,-15.544841,-46.812103,-15.604087
4.042744,11.668747,0.545182,-153.509491,-16.182131,-42.276718,-16.417135
4.047750,15.031384,0.466011,-139.446823,-17.615704,-37.794174,-18.013273
4.052755,17.022564,0.572780,-130.575027,-17.240883,-31.373112,-20.273901
4.057761,21.557629,0.508877,-120.227310,-21.027163,-27.919764,-23.593184
4.062766,24.397388,0.109206,-105.869118,-22.776896,-23.460808,-26.788647
4.067772,25.978731,0.604187,-69.001976,-30.309914,-21.454878,-31.159487
4.072777,29.649023,0.786679,-40.969261,-25.333216,-31.246197,-33.256344
4.077783,33.684448,0.532434,-32.042679,-29.188492,-38.001949,-32.572197
4.082789,36.735508,0.497102,42.668652,-27.554249,-37.507332,-31.719093
4.087794,40.436169,0.544957,2.428084,-32.803261,-29.493837,-31.978907
4.092800,42.685909,0.455813,-157.178345,-28.542572,-25.094204,-32.301506
4.097805,45.871651,0.625777,37.283619,-31.210316,-31.478827,-32.500305
4.102811,49.290024,0.549734,24.986950,-27.710236,-40.935852,-31.084652
4.107817,51.334843,0.320880,3.293314,-27.116606,-51.600636,-29.306475
4.112822,54.400467,0.026206,48.457169,-31.822935,-47.534195,-27.683529
4.117828,58.752293,0.316031,18.489193,-25.471972,-26.965395,-26.113319
4.122833,60.477692,0.547825,131.303268,-24.595470,2.976177,-23.491766
4.127839,64.473976,0.437444,162.943497,-24.022036,29.501802,-20.994276
4.132845,67.934731,0.467161,166.323822,-22.959421,48.602459,-19.373688
4.137850,71.986397,0.521063,-146.478348,-21.427010,65.538261,-18.455318
4.142856,74.904160,0.582739,-108.955658,-23.603483,78.155045,-18.312513
4.147861,76.556885,0.314491,-92.131714,-25.451338,88.739151,-18.693533
4.152867,79.963295,0.287729,-129.168442,-26.053461,98.213295,-19.296112
4.157873,82.250641,0.506956,-127.543510,-22.710592,107.576263,-19.584219
4.162878,88.617622,0.400213,-129.071396,-21.777269,114.717773,-19.535101
4.167884,93.241119,0.425412,-140.277206,-20.309067,121.845612,-18.659185
4.172889,93.418137,0.471337,-126.714584,-21.062292,131.339310,-18.017776
4.177895,97.760551,0.524413,-115.498268,-18.596029,140.271545,-17.749887
4.182901,100.600235,0.464679,-120.844170,-20.887579,148.510071,-18.030603
4.187906,102.789528,0.429570,-102.906250,-20.115377,157.709320,-19.567022
4.192912,104.754066,0.345160,-92.703346,-22.089619,167.047455,-22.374502
4.197917,109.872505,0.401483,-61.309616,-25.598507,-178.861130,-27.604977
4.202923,108.811348,0.309745,-70.234962,-32.639023,-162.331421,-36.617825
4.207929,113.736061,0.284554,15.688238,-34.029240,-104.890762,-31.017548
4.212934,118.048523,0.458393,170.212433,-23.176579,-16.741499,-27.258316
4.217940,120.659088,0.614363,119.385941,-27.235817,9.022045,-25.620239
4.222945,123.515770,0.354916,101.430115,-23.868559,24.346584,-24.405666
4.227951,127.409294,0.436083,116.854637,-23.260551,29.957935,-23.799990
4.232956,130.336349,0.752058,105.828697,-25.226089,37.970604,-22.868296
4.237962,134.271591,0.271561,125.850624,-21.245975,46.167831,-21.755510
4.242968,137.817459,0.390194,129.389221,-22.265110,49.385979,-20.802177
4.247973,139.946274,0.556203,128.221680,-20.299799,57.572403,-20.331146
4.252979,143.331497,0.347203,122.799934,-21.725632,66.754936,-20.378489
4.257984,144.688156,0.582933,160.806168,-24.321836,76.018372,-21.615910
4.262990,150.292480,0.388169,161.547668,-20.519436,89.515991,-24.202726
4.267996,152.728531,0.470050,-165.276917,-26.942978,105.574219,-27.956257
4.273001,155.206375,0.287418,-120.076134,-31.855925,133.340973,-29.131424
4.278007,158.733322,0.423517,-75.873680,-24.380844,-177.854095,-27.644917
4.283012,162.071838,0.468851,-39.123379,-22.506443,-139.799561,-25.943806
4.288018,164.271500,0.282566,-23.773809,-22.766151,-123.890030,-26.061295
4.293024,168.189499,0.345559,5.667841,-23.921545,-116.943687,-26.862761
4.298029,171.139206,0.482423,18.684547,-21.058975,-111.315338,-28.718395
4.303035,174.841537,0.392040,72.850761,-26.694052,-103.135933,-30.426834
4.308040,176.770538,0.568116,74.359520,-26.530838,-81.649445,-30.388266
4.313046,-178.827148,0.515834,145.908554,-32.302898,-34.576786,-26.908413
4.318052,-175.992584,0.543928,154.529190,-23.772085,-0.790840,-23.866220
4.323057,-172.795654,0.823203,-167.973221,-27.922527,20.716354,-21.648731
4.328063,-169.790833,0.411235,-128.257141,-28.755407,38.358456,-19.643740
4.333068,-167.259521,0.204430,-163.283218,-21.781811,61.604046,-17.934561
4.338074,-163.803101,0.204658,-145.238770,-19.959538,79.639786,-16.764692
4.343080,-161.239914,0.361360,-147.461914,-16.071041,94.687080,-16.030712
4.348085,-158.773849,0.465135,-132.753326,-15.363605,107.304108,-15.508918
4.353091,-153.098770,0.332073,-118.197449,-13.936616,115.325050,-15.327065
4.358096,-151.284882,0.319728,-122.351158,-14.799184,122.622345,-15.261254
4.363102,-147.172928,0.255279,-103.728157,-13.861331,126.347733,-15.249337
4.368107,-145.607635,0.376679,-101.512276,-14.611241,129.941132,-15.324824
4.373113,-141.246262,0.331689,-86.556885,-16.582952,133.235077,-15.490415
4.378119,-139.662857,0.345811,-84.798302,-18.118597,139.336823,-15.978690
4.383124,-135.095459,0.292089,-70.961571,-18.894238,147.299698,-16.886314
4.388130,-133.273880,0.557352,-69.302887,-19.759092,159.824188,-18.505095
4.393135,-128.826309,0.279572,-81.017235,-19.269531,172.823578,-20.455053
4.398141,-123.687027,0.552215,-57.906593,-20.987097,-174.423325,-23.226912
4.403147,-122.142876,0.645720,-44.998852,-22.738155,-156.158020,-27.750206
4.408152,-119.183792,0.549466,-58.913853,-24.879957,-143.775436,-36.792103
4.413158,-116.113533,0.734815,-41.095905,-23.286625,-146.215607,-36.754040
4.418163,-112.843597,0.534083,-49.282059,-26.146303,98.497238,-30.046608
4.423169,-109.341660,0.527151,-6.626562,-34.585182,95.970970,-27.889111
4.428175,-105.293221,-0.011868,-26.744806,-31.266750,99.051003,-28.085321
4.433180,-103.912270,0.234930,55.126232,-28.074102,111.950127,-29.832291
4.438186,-99.698196,0.428819,71.518822,-26.588650,99.840157,-31.241465
4.443191,-97.637032,0.190710,49.542789,-27.487541,87.481560,-29.473612
4.448197,-92.300407,0.469263,40.463821,-35.405472,80.562660,-29.194885
4.453203,-90.101814,0.195528,17.784029,-28.466049,89.775696,-28.453613
4.458208,-86.885925,0.240524,9.685215,-25.956936,114.189667,-27.818649
4.463214,-84.442390,0.237216,-5.571121,-25.129473,140.388153,-27.824018
4.468219,-82.619270,0.410932,14.217360,-23.078234,167.026810,-28.652563
4.473225,-76.767418,0.462562,33.478752,-25.169102,-167.489166,-29.670979
4.478231,-75.937279,0.612627,82.846863,-30.141445,-121.794052,-29.011393
4.483236,-71.742889,0.550716,103.434799,-28.876717,-71.079636,-25.636417
4.488242,-67.856178,0.419143,-130.259277,-21.015896,-36.466278,-22.868320
4.493247,-65.184464,0.241709,-101.871834,-24.988642,-18.111782,-21.216415
4.498253,-62.581112,0.351037,-77.640610,-19.277645,-8.997526,-20.241886
4.503258,-59.647430,0.193165,-54.336197,-20.042114,-2.686975,-19.891689
4.508264,-56.985981,0.353201,-37.514217,-20.958412,0.545181,-19.705688
4.513270,-52.483360,0.351759,-20.944361,-23.509951,6.750307,-19.496264
4.518275,-51.071133,0.310539,-33.433270,-23.336308,13.269915,-19.288454
4.523281,-46.746853,0.540672,-4.364938,-27.187922,25.234278,-19.027405
4.528286,-43.796135,0.260087,-13.854905,-27.299589,40.872887,-19.085857
4.533292,-40.578297,0.436994,-11.517628,-31.904945,58.906475,-19.170504
4.538298,-37.284508,0.631363,-2.447195,-27.224308,77.582214,-19.784882
4.543303,-35.282333,0.498946,-40.095860,-28.867245,95.832413,-20.576118
4.548309,-31.127134,0.516392,-29.592413,-25.561403,116.919312,-21.668690
4.553314,-29.814779,0.535509,112.368835,-40.071537,141.165558,-22.149940
4.558320,-25.579626,0.278330,122.994644,-22.914465,161.639557,-22.076405
4.563326,-22.605139,0.523346,167.918030,-21.685608,178.935379,-21.931387
4.568331,-18.120735,0.249161,179.214386,-19.598736,-170.147751,-21.181202
4.573337,-14.782908,0.491700,-140.822296,-18.881763,-163.200577,-20.378975
4.578342,-12.651756,0.453906,-149.632996,-17.355545,-157.452225,-19.794868
4.583348,-9.621719,0.240672,-142.705704,-19.523996,-150.238144,-19.764301
4.588354,-7.366890,0.304504,-113.214447,-21.091133,-140.981812,-20.566257
4.593359,-4.691322,0.202510,-102.714996,-21.903917,-128.250595,-22.821798
4.598365,0.470186,0.432620,-91.302368,-23.486534,-108.739632,-25.718657
4.603370,2.894693,0.471907,-66.410675,-24.560781,-80.318199,-28.588459
4.608376,6.226569,0.289821,-28.918934,-22.171875,-30.563210,-26.795036
4.613382,7.110816,0.570119,-0.059633,-27.236197,30.329977,-24.798891
4.618387,11.334785,0.650686,10.182096,-25.296883,60.398743,-23.794760
4.623393,16.169254,0.252385,17.885647,-26.020508,83.613647,-23.366409
4.628398,18.487604,0.200882,24.482929,-24.187090,103.439201,-23.364183
4.633404,19.063925,0.418551,45.065742,-22.263269,122.135605,-23.913361
4.638410,23.556517,0.326573,30.041210,-21.717518,135.685425,-24.673286
4.643415,27.181990,0.282621,71.228905,-23.178297,143.415298,-25.233147
4.648421,32.493847,0.627039,42.925854,-21.389486,150.559219,-24.371691
4.653426,33.819603,0.153578,70.009071,-26.129391,156.548050,-24.691162
4.658432,37.427589,0.375093,26.378534,-31.820795,174.518616,-23.887770
4.663437,38.617481,0.234700,-44.369514,-26.174305,-159.824371,-21.656740
4.668443,44.682873,0.302520,-26.034586,-21.492037,-130.375870,-18.911892
4.673449,45.813347,0.652690,-56.472935,-17.280573,-105.943108,-16.516096
4.678454,50.334148,0.308904,-46.573334,-13.522196,-89.223007,-15.122839
4.683460,54.285763,0.364452,-29.754042,-13.043464,-75.470169,-14.625346
4.688465,56.013382,0.428154,-7.190531,-16.371895,-64.822777,-14.843237
4.693471,59.459087,0.319910,6.656318,-15.589586,-54.483894,-15.321332
4.698477,63.656704,0.320947,14.914083,-15.289892,-46.196018,-15.981986
4.703482,67.413429,0.381030,9.703442,-18.185888,-37.769581,-16.503073
4.708488,69.472961,0.612113,5.618599,-20.592199,-30.235378,-16.663902
4.713493,74.010925,0.268138,-12.793694,-19.521694,-22.301975,-16.693907
4.718499,76.261909,0.475365,6.595446,-19.500546,-13.367210,-16.925196
4.723505,78.252151,0.295291,-9.122913,-18.757786,-3.338811,-17.289612
4.728510,84.167053,0.454875,26.494139,-18.110434,5.158530,-18.414059
4.733516,85.068665,0.299218,26.651104,-19.996618,18.071106,-20.249846
4.738521,88.785645,0.452332,38.620384,-20.084682,27.575653,-23.514002
4.743527,90.172058,0.398394,78.824486,-22.660618,38.658901,-28.878571
4.748533,96.304840,0.343266,103.095314,-21.271782,42.552036,-36.443096
4.753538,98.579582,0.546597,85.309792,-28.580305,20.784430,-37.931461
4.758544,100.531410,0.330034,114.444321,-22.244202,-30.898294,-31.877653
4.763549,103.946716,0.542563,128.679901,-28.787697,-29.880405,-31.158161
4.768555,107.266815,0.360655,139.875473,-40.542820,-16.213434,-28.345631
4.773561,108.833420,0.646796,133.382736,-31.222927,-1.192672,-28.057684
4.778566,114.106949,0.625243,116.130005,-25.838903,7.965306,-26.816616
4.783572,116.138039,0.559953,108.427704,-23.312887,5.110637,-25.171175
4.788577,118.300018,0.450064,113.506630,-22.290854,3.201918,-23.240795
4.793583,121.955666,0.366967,114.065239,-26.091457,5.414966,-21.558416
4.798588,126.470634,0.304367,124.967064,-26.505804,13.532419,-20.138039
4.803594,127.653374,0.065780,134.082657,-36.232639,30.188259,-19.344732
4.808600,131.791580,0.436275,169.358109,-33.386078,49.970055,-18.150646
4.813605,135.533859,0.575968,-154.783188,-27.907467,74.849808,-16.881807
4.818611,137.848999,0.164800,-0.545408,-18.284742,94.524643,-15.816098
4.823616,140.962585,0.382315,19.796679,-17.275625,111.169884,-15.343781
4.828622,144.264557,0.248079,29.728083,-16.196934,123.549263,-15.170777
4.833628,146.136337,0.344896,52.458202,-17.056973,131.014297,-15.756913
4.838633,152.640823,0.576756,67.846184,-18.139788,137.896713,-15.749706
4.843639,152.416641,0.427663,68.849777,-17.589500,139.584152,-16.257254
4.848644,156.170120,0.368256,70.444450,-18.277786,143.197189,-16.558126
4.853650,161.764481,0.381825,73.438263,-19.226255,150.312744,-16.592720
4.858656,162.522339,0.399137,77.267181,-19.594156,158.937607,-16.896057
4.863661,165.262634,0.312427,91.714661,-17.787155,170.038132,-17.637304
4.868667,167.231628,0.372598,82.402908,-18.245226,179.649704,-19.453068
4.873672,171.987183,0.419908,94.072289,-16.225073,-167.916550,-22.742485
4.878678,176.736633,0.157821,115.148178,-18.203133,-156.023529,-33.505981
4.883684,177.908463,0.416239,141.572556,-18.809620,-149.848984,-32.714725
4.888689,-178.354279,0.532101,173.307388,-19.675505,56.968765,-24.117025
4.893695,-175.458344,0.244603,-163.761871,-18.629169,59.121555,-21.090794
4.898700,-171.335098,0.106624,-136.626373,-18.565550,65.665634,-19.926943
4.903706,-168.874481,0.341453,-137.659256,-18.768656,72.136406,-20.081450
4.908712,-164.969360,0.141558,-102.387108,-20.785599,81.250038,-20.412659
4.913717,-163.137070,0.429673,-117.591766,-25.995014,86.325607,-20.836430
4.918723,-158.478241,0.399618,-70.086098,-22.046049,96.976166,-20.473223
4.923728,-157.225052,0.314266,-117.304253,-22.872324,101.636650,-20.196980
4.928734,-151.759338,0.108788,-124.232826,-21.825436,113.640724,-19.899782
4.933739,-149.099731,0.257366,-125.247231,-21.930044,126.438171,-19.715975
4.938745,-146.622559,0.374451,-89.152229,-24.523994,141.574142,-20.035652
4.943751,-144.544083,0.604122,-104.125137,-25.105743,160.813004,-20.730011
4.948756,-141.278229,0.726890,-112.961555,-27.602098,-176.884918,-21.447142
4.953762,-138.635574,0.490063,-147.963165,-26.173882,-149.136063,-21.587711
4.958767,-134.068695,0.384773,172.221909,-23.137775,-119.811340,-21.036398
4.963773,-133.160370,0.323233,-167.621490,-22.262003,-92.106735,-20.831661
4.968779,-128.840118,0.323504,-173.098618,-19.740053,-70.901665,-20.831608
4.973784,-124.691032,0.481548,-167.193832,-21.782719,-54.049164,-20.964123
4.978790,-123.018951,0.510433,-151.660294,-22.893730,-40.054249,-21.334333
4.983795,-118.092155,0.338166,-133.210480,-25.382950,-23.669252,-21.049017
4.988801,-116.641083,0.371007,-83.306511,-20.710661,-4.468428,-19.640928
4.993807,-111.507759,0.459604,-60.698959,-20.160284,18.271034,-17.414555
4.998812,-108.272324,0.553940,-27.722958,-19.559317,36.504429,-15.266003
5.003818,-106.389130,0.443874,14.757418,-16.924694,50.169868,-13.701532
5.008823,-102.622070,0.433430,37.821178,-16.584269,64.149246,-12.791758
5.013829,-100.213570,0.283088,50.204929,-19.273418,76.296448,-12.329502
5.018835,-96.082573,0.706018,57.811211,-16.345694,88.551788,-12.376031
5.023840,-93.320091,0.370464,76.671700,-18.678631,99.577171,-12.805010
5.028846,-89.538269,0.450896,73.651093,-16.649389,110.791740,-13.296606
5.033851,-86.189415,0.516530,57.409325,-16.513521,120.551384,-13.681409
5.038857,-82.764893,0.477269,50.801521,-14.911730,128.389221,-13.951568
5.043863,-81.821800,0.366604,51.980675,-14.320437,135.297058,-13.741544
5.048868,-78.091873,0.378063,61.145466,-13.806461,140.561966,-13.548099
5.053874,-73.734276,0.351900,72.567719,-15.663706,145.070557,-13.562234
5.058879,-71.079025,0.505270,103.232635,-15.081038,150.654266,-14.168913
5.063885,-66.376778,0.426776,91.994316,-16.437767,156.632721,-15.455275
5.068891,-63.665783,0.241481,115.856407,-23.930429,162.958969,-17.640596
5.073896,-62.170555,0.397121,128.583801,-21.468868,168.491089,-20.521830
5.078902,-57.557663,0.269548,116.690704,-21.212980,166.504227,-22.825922
5.083907,-55.099209,0.608165,111.109039,-19.550926,154.143631,-22.388573
5.088913,-52.604153,0.446763,140.540375,-20.204441,134.975128,-19.946186
5.093918,-48.306545,0.263527,150.510452,-17.511391,128.412491,-17.697163
5.098924,-44.579350,0.469642,142.118683,-17.629398,131.822311,-16.397058
5.103930,-41.692280,0.766861,165.265839,-16.024847,137.659241,-15.797631
5.108935,-40.626663,0.303039,-176.961304,-15.203593,142.883698,-15.746304
5.113941,-37.022610,0.403142,-150.619583,-14.933447,146.510834,-16.176495
5.118946,-33.580132,0.521828,-141.725677,-15.829803,148.615341,-16.863419
5.123952,-29.675869,0.443857,-127.550491,-18.945024,149.132217,-17.619520
5.128958,-26.097462,0.171152,-126.791420,-19.412348,152.016769,-18.298330
5.133963,-25.181475,0.264252,-101.123184,-23.198170,160.543961,-19.227259
5.138969,-20.450245,0.509864,-91.093384,-28.399019,174.090149,-19.844732
5.143974,-16.243452,0.480611,-68.579727,-29.814396,-162.588913,-19.620178
5.148980,-14.841517,0.355996,113.632042,-29.320005,-134.850388,-18.829588
5.153986,-11.548183,0.483437,151.187393,-24.139040,-108.316505,-18.023949
5.158991,-7.881792,0.330730,125.827957,-21.361889,-85.643394,-17.569626
5.163997,-5.666881,0.358591,130.207001,-21.086538,-65.548271,-17.446413
5.169002,-1.313508,0.509961,147.645309,-23.154081,-46.961582,-17.273361
5.174008,1.278712,0.317437,132.331360,-17.963203,-30.611845,-17.221704
5.179014,3.288386,0.451055,117.450897,-17.861040,-18.530333,-16.969509
5.184019,7.818347,0.394158,118.426506,-16.653784,-8.836644,-16.887926
5.189025,10.215421,0.231617,132.710327,-17.774490,-2.916774,-16.887728
5.194030,14.540627,0.307664,142.668549,-18.558041,2.819164,-17.315037
5.199036,15.511971,0.182123,145.746429,-16.404802,9.208680,-18.592834
5.204042,20.214161,0.268018,-174.097794,-21.968069,18.840014,-20.805929
5.209047,23.164795,0.594849,-145.692825,-24.083174,35.142616,-24.377159
5.214053,25.422609,0.404265,-121.747864,-20.612415,60.539322,-26.521143
5.219058,28.009083,0.344306,-68.374893,-23.416861,121.201721,-23.313801
5.224064,31.455870,0.571316,-30.874819,-21.981855,166.408386,-21.093943
5.229069,34.308838,0.652272,-28.194614,-21.124870,-167.843109,-20.243557
5.234075,39.265549,0.524448,5.186470,-18.700214,-149.683884,-19.999184
5.239081,41.227913,0.314207,24.020638,-21.586288,-132.443008,-20.239347
5.244086,43.643002,0.594169,45.544746,-20.442980,-115.137558,-20.400444
5.249092,47.006599,0.506982,1.473452,-22.067822,-97.020226,-20.209332
5.254097,51.904396,0.592994,-12.757318,-21.375650,-84.211571,-19.182981
5.259103,55.146076,0.252448,-10.891505,-19.350889,-73.514259,-18.591143
5.264109,58.126373,0.505085,-14.839305,-20.580816,-66.231262,-17.839172
5.269114,58.716084,0.683020,14.623425,-19.594988,-57.170261,-17.413151
5.274120,63.977867,0.420997,13.812679,-26.828119,-42.685154,-17.363352
5.279125,67.384987,0.435600,17.082308,-24.086922,-22.282598,-17.099638
5.284131,69.057007,0.441366,48.011189,-28.811275,0.528505,-16.526810
5.289137,73.470741,0.378812,-131.779221,-26.952749,22.599747,-16.241114
5.294142,74.277527,0.431005,-127.299568,-23.634918,42.458694,-16.304523
5.299148,79.410492,0.346459,-122.984001,-25.315977,57.899494,-17.208832
5.304153,80.901527,0.420142,-87.238754,-22.531794,71.809319,-18.824562
5.309159,86.484421,0.122188,-19.670366,-21.568848,81.076744,-21.118372
5.314165,88.255524,0.116862,-33.212883,-22.967075,92.104782,-23.861752
5.319170,91.378685,0.610762,-37.475891,-24.971687,103.820045,-26.518579
5.324176,95.921242,0.587385,71.185593,-25.924299,118.846924,-27.186800
5.329181,97.146500,0.559554,115.645271,-21.142967,149.447083,-25.674875
5.334187,99.895004,0.174148,137.759262,-19.662279,177.207306,-23.813194
5.339193,104.018158,0.360566,160.140747,-23.006901,-157.614670,-22.227724
5.344198,107.318146,0.296968,156.135513,-24.842619,-132.783997,-20.785393
5.349204,111.146606,0.516116,155.786438,-32.553497,-107.986496,-19.356432
5.354209,111.998665,0.645692,135.989487,-24.216831,-79.563889,-17.710073
5.359215,116.456474,0.577571,122.883514,-21.945177,-55.431564,-16.430578
5.364220,118.484253,0.510798,137.256165,-16.840963,-37.236172,-15.638994
5.369226,122.625313,0.270177,120.354675,-18.064648,-22.376059,-15.580167
5.374232,126.049812,0.330753,134.668289,-15.991006,-10.866068,-15.995729
5.379237,129.477676,0.534295,149.059647,-19.238503,-2.002007,-16.796122
5.384243,131.787613,0.381498,155.537964,-18.985100,5.500874,-17.311020
5.389248,135.203384,0.428948,-179.024872,-23.118574,12.358279,-17.643303
5.394254,138.497726,-0.026880,172.803345,-22.907368,19.144375,-17.856934
5.399260,143.843948,0.242499,150.830292,-21.591955,27.854773,-17.971500
5.404265,146.356064,0.388057,156.313202,-24.139788,38.331017,-18.621441
5.409271,149.518585,0.413841,151.471985,-19.690937,48.661121,-20.033756
5.414276,151.206833,0.651187,163.906464,-18.948757,58.128830,-23.867365
5.419282,154.852539,0.271914,-174.680466,-17.642229,64.232910,-32.216919
5.424288,159.760513,0.416481,-154.437973,-15.545554,37.247967,-28.185114
5.429293,160.556885,0.500376,-130.311646,-15.649498,-49.399761,-21.543072
5.434299,164.137665,0.354675,-109.226830,-15.021468,-58.039150,-18.505457
5.439304,166.970520,0.500520,-89.010933,-16.418579,-53.745541,-17.129257
5.444310,172.322021,0.493156,-83.204483,-14.916514,-48.298740,-17.386576
5.449316,171.927475,0.536761,-45.373764,-15.794679,-41.048798,-17.627743
5.454321,177.883026,0.468925,-35.727661,-18.161995,-36.000637,-18.323647
5.459327,179.944595,0.366862,-43.530731,-20.678812,-28.362658,-18.596848
5.464332,-175.242828,0.295760,-27.686623,-22.069483,-20.897747,-18.452475
5.469338,-171.521210,0.656886,-37.197025,-23.137131,-10.532628,-18.077185
5.474344,-170.484283,0.607065,-58.946739,-26.962414,3.507127,-17.774647
5.479349,-167.800308,0.434333,-31.705713,-28.928055,18.526684,-17.630379
5.484355,-163.530655,0.318292,-41.893898,-31.792324,37.710667,-17.611118
5.489360,-161.824295,0.275266,-9.667329,-24.839911,62.530968,-17.496086
5.494366,-158.011566,0.534069,166.218430,-19.955437,89.893379,-16.775341
5.499371,-153.795319,0.512340,145.399033,-18.558256,117.566841,-15.718675
5.504377,-150.677078,0.065783,175.617783,-13.594878,138.547073,-15.070370
5.509383,-148.457733,0.342146,-170.187057,-12.954123,152.372955,-14.941101
5.514388,-143.498444,0.188472,-160.030106,-11.822783,163.913757,-15.304197
5.519394,-142.616135,0.251356,-140.962784,-12.161468,168.929642,-16.050461
5.524399,-138.984131,0.461243,-126.092377,-14.550730,172.268448,-16.935179
5.529405,-137.274780,0.208618,-119.779549,-15.571024,174.352829,-17.867056
5.534411,-133.039001,0.427406,-94.429024,-15.965081,179.404312,-18.996830
5.539416,-131.196091,0.564979,-87.064415,-25.593784,-170.955078,-20.404026
5.544422,-128.391861,0.322049,-101.370728,-21.176592,-154.878586,-22.512066
5.549427,-124.428627,0.483582,-66.517143,-24.026909,-129.054184,-24.289951
5.554433,-120.973915,0.456950,-91.555031,-23.433451,-93.603523,-25.292927
5.559439,-117.880539,0.616631,-67.612434,-24.897121,-44.569862,-23.506126
5.564444,-116.151726,0.464589,-48.150791,-27.470491,7.270358,-20.398384
5.569450,-111.937317,0.429275,13.140580,-25.095070,38.597797,-18.185671
5.574455,-108.408699,0.572472,-7.794238,-18.315928,60.150951,-16.857540
5.579461,-105.609283,0.354985,39.184631,-18.873592,77.239471,-16.474426
5.584467,-102.740227,0.298543,45.034275,-20.456047,89.340408,-16.790884
5.589472,-99.199219,0.488599,61.514175,-22.651110,97.776619,-17.404432
5.594478,-96.466949,0.503486,76.188141,-23.239048,105.563080,-18.047916
5.599483,-92.647675,0.409386,108.496796,-49.339878,114.102280,-18.564339
5.604489,-90.774139,0.624497,-133.433334,-24.279263,124.775093,-18.531313
5.609495,-86.356636,0.526440,-20.362495,-21.343044,140.439026,-18.143566
5.614500,-83.944603,0.348787,-12.398705,-18.189299,159.076553,-17.460367
5.619506,-79.770905,0.372461,-15.544059,-21.112097,179.169052,-17.043465
5.624511,-76.661156,0.488501,-18.561800,-19.695658,-162.864563,-17.460201
5.629517,-74.239670,0.216025,6.089571,-20.390694,-144.564484,-18.273903
5.634523,-69.202591,0.610389,27.775724,-20.738914,-124.812935,-20.138927
5.639528,-66.772858,0.575614,37.635632,-21.857819,-99.007965,-21.397959
5.644534,-63.260002,0.398339,26.801365,-26.866892,-64.529404,-20.926310
5.649539,-61.307461,0.427776,113.029968,-28.154472,-31.093124,-19.834795
5.654545,-58.138939,0.661634,-52.316872,-21.256620,-9.562732,-18.858465
5.659550,-54.285984,0.382776,-94.086678,-20.127245,3.645205,-18.262461
5.664556,-53.350674,0.567445,-66.265495,-19.202732,12.976121,-17.857220
5.669562,-47.749420,0.518143,-83.084229,-25.489365,22.724077,-17.213900
5.674567,-46.138695,0.582749,-35.096622,-30.129725,35.690445,-16.439594
5.679573,-41.844482,0.264299,-39.603550,-31.642086,53.010769,-15.404405
5.684578,-41.141663,0.374311,-143.885727,-21.072155,71.002777,-14.482161
5.689584,-36.921780,0.195092,-121.252106,-19.811560,89.487038,-13.905855
5.694590,-33.037655,0.147799,-123.709976,-20.103582,106.834213,-13.842407
5.699595,-28.783667,0.510764,-123.397812,-19.229530,123.310066,-14.176515
5.704601,-26.940815,0.443306,-114.583992,-21.983156,138.142960,-15.105148
5.709606,-24.103834,0.387804,-95.295341,-35.306538,153.534744,-16.104635
5.714612,-20.603956,0.431021,-131.432419,-21.869291,169.220413,-17.098984
5.719618,-17.310724,0.254983,158.740204,-18.152197,-176.585754,-17.422510
5.724623,-14.012344,0.486759,171.106247,-15.971653,-166.638016,-17.252420
5.729629,-11.544291,0.375952,-177.129272,-15.144064,-159.829285,-16.963079
5.734634,-7.745463,0.378027,-154.844864,-17.585075,-155.305038,-16.890196
5.739640,-7.138447,0.040350,-148.072723,-16.051023,-150.554199,-17.395483
5.744646,-3.013500,0.543720,-121.135658,-15.574166,-141.935715,-19.110249
5.749651,0.529968,0.647031,-114.896118,-17.254726,-134.638306,-22.999622
5.754657,5.161841,0.149038,-70.041321,-16.390902,-126.056557,-31.523485
5.759662,8.567771,0.429946,-59.975880,-20.115700,-126.519630,-31.752758
5.764668,12.485170,0.407494,-47.194397,-22.126898,91.457985,-23.271111
5.769674,15.540982,0.516688,-31.825211,-17.062449,100.016747,-19.742935
5.774679,16.784952,0.333891,-14.109207,-18.164740,114.715744,-17.763409
5.779685,21.616730,0.700542,-5.357081,-18.833776,128.199524,-16.956682
5.784690,23.837337,0.581310,-7.036120,-16.851089,142.102051,-16.789419
5.789696,23.535610,0.142724,5.293320,-16.782953,155.261063,-16.756063
5.794701,29.911917,0.424644,20.828184,-15.961507,164.668854,-17.314857
5.799707,33.517540,0.354953,21.768261,-17.902689,172.707443,-17.749563
5.804713,34.036140,0.527632,35.323547,-17.092180,-179.869064,-18.558617
5.809718,39.326324,0.461333,39.274319,-19.904146,-170.811569,-19.397964
5.814724,43.224140,0.515046,71.058281,-20.097931,-157.189056,-19.968893
5.819729,45.687454,0.311217,109.078300,-26.801146,-134.494232,-19.369066
5.824735,50.539265,0.275170,149.811951,-27.017616,-103.462532,-17.082909
5.829741,50.885349,0.173566,-130.897156,-21.209743,-75.566620,-15.043344
5.834746,53.476379,0.487930,-110.494499,-16.207701,-55.683750,-13.474112
5.839752,56.686817,0.294964,-78.341393,-15.001971,-39.973541,-12.915167
5.844757,60.098450,0.310065,-67.854408,-13.570824,-26.693577,-12.831891
5.849763,64.400459,0.228273,-50.233208,-15.091512,-15.726537,-13.194552
5.854769,67.550224,0.611969,-36.833595,-18.135727,-4.812805,-13.574629
5.859774,69.265427,0.282007,-41.908443,-19.043663,4.186312,-14.093649
5.864780,75.058800,0.255186,-16.619942,-19.164497,14.048529,-14.334716
5.869785,77.452736,0.543229,-47.745365,-19.166164,22.199347,-14.267829
5.874791,79.018303,0.377789,-45.725124,-18.338903,29.355560,-14.493590
5.879797,83.260101,0.411819,-52.697357,-18.049805,39.466480,-15.099916
5.884802,88.156197,0.552204,-43.311203,-17.374483,50.126095,-16.926462
5.889808,88.635292,0.512256,-29.603582,-18.496052,60.721924,-19.850876
5.894813,93.582146,0.477081,15.664890,-20.017263,76.244904,-25.626287
5.899819,95.739571,0.697073,50.222134,-21.465693,98.755432,-34.201591
5.904825,98.278152,0.487741,109.707718,-24.420858,-175.176682,-26.448317
5.909830,100.529465,0.440398,134.135681,-17.386925,-101.209740,-22.256226
5.914836,102.640511,0.548042,141.518127,-28.816696,-75.175636,-20.755329
5.919841,110.217484,0.385259,165.807877,-31.266216,-50.405125,-19.350967
5.924847,109.005089,0.688913,127.500069,-25.828453,-33.733940,-18.156647
5.929852,113.932045,0.675479,126.202835,-21.219055,-17.832062,-17.242027
5.934858,114.730652,0.562177,102.659470,-18.612106,-9.415039,-16.468861
5.939864,122.232033,0.612023,89.672798,-15.807844,-1.007489,-15.389477
5.944869,122.732010,0.484456,98.977585,-17.538651,2.426326,-14.520725
5.949875,125.624443,0.265188,107.733261,-16.137505,9.555999,-13.763226
5.954880,128.691818,0.550408,121.599854,-18.328415,19.499355,-13.179986
5.959886,131.636597,0.241635,136.105377,-17.808483,32.131725,-13.013510
5.964892,134.906448,0.235306,122.187820,-20.150152,47.771145,-12.996641
5.969897,137.357773,0.530365,133.621124,-23.908117,64.938690,-13.171523
5.974903,141.296494,0.471932,119.409233,-22.435598,83.317154,-13.510710
5.979908,145.067856,0.488582,64.745979,-24.470198,100.972328,-14.146837
5.984914,147.664581,0.406086,85.384865,-18.231941,117.241180,-14.936257
5.989920,151.120575,0.367318,63.233746,-25.417326,131.827957,-15.871391
5.994925,155.367722,0.530691,65.507904,-22.152550,144.782455,-17.015949
5.999931,158.401611,0.347176,69.525253,-24.467062,157.505600,-17.865269
6.004936,162.560699,0.395433,104.017738,-31.899103,171.034180,-18.409866
6.009942,163.692856,0.391470,3.169784,-38.191692,-173.590759,-18.404722
6.014948,167.367096,0.490489,-67.416901,-25.554773,-156.013931,-18.246210
6.019953,171.748840,0.310008,-0.154332,-22.644310,-137.685333,-18.372734
6.024959,173.316238,0.559491,17.690212,-19.214855,-119.460831,-18.670294
6.029964,176.171722,0.366130,16.675051,-25.655443,-98.682465,-19.706514
6.034970,-179.150681,0.755840,60.882301,-25.825045,-74.051926,-20.355507
6.039976,-176.609711,0.277828,123.361916,-22.448044,-42.591259,-19.926710
6.044981,-173.965042,0.580575,-175.898087,-23.476141,-10.176493,-18.655121
6.049987,-169.783096,0.274796,-155.276154,-15.749818,12.037729,-17.831806
6.054992,-169.867493,0.629458,-124.047256,-15.167621,29.176304,-17.596336
6.059998,-162.726837,0.401161,-104.329437,-15.072915,35.415405,-17.863739
6.065004,-160.119431,0.245504,-82.861588,-16.667431,42.128662,-18.650631
6.070009,-157.438751,0.192514,-70.087128,-19.959591,44.574135,-19.833036
6.075015,-155.177719,0.447464,-45.646488,-18.490396,49.666077,-21.976328
6.080020,-152.279312,0.439093,-33.451561,-28.810904,56.148205,-25.290379
6.085026,-149.726089,0.302839,-41.269768,-37.098392,66.457397,-32.509140
6.090031,-145.227417,0.536686,-26.520582,-24.207890,76.402580,-38.092499
6.095037,-144.076645,0.603139,12.053413,-23.788097,-101.424950,-25.137636
6.100043,-139.553970,0.490220,22.059532,-18.964226,-81.384346,-19.797789
6.105048,-136.240479,0.275941,46.620632,-15.834222,-65.898262,-16.612982
6.110054,-132.743118,0.490299,49.665489,-15.606551,-52.463791,-14.564145
6.115059,-131.121811,0.581708,86.100342,-15.471437,-40.953503,-13.369988
6.120065,-127.731682,0.608627,84.764412,-15.439729,-30.647493,-12.859706
6.125071,-123.464470,0.515503,109.489265,-16.540998,-21.343845,-12.956472
6.130076,-119.500282,0.293286,111.965286,-15.250632,-12.359798,-13.324661
6.135082,-115.252182,0.520787,137.561111,-18.804729,-4.069093,-13.966493
6.140087,-115.612244,0.329491,125.354462,-17.644186,5.181662,-14.424667
6.145093,-110.776375,0.323604,140.999237,-22.933010,14.617942,-14.666054
6.150099,-108.437943,0.464208,-164.847351,-21.582367,28.426760,-14.584401
6.155104,-103.099731,0.155580,-88.810585,-39.056770,44.701157,-14.142278
6.160110,-98.908279,0.074366,74.266228,-25.709137,63.019531,-13.600089
6.165115,-96.013680,0.518866,13.754679,-19.460278,81.666382,-13.177354
6.170121,-94.645966,0.617309,-0.836184,-20.666153,100.411880,-12.911158
6.175127,-90.232742,0.356972,25.875532,-17.024471,118.017509,-13.003095
6.180132,-87.560768,0.170320,37.804443,-19.360165,135.358994,-13.290489
6.185138,-87.338768,0.500180,25.250984,-19.890104,152.069397,-13.754040
6.190143,-82.078308,0.164845,17.990662,-17.954765,167.603119,-14.447189
6.195149,-79.761467,0.318527,15.466358,-16.086876,-178.445053,-15.331893
6.200155,-77.782051,0.774695,13.422230,-14.946443,-168.143723,-16.459751
6.205160,-74.421234,0.446153,19.421438,-14.964517,-160.607285,-17.709934
6.210166,-69.361061,0.152540,30.643976,-17.568146,-152.936920,-19.764851
6.215171,-68.975433,0.332822,40.970413,-18.958605,-144.872360,-22.444784
6.220177,-65.481216,0.417821,84.131752,-24.371664,-133.234924,-26.759853
6.225182,-61.733585,0.694212,111.739929,-27.325758,-106.407623,-28.946543
6.230188,-58.137215,0.423591,117.018494,-24.933315,-42.351833,-24.426031
6.235194,-54.091980,0.427990,-114.817558,-26.557119,8.645398,-21.077785
6.240199,-49.673336,0.740961,-54.611652,-25.611361,32.907738,-19.101128
6.245205,-47.413498,0.501049,-34.260876,-27.692204,57.688049,-17.540661
6.250210,-44.574184,0.366089,-54.347370,-32.158104,76.873093,-16.329901
6.255216,-42.006153,0.374650,96.406250,-21.768534,95.853844,-15.179440
6.260222,-37.133884,0.745589,134.121689,-20.525850,113.644638,-14.321823
6.265227,-36.966339,0.277447,166.379150,-17.410370,126.461609,-13.767464
6.270233,-34.759769,0.477754,-162.225159,-15.758187,137.427200,-13.449096
6.275238,-28.808113,0.500314,-155.200760,-16.951256,147.341629,-13.283390
6.280244,-25.488825,0.306860,-155.182526,-19.598434,156.936493,-13.595351
6.285250,-24.190819,0.435716,-146.551071,-20.078951,166.700668,-13.825311
6.290255,-18.137672,0.296164,-144.811920,-22.062023,-179.389420,-14.481194
6.295261,-15.408198,0.266965,-153.038300,-20.608652,-163.518600,-15.067039
6.300266,-13.287010,0.350297,-164.914658,-20.089546,-144.580582,-15.656024
6.305272,-11.909095,0.363767,-156.791992,-17.976858,-124.414261,-16.385235
6.310278,-9.435269,0.637086,-148.767380,-25.381592,-103.371025,-17.047626
6.315283,-4.014474,0.675153,-152.555206,-22.022219,-81.972496,-18.252655
6.320289,-2.489180,0.199921,-92.235283,-37.064457,-57.725101,-18.481508
6.325294,1.440115,0.335277,-53.297367,-26.770597,-31.514355,-18.660358
6.330300,6.610530,0.383333,-4.718603,-28.286491,-9.880782,-18.097692
6.335306,8.397618,0.349569,5.226090,-20.003235,9.284115,-17.366467
6.340311,12.088855,0.366632,41.031628,-17.372602,22.115501,-16.778805
6.345317,12.895083,0.503559,75.053894,-17.421841,31.996189,-16.447378
6.350322,16.293995,0.657133,61.774502,-15.498571,41.248337,-16.535719
6.355328,21.239765,0.453477,105.628662,-20.448406,50.702057,-17.032148
6.360333,24.474680,0.464980,117.297531,-23.128567,65.059273,-17.899624
6.365339,27.080786,0.729841,147.614182,-26.450691,85.312347,-18.764761
6.370345,30.546759,0.367486,-143.454330,-23.360220,114.016075,-19.188889
6.375350,31.671303,0.302786,-72.895660,-24.178514,143.093353,-18.500257
6.380356,37.290253,0.106594,-77.879181,-18.599239,175.517380,-17.868784
6.385361,39.264622,0.491493,-26.224731,-21.881779,-159.697845,-17.629093
6.390367,42.733574,0.319746,2.689299,-20.955650,-138.292847,-17.991919
6.395373,44.964348,0.138912,2.178321,-22.138065,-118.346985,-18.743561
6.400378,50.178219,0.391429,12.837120,-23.417545,-98.399811,-19.665894
6.405384,51.984905,0.378839,-3.320566,-22.534336,-79.503647,-20.706337
6.410389,54.489311,0.032028,5.586727,-18.118916,-61.454235,-21.731096
6.415395,60.237194,0.681810,3.257226,-18.908079,-45.653469,-22.959539
6.420401,62.518551,0.330860,1.152403,-17.210535,-28.707142,-24.397448
6.425406,65.559906,0.307991,62.102337,-16.241318,-3.540067,-23.847300
6.430412,67.509560,0.337890,59.918278,-15.674719,28.856264,-21.155140
6.435417,69.864563,0.525733,109.834396,-13.819538,60.467171,-17.564461
6.440423,74.453835,0.246596,126.774307,-12.886317,80.688408,-14.902619
6.445429,76.836914,0.218744,149.423218,-12.902181,96.049530,-13.086354
6.450434,81.284042,0.012403,171.808350,-11.200721,107.199570,-12.003611
6.455440,83.464012,0.039500,-179.271240,-12.279532,117.746490,-11.704796
6.460445,88.778854,0.644611,-159.646088,-14.629574,127.433212,-12.187531
6.465451,88.574867,0.497676,-138.458206,-16.206949,138.210526,-12.738905
6.470457,94.440125,0.532580,-123.144112,-17.272318,149.213303,-13.882006
6.475462,96.463425,0.242534,-166.545990,-20.194117,162.778793,-14.870057
6.480468,99.193771,0.235034,-159.932510,-19.068521,178.038177,-15.905118
6.485473,101.020508,0.414458,-178.117401,-22.901056,-164.935013,-16.796597
6.490479,103.912170,0.408285,179.441757,-21.961594,-146.056473,-17.837276
6.495485,109.863663,0.552012,-156.375305,-26.606440,-125.139084,-18.347958
6.500490,111.089279,0.451580,-146.346039,-20.795410,-98.033142,-17.994617
6.505496,115.283859,0.538906,122.658508,-26.654179,-67.092392,-16.409853
6.510501,116.748734,0.202227,66.750496,-20.483559,-38.138996,-14.665170
6.515507,119.883614,0.310706,82.618210,-16.022886,-16.968819,-13.170410
6.520512,124.020584,0.065780,74.601357,-13.576864,0.015004,-12.365411
6.525518,128.244507,0.357715,81.134926,-14.258755,12.701076,-11.993040
6.530524,129.613556,0.174113,112.217583,-11.229668,22.668602,-12.084044
6.535529,135.074768,0.542802,105.956184,-14.029064,32.116974,-12.368272
6.540535,136.282898,0.466514,119.724838,-17.491114,40.937416,-12.864997
6.545540,139.919571,0.603522,115.226875,-20.672981,50.371567,-13.280686
6.550546,143.544235,0.070591,134.937531,-18.115129,60.863995,-13.783327
6.555552,147.055786,0.229942,125.607422,-20.499437,72.954765,-14.224908
6.560557,148.967392,0.378129,98.111618,-18.386593,84.787827,-14.863509
6.565563,153.450195,0.298599,86.414726,-17.292843,97.033440,-16.271011
6.570568,157.487305,0.450737,94.049141,-16.817965,110.507721,-18.969587
6.575574,158.982300,0.592732,119.355972,-17.149639,125.404160,-24.143396
6.580580,162.954575,0.367188,152.950012,-16.642738,145.994034,-32.326897
6.585585,165.339020,0.320311,-166.206772,-16.486761,-123.885902,-23.059097
6.590591,167.798370,0.310445,-171.093521,-17.201900,-55.598930,-18.572659
6.595596,170.491699,0.324036,-130.527817,-15.648993,-36.729000,-16.265429
6.600602,174.883057,0.491880,-106.064148,-19.656469,-22.850321,-15.282612
6.605608,177.206070,0.396269,-119.460327,-20.773279,-10.294126,-14.990563
6.610613,-179.990265,0.289327,-103.964745,-19.042995,2.072871,-14.923836
6.615619,-174.814255,0.195429,-106.450722,-19.438124,14.308046,-14.767717
6.620624,-172.766281,0.391321,-124.779961,-19.178047,26.554689,-14.443629
6.625630,-169.627975,0.328847,-136.932053,-17.745399,36.765030,-13.913489
6.630636,-166.796356,0.055985,-119.368385,-18.082052,47.689442,-13.531781
6.635641,-163.980072,0.324824,-113.424873,-18.151875,58.521675,-13.318437
6.640647,-162.076157,0.010874,-85.256126,-20.481863,70.875366,-13.348185
6.645652,-156.096054,0.657839,-109.645622,-23.875860,85.041954,-13.440595
6.650658,-152.736862,0.255911,-63.017567,-30.108650,102.844200,-13.523531
6.655663,-151.109802,0.017384,98.265381,-26.045362,122.814400,-13.241910
6.660669,-147.794800,0.337811,134.231552,-14.993769,142.860382,-12.904907
6.665675,-145.692764,0.272463,156.821274,-13.841500,160.940033,-12.649117
6.670680,-145.325806,0.287964,176.426056,-12.444048,176.094666,-12.848944
6.675686,-139.484543,0.274722,-163.212250,-13.315266,-172.681839,-13.506112
6.680691,-136.376770,0.264439,-155.470596,-14.093665,-162.464493,-14.560973
6.685697,-134.992630,0.354300,-131.079529,-14.146284,-152.270782,-16.218031
6.690703,-131.196060,0.229295,-131.452988,-17.906141,-141.953018,-18.744343
6.695708,-124.585907,0.444210,-119.673180,-20.351410,-130.539154,-21.265285
6.700714,-121.735596,0.402870,-109.038475,-23.330124,-110.074844,-23.843872
6.705719,-120.566772,0.596160,-118.805054,-21.381058,-84.407387,-25.646715
6.710725,-116.478233,0.460825,-47.485664,-20.379988,-45.862625,-25.461607
6.715731,-112.105286,0.261616,-80.952957,-23.117107,2.402191,-23.486229
6.720736,-111.302246,0.666665,-54.747253,-20.149820,43.038662,-20.898195
6.725742,-108.366348,0.502703,-36.630169,-17.053865,66.577347,-18.763578
6.730747,-105.039314,0.293556,-9.295785,-19.676065,84.714294,-17.318506
6.735753,-99.622429,0.664226,33.026058,-16.862158,95.827477,-17.294580
6.740759,-98.998825,0.348983,8.593026,-14.557111,107.476624,-17.317898
6.745764,-92.515152,0.377517,44.926640,-17.909733,112.906830,-18.404682
6.750770,-91.923080,0.499833,67.247650,-20.752136,123.987434,-20.416105
6.755775,-88.371155,0.597565,94.074875,-23.049843,137.914017,-22.692066
6.760781,-85.248978,0.620420,131.676208,-22.629442,166.649261,-22.637697
6.765787,-81.516243,0.423217,-164.650284,-16.434492,-147.607330,-19.269554
6.770792,-77.598068,0.328381,-118.958092,-16.512169,-114.978706,-16.035593
6.775798,-76.131485,0.013452,-100.829681,-13.957789,-95.914543,-14.017011
6.780803,-72.807030,0.404362,-84.842499,-13.089940,-80.790665,-12.524933
6.785809,-68.599892,0.501395,-67.940155,-16.982796,-66.729271,-11.672714
6.790814,-67.147392,0.311282,-69.636375,-14.838899,-52.323959,-11.230720
6.795820,-64.415619,-0.152642,-74.329720,-15.271051,-36.909622,-10.927361
6.800826,-62.084576,-0.015732,-75.324898,-13.461308,-21.577219,-10.826546
6.805831,-58.316490,0.025754,-98.451492,-14.868348,-7.613065,-10.832530
6.810837,-56.695538,0.172041,-87.374413,-13.521733,5.017720,-10.994673
6.815842,-50.900513,0.143233,-79.766403,-13.059039,15.174343,-11.409915
6.820848,-47.503719,0.399142,-73.803429,-13.418008,24.321489,-11.923743
6.825854,-44.822704,0.564301,-61.667442,-15.828932,32.692413,-12.538548
6.830859,-42.121258,0.258910,-46.638901,-17.435184,43.129910,-13.484402
6.835865,-37.653065,0.296232,-41.086620,-25.055544,56.121910,-14.270470
6.840870,-34.464714,0.302067,-27.831800,-32.173981,73.534843,-14.587217
6.845876,-30.413157,0.498923,-163.239136,-23.617245,94.762177,-14.683035
6.850882,-27.693907,0.430709,161.678329,-17.508036,116.259079,-14.849964
6.855887,-25.699230,0.604934,-152.411713,-18.064627,136.275940,-15.093695
6.860893,-20.353611,0.757160,-142.212326,-21.571161,156.224640,-15.904006
6.865898,-19.434290,0.283644,-138.730286,-29.361744,175.996384,-17.184893
6.870904,-17.855434,0.626306,149.896423,-29.633265,-160.659088,-18.061655
6.875910,-14.181822,0.140854,-8.172990,-22.808170,-136.837860,-18.440586
6.880915,-9.679599,0.649301,91.543007,-22.499128,-111.395988,-19.174370
6.885921,-8.335698,0.319241,111.371841,-18.374117,-90.893761,-19.699085
6.890926,-5.276021,0.345742,154.474030,-20.629602,-72.599945,-21.001110
6.895932,-2.215160,0.497088,157.555664,-19.862848,-55.936275,-23.380945
6.900938,1.782302,0.479709,-177.790970,-24.332457,-35.139740,-25.301027
6.905943,5.808543,0.442075,-109.376060,-23.077898,2.598243,-24.293667
6.910949,9.823461,0.647769,-108.235298,-21.945227,46.281807,-20.978985
6.915954,13.285597,0.532696,-24.858418,-22.026857,75.091980,-18.360464
6.920960,15.532499,0.385736,-27.943768,-19.372461,93.012428,-16.443602
6.925966,18.761383,0.431841,-25.732498,-21.772419,107.170250,-15.059948
6.930971,19.999851,0.217962,-5.266069,-19.774042,120.278419,-14.265028
6.935977,24.722496,-0.012931,-12.252660,-14.976682,134.320511,-13.491672
6.940982,27.577374,0.251499,-11.930955,-15.845365,148.158585,-12.793348
6.945988,30.798849,0.763878,-13.340430,-14.345985,160.918167,-12.270784
6.950993,34.130665,0.389420,-25.848448,-12.880805,173.546799,-12.015551
6.955999,37.660812,0.176800,1.014593,-11.944742,-175.829651,-12.058331
6.961005,40.927845,-0.037897,11.170753,-11.124249,-165.664658,-12.570564
6.966010,44.916531,0.125102,18.603039,-12.153062,-154.817368,-13.389110
6.971016,46.303677,0.109539,28.234447,-14.513798,-143.028656,-14.651855
6.976021,52.276382,0.435415,44.611862,-16.712049,-125.875267,-16.347401
6.981027,50.347389,0.333403,72.928131,-20.678066,-104.054085,-16.973635
6.986033,55.772415,0.440982,111.244911,-19.805407,-72.941887,-16.587692
6.991038,55.628880,0.401562,138.507950,-21.437878,-43.361641,-15.387474
6.996044,60.006115,0.323159,-151.081955,-19.191656,-20.305483,-14.500575
7.001050,64.869568,0.262599,-122.642204,-23.475256,-4.355578,-14.246386
