Anritsu VNA Frequency[GHz],S21[deg],S21[dB],S11[deg],S11[dB],S22[deg],S22[dB]
1338087391.33,2012_05_27_03:56:31,+40.620,+10.254,+55.057,+10.269,+13.913,+13.723,+14.018,+13.769,10.367659,-16.634
3.006250,33.429813,-1.745785,58.688568,-26.670080,-80.820786,-27.436470
3.012500,33.429813,-1.745785,58.688568,-26.670080,-80.820786,-27.436470
3.018750,33.429813,-1.745785,58.688568,-26.670080,-80.820786,-27.436470
3.025000,33.429813,-1.745785,58.688568,-26.670080,-80.820786,-27.436470
3.031250,33.429813,-1.745785,58.688568,-26.670080,-80.820786,-27.436470
3.037500,33.429813,-1.745785,58.688568,-26.670080,-80.820786,-27.436470
3.043750,33.429813,-1.745785,58.688568,-26.670080,-80.820786,-27.436470
3.050000,33.429813,-1.745785,58.688568,-26.670080,-80.820786,-27.436470
3.056250,33.429813,-1.745785,58.688568,-26.670080,-80.820786,-27.436470
3.062500,33.429813,-1.745785,58.688568,-26.670080,-80.820786,-27.436470
3.068750,33.429813,-1.745785,58.688568,-26.670080,-80.820786,-27.436470
3.075000,33.429813,-1.745785,58.688568,-26.670080,-80.820786,-27.436470
3.081250,33.429813,-1.745785,58.688568,-26.670080,-80.820786,-27.436470
3.087500,33.429813,-1.745785,58.688568,-26.670080,-80.820786,-27.436470
3.093750,33.429813,-1.747700,58.688568,-26.470633,-80.820786,-27.183216
3.100000,39.334927,-1.749848,56.017387,-26.321924,-82.803925,-26.948627
3.106250,45.240269,-1.751983,52.467686,-26.245993,-83.178024,-26.733974
3.112500,51.146378,-1.754174,48.393585,-26.261982,-81.587807,-26.511263
3.118750,57.051922,-1.756530,42.395905,-26.308405,-79.870171,-26.208347
3.125000,62.956432,-1.759006,37.596581,-26.355949,-75.801193,-25.947098
3.131250,68.860870,-1.761566,33.213242,-26.430590,-69.642380,-25.658651
3.137500,74.764183,-1.764443,29.502611,-26.532648,-61.761593,-25.333990
3.143750,80.666229,-1.767852,26.668907,-26.653709,-52.345932,-24.981483
3.150000,86.569145,-1.771539,24.892313,-26.779005,-41.550392,-24.613579
3.156250,92.475288,-1.774995,24.291428,-26.893883,-29.546507,-24.248444
3.162500,96.488884,-1.778153,24.936369,-26.985304,-16.533527,-23.910151
3.168750,100.229530,-1.781418,26.844103,-27.045799,-2.720412,-23.647604
3.175000,103.163193,-1.785002,30.063313,-27.054514,9.834224,-23.403418
3.181250,104.800011,-1.788651,32.835514,-26.997898,23.165281,-23.182619
3.187500,104.714516,-1.792130,36.619373,-26.893389,35.948490,-23.016592
3.193750,102.565247,-1.795345,40.715263,-26.753607,47.695129,-22.920834
3.200000,98.114876,-1.798288,44.553970,-26.586657,57.983173,-22.898226
3.206250,91.241531,-1.800822,47.653023,-26.403103,66.433937,-22.949205
3.212500,81.943581,-1.803244,49.592903,-26.217030,72.729797,-23.081507
3.218750,70.341057,-1.805887,50.061649,-26.039209,76.644829,-23.277800
3.225000,56.672714,-1.808402,51.059410,-25.863386,77.806763,-23.482962
3.231250,41.281250,-1.810378,51.121948,-25.689573,76.385437,-23.705807
3.237500,24.592253,-1.812091,48.756393,-25.518063,74.385361,-23.937696
3.243750,7.093625,-1.814088,46.076279,-25.325266,70.222740,-24.156082
3.250000,-10.681815,-1.816674,42.951408,-25.152195,64.499039,-24.341986
3.256250,-28.183821,-1.819441,39.019451,-25.011015,57.770874,-24.494308
3.262500,-44.877361,-1.821805,34.523247,-24.885242,50.665421,-24.602076
3.268750,-60.271873,-1.823850,29.404264,-24.770739,43.880943,-24.656324
3.275000,-73.943207,-1.825961,23.542301,-24.666868,38.003658,-24.657436
3.281250,-85.551826,-1.828482,16.826572,-24.564581,33.537880,-24.613331
3.287500,-94.858299,-1.831336,9.163182,-24.450426,30.867266,-24.537439
3.293750,-101.739159,-1.834262,0.519717,-24.285637,30.247078,-24.429577
3.300000,-106.193886,-1.837062,-6.925721,-24.117868,31.844210,-24.291775
3.306250,-108.343819,-1.839597,-15.595862,-23.982523,35.636517,-24.150570
3.312500,-108.426407,-1.841848,-24.267872,-23.861139,41.441082,-24.037577
3.318750,-106.783241,-1.843979,-32.649811,-23.761692,48.994160,-23.973621
3.325000,-103.841949,-1.845920,-40.477932,-23.701334,57.956989,-23.968958
3.331250,-100.093674,-1.847499,-47.499729,-23.704762,67.895927,-24.026518
3.337500,-96.071953,-1.848701,-53.529285,-23.835398,78.296730,-24.144489
3.343750,-90.155197,-1.849575,-58.584724,-23.997663,88.618820,-24.308374
3.350000,-84.238945,-1.850068,-63.032677,-24.219475,96.464439,-24.462027
3.356250,-78.323418,-1.850255,-66.480919,-24.544353,105.067329,-24.660599
3.362500,-72.409981,-1.850332,-67.223228,-24.993879,111.326057,-24.909483
3.368750,-66.498474,-1.850147,-66.899780,-25.549410,115.365601,-25.198807
3.375000,-60.587234,-1.849428,-65.386711,-26.184011,116.786224,-25.575638
3.381250,-54.678188,-1.848288,-62.699173,-26.863739,115.438393,-25.908878
3.387500,-48.775326,-1.847563,-58.928963,-27.550129,111.919983,-26.231068
3.393750,-42.878735,-1.847632,-54.233624,-28.198631,105.694168,-26.533630
3.400000,-36.984158,-1.848056,-48.831169,-28.766565,97.319931,-26.808695
3.406250,-31.088520,-1.848269,-43.056129,-29.233398,87.801109,-27.087572
3.412500,-25.192896,-1.848626,-37.234116,-29.573946,77.799973,-27.335802
3.418750,-19.302221,-1.849844,-29.426310,-29.766632,65.957428,-27.532507
3.425000,-13.414455,-1.852036,-23.174040,-29.807627,54.560162,-27.671467
3.431250,-7.523595,-1.854312,-16.623407,-29.712317,44.040775,-27.758425
3.437500,-1.628469,-1.856469,-10.028585,-29.464342,34.852501,-27.797552
3.443750,4.266318,-1.859260,-3.414623,-29.062696,27.676498,-27.736605
3.450000,10.159646,-1.862954,2.699464,-28.552746,20.791410,-27.605068
3.456250,16.057104,-1.866863,8.149283,-27.972750,15.971831,-27.416227
3.462500,21.963087,-1.870114,12.930420,-27.366127,12.927497,-27.171577
3.468750,27.874077,-1.872772,17.127029,-26.779676,11.342454,-26.868744
3.475000,33.785324,-1.875177,20.846773,-26.277489,10.872356,-26.524035
3.481250,39.695831,-1.877492,24.342953,-25.812986,11.113147,-26.151913
3.487500,45.605778,-1.879843,26.346516,-25.416006,11.704184,-25.746798
3.493750,51.514175,-1.882642,28.243528,-25.121769,12.211319,-25.315895
3.500000,57.421436,-1.885892,29.857531,-24.935141,12.201729,-24.871445
3.506250,63.331734,-1.888887,31.083626,-24.841667,11.343293,-24.423758
3.512500,69.246056,-1.891098,31.831989,-24.808245,9.365705,-23.982174
3.518750,75.160652,-1.893119,32.073372,-24.746021,6.069405,-23.551828
3.525000,81.068970,-1.896026,31.979464,-24.728060,1.303399,-23.138525
3.531250,86.972717,-1.900040,32.111416,-24.713966,-2.906447,-22.757097
3.537500,92.878937,-1.904297,32.114017,-24.667225,-8.022372,-22.423792
3.543750,96.896355,-1.908223,32.244568,-24.578636,-13.614397,-22.135405
3.550000,100.643425,-1.912293,32.840805,-24.420483,-19.397686,-21.853880
3.556250,103.583733,-1.917077,32.345131,-24.194672,-24.897854,-21.524809
3.562500,105.229095,-1.922124,32.464916,-23.930635,-29.843878,-21.284185
3.568750,105.158737,-1.926338,32.859299,-23.655458,-32.991180,-21.113756
3.575000,103.032059,-1.929185,33.251232,-23.395538,-35.360950,-21.015310
3.581250,98.606148,-1.930942,33.356014,-23.185774,-36.686081,-21.001919
3.587500,91.754852,-1.932299,32.922306,-23.060865,-36.988197,-21.034817
3.593750,82.477966,-1.933243,31.830233,-23.012255,-36.132236,-21.135931
3.600000,70.901596,-1.933134,30.028986,-23.050371,-33.965855,-21.319649
3.606250,57.262894,-1.931670,29.367006,-23.189205,-30.648848,-21.580235
3.612500,41.896973,-1.929410,28.381294,-23.414333,-26.458090,-21.891314
3.618750,25.227659,-1.926733,27.478832,-23.743643,-21.786320,-22.227896
3.625000,7.749271,-1.923429,26.769562,-24.186699,-17.419346,-22.631948
3.631250,-10.004609,-1.919322,26.864878,-24.705902,-11.551196,-23.066109
3.637500,-27.490463,-1.914865,28.069454,-25.266819,-5.902862,-23.502047
3.643750,-44.180252,-1.910827,30.523691,-25.832119,-0.505596,-23.919331
3.650000,-59.580574,-1.907465,32.365097,-26.356567,4.562326,-24.301374
3.656250,-73.261093,-1.904657,35.150101,-26.766140,9.206327,-24.631500
3.662500,-84.879944,-1.902583,38.056980,-27.105104,13.336580,-24.904539
3.668750,-94.200218,-1.901451,42.012802,-27.351912,16.809324,-25.126692
3.675000,-101.097633,-1.900907,45.337505,-27.478779,19.541670,-25.297136
3.681250,-105.570099,-1.900485,47.761421,-27.482735,21.473482,-25.414116
3.687500,-107.740852,-1.900523,49.045761,-27.377161,22.529106,-25.480688
3.693750,-107.850220,-1.901820,49.044861,-27.187908,22.656782,-25.505821
3.700000,-106.237007,-1.904218,47.760773,-26.920361,21.861746,-25.500525
3.706250,-103.321648,-1.906802,45.350994,-26.592733,20.272293,-25.457287
3.712500,-99.594597,-1.909123,41.799450,-26.243958,18.109541,-25.369930
3.718750,-95.593903,-1.911744,35.399689,-25.900963,15.520096,-25.243639
3.725000,-89.700127,-1.915027,28.072277,-25.579741,12.833733,-25.093740
3.731250,-83.804276,-1.918366,19.547646,-25.324947,10.655805,-24.959354
3.737500,-77.903282,-1.921209,11.759606,-25.159744,9.402242,-24.852589
3.743750,-72.000130,-1.923808,3.455323,-25.069948,9.482146,-24.795250
3.750000,-66.098259,-1.926498,-4.813047,-25.042994,9.495760,-24.702757
3.756250,-60.197300,-1.929132,-12.651632,-25.074999,9.416156,-24.595057
3.762500,-54.295330,-1.931552,-19.638094,-25.144547,10.576167,-24.473721
3.768750,-48.393368,-1.933982,-25.340836,-25.216841,12.721769,-24.386288
3.775000,-42.492886,-1.936748,-29.516628,-25.301291,15.386872,-24.322441
3.781250,-36.592670,-1.939552,-32.069027,-25.386463,17.972971,-24.266487
3.787500,-30.691101,-1.942045,-32.645317,-25.451448,20.120996,-24.211548
3.793750,-24.789434,-1.944627,-31.154390,-25.509920,21.523243,-24.161543
3.800000,-18.889635,-1.947620,-27.628321,-25.508947,21.980701,-24.107744
3.806250,-12.990429,-1.950915,-23.221588,-25.420588,21.514069,-24.015207
3.812500,-7.089833,-1.954375,-17.299248,-25.285761,19.979092,-23.892094
3.818750,-1.188984,-1.958171,-10.443908,-25.121122,17.264496,-23.748562
3.825000,4.712662,-1.962285,-3.261310,-24.941118,13.507449,-23.592121
3.831250,10.618485,-1.966023,5.816579,-24.760199,8.968815,-23.433113
3.837500,16.527969,-1.969244,14.873057,-24.592642,3.975540,-23.308689
3.843750,22.436626,-1.972568,23.951050,-24.433989,-1.136891,-23.172388
3.850000,28.342478,-1.976370,31.243406,-24.278046,-7.055946,-23.007601
3.856250,34.249180,-1.980004,38.308128,-24.134735,-12.588746,-22.853281
3.862500,40.159973,-1.982874,44.609684,-24.002480,-17.714458,-22.717882
3.868750,46.070141,-1.985654,49.712727,-23.867743,-22.411724,-22.598347
3.875000,51.973316,-1.989496,53.211121,-23.708811,-26.707243,-22.483686
3.881250,57.872581,-1.994584,54.687359,-23.531244,-30.671568,-22.357952
3.887500,63.775291,-1.999772,53.702576,-23.336737,-34.486168,-22.226063
3.893750,69.684509,-2.004538,50.170467,-23.107351,-38.411350,-22.092638
3.900000,75.595352,-2.009610,46.181381,-22.832848,-42.574635,-21.950161
3.906250,81.503265,-2.015746,40.327271,-22.513039,-45.279686,-21.796803
3.912500,87.411369,-2.022913,33.139748,-22.149853,-48.394569,-21.627834
3.918750,93.326019,-2.030482,25.172108,-21.750465,-51.629139,-21.430174
3.925000,97.354637,-2.037854,16.889402,-21.341743,-54.742023,-21.177296
3.931250,101.118622,-2.044842,8.748368,-20.949041,-57.799896,-20.958267
3.937500,104.083427,-2.051392,1.301860,-20.592316,-58.597828,-20.769278
3.943750,105.756683,-2.057319,-5.004727,-20.294664,-58.216026,-20.618687
3.950000,105.712608,-2.062070,-9.832875,-20.078350,-56.186699,-20.520247
3.956250,103.609535,-2.065114,-12.957710,-19.961544,-52.156010,-20.489439
3.962500,99.208092,-2.066427,-14.234113,-19.953571,-45.873528,-20.538588
3.968750,92.382545,-2.066296,-13.596328,-20.052338,-37.199463,-20.675966
3.975000,83.130226,-2.064806,-12.947639,-20.225433,-26.140125,-20.913101
3.981250,71.572006,-2.062004,-10.751625,-20.519670,-12.860189,-21.274269
3.987500,57.943253,-2.058082,-6.408778,-20.922173,1.040988,-21.679396
3.993750,42.582592,-2.053314,-1.126698,-21.387764,16.205105,-22.186998
4.000000,25.916544,-2.047918,4.444069,-21.912359,31.836744,-22.804379
4.006250,8.437369,-2.041839,9.954950,-22.479963,47.071709,-23.564306
4.012500,-9.324698,-2.035656,15.137539,-23.063034,60.842735,-24.320501
4.018750,-26.825401,-2.030210,19.744589,-23.628494,73.819344,-25.051226
4.025000,-43.530788,-2.025673,23.486715,-24.160774,84.058472,-25.793201
4.031250,-58.944031,-2.021623,28.227999,-24.650202,92.467178,-26.549538
4.037500,-72.636131,-2.018161,30.599287,-25.075497,98.167542,-27.266594
4.043750,-84.269363,-2.015977,32.644146,-25.423826,101.445007,-27.914495
4.050000,-93.605545,-2.015221,34.215225,-25.694866,102.694954,-28.476467
4.056250,-100.516243,-2.014838,35.244450,-25.879259,102.444405,-28.942732
4.062500,-104.999191,-2.014207,35.809040,-25.958750,99.493889,-29.280224
4.068750,-107.182434,-2.014372,35.855816,-25.950756,96.241096,-29.475210
4.075000,-107.307877,-2.016501,35.403725,-25.872154,92.745079,-29.535341
4.081250,-105.709526,-2.019828,34.633415,-25.736832,89.234123,-29.464882
4.087500,-102.804619,-2.022997,33.799488,-25.553335,83.869781,-29.264774
4.093750,-99.085648,-2.025491,33.203926,-25.330706,78.379654,-28.941404
4.100000,-95.094482,-2.028232,31.264671,-25.083181,72.622238,-28.515249
4.106250,-89.212494,-2.031830,29.982191,-24.816084,66.498329,-28.025351
4.112500,-83.331047,-2.035957,29.257553,-24.521677,60.094097,-27.429777
4.118750,-77.446419,-2.040412,28.830561,-24.216295,53.576397,-26.764128
4.125000,-71.560440,-2.045435,28.411077,-23.915524,46.685642,-26.069324
4.131250,-65.673538,-2.051095,27.826420,-23.628265,39.569435,-25.375477
4.137500,-59.781624,-2.056838,26.962711,-23.357889,32.428730,-24.705437
4.143750,-53.883591,-2.062271,25.733274,-23.104155,25.476727,-24.076872
4.150000,-47.982635,-2.067727,24.054863,-22.865927,18.903175,-23.502697
4.156250,-42.081448,-2.073623,24.017641,-22.639099,12.881760,-22.982309
4.162500,-36.178654,-2.079849,24.218672,-22.413429,7.561738,-22.533901
4.168750,-30.271984,-2.086187,23.241331,-22.176529,4.637822,-22.153187
4.175000,-24.361345,-2.092650,22.940252,-21.948534,1.554618,-21.841742
4.181250,-18.446674,-2.099000,23.126671,-21.734268,0.024257,-21.592705
4.187500,-12.527429,-2.105061,23.603819,-21.538141,-0.071704,-21.344006
4.193750,-6.603216,-2.110705,24.147717,-21.366079,1.314679,-21.208342
4.200000,-0.675260,-2.115686,24.526751,-21.225618,2.279597,-21.156210
4.206250,5.256187,-2.119752,24.525982,-21.124155,3.496214,-21.165907
4.212500,11.190266,-2.122686,23.983006,-21.058390,5.992453,-21.194229
4.218750,17.123138,-2.124846,24.959072,-21.017490,7.539207,-21.245947
4.225000,23.051929,-2.126755,24.044693,-20.997099,8.129622,-21.321247
4.231250,28.976748,-2.128458,23.222290,-20.985859,7.617013,-21.405827
4.237500,34.898952,-2.129893,22.280664,-20.982939,5.832342,-21.477261
4.243750,40.818665,-2.131084,20.886442,-21.005201,4.691854,-21.545013
4.250000,46.736908,-2.131882,18.879519,-21.037552,2.578732,-21.608202
4.256250,52.652889,-2.132256,16.114809,-21.062538,0.016286,-21.650536
4.262500,58.564426,-2.132766,12.359294,-21.065298,-2.582298,-21.660521
4.268750,64.468338,-2.134054,7.413422,-21.035297,-4.861971,-21.628002
4.275000,70.365738,-2.136515,1.098845,-20.965284,-6.507504,-21.546114
4.281250,76.262558,-2.139582,-4.580223,-20.843069,-7.248672,-21.402512
4.287500,82.161484,-2.143114,-11.153655,-20.666059,-6.886014,-21.169098
4.293750,88.059807,-2.147826,-18.363720,-20.457163,-5.518547,-20.915102
4.300000,93.957451,-2.153912,-25.838741,-20.218281,-3.415053,-20.643667
4.306250,97.967567,-2.160223,-33.137497,-19.952665,-0.382905,-20.351784
4.312500,101.716370,-2.165684,-39.942337,-19.671164,3.372604,-20.049219
4.318750,104.666283,-2.170642,-45.981937,-19.388615,7.586913,-19.749580
4.325000,106.317215,-2.176167,-51.053623,-19.126139,11.955570,-19.470409
4.331250,106.244568,-2.182038,-55.012386,-18.907207,16.168617,-19.226515
4.337500,104.114777,-2.187208,-57.757298,-18.780817,19.954912,-19.020302
4.343750,99.691483,-2.191202,-59.308193,-18.652193,23.094728,-18.794922
4.350000,92.848312,-2.194274,-58.665367,-18.596985,25.106865,-18.673836
4.356250,83.583534,-2.196234,-56.722790,-18.649193,27.665516,-18.638000
4.362500,72.018898,-2.196644,-53.276859,-18.808357,29.525318,-18.697969
4.368750,58.389252,-2.195804,-48.417446,-19.065937,31.042318,-18.879827
4.375000,43.028561,-2.194564,-42.347103,-19.408730,32.458916,-19.123507
4.381250,26.364553,-2.192850,-35.339191,-19.815212,33.832005,-19.411438
4.387500,8.893831,-2.189981,-27.717958,-20.258881,35.962765,-19.751312
4.393750,-8.852944,-2.186256,-19.899380,-20.723509,37.172749,-20.170914
4.400000,-26.336241,-2.182859,-12.340856,-21.195978,39.019360,-20.645481
4.406250,-43.022736,-2.179895,-3.247405,-21.658854,41.085297,-21.148888
4.412500,-58.414803,-2.176550,3.795316,-22.098276,43.078926,-21.662832
4.418750,-72.084030,-2.172958,10.630687,-22.508112,44.784725,-22.173359
4.425000,-83.695503,-2.170007,17.088396,-22.827219,46.121239,-22.632513
4.431250,-93.013115,-2.168151,22.994612,-23.054846,47.097122,-23.012663
4.437500,-99.909172,-2.166646,27.956408,-23.202932,47.480343,-23.310223
4.443750,-104.381691,-2.165315,31.929762,-23.278967,47.271770,-23.518396
4.450000,-106.556282,-2.165030,34.981178,-23.284836,46.601261,-23.629791
4.456250,-106.671104,-2.166281,37.239483,-23.225266,45.637249,-23.643143
4.462500,-105.060356,-2.168295,38.906345,-23.110691,44.562386,-23.564365
4.468750,-102.146942,-2.170572,40.271027,-22.960529,43.598972,-23.415686
4.475000,-98.426712,-2.173676,39.817726,-22.773239,43.044281,-23.182228
4.481250,-94.433151,-2.177613,39.715351,-22.542862,41.622589,-22.851587
4.487500,-88.539879,-2.181510,39.623833,-22.301107,40.865368,-22.469818
4.493750,-82.641190,-2.185143,39.352951,-22.069946,40.472507,-22.066540
4.500000,-76.743752,-2.189687,38.836887,-21.860327,40.226673,-21.663227
4.506250,-70.849068,-2.195811,38.050171,-21.672873,39.918243,-21.274698
4.512500,-64.949257,-2.202413,36.987804,-21.494576,39.328346,-20.910166
4.518750,-59.036549,-2.207891,35.647457,-21.269026,38.208858,-20.579582
4.525000,-53.115032,-2.212473,34.054089,-21.086542,36.240067,-20.318596
4.531250,-47.194355,-2.217336,33.296448,-20.951761,32.970989,-20.114557
4.537500,-41.275684,-2.222819,32.867088,-20.820963,29.768677,-19.945801
4.543750,-35.351036,-2.228049,31.360445,-20.683628,25.131807,-19.823008
4.550000,-29.417841,-2.232334,30.495085,-20.566721,19.383665,-19.722391
4.556250,-23.479105,-2.235687,29.979752,-20.492460,12.930506,-19.704222
4.562500,-17.538872,-2.238543,29.600962,-20.480501,6.480114,-19.784983
4.568750,-11.597601,-2.240838,29.132763,-20.556168,0.006446,-19.961390
4.575000,-5.653266,-2.242342,28.348810,-20.777449,-6.311400,-20.180374
4.581250,0.294343,-2.242605,27.067612,-21.062561,-12.139648,-20.453852
4.587500,6.242634,-2.241602,24.011404,-21.431538,-16.980513,-20.794436
4.593750,12.189274,-2.239632,22.065187,-21.905275,-20.650936,-21.194275
4.600000,18.131845,-2.236816,19.356298,-22.487015,-23.103388,-21.633261
4.606250,24.070688,-2.232949,15.751519,-23.237432,-24.480398,-22.122494
4.612500,30.004665,-2.228116,12.183468,-24.026535,-25.050978,-22.652704
4.618750,35.928638,-2.223307,8.005378,-24.885918,-24.880293,-23.201395
4.625000,41.840523,-2.219275,3.563813,-25.795424,-24.248072,-23.753044
4.631250,47.745895,-2.215394,-0.854014,-26.721813,-23.479916,-24.294392
4.637500,53.649975,-2.210679,-4.984951,-27.622475,-22.936489,-24.808163
4.643750,59.548912,-2.205674,-8.581495,-28.444670,-22.979801,-25.259108
4.650000,65.433861,-2.202021,-13.338333,-29.128050,-23.961685,-25.599693
4.656250,71.304420,-2.200428,-15.390752,-29.645468,-26.263424,-25.838026
4.662500,77.169022,-2.200431,-16.789122,-29.988810,-28.457052,-25.994993
4.668750,83.032570,-2.201756,-17.400204,-30.128643,-31.922894,-26.044193
4.675000,88.895821,-2.204622,-17.247095,-30.052593,-36.426277,-25.977787
4.681250,94.759750,-2.208866,-16.463175,-29.763929,-41.762218,-25.796513
4.687500,98.733299,-2.213856,-15.248948,-29.286547,-47.707767,-25.511627
4.693750,102.437363,-2.219797,-13.850324,-28.658859,-53.995655,-25.134647
4.700000,105.336143,-2.227761,-12.561306,-27.909189,-60.281017,-24.668013
4.706250,106.940063,-2.237412,-11.873977,-27.040930,-66.198219,-24.103888
4.712500,106.833488,-2.246954,-12.028431,-26.095711,-71.305885,-23.496790
4.718750,104.679169,-2.255181,-13.367509,-25.150110,-77.016960,-22.901995
4.725000,100.230377,-2.262822,-14.324399,-24.264389,-81.856827,-22.339674
4.731250,93.358574,-2.270712,-16.445614,-23.460938,-85.979424,-21.845411
4.737500,84.067612,-2.278115,-19.474182,-22.758455,-89.606415,-21.383020
4.743750,72.484535,-2.283903,-23.196262,-22.169344,-93.017670,-20.960026
4.750000,58.841785,-2.288440,-27.357079,-21.690125,-94.141037,-20.584114
4.756250,43.471569,-2.292565,-31.659277,-21.263792,-94.523514,-20.313030
4.762500,26.801754,-2.296101,-35.820240,-20.971371,-93.723091,-20.140020
4.768750,9.329622,-2.298391,-38.295979,-20.792852,-91.587860,-20.045010
4.775000,-8.415243,-2.299575,-39.524235,-20.689215,-87.818253,-20.015289
4.781250,-25.891735,-2.300344,-38.905613,-20.624281,-82.164131,-20.049881
4.787500,-42.569237,-2.301112,-37.764755,-20.534477,-74.422905,-20.121975
4.793750,-57.953442,-2.301971,-34.968094,-20.482796,-66.098412,-20.184647
4.800000,-71.615982,-2.303035,-30.162090,-20.428911,-55.889557,-20.253386
4.806250,-83.215332,-2.304200,-23.997265,-20.365889,-44.434879,-20.321192
4.812500,-92.513252,-2.305367,-17.027775,-20.292017,-32.331600,-20.374828
4.818750,-99.388443,-2.306828,-9.811558,-20.206991,-20.168322,-20.400969
4.825000,-103.843132,-2.309296,-2.911002,-20.117559,-8.497230,-20.405289
4.831250,-105.996155,-2.312398,5.284979,-20.040251,2.161677,-20.411146
4.837500,-106.076981,-2.314770,12.954791,-19.987352,11.396557,-20.394333
4.843750,-104.426476,-2.316013,18.473347,-19.925285,19.297960,-20.321836
4.850000,-101.480957,-2.317622,23.582586,-19.873224,25.259228,-20.231091
4.856250,-97.738091,-2.320762,27.778891,-19.845846,29.247778,-20.136753
4.862500,-93.722832,-2.324507,30.803459,-19.846916,31.421230,-20.046745
4.868750,-87.803619,-2.327351,32.519932,-19.863167,32.049686,-19.958563
4.875000,-81.877838,-2.329282,32.883430,-19.872158,31.453152,-19.871519
4.881250,-75.954773,-2.331346,31.960295,-19.865437,29.935965,-19.791359
4.887500,-70.035866,-2.333935,30.124678,-19.866007,27.839603,-19.722410
4.893750,-64.117226,-2.336720,27.542055,-19.864738,25.527399,-19.667475
4.900000,-58.196960,-2.339563,24.379045,-19.861624,23.340281,-19.623850
4.906250,-52.275299,-2.342533,20.928398,-19.854446,21.594263,-19.578629
4.912500,-46.351875,-2.345284,17.381943,-19.829117,20.576866,-19.508482
4.918750,-40.425797,-2.347777,14.074821,-19.802696,20.736149,-19.460411
4.925000,-34.499554,-2.350571,11.365493,-19.798485,22.563778,-19.442072
4.931250,-28.573095,-2.353466,9.433035,-19.832111,23.825745,-19.450829
4.937500,-22.641121,-2.355530,8.387367,-19.913475,26.034590,-19.490948
4.943750,-16.701340,-2.356029,8.268937,-20.049040,28.834869,-19.569910
4.950000,-10.762444,-2.355785,9.082089,-20.236736,31.873199,-19.693382
4.956250,-4.829493,-2.355766,10.788644,-20.468420,34.804520,-19.871725
4.962500,1.100833,-2.355386,11.397360,-20.723654,37.266167,-20.157822
4.968750,7.033975,-2.353941,14.543585,-20.994682,38.073669,-20.369875
4.975000,12.965464,-2.352026,17.906059,-21.301483,39.191929,-20.653709
4.981250,18.890633,-2.350197,21.406351,-21.619701,39.023262,-20.999622
4.987500,24.813324,-2.347826,24.844337,-21.938599,37.595295,-21.396376
4.993750,30.737278,-2.344164,27.957634,-22.251186,34.850471,-21.835711
5.000000,36.655724,-2.340233,30.538847,-22.546032,30.760576,-22.306190
5.006250,42.560921,-2.337422,32.434132,-22.806488,27.210655,-22.785892
5.012500,48.457256,-2.335645,33.522156,-23.007874,22.495558,-23.207712
5.018750,54.354103,-2.333756,33.700924,-23.125755,17.096548,-23.567455
5.025000,60.251972,-2.331763,32.967934,-23.200251,11.157722,-23.902485
5.031250,66.145142,-2.330257,31.503695,-23.227493,5.472526,-24.182104
5.037500,72.032440,-2.329420,29.446030,-23.211346,0.421504,-24.392010
5.043750,77.918312,-2.328988,26.771833,-23.197275,-3.744435,-24.527569
5.050000,83.801674,-2.329495,23.436808,-23.139519,-6.796721,-24.583128
5.056250,89.681572,-2.331392,20.578354,-23.046038,-8.485804,-24.546043
5.062500,95.564095,-2.333632,17.309601,-22.963701,-8.675047,-24.420380
5.068750,99.560089,-2.334969,14.032802,-22.909014,-7.313552,-24.217060
5.075000,103.284454,-2.336195,11.139148,-22.881788,-4.334378,-23.945488
5.081250,106.194786,-2.339141,7.124504,-22.867428,0.311659,-23.614037
5.087500,107.801804,-2.343707,4.014287,-22.856209,6.617097,-23.239029
5.093750,107.691528,-2.348216,1.773297,-22.859594,14.468586,-22.845673
5.100000,105.525108,-2.352083,0.210677,-22.862263,23.576870,-22.440329
5.106250,101.056061,-2.356519,-0.958233,-22.844303,33.374451,-22.014627
5.112500,94.159294,-2.362218,-1.917816,-22.790216,43.636410,-21.602173
5.118750,84.842781,-2.367999,-2.833874,-22.691618,53.979183,-21.225037
5.125000,73.232300,-2.373052,-3.865399,-22.545303,63.838192,-20.896055
5.131250,59.559975,-2.378111,-5.136040,-22.348339,72.628487,-20.617973
5.137500,44.160763,-2.383896,-6.746380,-22.102249,79.803154,-20.379457
5.143750,27.465132,-2.389989,-6.623478,-21.813416,84.889267,-20.109453
5.150000,9.970729,-2.395692,-6.204773,-21.496548,88.456268,-19.993792
5.156250,-7.790631,-2.400901,-6.898899,-21.144384,90.536560,-19.875927
5.162500,-25.275192,-2.405843,-6.624774,-20.771963,90.619530,-19.792000
5.168750,-41.949810,-2.410257,-5.696821,-20.405783,89.111656,-19.748184
5.175000,-57.322189,-2.413681,-4.329474,-20.065750,86.590179,-19.739790
5.181250,-70.966774,-2.416181,-2.730024,-19.767473,83.717079,-19.754751
5.187500,-82.544968,-2.417814,-1.132013,-19.526981,79.051834,-19.785376
5.193750,-91.820862,-2.418694,0.214083,-19.361357,74.797913,-19.867231
5.200000,-98.674843,-2.419131,1.075653,-19.289297,71.227303,-20.028954
5.206250,-103.108109,-2.419498,3.481743,-19.300211,67.620941,-20.147768
5.212500,-105.241241,-2.419786,4.199918,-19.367380,64.779327,-20.283310
5.218750,-105.308022,-2.419504,5.081176,-19.492277,62.681377,-20.442430
5.225000,-103.648315,-2.418296,5.927887,-19.628666,61.187351,-20.619846
5.231250,-100.691940,-2.416297,6.691864,-19.824322,60.075787,-20.813351
5.237500,-96.934555,-2.413927,6.037372,-20.085773,59.006798,-21.033623
5.243750,-92.911911,-2.411807,4.696660,-20.376904,57.666618,-21.278645
5.250000,-87.003761,-2.410833,2.307932,-20.679895,55.780968,-21.540155
5.256250,-81.100227,-2.410648,-1.461842,-20.981091,53.058956,-21.812618
5.262500,-75.193878,-2.409824,-4.728833,-21.269325,49.246166,-22.085533
5.268750,-69.284584,-2.408128,-9.048154,-21.537722,44.123486,-22.344410
5.275000,-63.383469,-2.407269,-14.073275,-21.780977,37.483677,-22.570667
5.281250,-57.496197,-2.408730,-19.494335,-21.993858,29.291744,-22.767235
5.287500,-51.611984,-2.411298,-25.024958,-22.171446,19.871183,-22.956505
5.293750,-45.718559,-2.413036,-30.407204,-22.310347,9.281628,-23.116470
5.300000,-39.820824,-2.414314,-35.390896,-22.403673,-2.269352,-23.230831
5.306250,-33.931694,-2.417218,-39.743019,-22.443071,-14.399272,-23.288130
5.312500,-28.050753,-2.422187,-43.296444,-22.425520,-26.679230,-23.282318
5.318750,-22.165905,-2.427912,-45.938637,-22.347868,-38.663818,-23.207352
5.325000,-16.271364,-2.433769,-47.598011,-22.208481,-49.906452,-23.051064
5.331250,-10.371890,-2.440425,-48.307991,-22.029203,-60.035690,-22.878580
5.337500,-4.467008,-2.447581,-46.084160,-21.822823,-69.103958,-22.624052
5.343750,1.450284,-2.453791,-43.769939,-21.575357,-76.371315,-22.349758
5.350000,7.378778,-2.458789,-39.907307,-21.335838,-82.016449,-22.091417
5.356250,13.310237,-2.463800,-34.665878,-21.128819,-85.925362,-21.879740
5.362500,19.242842,-2.468841,-28.293821,-20.974085,-88.103271,-21.741312
5.368750,25.184992,-2.472502,-21.100996,-20.883217,-88.758003,-21.659552
5.375000,31.137850,-2.473985,-13.415901,-20.855419,-88.162170,-21.617449
5.381250,37.092030,-2.474328,-5.611372,-20.879526,-86.476501,-21.594477
5.387500,43.040970,-2.474027,1.859777,-20.961126,-83.161285,-21.712290
5.393750,48.989605,-2.472268,8.675727,-21.121031,-79.209343,-21.917774
5.400000,54.938732,-2.468679,14.844572,-21.342691,-74.982361,-22.203854
5.406250,60.879627,-2.464616,20.133741,-21.603485,-70.771111,-22.578541
5.412500,66.806770,-2.461083,24.332281,-21.874773,-66.588829,-22.938894
5.418750,72.726212,-2.457340,27.264135,-22.135660,-62.613392,-23.291216
5.425000,78.642387,-2.452937,28.837982,-22.366949,-59.244873,-23.622499
5.431250,84.549576,-2.448889,29.116879,-22.551546,-56.485733,-23.910751
5.437500,90.442635,-2.446338,28.323547,-22.672720,-54.286640,-24.127924
5.443750,96.325912,-2.445469,26.793575,-22.718218,-52.591572,-24.254423
5.450000,100.311600,-2.445868,24.883099,-22.678629,-51.329830,-24.278748
5.456250,104.023628,-2.447470,22.997786,-22.551630,-50.337898,-24.196878
5.462500,106.931381,-2.449944,21.579863,-22.349026,-49.446156,-24.038879
5.468750,108.545761,-2.452624,19.208979,-22.083141,-48.461956,-23.775126
5.475000,108.438126,-2.455770,18.069136,-21.746365,-46.501350,-23.397968
5.481250,106.262741,-2.460678,18.014980,-21.365387,-44.060871,-22.970953
5.487500,101.785385,-2.467249,18.771996,-20.972742,-40.836414,-22.531498
5.493750,94.895584,-2.473563,20.165548,-20.594818,-36.528252,-22.110510
5.500000,85.598625,-2.478263,22.046289,-20.248133,-30.905132,-21.730259
5.506250,74.006897,-2.482303,24.265785,-19.939240,-23.819027,-21.397573
5.512500,60.347813,-2.486813,26.654123,-19.649971,-15.302986,-21.034441
5.518750,44.966480,-2.491159,29.038548,-19.404892,-5.993581,-20.792566
5.525000,28.297153,-2.493984,30.800980,-19.245203,3.925918,-20.623978
5.531250,10.828915,-2.495511,32.534130,-19.146898,14.404946,-20.522768
5.537500,-6.913756,-2.496619,33.917404,-19.109583,24.918276,-20.479467
5.543750,-24.384575,-2.497202,34.629868,-19.140505,34.934669,-20.488747
5.550000,-41.048260,-2.496755,34.415707,-19.245119,44.069508,-20.598459
5.556250,-56.413506,-2.495413,33.094311,-19.431334,52.049416,-20.782993
5.562500,-70.056572,-2.493401,30.536856,-19.705891,59.214069,-20.991314
5.568750,-81.636848,-2.490695,26.796873,-20.035587,64.697006,-21.252939
5.575000,-90.917854,-2.487269,24.104774,-20.418823,68.628860,-21.566359
5.581250,-97.780586,-2.483692,19.127558,-20.855661,71.278748,-21.913998
5.587500,-102.225777,-2.480130,14.117814,-21.345104,72.983673,-22.258442
5.593750,-104.373039,-2.476270,9.158577,-21.887184,73.877167,-22.660648
5.600000,-104.460625,-2.472563,4.456633,-22.448933,72.527061,-23.058989
5.606250,-102.832001,-2.469980,0.200052,-23.010372,71.054138,-23.448671
5.612500,-99.912155,-2.468344,-3.573233,-23.559223,69.198311,-23.827187
5.618750,-96.184311,-2.466260,-6.753392,-24.079861,66.832428,-24.189892
5.625000,-92.181076,-2.463441,-9.224123,-24.554802,63.850864,-24.534378
5.631250,-86.293114,-2.461936,-10.875861,-24.962717,60.139530,-24.841208
5.637500,-80.419052,-2.463003,-11.628903,-25.280251,55.544430,-25.072937
5.643750,-74.545479,-2.465084,-13.351101,-25.479277,51.950977,-25.187496
5.650000,-68.662506,-2.466592,-12.294024,-25.538246,47.734627,-25.214203
5.656250,-62.776558,-2.468392,-10.597984,-25.479378,42.533154,-25.186333
5.662500,-56.898643,-2.471903,-8.466661,-25.303003,37.298107,-25.073055
5.668750,-51.025253,-2.477335,-5.977100,-25.008545,32.290672,-24.865808
5.675000,-45.146339,-2.483508,-3.373528,-24.612066,27.695379,-24.569216
5.681250,-39.257690,-2.489906,-0.938883,-24.137194,23.689371,-24.190941
5.687500,-33.363293,-2.496621,1.047532,-23.619936,20.484982,-23.742008
5.693750,-27.462971,-2.503315,2.213783,-23.068192,18.381382,-23.251125
5.700000,-21.555922,-2.509628,1.935317,-22.480633,17.815037,-22.741016
5.706250,-15.646266,-2.516430,2.254334,-21.919125,16.947920,-22.242535
5.712500,-9.735957,-2.524198,1.544723,-21.422075,17.443655,-21.791294
5.718750,-3.817631,-2.531682,0.016628,-21.010138,18.901289,-21.414335
5.725000,2.115716,-2.537398,-2.126558,-20.693014,22.730860,-21.100958
5.731250,8.058910,-2.541427,-4.691534,-20.470518,26.802286,-20.822529
5.737500,14.000982,-2.545019,-7.487975,-20.328747,31.292416,-20.617359
5.743750,19.940603,-2.548156,-10.356857,-20.248926,35.348244,-20.537956
5.750000,25.884615,-2.549657,-13.292723,-20.249767,39.448647,-20.549355
5.756250,31.831669,-2.549577,-16.273199,-20.318449,43.299072,-20.635450
5.762500,37.773750,-2.548862,-16.893377,-20.428951,46.550289,-20.782953
5.768750,43.707207,-2.547925,-18.322729,-20.552786,48.856968,-20.995169
5.775000,49.636002,-2.546348,-18.428484,-20.663918,49.750732,-21.200426
5.781250,55.560909,-2.544144,-17.410362,-20.759602,50.190075,-21.407267
5.787500,61.476429,-2.542403,-15.517717,-20.830868,49.218349,-21.619030
5.793750,67.382072,-2.541688,-12.958927,-20.866096,46.992287,-21.819952
5.800000,73.282120,-2.541711,-10.015059,-20.856716,43.595524,-21.988985
5.806250,79.180878,-2.542093,-7.010047,-20.800732,39.153706,-22.103174
5.812500,85.079323,-2.542667,-4.282213,-20.703259,33.897011,-22.157621
5.818750,90.975952,-2.543592,-2.173999,-20.568979,28.223322,-22.173723
5.825000,96.867844,-2.545659,1.214730,-20.426731,20.300552,-22.172951
5.831250,100.859818,-2.549857,4.222469,-20.337465,12.016180,-22.094353
5.837500,104.578278,-2.555946,5.551624,-20.200613,3.446425,-21.964041
5.843750,107.502312,-2.562320,7.239430,-20.085583,-5.649296,-21.815435
5.850000,109.145966,-2.567172,8.723544,-20.024971,-15.125727,-21.671053
5.856250,109.075897,-2.570654,9.940157,-20.026711,-24.749805,-21.544924
5.862500,106.939674,-2.574011,10.840117,-20.088850,-34.306465,-21.449135
5.868750,102.499023,-2.577532,11.398130,-20.188982,-43.652805,-21.383234
5.875000,95.636627,-2.580557,11.745350,-20.329266,-52.757664,-21.337158
5.881250,86.354706,-2.582870,12.340797,-20.536053,-61.734245,-21.328920
5.887500,74.772606,-2.584499,13.158855,-20.782188,-68.338974,-21.356813
5.893750,61.126717,-2.585085,14.376637,-21.053806,-73.900070,-21.407829
5.900000,45.756428,-2.584561,14.345896,-21.356293,-78.027298,-21.471664
5.906250,29.083546,-2.583847,14.953597,-21.723213,-82.463394,-21.560577
5.912500,11.597718,-2.583660,16.007391,-22.082483,-85.402046,-21.665108
5.918750,-6.162439,-2.582943,17.761038,-22.443521,-87.216728,-21.772993
5.925000,-23.645750,-2.580815,19.404768,-22.828310,-88.292801,-21.881758
5.931250,-40.327343,-2.578502,20.836651,-23.240658,-88.907379,-21.995699
5.937500,-55.722935,-2.577307,21.981916,-23.669834,-89.294281,-22.116198
5.943750,-69.400085,-2.576739,22.800747,-24.097147,-89.641342,-22.243256
5.950000,-81.008598,-2.575555,23.487417,-24.504272,-90.186676,-22.331884
5.956250,-90.314651,-2.574258,24.225542,-24.872337,-91.428421,-22.384251
5.962500,-97.204994,-2.574389,24.912867,-25.185734,-90.640442,-22.444769
5.968750,-101.674805,-2.575207,25.421850,-25.433880,-90.065102,-22.503647
5.975000,-103.835495,-2.574862,25.663383,-25.605339,-89.252907,-22.557283
5.981250,-103.927422,-2.573580,25.559544,-25.693802,-87.772423,-22.605211
5.987500,-102.304115,-2.573546,25.049856,-25.693703,-85.239929,-22.645655
5.993750,-99.395279,-2.575413,24.113375,-25.601608,-81.322289,-22.675261
6.000000,-95.679657,-2.577931,22.740858,-25.416046,-75.801567,-22.686163
6.006250,-91.684021,-2.580353,20.969124,-25.127874,-68.620384,-22.634594
6.012500,-85.792816,-2.583464,18.853132,-24.697205,-60.174358,-22.564257
6.018750,-79.902802,-2.587535,18.313778,-24.253532,-50.735523,-22.480064
6.025000,-74.007057,-2.591485,16.027454,-23.773813,-40.265396,-22.383652
6.031250,-68.103981,-2.595052,14.432491,-23.283377,-29.222765,-22.289053
6.037500,-62.198715,-2.599034,13.384132,-22.826017,-18.144392,-22.213657
6.043750,-56.292961,-2.603436,12.804422,-22.447752,-7.478559,-22.141083
6.050000,-50.380676,-2.607178,12.754766,-22.138311,2.521889,-22.055941
6.056250,-44.459789,-2.609866,13.242295,-21.926031,11.392056,-21.995718
6.062500,-38.538761,-2.612486,13.978558,-21.839840,18.896299,-21.981039
6.068750,-32.619652,-2.615275,13.005532,-21.886801,24.886866,-22.013306
6.075000,-26.695236,-2.616866,11.927933,-22.055016,29.367085,-22.089310
6.081250,-20.763859,-2.616552,12.368874,-22.311241,32.410198,-22.204348
6.087500,-14.836739,-2.615752,12.451946,-22.577847,34.082813,-22.336319
6.093750,-8.921479,-2.615808,12.105722,-22.888027,34.362179,-22.472076
6.100000,-3.012995,-2.616452,10.684135,-23.209858,33.430191,-22.615936
6.106250,2.897288,-2.616830,8.670918,-23.492609,31.574919,-22.759089
6.112500,8.807650,-2.616996,5.968234,-23.705320,28.963362,-22.886736
6.118750,14.713517,-2.617658,2.491339,-23.829550,25.728251,-22.981874
6.125000,20.614834,-2.619017,-1.805403,-23.859856,22.017044,-23.021555
6.131250,26.512859,-2.621464,-4.750053,-23.802752,18.081829,-23.004812
6.137500,32.410908,-2.624950,-7.603255,-23.655981,14.762955,-22.944792
6.143750,38.312771,-2.628787,-11.558247,-23.419518,10.156794,-22.825130
6.150000,44.223328,-2.631908,-14.500987,-23.120625,5.708448,-22.659435
6.156250,50.139652,-2.634291,-16.475729,-22.786991,1.384678,-22.461452
6.162500,56.054302,-2.637037,-17.497295,-22.442572,-2.779285,-22.245222
6.168750,61.965431,-2.640452,-17.592537,-22.105951,-6.711454,-22.020784
6.175000,67.880890,-2.643592,-16.848511,-21.796425,-10.345290,-21.800304
6.181250,73.803528,-2.645564,-15.403227,-21.529844,-13.607187,-21.598948
6.187500,79.727707,-2.646930,-13.421375,-21.320349,-16.360794,-21.493475
6.193750,85.648727,-2.648281,-11.118240,-21.192024,-18.911745,-21.363995
6.200000,91.568947,-2.649195,-8.686708,-21.125277,-20.999907,-21.297182
6.206250,95.595070,-2.649479,-5.830074,-21.113140,-22.550432,-21.311125
6.212500,99.346146,-2.649505,-2.822814,-21.175488,-23.726503,-21.416607
6.218750,102.286026,-2.649791,0.152640,-21.299583,-24.707432,-21.658321
6.225000,103.924957,-2.650244,2.923606,-21.459934,-24.110920,-21.896488
6.231250,103.838013,-2.650651,5.124836,-21.685223,-24.403120,-22.217709
6.237500,101.684967,-2.650975,6.448522,-21.959602,-24.717649,-22.616701
6.243750,97.229538,-2.650967,6.875169,-22.264910,-24.983719,-23.079235
6.250000,90.350403,-2.650335,8.406750,-22.587864,-25.230196,-23.585257
6.256250,81.044014,-2.649694,9.565290,-22.921488,-25.478781,-24.114969
6.262500,69.428276,-2.649925,8.893874,-23.261044,-25.706203,-24.647697
6.268750,55.745308,-2.650364,8.509110,-23.589054,-25.649424,-25.124628
6.275000,40.343586,-2.649624,8.393828,-23.885790,-24.994822,-25.551323
6.281250,23.647556,-2.647729,8.412013,-24.146627,-23.847939,-25.917709
6.287500,6.136681,-2.646590,8.453770,-24.367105,-22.057465,-26.206549
6.293750,-11.659074,-2.647252,8.468431,-24.537354,-19.371456,-26.400658
6.300000,-29.181974,-2.648548,8.442919,-24.642677,-15.529983,-26.482010
6.306250,-45.891533,-2.649437,8.346174,-24.666779,-10.336526,-26.434158
6.312500,-61.299965,-2.650506,8.124457,-24.591261,-3.703554,-26.242487
6.318750,-74.987289,-2.652849,7.647841,-24.425224,4.193373,-25.962126
6.325000,-86.609253,-2.656037,8.838588,-24.203222,12.978117,-25.598467
6.331250,-95.923233,-2.659461,8.466652,-23.916178,22.417908,-25.144239
6.337500,-102.808914,-2.663456,8.773376,-23.560406,32.261948,-24.639282
6.343750,-107.269012,-2.668476,9.464478,-23.167686,42.076042,-24.123671
6.350000,-109.421150,-2.673808,10.305176,-22.768963,51.287426,-23.632130
6.356250,-109.497925,-2.678374,11.139814,-22.390989,59.294617,-23.193121
6.362500,-107.842323,-2.682123,11.840714,-22.055561,65.519600,-22.817640
6.368750,-104.886925,-2.685573,12.289675,-21.777817,69.444511,-22.448448
6.375000,-101.125381,-2.688434,12.365748,-21.567713,71.247391,-22.247879
6.381250,-97.089218,-2.690552,11.803352,-21.443079,70.538292,-22.166683
6.387500,-91.159119,-2.692275,11.737216,-21.387604,67.210312,-22.206064
6.393750,-85.232407,-2.693774,11.304254,-21.419001,61.571693,-22.320135
6.400000,-79.305618,-2.694402,10.768917,-21.537523,54.024460,-22.419670
6.406250,-73.379402,-2.694046,10.193658,-21.735064,42.954712,-22.651236
6.412500,-67.458923,-2.693753,9.615735,-21.997322,30.767260,-22.945448
6.418750,-61.547394,-2.694309,9.018312,-22.309656,17.276558,-23.267752
6.425000,-55.638756,-2.694974,8.409656,-22.645920,2.970678,-23.585915
6.431250,-49.727875,-2.695039,7.783318,-22.980028,-11.603040,-23.870874
6.437500,-43.818672,-2.695058,7.082130,-23.284845,-25.917023,-24.092556
6.443750,-37.916267,-2.696141,8.412844,-23.529972,-39.477512,-24.220291
6.450000,-32.017551,-2.698140,10.291917,-23.703724,-52.037441,-24.301836
6.456250,-26.116686,-2.700225,11.118508,-23.810698,-63.486252,-24.325163
6.462500,-20.212677,-2.702385,12.893646,-23.845499,-71.869987,-24.248755
6.468750,-14.308526,-2.704910,15.420020,-23.806913,-78.543953,-24.109352
6.475000,-8.401624,-2.707314,18.423050,-23.703554,-83.038002,-23.936668
6.481250,-2.490616,-2.709185,21.573822,-23.560213,-85.134598,-23.757988
6.487500,3.420352,-2.711230,24.567163,-23.406290,-84.727249,-23.589718
6.493750,9.328870,-2.713843,27.255102,-23.242895,-81.695854,-23.410793
6.500000,15.239292,-2.716082,29.522570,-23.077749,-78.023087,-23.223392
6.506250,21.156261,-2.717290,29.223021,-22.925295,-72.269958,-23.054174
6.512500,27.073046,-2.718198,29.980453,-22.812292,-64.944626,-22.932516
6.518750,32.983547,-2.719968,29.705732,-22.765480,-56.811993,-22.851603
6.525000,38.892147,-2.722171,28.505983,-22.778702,-48.588936,-22.802830
6.531250,44.806553,-2.723528,26.476225,-22.843904,-40.882378,-22.781105
6.537500,50.725479,-2.724065,23.675694,-22.951809,-34.236942,-22.782667
6.543750,56.640556,-2.724855,20.183754,-23.091211,-29.118567,-22.807606
6.550000,62.550426,-2.726141,16.118006,-23.247530,-24.067291,-22.831606
6.556250,68.461113,-2.727328,11.662668,-23.386425,-21.090563,-22.845579
6.562500,74.374237,-2.728221,7.149285,-23.503159,-19.634996,-22.859280
6.568750,80.286507,-2.729060,3.530864,-23.630867,-19.339191,-22.871809
6.575000,86.197571,-2.729728,-1.066012,-23.734722,-19.897408,-22.903772
6.581250,92.107620,-2.730151,-4.627471,-23.808168,-20.854937,-22.934893
6.587500,96.120216,-2.730977,-7.225298,-23.855080,-21.688457,-22.965773
6.593750,99.855629,-2.732758,-8.893355,-23.880939,-23.919945,-23.002052
6.600000,102.786179,-2.734506,-9.658622,-23.890526,-25.494049,-23.045971
6.606250,104.424812,-2.735232,-9.557833,-23.884737,-26.518534,-23.095972
6.612500,104.339249,-2.735568,-8.664955,-23.865595,-27.120121,-23.149937
6.618750,102.180580,-2.736894,-7.094855,-23.832766,-25.547110,-23.203835
6.625000,97.713760,-2.739237,-4.990815,-23.786335,-23.561970,-23.254082
6.631250,90.825073,-2.741594,-2.540966,-23.729691,-20.787533,-23.312590
6.637500,81.516823,-2.743703,2.234818,-23.659410,-16.953022,-23.297264
6.643750,69.904419,-2.746535,5.927590,-23.556431,-13.938089,-23.265614
6.650000,56.224503,-2.750290,10.437227,-23.415848,-9.868535,-23.217154
6.656250,40.823978,-2.753894,15.337193,-23.241932,-5.248096,-23.142721
6.662500,24.132824,-2.756680,20.263443,-23.029348,-0.559241,-23.030842
6.668750,6.638104,-2.759221,24.868334,-22.766497,3.664182,-22.876711
6.675000,-11.132483,-2.761990,28.696898,-22.471527,6.758773,-22.712475
6.681250,-28.630928,-2.765105,31.274897,-22.162365,10.344871,-22.549931
6.687500,-45.322723,-2.768440,34.504158,-21.847992,12.658545,-22.396957
6.693750,-60.713932,-2.771925,36.706978,-21.561981,13.747221,-22.270103
6.700000,-74.375542,-2.774951,37.975986,-21.288111,13.686607,-22.208576
6.706250,-85.964851,-2.776771,38.188969,-21.032532,12.761221,-22.185890
6.712500,-95.250404,-2.777875,37.822865,-20.841003,11.503862,-22.214449
6.718750,-102.116013,-2.779097,37.009705,-20.737339,9.775963,-22.319901
6.725000,-106.560768,-2.780663,35.821007,-20.729666,7.929239,-22.492645
6.731250,-108.700829,-2.781692,34.281868,-20.817785,4.307828,-22.745628
6.737500,-108.771553,-2.781682,32.407059,-20.990053,0.968946,-23.080366
6.743750,-107.118752,-2.781058,30.162745,-21.250950,-2.263883,-23.461781
6.750000,-104.173439,-2.780266,27.417215,-21.629972,-5.429778,-23.851044
6.756250,-100.426918,-2.779377,24.894751,-22.001173,-8.477414,-24.212364
6.762500,-96.411461,-2.778667,22.570446,-22.409302,-11.499812,-24.542692
6.768750,-90.504906,-2.778229,20.293764,-22.847654,-14.502829,-24.823961
6.775000,-84.599823,-2.777401,18.143185,-23.297832,-15.249364,-25.039528
6.781250,-78.693947,-2.775820,16.150408,-23.740637,-15.088364,-25.178473
6.787500,-72.792313,-2.774182,14.327538,-24.156136,-13.519320,-25.233234
6.793750,-66.898956,-2.773423,12.670582,-24.526018,-10.100232,-25.200089
6.800000,-61.011696,-2.773571,11.161075,-24.834377,-6.638812,-25.077227
6.806250,-55.123913,-2.773908,9.769846,-25.067663,-1.506320,-24.863688
6.812500,-49.234772,-2.774620,8.449564,-25.217730,4.984245,-24.538778
6.818750,-43.347878,-2.776452,7.117988,-25.293732,12.733536,-24.183519
6.825000,-37.460258,-2.778905,7.805784,-25.337027,20.207277,-23.793015
6.831250,-31.565401,-2.780915,7.558222,-25.270796,28.131844,-23.405243
6.837500,-25.665537,-2.782731,8.258638,-25.156693,35.727806,-23.067926
6.843750,-19.768255,-2.785718,9.677813,-25.022202,42.307720,-22.798723
6.850000,-13.872227,-2.789746,11.786314,-24.882786,49.010090,-22.595680
6.856250,-7.967480,-2.793173,14.522407,-24.749350,53.888218,-22.489660
6.862500,-2.051453,-2.795166,17.798590,-24.625479,57.123978,-22.487673
6.868750,3.866447,-2.796692,21.536779,-24.502962,58.906746,-22.580090
6.875000,9.778066,-2.798816,25.660173,-24.357124,59.498100,-22.746902
6.881250,15.687461,-2.801239,30.208387,-24.218838,59.212280,-22.936455
6.887500,21.598883,-2.803447,33.641975,-24.111855,58.241959,-23.164543
6.893750,27.513056,-2.805323,37.309624,-24.031368,56.511723,-23.416435
6.900000,33.427479,-2.806945,40.701241,-24.022894,54.740108,-23.641598
6.906250,39.341999,-2.807956,43.326263,-23.982859,53.326488,-23.804731
6.912500,45.255131,-2.808613,45.929989,-23.942120,50.656620,-23.889036
6.918750,51.162418,-2.809960,47.252476,-23.918480,48.610447,-23.887592
6.925000,57.063896,-2.812288,47.319538,-23.894270,46.911419,-23.795847
6.931250,62.966755,-2.814892,46.200741,-23.816252,45.279739,-23.613968
6.937500,68.873741,-2.817406,45.576324,-23.792398,43.365189,-23.366812
6.943750,74.783051,-2.820132,42.469288,-23.769470,42.647930,-23.094057
6.950000,80.693092,-2.822918,39.268032,-23.728401,41.011105,-22.758883
6.956250,86.607857,-2.824828,35.991573,-23.657082,38.609688,-22.395210
6.962500,92.526459,-2.825746,32.645279,-23.551218,35.823959,-22.038076
6.968750,96.545837,-2.827107,29.208326,-23.417110,32.728706,-21.714643
6.975000,100.283569,-2.829904,25.693800,-23.261442,29.362745,-21.441652
6.981250,103.216331,-2.833082,22.177767,-23.085882,25.708931,-21.226324
6.987500,104.860237,-2.835156,18.739075,-22.891544,21.748137,-21.067846
6.993750,104.785286,-2.836051,15.452062,-22.673122,17.436401,-20.949175
7.000000,102.640633,-2.836994,12.390926,-22.412008,12.648810,-20.880390
7.006250,98.185951,-2.838766,9.567645,-22.085022,9.191822,-20.883879
7.012500,91.304749,-2.841154,8.628369,-21.812265,5.726998,-20.936102
7.018750,82.001320,-2.843767,8.336451,-21.579033,2.684618,-21.018332
7.025000,70.398705,-2.846308,7.808984,-21.316204,0.450969,-21.166265
7.031250,56.733997,-2.848532,8.607175,-21.086468,-2.530679,-21.360184
7.037500,41.346485,-2.850635,10.348155,-20.931026,-4.210002,-21.583796
7.043750,24.661476,-2.853045,12.770467,-20.883392,-5.456343,-21.866337
7.050000,7.171869,-2.855662,15.637347,-20.968489,-6.413790,-22.219038
7.056250,-10.584447,-2.857495,18.783453,-21.174747,-7.176066,-22.647264
7.062500,-28.060299,-2.857902,20.145916,-21.500309,-7.831440,-23.160730
7.068750,-44.729118,-2.857538,23.144270,-21.948509,-8.484106,-23.789661
7.075000,-60.104038,-2.857042,25.695700,-22.494669,-8.583563,-24.382105
7.081250,-73.755974,-2.856148,27.719118,-23.051613,-10.619444,-24.996614
7.087500,-85.341370,-2.854311,29.233946,-23.694069,-13.136940,-25.636955
7.093750,-94.624992,-2.851655,28.957977,-24.370852,-14.413239,-26.282415
7.100000,-101.489532,-2.848611,27.717270,-25.034216,-16.193176,-26.903540
7.106250,-105.936577,-2.845448,25.290661,-25.658171,-18.329739,-27.468014
7.112500,-108.087883,-2.842515,21.504801,-26.230106,-20.658934,-27.941046
7.118750,-108.181328,-2.840260,16.133003,-26.696817,-22.986801,-28.280098
7.125000,-106.555779,-2.838665,11.099063,-27.033203,-27.229353,-28.436893
7.131250,-103.633759,-2.837041,5.191095,-27.248539,-31.549101,-28.450333
7.137500,-99.907532,-2.835496,-1.179052,-27.353552,-36.026348,-28.310642
7.143750,-95.915672,-2.835208,-7.644998,-27.353125,-40.958603,-28.010855
7.150000,-90.037529,-2.836970,-13.838151,-27.252604,-46.348289,-27.562675
7.156250,-84.158669,-2.839723,-19.437376,-27.058695,-52.102837,-26.988522
7.162500,-78.270081,-2.842078,-24.177544,-26.783661,-58.079021,-26.324110
7.168750,-72.375069,-2.844242,-27.866173,-26.446766,-64.129242,-25.621931
7.175000,-66.481384,-2.847123,-30.358326,-26.069706,-70.151550,-24.898308
7.181250,-60.587444,-2.850572,-31.559010,-25.674763,-76.271278,-24.168079
7.187500,-54.686672,-2.853653,-31.424135,-25.280516,-80.183159,-23.490547
7.193750,-48.779240,-2.856122,-29.954485,-24.889750,-83.342903,-22.909101
7.200000,-42.870087,-2.858473,-29.099543,-24.504599,-85.148552,-22.449291
7.206250,-36.959904,-2.860627,-25.660172,-24.196327,-84.998024,-22.074280
7.212500,-31.046724,-2.862128,-21.428017,-23.946163,-84.296455,-21.824671
7.218750,-25.132513,-2.863384,-16.702406,-23.760078,-81.849968,-21.728851
7.225000,-19.222109,-2.865252,-11.751508,-23.627327,-77.533035,-21.759829
7.231250,-13.313279,-2.867584,-6.860790,-23.534784,-71.775742,-21.895613
7.237500,-7.399487,-2.869238,-2.431061,-23.494774,-65.092857,-22.105656
7.243750,-1.481007,-2.870078,3.323972,-23.502308,-58.033081,-22.342035
7.250000,4.435622,-2.870811,8.888750,-23.537764,-51.170704,-22.525583
7.256250,10.347041,-2.871878,14.528951,-23.590017,-45.819973,-22.773359
7.262500,16.256384,-2.873170,18.553007,-23.664701,-39.946487,-23.003883
7.268750,22.164787,-2.874753,22.798231,-23.759890,-35.217701,-23.158361
7.275000,28.071524,-2.877148,27.238680,-23.806715,-31.686785,-23.234245
7.281250,33.977005,-2.880390,31.394686,-23.827925,-29.399992,-23.237337
7.287500,39.888634,-2.883272,34.879032,-23.817562,-28.187086,-23.169788
7.293750,45.808773,-2.884824,37.599140,-23.751289,-27.807964,-23.036877
7.300000,51.732494,-2.885354,39.648773,-23.655102,-28.027737,-22.854414
7.306250,57.652000,-2.885659,41.302792,-23.538157,-28.612383,-22.643448
7.312500,63.563999,-2.886698,42.519066,-23.391808,-29.328335,-22.427664
7.318750,69.470894,-2.888601,43.492733,-23.226480,-30.017996,-22.223244
7.325000,75.378403,-2.891064,42.657516,-23.043659,-30.637451,-22.037851
7.331250,81.291496,-2.893025,42.149651,-22.828165,-31.073523,-21.896477
7.337500,87.210800,-2.893932,41.663307,-22.608217,-31.276808,-21.821131
7.343750,93.130081,-2.894280,40.948631,-22.407671,-31.345182,-21.815735
7.350000,97.148621,-2.895065,39.911995,-22.237850,-29.532383,-21.857365
7.356250,100.888756,-2.896611,38.504856,-22.101391,-27.535278,-21.955322
7.362500,103.823174,-2.898387,36.677589,-21.996317,-24.607449,-22.128469
7.368750,105.462250,-2.899904,34.378445,-21.914219,-22.744324,-22.342155
7.375000,105.377312,-2.901239,31.541952,-21.845732,-20.273891,-22.564266
7.381250,103.225510,-2.902689,30.203335,-21.787605,-17.399376,-22.762608
7.387500,98.768608,-2.904589,28.765060,-21.771902,-14.414926,-22.931675
7.393750,91.886024,-2.907303,27.399549,-21.772888,-9.544047,-23.071558
7.400000,82.579819,-2.910498,26.330002,-21.777943,-4.307574,-23.163319
7.406250,70.977409,-2.913191,25.936010,-21.807686,-0.313257,-23.198750
7.412500,57.316841,-2.914716,26.273163,-21.876848,4.249513,-23.179079
7.418750,41.932163,-2.915849,27.270823,-21.995621,9.010672,-23.110796
7.425000,25.245296,-2.917401,28.790539,-22.172802,13.607282,-23.005739
7.431250,7.751008,-2.919185,30.665915,-22.411179,17.719507,-22.871681
7.437500,-10.011791,-2.920556,32.731533,-22.705853,21.100227,-22.700329
7.443750,-27.498476,-2.921594,36.984844,-23.036263,23.515507,-22.493286
7.450000,-44.179016,-2.922656,39.976212,-23.383972,24.538412,-22.302456
7.456250,-59.559895,-2.923296,43.276917,-23.810667,24.015131,-22.143764
7.462500,-73.208900,-2.922672,46.678028,-24.302944,22.027206,-22.028996
7.468750,-84.790833,-2.921086,50.012329,-24.868830,18.674141,-21.967642
7.475000,-94.074608,-2.919611,53.169849,-25.438286,14.172330,-21.954222
7.481250,-100.938416,-2.918110,55.974018,-26.017914,8.823708,-21.982182
7.487500,-105.377266,-2.915876,56.092400,-26.608021,2.931993,-22.050039
7.493750,-107.513245,-2.912813,55.063984,-27.188866,-3.074371,-22.146502
7.500000,-107.590065,-2.910230,52.380852,-27.720387,-8.588316,-22.259800
7.506250,-105.951111,-2.908563,49.719151,-28.180408,-12.894109,-22.390345
7.512500,-103.017082,-2.907101,45.124786,-28.572155,-15.399969,-22.518097
7.518750,-99.277100,-2.905465,38.906712,-28.866364,-15.556832,-22.623558
7.525000,-95.268791,-2.904508,31.408596,-29.047913,-12.823310,-22.702980
7.531250,-89.373268,-2.904916,22.945553,-29.119282,-8.831694,-22.749752
7.537500,-83.480049,-2.906062,13.890809,-29.093580,-3.560292,-22.735720
7.543750,-77.584694,-2.907336,4.816129,-28.941395,4.287585,-22.676018
7.550000,-71.689796,-2.909246,-3.818405,-28.687326,13.720828,-22.588181
7.556250,-65.798103,-2.912330,-11.741738,-28.365231,23.844515,-22.490860
7.562500,-59.905102,-2.915983,-20.366728,-27.993273,33.785393,-22.407627
7.568750,-54.006142,-2.919500,-27.526001,-27.576426,42.743267,-22.356054
7.575000,-48.101967,-2.922588,-33.127945,-27.157637,50.210426,-22.292816
7.581250,-42.194798,-2.925241,-36.980976,-26.752052,55.412640,-22.254110
7.587500,-36.285648,-2.927171,-39.347950,-26.362892,59.850113,-22.259245
7.593750,-30.375797,-2.928407,-40.422264,-26.000496,61.854275,-22.311789
7.600000,-24.469109,-2.929623,-40.292664,-25.670378,61.790413,-22.404631
7.606250,-18.567673,-2.931451,-39.068222,-25.374439,60.098244,-22.524134
7.612500,-12.668156,-2.933383,-36.886456,-25.108322,57.252285,-22.654266
7.618750,-6.766346,-2.934855,-33.936192,-24.865564,53.703167,-22.796497
7.625000,-0.864791,-2.936206,-30.479639,-24.641710,49.844639,-22.974798
7.631250,5.032421,-2.938228,-24.650848,-24.433813,46.080296,-23.149248
7.637500,10.926432,-2.940933,-19.997152,-24.233564,42.294823,-23.275940
7.643750,16.820330,-2.943764,-14.626086,-24.000437,39.200050,-23.377993
7.650000,22.716072,-2.946829,-8.896750,-23.696951,36.841961,-23.461088
7.656250,28.609009,-2.950824,-3.601500,-23.394670,35.007778,-23.539562
7.662500,34.499905,-2.956097,0.633030,-23.090097,33.391827,-23.617241
7.668750,40.395126,-2.961824,5.787152,-22.779217,31.725784,-23.691885
7.675000,46.300690,-2.966941,10.106557,-22.471788,31.586746,-23.769558
7.681250,52.214180,-2.971018,13.733987,-22.186565,30.957232,-23.859831
7.687500,58.131035,-2.974467,16.874777,-21.947416,29.944891,-23.971931
7.693750,64.047653,-2.977449,19.815781,-21.762987,28.632425,-24.118492
7.700000,69.964691,-2.979913,21.066502,-21.624844,27.072090,-24.329845
7.706250,75.882690,-2.981792,22.472698,-21.547489,25.280354,-24.549253
7.712500,81.800591,-2.983033,23.726900,-21.527176,22.365541,-24.745836
7.718750,87.717194,-2.983755,24.609924,-21.548954,21.000271,-24.981918
7.725000,93.632607,-2.983896,24.727024,-21.645075,19.530739,-25.250183
7.731250,97.651390,-2.983510,23.826494,-21.797943,18.245180,-25.527319
7.737500,101.391960,-2.983233,21.892015,-21.978104,17.272970,-25.783230
7.743750,104.319809,-2.983899,20.928539,-22.159805,16.694616,-25.975571
7.750000,105.945801,-2.985448,19.373022,-22.323782,16.494665,-26.070353
7.756250,105.848114,-2.987258,17.514626,-22.457714,16.330877,-26.106451
7.762500,103.688850,-2.989034,15.568533,-22.562908,16.190928,-26.054861
7.768750,99.227364,-2.991302,13.724342,-22.636770,16.108957,-25.903864
7.775000,92.339882,-2.994640,12.227293,-22.675186,15.951992,-25.655609
7.781250,83.029922,-2.998811,11.232250,-22.686840,15.576404,-25.326138
7.787500,71.425911,-3.002616,10.797933,-22.684502,14.865099,-24.940208
7.793750,57.766548,-3.005546,10.942344,-22.680769,13.778304,-24.523310
7.800000,42.386494,-3.007960,11.653962,-22.687077,12.424342,-24.063932
7.806250,25.709303,-3.010072,12.907932,-22.704252,10.943503,-23.553593
7.812500,8.228936,-3.011513,12.748179,-22.733019,9.390506,-23.050133
7.818750,-9.521170,-3.011904,14.771805,-22.787008,6.692057,-22.620268
7.825000,-26.998510,-3.011745,16.854410,-22.894442,4.444360,-22.256868
7.831250,-43.674236,-3.011551,18.794973,-23.078331,2.582836,-21.964800
7.837500,-59.052017,-3.010720,20.518408,-23.366812,1.191618,-21.742352
7.843750,-72.702904,-3.008672,21.945093,-23.707466,0.420897,-21.591534
7.850000,-84.291389,-3.006221,23.626120,-24.082050,0.365652,-21.521793
7.856250,-93.587006,-3.004490,24.753859,-24.510433,-1.046832,-21.530464
7.862500,-100.464005,-3.003322,25.389879,-24.978659,-2.290791,-21.606684
7.868750,-104.915184,-3.001572,23.695879,-25.456623,-3.681964,-21.734169
7.875000,-107.060585,-2.998976,21.302582,-25.922436,-5.476654,-21.886499
7.881250,-107.144852,-2.996441,19.733021,-26.373840,-7.867871,-22.010443
7.887500,-105.512276,-2.994567,17.212868,-26.784887,-10.962077,-22.141220
7.893750,-102.585281,-2.992920,13.931315,-27.137228,-13.772996,-22.284046
7.900000,-98.853401,-2.991414,10.084553,-27.401363,-16.687180,-22.376915
7.906250,-94.852821,-2.990882,5.967938,-27.552435,-19.571455,-22.428249
7.912500,-88.961929,-2.991676,1.700456,-27.598701,-22.147596,-22.449848
7.918750,-83.067436,-2.991676,-2.515594,-27.598701,-24.017918,-22.449848
7.925000,-83.067436,-2.991676,-2.515594,-27.598701,-24.017918,-22.449848
7.931250,-83.067436,-2.991676,-2.515594,-27.598701,-24.017918,-22.449848
7.937500,-83.067436,-2.991676,-2.515594,-27.598701,-24.017918,-22.449848
7.943750,-83.067436,-2.991676,-2.515594,-27.598701,-24.017918,-22.449848
7.950000,-83.067436,-2.991676,-2.515594,-27.598701,-24.017918,-22.449848
7.956250,-83.067436,-2.991676,-2.515594,-27.598701,-24.017918,-22.449848
7.962500,-83.067436,-2.991676,-2.515594,-27.598701,-24.017918,-22.449848
7.968750,-83.067436,-2.991676,-2.515594,-27.598701,-24.017918,-22.449848
7.975000,-83.067436,-2.991676,-2.515594,-27.598701,-24.017918,-22.449848
7.981250,-83.067436,-2.991676,-2.515594,-27.598701,-24.017918,-22.449848
7.987500,-83.067436,-2.991676,-2.515594,-27.598701,-24.017918,-22.449848
7.993750,-83.067436,-2.991676,-2.515594,-27.598701,-24.017918,-22.449848
8.000000,-83.067436,-2.991676,-2.515594,-27.598701,-24.017918,-22.449848
