Anritsu VNA Frequency[GHz],S21[deg],S21[dB],S11[deg],S11[dB],S22[deg],S22[dB]
1338099482.38,2012_05_27_07:18:02,+40.427,+10.288,+54.717,+10.302,+13.908,+13.719,+14.013,+13.764,10.379424,-15.987
3.006250,33.180798,-1.743795,58.446613,-26.693663,-81.170128,-27.437397
3.012500,33.180798,-1.743795,58.446613,-26.693663,-81.170128,-27.437397
3.018750,33.180798,-1.743795,58.446613,-26.693663,-81.170128,-27.437397
3.025000,33.180798,-1.743795,58.446613,-26.693663,-81.170128,-27.437397
3.031250,33.180798,-1.743795,58.446613,-26.693663,-81.170128,-27.437397
3.037500,33.180798,-1.743795,58.446613,-26.693663,-81.170128,-27.437397
3.043750,33.180798,-1.743795,58.446613,-26.693663,-81.170128,-27.437397
3.050000,33.180798,-1.743795,58.446613,-26.693663,-81.170128,-27.437397
3.056250,33.180798,-1.743795,58.446613,-26.693663,-81.170128,-27.437397
3.062500,33.180798,-1.743795,58.446613,-26.693663,-81.170128,-27.437397
3.068750,33.180798,-1.743795,58.446613,-26.693663,-81.170128,-27.437397
3.075000,33.180798,-1.743795,58.446613,-26.693663,-81.170128,-27.437397
3.081250,33.180798,-1.743795,58.446613,-26.693663,-81.170128,-27.437397
3.087500,33.180798,-1.743795,58.446613,-26.693663,-81.170128,-27.437397
3.093750,33.180798,-1.745604,58.446613,-26.495626,-81.170128,-27.184053
3.100000,39.085178,-1.747716,55.781624,-26.349789,-83.140617,-26.948997
3.106250,44.989571,-1.749853,52.248024,-26.277449,-83.503304,-26.732832
3.112500,50.894562,-1.751997,48.188564,-26.297070,-81.898827,-26.508236
3.118750,56.798706,-1.754349,42.206646,-26.346420,-80.167168,-26.204073
3.125000,62.701759,-1.756840,37.421341,-26.396013,-76.088135,-25.941362
3.131250,68.604614,-1.759419,33.054810,-26.472687,-69.914886,-25.651434
3.137500,74.506279,-1.762357,29.363144,-26.576166,-62.022160,-25.325037
3.143750,80.406509,-1.765774,26.548441,-26.697945,-52.597534,-24.970798
3.150000,86.307465,-1.769475,24.787462,-26.822165,-41.792282,-24.601564
3.156250,92.211746,-1.772932,24.200691,-26.934975,-29.780622,-24.234999
3.162500,96.223633,-1.776121,24.854176,-27.023394,-16.759411,-23.895290
3.168750,99.962349,-1.779416,26.770016,-27.080095,-2.939901,-23.631472
3.175000,102.894585,-1.782963,29.993753,-27.083946,9.611176,-23.386564
3.181250,104.530128,-1.786597,32.766800,-27.022495,22.944773,-23.165007
3.187500,104.443291,-1.790071,36.548702,-26.913504,35.722260,-22.998167
3.193750,102.293121,-1.793243,40.636436,-26.768499,47.459644,-22.902481
3.200000,97.841805,-1.796072,44.463650,-26.596695,57.741722,-22.880102
3.206250,90.967857,-1.798567,47.547722,-26.409033,66.181984,-22.931442
3.212500,81.669159,-1.800866,49.471893,-26.219633,72.465775,-23.064934
3.218750,70.066177,-1.803392,49.923687,-26.039268,76.366074,-23.262510
3.225000,56.397491,-1.805758,50.905304,-25.861584,77.516922,-23.468889
3.231250,41.005775,-1.807595,50.951206,-25.687475,76.083893,-23.693335
3.237500,24.316301,-1.809110,48.571972,-25.515953,74.074997,-23.926889
3.243750,6.817157,-1.810952,45.878098,-25.323301,69.905197,-24.147358
3.250000,-10.959154,-1.813357,42.739380,-25.150486,64.178459,-24.335066
3.256250,-28.461826,-1.815891,38.792488,-25.010988,57.447006,-24.489635
3.262500,-45.156136,-1.818036,34.286026,-24.886278,50.344425,-24.599360
3.268750,-60.551579,-1.819874,29.160299,-24.773041,43.566788,-24.655579
3.275000,-74.223969,-1.821853,23.292326,-24.670542,37.697491,-24.658199
3.281250,-85.833817,-1.824221,16.573570,-24.569374,33.240841,-24.615015
3.287500,-95.141548,-1.826906,8.908615,-24.456278,30.577757,-24.539614
3.293750,-102.023712,-1.829708,0.262998,-24.291981,29.972649,-24.432875
3.300000,-106.479637,-1.832415,-7.189100,-24.125053,31.585409,-24.294760
3.306250,-108.630638,-1.834892,-15.857863,-23.990349,35.395237,-24.152737
3.312500,-108.714188,-1.837113,-24.530331,-23.869747,41.212196,-24.038773
3.318750,-107.072083,-1.839189,-32.914097,-23.770645,48.778793,-23.973661
3.325000,-104.131531,-1.841120,-40.745422,-23.710785,57.755634,-23.967463
3.331250,-100.384102,-1.842697,-47.764530,-23.714094,67.708252,-24.022690
3.337500,-96.362839,-1.843904,-53.794914,-23.843187,78.120766,-24.138412
3.343750,-90.446442,-1.844748,-58.842003,-24.005049,88.452324,-24.300308
3.350000,-84.530418,-1.845253,-63.281979,-24.226120,98.200645,-24.451832
3.356250,-78.615204,-1.845432,-66.723831,-24.549381,107.091324,-24.647232
3.362500,-72.702133,-1.845466,-67.456306,-24.996712,114.157936,-24.893965
3.368750,-66.790771,-1.845251,-67.117073,-25.549273,119.500092,-25.181557
3.375000,-60.879868,-1.844429,-65.588249,-26.180357,122.647484,-25.555553
3.381250,-54.971195,-1.843266,-62.881397,-26.856312,123.362831,-25.887922
3.387500,-49.068768,-1.842468,-59.090302,-27.538816,122.145195,-26.208450
3.393750,-43.172623,-1.842459,-54.373142,-28.183249,118.339523,-26.508900
3.400000,-37.278904,-1.842825,-48.949356,-28.747437,112.383942,-26.782209
3.406250,-31.384031,-1.842989,-43.156189,-29.211035,105.155563,-27.059628
3.412500,-25.489592,-1.843316,-37.318291,-29.548698,97.206573,-27.306429
3.418750,-19.599941,-1.844535,-29.499525,-29.739208,87.073074,-27.501755
3.425000,-13.713502,-1.846717,-23.240580,-29.778574,76.957375,-27.639688
3.431250,-7.823792,-1.849037,-16.686428,-29.682455,67.226791,-27.725996
3.437500,-1.930012,-1.851272,-10.092117,-29.434895,58.291679,-27.764633
3.443750,3.963431,-1.854148,-3.481204,-29.034403,50.826103,-27.703398
3.450000,9.855346,-1.858004,2.624614,-28.526272,43.114861,-27.571762
3.456250,15.751449,-1.862012,8.063704,-27.948776,36.981617,-27.383287
3.462500,21.656218,-1.865387,12.831033,-27.345169,32.199512,-27.139809
3.468750,27.565952,-1.868175,17.012896,-26.761578,28.543823,-26.838661
3.475000,33.476181,-1.870737,20.717197,-26.262686,25.762875,-26.494728
3.481250,39.385612,-1.873158,24.196457,-25.802149,23.574329,-26.124674
3.487500,45.294815,-1.875625,26.187231,-25.408514,21.737228,-25.722095
3.493750,51.202168,-1.878505,28.069632,-25.116829,19.945412,-25.293530
3.500000,57.108727,-1.881831,29.670603,-24.932610,17.875496,-24.851109
3.506250,63.018356,-1.884863,30.886183,-24.840473,15.298420,-24.405478
3.512500,68.932358,-1.887068,31.620182,-24.808458,12.029565,-23.965994
3.518750,74.846504,-1.889084,31.851408,-24.748734,7.935874,-23.537348
3.525000,80.754280,-1.892001,31.741867,-24.731386,2.906775,-23.125170
3.531250,86.657684,-1.895972,31.856964,-24.717445,-3.189288,-22.744217
3.537500,92.563591,-1.900189,31.849976,-24.670990,-8.298532,-22.412043
3.543750,96.580666,-1.904101,31.970690,-24.582514,-13.884999,-22.123730
3.550000,100.327248,-1.908120,32.556469,-24.424511,-19.667747,-21.842070
3.556250,103.266983,-1.912921,32.054127,-24.198978,-25.163803,-21.513586
3.562500,104.911972,-1.918001,32.166920,-23.935238,-30.107040,-21.271990
3.568750,104.841080,-1.922255,32.556068,-23.660454,-33.255234,-21.101147
3.575000,102.713783,-1.925145,32.945759,-23.400879,-35.629986,-21.002489
3.581250,98.287308,-1.926985,33.053864,-23.190935,-36.961243,-20.990126
3.587500,91.435249,-1.928457,32.622536,-23.066185,-37.271332,-21.023005
3.593750,82.157539,-1.929538,31.542442,-23.017151,-36.421482,-21.124609
3.600000,70.580254,-1.929515,29.750437,-23.054512,-34.263123,-21.309568
3.606250,56.940666,-1.928174,29.100935,-23.192860,-30.956190,-21.571657
3.612500,41.573875,-1.925959,28.131477,-23.417612,-26.775883,-21.884604
3.618750,24.903770,-1.923351,27.243166,-23.745390,-22.117214,-22.223127
3.625000,7.424672,-1.920081,26.544987,-24.186453,-17.765850,-22.630098
3.631250,-10.329947,-1.915932,26.650566,-24.703171,-11.908251,-23.066681
3.637500,-27.816734,-1.911430,27.864235,-25.261099,-6.270183,-23.504637
3.643750,-44.507114,-1.907291,30.327993,-25.823427,-0.880888,-23.924191
3.650000,-59.908043,-1.903771,32.174458,-26.345135,4.173799,-24.308758
3.656250,-73.589043,-1.900807,34.962971,-26.752024,8.808633,-24.640675
3.662500,-85.208374,-1.898574,37.874107,-27.087961,12.931736,-24.914789
3.668750,-94.529068,-1.897226,41.826622,-27.332499,16.399540,-25.137642
3.675000,-101.426933,-1.896467,45.145546,-27.457567,19.127880,-25.308050
3.681250,-105.899551,-1.895824,47.563320,-27.460447,21.057920,-25.424484
3.687500,-108.070366,-1.895669,48.839691,-27.354040,22.112501,-25.490007
3.693750,-108.179810,-1.896818,48.828362,-27.165127,22.240656,-25.513573
3.700000,-106.566643,-1.899088,47.539337,-26.898630,21.447342,-25.506060
3.706250,-103.651337,-1.901520,45.123203,-26.572851,19.862406,-25.459862
3.712500,-99.924530,-1.903747,41.566349,-26.226246,17.703291,-25.369640
3.718750,-95.923836,-1.906312,35.161480,-25.886076,15.119387,-25.240030
3.725000,-90.030212,-1.909536,27.832535,-25.568186,12.439775,-25.087318
3.731250,-84.134514,-1.912858,19.304859,-25.316809,10.269516,-24.950047
3.737500,-78.233780,-1.915737,11.516961,-25.155138,9.021955,-24.840929
3.743750,-72.330887,-1.918344,3.216616,-25.068525,9.108480,-24.782778
3.750000,-66.429573,-1.921060,-5.043949,-25.044199,9.133119,-24.688942
3.756250,-60.529446,-1.923791,-12.873792,-25.078243,9.062571,-24.580828
3.762500,-54.628254,-1.926292,-19.851530,-25.149611,10.232357,-24.458654
3.768750,-48.727428,-1.928827,-25.540321,-25.222939,12.389413,-24.372433
3.775000,-42.828190,-1.931659,-29.708681,-25.308281,15.064587,-24.310225
3.781250,-36.929264,-1.934600,-32.249165,-25.393734,17.661606,-24.256323
3.787500,-31.029119,-1.937200,-32.814938,-25.458141,19.819315,-24.203941
3.793750,-25.128910,-1.939927,-31.320555,-25.514799,21.230438,-24.156242
3.800000,-19.230543,-1.943039,-27.789654,-25.513077,21.701105,-24.105236
3.806250,-13.332986,-1.946496,-23.380791,-25.423231,21.246670,-24.014557
3.812500,-7.433659,-1.950083,-17.458019,-25.286795,19.719627,-23.893322
3.818750,-1.533703,-1.953993,-10.608007,-25.120579,17.010040,-23.752007
3.825000,4.367156,-1.958235,-3.434675,-24.938904,13.254675,-23.596684
3.831250,10.272410,-1.962128,5.631216,-24.756361,8.721011,-23.437710
3.837500,16.181467,-1.965433,14.673314,-24.587158,3.728210,-23.313282
3.843750,22.090042,-1.968830,23.734739,-24.427198,-1.379700,-23.176008
3.850000,27.996037,-1.972721,31.010284,-24.270298,-7.301488,-23.009710
3.856250,33.903442,-1.976444,38.058529,-24.126514,-12.838133,-22.853447
3.862500,39.815094,-1.979410,44.343128,-23.993921,-17.967430,-22.715662
3.868750,45.725811,-1.982258,49.431984,-23.859898,-22.668224,-22.592987
3.875000,51.629715,-1.986203,52.919682,-23.701773,-26.966848,-22.474806
3.881250,57.529602,-1.991354,54.382225,-23.525543,-30.934553,-22.345547
3.887500,63.433243,-1.996635,53.387505,-23.332626,-34.754539,-22.210232
3.893750,69.343536,-2.001491,49.847771,-23.105209,-38.682224,-22.073591
3.900000,75.254776,-2.006619,45.853058,-22.832901,-42.849606,-21.928471
3.906250,81.162865,-2.012841,39.993961,-22.515369,-45.557648,-21.773022
3.912500,87.070984,-2.020079,32.805801,-22.154871,-48.673794,-21.602345
3.918750,92.985558,-2.027678,24.837564,-21.758024,-51.910362,-21.403589
3.925000,97.013664,-2.035089,16.558472,-21.351992,-55.025005,-21.149382
3.931250,100.777107,-2.042100,8.417189,-20.961449,-58.091541,-20.930601
3.937500,103.741264,-2.048681,0.970907,-20.606413,-58.892246,-20.742260
3.943750,105.413666,-2.054575,-5.333498,-20.310400,-58.514275,-20.592493
3.950000,105.368416,-2.059267,-10.158731,-20.094965,-56.488964,-20.495323
3.956250,103.264565,-2.062224,-13.279676,-19.978415,-52.465290,-20.465990
3.962500,98.862022,-2.063438,-14.551620,-19.970724,-46.189075,-20.516794
3.968750,92.035530,-2.063225,-13.907747,-20.069605,-37.521870,-20.655783
3.975000,82.782524,-2.061642,-13.254031,-20.242985,-26.468685,-20.894621
3.981250,71.223526,-2.058728,-11.056730,-20.537329,-13.193444,-21.254770
3.987500,57.594303,-2.054672,-6.712398,-20.939640,0.695324,-21.660099
3.993750,42.233067,-2.049785,-1.428378,-21.404943,15.852263,-22.167368
4.000000,25.566498,-2.044272,4.144598,-21.930159,31.478064,-22.783619
4.006250,8.087024,-2.038082,9.653493,-22.498720,46.704247,-23.540972
4.012500,-9.675346,-2.031752,14.833479,-23.083099,60.456112,-24.294392
4.018750,-27.176441,-2.026202,19.432941,-23.650637,73.425629,-25.021242
4.025000,-43.882408,-2.021561,23.164381,-24.185263,83.648903,-25.759632
4.031250,-59.296196,-2.017453,27.893497,-24.676960,92.040916,-26.511839
4.037500,-72.989037,-2.013873,30.250380,-25.104347,97.721519,-27.224932
4.043750,-84.623428,-2.011639,32.279049,-25.454786,100.976250,-27.869221
4.050000,-93.960648,-2.010811,33.831253,-25.727806,102.202782,-28.428089
4.056250,-100.872543,-2.010386,34.843243,-25.913231,101.928078,-28.891853
4.062500,-105.356812,-2.009725,35.391235,-25.993458,98.955803,-29.227612
4.068750,-107.541481,-2.009854,35.422489,-25.985550,95.684296,-29.421825
4.075000,-107.668640,-2.011975,34.958988,-25.906717,92.172485,-29.482033
4.081250,-106.071777,-2.015334,34.180191,-25.770483,88.650482,-29.412094
4.087500,-103.167976,-2.018520,33.341396,-25.585669,83.279602,-29.213247
4.093750,-99.450203,-2.021026,32.742767,-25.360661,77.788582,-28.891668
4.100000,-95.460159,-2.023799,30.804270,-25.110634,72.036003,-28.467979
4.106250,-89.579002,-2.027426,29.519953,-24.840591,65.924438,-27.980345
4.112500,-83.698196,-2.031596,28.801298,-24.543367,59.539795,-27.386921
4.118750,-77.814110,-2.035987,28.384722,-24.235249,53.044716,-26.723915
4.125000,-71.928497,-2.040993,27.975458,-23.931686,46.179672,-26.031525
4.131250,-66.041542,-2.046629,27.400810,-23.642231,39.091244,-25.339619
4.137500,-60.149811,-2.052295,26.546631,-23.370495,31.981150,-24.671371
4.143750,-54.251823,-2.057647,25.324839,-23.115652,25.058361,-24.044107
4.150000,-48.351021,-2.062989,23.650063,-22.876842,18.513554,-23.470690
4.156250,-42.450378,-2.068728,23.616999,-22.650379,12.518039,-22.950634
4.162500,-36.548157,-2.074831,23.820210,-22.424026,7.215602,-22.504932
4.168750,-30.642391,-2.081000,22.847042,-22.187551,4.321850,-22.124943
4.175000,-24.732658,-2.087328,22.546677,-21.960976,1.253273,-21.814583
4.181250,-18.818983,-2.093571,22.732256,-21.747744,-0.265456,-21.566504
4.187500,-12.901022,-2.099504,23.209049,-21.552973,-0.349831,-21.319759
4.193750,-6.978389,-2.105054,23.750624,-21.382509,1.058454,-21.185740
4.200000,-1.052009,-2.110013,24.129166,-21.243567,2.034736,-21.135525
4.206250,4.878008,-2.114074,24.129765,-21.143295,3.262894,-21.147314
4.212500,10.810537,-2.117019,23.585756,-21.078821,5.772739,-21.177824
4.218750,16.742006,-2.119296,24.563036,-21.038921,7.332917,-21.231407
4.225000,22.669418,-2.121300,23.650675,-21.019081,7.935686,-21.308395
4.231250,28.592939,-2.123189,22.830935,-21.007845,7.434220,-21.394655
4.237500,34.514370,-2.124799,21.893744,-21.005186,5.659035,-21.467615
4.243750,40.433594,-2.126155,20.505945,-21.027245,4.524014,-21.536736
4.250000,46.351700,-2.127182,18.506910,-21.059071,2.412902,-21.600904
4.256250,52.267536,-2.127743,15.750129,-21.083225,-0.150860,-21.643827
4.262500,58.179165,-2.128405,12.002468,-21.085131,-2.753566,-21.654362
4.268750,64.083336,-2.129818,7.064472,-21.054115,-5.040357,-21.622030
4.275000,69.981056,-2.132375,0.755887,-20.983080,-6.697051,-21.540087
4.281250,75.878319,-2.135509,-4.917460,-20.859724,-7.451227,-21.396378
4.287500,81.777824,-2.139100,-11.484026,-20.681501,-7.104878,-21.162615
4.293750,87.676590,-2.143757,-18.689276,-20.471424,-5.753941,-20.908518
4.300000,93.574669,-2.149823,-26.162342,-20.231684,-3.667265,-20.636360
4.306250,97.584984,-2.156024,-33.460918,-19.965296,-0.650404,-20.344021
4.312500,101.333954,-2.161335,-40.267471,-19.683125,3.090784,-20.041016
4.318750,104.283943,-2.166167,-46.310143,-19.399994,7.292663,-19.740898
4.325000,105.934708,-2.171537,-51.386478,-19.137365,11.651235,-19.461329
4.331250,105.861908,-2.177274,-55.348763,-18.918417,15.857475,-19.216995
4.337500,103.731918,-2.182289,-58.098789,-18.795404,19.640066,-19.010424
4.343750,99.308189,-2.186144,-59.656834,-18.665815,22.777512,-18.784025
4.350000,92.464676,-2.189125,-59.017956,-18.611343,24.779667,-18.662573
4.356250,83.199600,-2.190990,-57.077759,-18.665503,27.335402,-18.626217
4.362500,71.634689,-2.191315,-53.633396,-18.827213,29.194334,-18.685429
4.368750,58.004639,-2.190442,-48.773808,-19.087566,30.709522,-18.868156
4.375000,42.643696,-2.189219,-42.701515,-19.433422,32.115295,-19.110628
4.381250,25.979544,-2.187485,-35.690224,-19.842884,33.479572,-19.398033
4.387500,8.508770,-2.184644,-28.063589,-20.289370,35.601437,-19.737347
4.393750,-9.238013,-2.180941,-20.238276,-20.756210,36.798405,-20.156322
4.400000,-26.721464,-2.177591,-12.673790,-21.230917,38.629833,-20.630644
4.406250,-43.408089,-2.174710,-3.572660,-21.695503,40.678436,-21.134098
4.412500,-58.799847,-2.171424,3.478934,-22.136234,42.651424,-21.647999
4.418750,-72.469131,-2.167863,10.323731,-22.547308,44.337040,-22.158731
4.425000,-84.080818,-2.164977,16.792261,-22.866329,45.654812,-22.617630
4.431250,-93.398773,-2.163130,22.706417,-23.093609,46.611660,-22.997894
4.437500,-100.295090,-2.161626,27.677811,-23.240715,46.977520,-23.295702
4.443750,-104.767738,-2.160310,31.661522,-23.315390,46.754642,-23.504105
4.450000,-106.942947,-2.160042,34.724007,-23.319635,46.072067,-23.615788
4.456250,-107.058197,-2.161349,36.995399,-23.258492,45.099716,-23.629358
4.462500,-105.447853,-2.163395,38.676315,-23.142094,44.019039,-23.550800
4.468750,-102.535347,-2.165649,40.054340,-22.990198,43.055408,-23.402466
4.475000,-98.815811,-2.168785,39.613827,-22.801882,42.504951,-23.168991
4.481250,-94.823082,-2.172733,39.526039,-22.569912,41.089340,-22.838469
4.487500,-88.930328,-2.176649,39.446621,-22.327284,40.340385,-22.456692
4.493750,-83.032326,-2.180295,39.185997,-22.095751,39.959007,-22.053497
4.500000,-77.135574,-2.184899,38.677780,-21.886360,39.726440,-21.650202
4.506250,-71.241760,-2.191103,37.897076,-21.699474,39.431705,-21.261486
4.512500,-65.342659,-2.197704,36.836727,-21.521997,38.855339,-20.896837
4.518750,-59.430607,-2.203224,35.495541,-21.293617,37.748047,-20.565903
4.525000,-53.509678,-2.207834,33.903343,-21.113205,35.790520,-20.305237
4.531250,-47.589565,-2.212746,33.138599,-20.980114,32.532177,-20.101362
4.537500,-41.671608,-2.218266,32.703075,-20.849993,29.336441,-19.932899
4.543750,-35.747688,-2.223518,31.191727,-20.713018,24.700575,-19.810793
4.550000,-29.815279,-2.227778,30.315905,-20.596880,18.950794,-19.709230
4.556250,-23.877220,-2.231098,29.790865,-20.523661,12.502573,-19.692167
4.562500,-17.937576,-2.233916,29.400719,-20.512772,6.052609,-19.773804
4.568750,-11.997225,-2.236210,28.922781,-20.589737,-0.425902,-19.951590
4.575000,-6.054029,-2.237675,28.131641,-20.813179,-6.748551,-20.171347
4.581250,-0.107502,-2.237908,26.838272,-21.099260,-12.581320,-20.446424
4.587500,5.839826,-2.236804,23.773865,-21.469730,-17.427454,-20.788862
4.593750,11.785285,-2.234778,21.818691,-21.944530,-21.101734,-21.190763
4.600000,17.726357,-2.231912,19.096172,-22.527416,-23.556490,-21.631485
4.606250,23.664003,-2.228009,15.481649,-23.276035,-24.934839,-22.123465
4.612500,29.596714,-2.223137,11.874747,-24.063585,-25.502743,-22.656008
4.618750,35.519554,-2.218329,7.676772,-24.920845,-25.330578,-23.207321
4.625000,41.429985,-2.214282,3.209773,-25.827171,-24.696547,-23.761339
4.631250,47.334446,-2.210439,-1.238035,-26.749355,-23.923615,-24.304676
4.637500,53.237598,-2.205671,-5.403529,-27.644699,-23.374100,-24.820261
4.643750,59.135838,-2.200653,-9.036517,-28.460804,-23.411570,-25.272062
4.650000,65.020256,-2.196972,-13.829242,-29.137653,-24.386467,-25.612865
4.656250,70.890457,-2.195355,-15.916966,-29.647757,-26.681885,-25.851112
4.662500,76.754982,-2.195292,-17.350027,-29.984550,-28.867090,-26.007174
4.668750,82.618683,-2.196528,-17.990353,-30.118021,-32.326008,-26.054867
4.675000,88.482132,-2.199300,-17.861891,-30.036390,-36.824116,-25.986288
4.681250,94.346519,-2.203428,-17.095053,-29.743036,-42.156029,-25.802452
4.687500,98.320778,-2.208240,-15.892705,-29.262110,-48.098625,-25.514685
4.693750,102.025635,-2.214032,-14.497265,-28.632418,-54.383728,-25.134676
4.700000,104.924904,-2.221824,-13.203259,-27.882484,-60.668140,-24.664896
4.706250,106.529556,-2.231341,-12.505692,-27.014339,-66.585320,-24.097860
4.712500,106.423607,-2.240716,-12.643796,-26.069838,-71.694862,-23.488209
4.718750,104.269684,-2.248800,-13.964923,-25.126341,-77.405487,-22.891432
4.725000,99.821136,-2.256325,-14.903780,-24.243742,-82.244904,-22.327593
4.731250,92.949524,-2.264125,-17.000923,-23.443609,-86.368179,-21.831821
4.737500,83.658180,-2.271513,-20.006269,-22.744299,-89.999886,-21.368504
4.743750,72.074608,-2.277335,-23.702305,-22.158548,-93.411301,-20.944946
4.750000,58.431133,-2.281868,-27.840103,-21.682554,-94.536835,-20.568228
4.756250,43.060101,-2.286029,-32.121925,-21.258329,-94.922684,-20.297480
4.762500,26.389374,-2.289613,-36.258873,-20.968533,-94.127319,-20.124245
4.768750,8.915981,-2.291996,-38.718708,-20.791607,-91.997726,-20.028749
4.775000,-8.830310,-2.293274,-39.933949,-20.689217,-88.233673,-19.998489
4.781250,-26.308025,-2.294126,-39.303448,-20.623631,-82.586617,-20.032795
4.787500,-42.986919,-2.294942,-38.164898,-20.535669,-74.854240,-20.104172
4.793750,-58.372566,-2.295820,-35.339561,-20.484339,-66.539429,-20.166327
4.800000,-72.036293,-2.296917,-30.528236,-20.430696,-56.340149,-20.234394
4.806250,-83.636368,-2.298102,-24.358419,-20.367777,-44.893696,-20.301563
4.812500,-92.935364,-2.299251,-17.383659,-20.293938,-32.799706,-20.354847
4.818750,-99.811356,-2.300718,-10.160875,-20.209011,-20.643942,-20.380642
4.825000,-104.266769,-2.303144,-3.254137,-20.119928,-8.976756,-20.385286
4.831250,-106.420036,-2.306255,4.947866,-20.043013,1.679512,-20.391811
4.837500,-106.500885,-2.308592,12.623947,-19.990387,10.914324,-20.375244
4.843750,-104.850380,-2.309869,18.150934,-19.928537,18.817606,-20.303652
4.850000,-101.904877,-2.311501,23.266417,-19.876692,24.782839,-20.214006
4.856250,-98.161797,-2.314662,27.469955,-19.849653,28.778175,-20.120995
4.862500,-94.146103,-2.318436,30.500893,-19.848089,30.961042,-20.032301
4.868750,-88.226418,-2.321286,32.252281,-19.865046,31.601488,-19.945482
4.875000,-82.300179,-2.323293,32.621365,-19.874477,31.016624,-19.859673
4.881250,-76.376556,-2.325429,31.702530,-19.867920,29.512621,-19.780800
4.887500,-70.457237,-2.328017,29.874205,-19.868931,27.429262,-19.712723
4.893750,-64.538239,-2.330802,27.295267,-19.868299,25.128391,-19.658760
4.900000,-58.617474,-2.333608,24.134800,-19.865959,22.950510,-19.615431
4.906250,-52.695461,-2.336495,20.682497,-19.859802,21.213238,-19.570435
4.912500,-46.771755,-2.339174,17.129801,-19.834309,20.202089,-19.500631
4.918750,-40.845467,-2.341586,13.815475,-19.808489,20.373545,-19.452511
4.925000,-34.919411,-2.344263,11.098420,-19.804594,22.205179,-19.434021
4.931250,-28.992809,-2.347002,9.155161,-19.838621,23.470705,-19.442474
4.937500,-23.060934,-2.348928,8.095325,-19.920259,25.683533,-19.482080
4.943750,-17.121424,-2.349290,7.960675,-20.055929,28.486780,-19.560654
4.950000,-11.183007,-2.348991,8.756828,-20.243525,31.527151,-19.683754
4.956250,-5.250447,-2.348861,10.447138,-20.475105,34.460205,-19.861893
4.962500,0.679381,-2.348425,11.040045,-20.729681,36.921520,-20.143751
4.968750,6.611915,-2.346955,14.172700,-20.999842,37.715164,-20.354837
4.975000,12.542879,-2.345068,17.520720,-21.305721,38.828846,-20.637094
4.981250,18.467560,-2.343279,21.012983,-21.623184,38.651936,-20.980619
4.987500,24.389627,-2.340991,24.446993,-21.941269,37.209404,-21.374496
4.993750,30.313118,-2.337422,27.558844,-22.253229,34.445778,-21.810375
5.000000,36.231098,-2.333611,30.141846,-22.547306,30.332748,-22.277296
5.006250,42.135929,-2.330946,32.042343,-22.807102,26.755878,-22.753355
5.012500,48.031914,-2.329293,33.138321,-23.007742,22.011114,-23.170925
5.018750,53.928490,-2.327546,33.327385,-23.125265,16.581078,-23.527607
5.025000,59.826115,-2.325628,32.604366,-23.199495,10.609458,-23.859730
5.031250,65.719040,-2.324232,31.153454,-23.226498,4.894412,-24.137001
5.037500,71.606133,-2.323521,29.108099,-23.210720,-0.185712,-24.345306
5.043750,77.491638,-2.323159,26.446161,-23.198252,-4.376757,-24.480135
5.050000,83.374611,-2.323779,23.120045,-23.140354,-7.450035,-24.535614
5.056250,89.254021,-2.325747,20.274887,-23.047663,-9.154083,-24.499229
5.062500,95.135948,-2.328046,17.014263,-22.966722,-9.354036,-24.375368
5.068750,99.131294,-2.329432,13.745376,-22.913671,-7.995815,-24.174597
5.075000,102.854614,-2.330698,10.857779,-22.887960,-5.012144,-23.905807
5.081250,105.763725,-2.333681,6.846966,-22.874893,-0.354516,-23.577900
5.087500,107.369652,-2.338366,3.742275,-22.864222,5.967757,-23.206783
5.093750,107.258133,-2.342945,1.509475,-22.869244,13.842335,-22.817444
5.100000,105.090363,-2.346823,-0.046805,-22.872753,22.972952,-22.416061
5.106250,100.620041,-2.351268,-1.211705,-22.855505,32.798634,-21.994013
5.112500,93.721748,-2.357000,-2.167763,-22.801735,43.088806,-21.584938
5.118750,84.404045,-2.362833,-3.080920,-22.703291,53.456974,-21.210678
5.125000,72.792343,-2.367923,-4.111775,-22.556850,63.338524,-20.883650
5.131250,59.118996,-2.372975,-5.382611,-22.359558,72.147636,-20.606647
5.137500,43.718487,-2.378783,-6.996539,-22.112808,79.335388,-20.368044
5.143750,27.021999,-2.384824,-6.878172,-21.823435,84.431297,-20.101946
5.150000,9.526993,-2.390506,-6.465150,-21.506371,88.017876,-19.986147
5.156250,-8.234637,-2.395711,-7.165614,-21.154097,90.101036,-19.868340
5.162500,-25.719635,-2.400622,-6.901770,-20.781458,90.183838,-19.784592
5.168750,-42.394772,-2.404965,-5.984630,-20.415440,88.675369,-19.740988
5.175000,-57.767208,-2.408339,-4.629948,-20.075830,86.153046,-19.733196
5.181250,-71.411751,-2.410756,-3.042183,-19.778404,83.277802,-19.748657
5.187500,-82.989876,-2.412370,-1.456444,-19.539167,78.610542,-19.779972
5.193750,-92.265541,-2.413204,-0.122449,-19.374866,74.355095,-19.863310
5.200000,-99.119354,-2.413562,0.729035,-19.304663,70.785309,-20.024797
5.206250,-103.552269,-2.413857,3.123657,-19.317627,67.174072,-20.144581
5.212500,-105.685188,-2.414083,3.832195,-19.386728,64.332382,-20.280851
5.218750,-105.751648,-2.413734,4.705976,-19.513334,62.235146,-20.440561
5.225000,-104.091461,-2.412499,5.544847,-19.649927,60.740215,-20.618134
5.231250,-101.134850,-2.410442,6.304465,-19.847965,59.627209,-20.811825
5.237500,-97.377411,-2.408003,5.641289,-20.111322,58.555176,-21.032248
5.243750,-93.354874,-2.405834,4.294317,-20.403566,57.211185,-21.276819
5.250000,-87.446739,-2.404823,1.894062,-20.707069,55.322632,-21.537561
5.256250,-81.543350,-2.404610,-1.886227,-21.008402,52.596905,-21.809280
5.262500,-75.636894,-2.403805,-5.161356,-21.296694,48.782452,-22.081394
5.268750,-69.728149,-2.401999,-9.488140,-21.565077,43.653889,-22.339167
5.275000,-63.827766,-2.401102,-14.521963,-21.808249,37.009197,-22.563961
5.281250,-57.941029,-2.402512,-19.952463,-22.020674,28.816589,-22.759113
5.287500,-52.057266,-2.405064,-25.494310,-22.197493,19.394136,-22.946774
5.293750,-46.164272,-2.406791,-30.886881,-22.335440,8.806084,-23.104933
5.300000,-40.267097,-2.408037,-35.880165,-22.427711,-2.740832,-23.217466
5.306250,-34.378571,-2.410977,-40.238636,-22.466015,-14.864840,-23.273094
5.312500,-28.498196,-2.415976,-43.797550,-22.447432,-27.136839,-23.265694
5.318750,-22.613554,-2.421683,-46.442345,-22.368605,-39.111652,-23.189272
5.325000,-16.719198,-2.427654,-48.102913,-22.228432,-50.344105,-23.031836
5.331250,-10.819834,-2.434413,-48.812119,-22.048985,-60.463558,-22.860355
5.337500,-4.915201,-2.441693,-46.595196,-21.841627,-69.510056,-22.605774
5.343750,1.002141,-2.448020,-44.272785,-21.594021,-76.766754,-22.332863
5.350000,6.930671,-2.453186,-40.407665,-21.354807,-82.400299,-22.076990
5.356250,12.861681,-2.458359,-35.164139,-21.148439,-86.296745,-21.868814
5.362500,18.794014,-2.463638,-28.790707,-20.995104,-88.462242,-21.734831
5.368750,24.735632,-2.467399,-21.595821,-20.905710,-89.107666,-21.657951
5.375000,30.687654,-2.469036,-13.908226,-20.879936,-88.501740,-21.621414
5.381250,36.640751,-2.469518,-6.101825,-20.906036,-86.811974,-21.605684
5.387500,42.588715,-2.469353,1.373925,-20.989653,-83.490524,-21.729757
5.393750,48.535931,-2.467678,8.193862,-21.151949,-79.540077,-21.941473
5.400000,54.483829,-2.464132,14.367513,-21.375614,-75.317551,-22.233500
5.406250,60.422955,-2.460081,19.661631,-21.638462,-71.112923,-22.613161
5.412500,66.348320,-2.456568,23.864332,-21.911081,-66.932671,-22.976759
5.418750,72.266121,-2.452771,26.801647,-22.172655,-62.965794,-23.331314
5.425000,78.180855,-2.448308,28.383080,-22.404314,-59.604317,-23.663691
5.431250,84.086761,-2.444187,28.673231,-22.588926,-56.852509,-23.951818
5.437500,89.978737,-2.441560,27.892075,-22.709703,-54.659054,-24.167404
5.443750,95.860756,-2.440547,26.372686,-22.754234,-52.969971,-24.290991
5.450000,99.845734,-2.440855,24.471621,-22.713062,-51.709671,-24.311375
5.456250,103.557289,-2.442312,22.595682,-22.583948,-50.716923,-24.225006
5.462500,106.464760,-2.444650,21.185791,-22.379025,-49.823921,-24.061810
5.468750,108.078896,-2.447183,18.823225,-22.111055,-48.835987,-23.793016
5.475000,107.971054,-2.450169,17.691019,-21.772041,-46.872749,-23.410910
5.481250,105.795273,-2.454961,17.642618,-21.389017,-44.428867,-22.979561
5.487500,101.317802,-2.461370,18.401445,-20.994724,-41.200901,-22.536299
5.493750,94.427612,-2.467482,19.794403,-20.615477,-36.889915,-22.112459
5.500000,85.130432,-2.472075,21.672297,-20.267994,-31.265450,-21.730673
5.506250,73.538132,-2.475989,23.886229,-19.958578,-24.179573,-21.396990
5.512500,59.878365,-2.480395,26.268156,-19.668102,-15.664124,-21.031969
5.518750,44.496246,-2.484635,28.654016,-19.423290,-6.373148,-20.790602
5.525000,27.825827,-2.487415,30.405767,-19.264420,3.537892,-20.622393
5.531250,10.356533,-2.488919,32.131187,-19.166824,14.005910,-20.522175
5.537500,-7.386902,-2.490037,33.507294,-19.130413,24.503725,-20.480112
5.543750,-24.858660,-2.490616,34.214424,-19.162561,34.503433,-20.491037
5.550000,-41.522839,-2.490297,33.994331,-19.268892,43.619438,-20.602882
5.556250,-56.888584,-2.489059,32.666809,-19.456886,51.577332,-20.789528
5.562500,-70.531990,-2.487169,30.103996,-19.734753,58.719116,-21.000494
5.568750,-82.112473,-2.484584,26.363583,-20.067429,64.183540,-21.265125
5.575000,-91.392967,-2.481345,23.669607,-20.453819,68.098938,-21.581459
5.581250,-98.255447,-2.477928,18.693020,-20.894670,70.733452,-21.932108
5.587500,-102.700150,-2.474514,13.685172,-21.388803,72.423790,-22.280750
5.593750,-104.846817,-2.470761,8.729983,-21.935753,73.298668,-22.686991
5.600000,-104.933456,-2.467160,4.034678,-22.502674,71.938072,-23.088976
5.606250,-103.304031,-2.464656,-0.212103,-23.069519,70.453644,-23.482292
5.612500,-100.383675,-2.463046,-3.974102,-23.623764,68.589180,-23.864075
5.618750,-96.655388,-2.460955,-7.140579,-24.149149,66.217514,-24.229666
5.625000,-92.651817,-2.458107,-9.596855,-24.628086,63.232933,-24.576120
5.631250,-86.763992,-2.456578,-11.233818,-25.039274,59.521961,-24.883768
5.637500,-80.890198,-2.457591,-11.971805,-25.358919,54.931717,-25.115614
5.643750,-75.016953,-2.459603,-13.678967,-25.558762,51.346565,-25.229515
5.650000,-69.134735,-2.460992,-12.607296,-25.616993,47.141472,-25.254499
5.656250,-63.249954,-2.462707,-10.900009,-25.556435,41.954308,-25.224003
5.662500,-57.373169,-2.466122,-8.760326,-25.377033,36.733727,-25.107233
5.668750,-51.501499,-2.471420,-6.263731,-25.078503,31.742344,-24.896051
5.675000,-45.624107,-2.477496,-3.657861,-24.677320,27.163254,-24.595270
5.681250,-39.737156,-2.483807,-1.224669,-24.197105,23.174404,-24.212271
5.687500,-33.844742,-2.490401,0.757135,-23.674356,19.988457,-23.758730
5.693750,-27.946238,-2.496988,1.909603,-23.115782,17.900732,-23.263306
5.700000,-22.041323,-2.503143,1.616979,-22.522646,17.350307,-22.748985
5.706250,-16.133633,-2.509818,1.920042,-21.955467,16.496435,-22.247200
5.712500,-10.225159,-2.517463,1.188939,-21.453466,16.999901,-21.793524
5.718750,-4.308595,-2.524785,-0.362427,-21.037350,18.462601,-21.414440
5.725000,1.622799,-2.530342,-2.532174,-20.716328,22.290174,-21.099079
5.731250,7.564224,-2.534173,-5.123459,-20.490574,26.358402,-20.819210
5.737500,13.504766,-2.537593,-7.943901,-20.346403,30.845863,-20.613239
5.743750,19.443197,-2.540617,-10.834691,-20.263430,34.895668,-20.533405
5.750000,25.386223,-2.542015,-13.792397,-20.262051,38.986443,-20.544521
5.756250,31.332207,-2.541794,-16.788857,-20.329197,42.824589,-20.630980
5.762500,37.273724,-2.541012,-17.423002,-20.438347,46.061646,-20.778547
5.768750,43.206921,-2.540048,-18.860701,-20.560749,48.352581,-20.989849
5.775000,49.135971,-2.538454,-18.967798,-20.671095,49.228546,-21.195101
5.781250,55.061184,-2.536309,-17.946802,-20.766207,49.648315,-21.401970
5.787500,60.977322,-2.534621,-16.047121,-20.837097,48.660728,-21.613371
5.793750,66.883911,-2.534017,-13.476588,-20.872210,46.418575,-21.813787
5.800000,72.785027,-2.534207,-10.518398,-20.863371,43.005638,-21.981951
5.806250,78.684906,-2.534787,-7.496482,-20.808397,38.549007,-22.095354
5.812500,84.584679,-2.535523,-4.750697,-20.709860,33.279816,-22.149357
5.818750,90.482765,-2.536612,-2.605006,-20.577866,27.594851,-22.165014
5.825000,96.375656,-2.538871,0.792468,-20.438402,19.664385,-22.164450
5.831250,100.368431,-2.543258,3.802884,-20.353399,11.375086,-22.085360
5.837500,104.087540,-2.549494,5.134126,-20.220001,2.802994,-21.955408
5.843750,107.011917,-2.555940,6.825502,-20.108644,-6.292753,-21.807703
5.850000,108.655663,-2.560874,8.305823,-20.051682,-15.764915,-21.664598
5.856250,108.585220,-2.564386,9.515330,-20.057158,-25.382750,-21.540262
5.862500,106.447884,-2.567733,10.405489,-20.122904,-34.932110,-21.446325
5.868750,102.006050,-2.571202,10.951159,-20.226494,-44.272095,-21.382372
5.875000,95.141899,-2.574125,11.290112,-20.371357,-53.370888,-21.339293
5.881250,85.858269,-2.576386,11.872729,-20.581837,-62.339401,-21.334074
5.887500,74.274170,-2.577897,12.676828,-20.831249,-68.939301,-21.364889
5.893750,60.626022,-2.578353,13.882635,-21.106148,-74.495659,-21.418175
5.900000,45.253487,-2.577680,13.840911,-21.411720,-78.618195,-21.484165
5.906250,28.578564,-2.576882,14.434993,-21.783007,-83.047630,-21.575222
5.912500,11.090444,-2.576601,15.452720,-22.146151,-85.978302,-21.681341
5.918750,-6.671629,-2.575790,17.192894,-22.510841,-87.786964,-21.790234
5.925000,-24.156538,-2.573575,18.818239,-22.899481,-88.854530,-21.899836
5.931250,-40.839825,-2.571236,20.220642,-23.316179,-89.461281,-22.013973
5.937500,-56.236561,-2.570057,21.331205,-23.749611,-89.839264,-22.134035
5.943750,-69.914368,-2.569464,22.109133,-24.180841,-90.176483,-22.260279
5.950000,-81.523376,-2.568271,22.753628,-24.591644,-90.715118,-22.346636
5.956250,-90.829697,-2.566999,23.448112,-24.962669,-91.936768,-22.397429
5.962500,-97.719902,-2.567117,24.092524,-25.277905,-91.135056,-22.456123
5.968750,-102.189392,-2.567965,24.562653,-25.527018,-90.551010,-22.512894
5.975000,-104.349602,-2.567668,24.771101,-25.698267,-89.729942,-22.564022
5.981250,-104.440773,-2.566374,24.641886,-25.785385,-88.243256,-22.609488
5.987500,-102.816597,-2.566297,24.115967,-25.782738,-85.705376,-22.647684
5.993750,-99.906609,-2.568197,23.174305,-25.687313,-81.784691,-22.675211
6.000000,-96.189972,-2.570738,21.807281,-25.497715,-76.262901,-22.683865
6.006250,-92.193253,-2.573150,20.052019,-25.204685,-69.088272,-22.629652
6.012500,-86.300964,-2.576263,17.966213,-24.767458,-60.648705,-22.566109
6.018750,-80.409973,-2.580290,17.462978,-24.318256,-51.245728,-22.480318
6.025000,-74.513359,-2.584260,15.216810,-23.833271,-40.786007,-22.382687
6.031250,-68.609695,-2.587820,13.670053,-23.338125,-29.755821,-22.287613
6.037500,-62.704144,-2.591810,12.669608,-22.876913,-18.690094,-22.211746
6.043750,-56.798157,-2.596200,12.134945,-22.495489,-8.029628,-22.138845
6.050000,-50.885925,-2.599936,12.137087,-22.183987,1.963436,-22.054657
6.056250,-44.965488,-2.602622,12.664210,-21.971109,10.831711,-21.995518
6.062500,-39.045086,-2.605246,13.434074,-21.885782,18.336506,-21.982433
6.068750,-33.126671,-2.608001,12.485407,-21.934801,24.333414,-22.016455
6.075000,-27.203310,-2.609516,11.425455,-22.105825,28.822376,-22.094461
6.081250,-21.273149,-2.609156,11.875911,-22.365305,31.876673,-22.211554
6.087500,-15.347512,-2.608279,11.965993,-22.634010,33.561977,-22.345617
6.093750,-9.433661,-2.608326,11.645267,-22.946552,33.852898,-22.483280
6.100000,-3.526606,-2.608929,10.225613,-23.270437,32.931129,-22.628803
6.106250,2.382113,-2.609262,8.212793,-23.554367,31.083778,-22.772650
6.112500,8.291258,-2.609368,5.515094,-23.767200,28.478615,-22.900402
6.118750,14.195937,-2.609949,2.044935,-23.890785,25.246916,-22.994741
6.125000,20.095695,-2.611310,-2.243759,-23.919855,21.538134,-23.033745
6.131250,25.992910,-2.613728,-5.179528,-23.860367,17.610102,-23.017897
6.137500,31.890129,-2.617170,-8.023837,-23.710638,14.286109,-22.956276
6.143750,37.791065,-2.621006,-11.971697,-23.470678,9.680265,-22.835155
6.150000,43.701187,-2.624107,-14.907275,-23.168087,5.231553,-22.668430
6.156250,49.616734,-2.626472,-16.875553,-22.830864,0.909859,-22.470076
6.162500,55.530773,-2.629203,-17.891407,-22.482882,-3.251120,-22.253635
6.168750,61.441544,-2.632636,-17.981514,-22.143185,-7.179394,-22.029421
6.175000,67.356407,-2.635714,-17.233835,-21.830967,-10.806227,-21.809631
6.181250,73.278702,-2.637662,-15.785615,-21.562159,-14.059903,-21.609653
6.187500,79.202400,-2.638976,-13.801478,-21.351019,-16.799793,-21.506109
6.193750,85.122803,-2.640285,-11.497627,-21.222252,-19.339872,-21.378571
6.200000,91.042458,-2.641176,-9.064394,-21.155079,-21.416704,-21.314087
6.206250,95.067802,-2.641371,-6.205146,-21.143198,-22.953964,-21.330608
6.212500,98.818077,-2.641330,-3.200376,-21.205814,-24.119820,-21.438826
6.218750,101.757271,-2.641561,-0.224878,-21.330284,-25.090231,-21.686665
6.225000,103.395531,-2.641998,2.547107,-21.491539,-24.503538,-21.927240
6.231250,103.308151,-2.642385,4.738895,-21.718382,-24.784365,-22.251593
6.237500,101.154694,-2.642732,6.056342,-21.994593,-25.100355,-22.654966
6.243750,96.698792,-2.642762,6.475390,-22.301342,-25.371801,-23.122101
6.250000,89.819191,-2.642194,7.998297,-22.625778,-25.626181,-23.632919
6.256250,80.512794,-2.641695,9.146974,-22.961113,-25.883936,-24.166840
6.262500,68.896873,-2.642125,8.464707,-23.302351,-26.122704,-24.704124
6.268750,55.213902,-2.642801,8.067131,-23.631451,-26.080379,-25.184706
6.275000,39.812302,-2.642256,7.939206,-23.929001,-25.435362,-25.614548
6.281250,23.116341,-2.640618,7.946754,-24.190502,-24.297310,-25.983330
6.287500,5.605769,-2.639773,7.980717,-24.411234,-22.514822,-26.274000
6.293750,-12.189981,-2.640720,7.991539,-24.581427,-19.834240,-26.468946
6.300000,-29.712852,-2.642325,7.966158,-24.686054,-15.995133,-26.550388
6.306250,-46.421967,-2.643453,7.873003,-24.708818,-10.802632,-26.501200
6.312500,-61.830711,-2.644747,7.657685,-24.631615,-4.168841,-26.306654
6.318750,-75.518295,-2.647272,7.190787,-24.463507,3.726647,-26.022434
6.325000,-87.140572,-2.650581,8.394296,-24.239441,12.507246,-25.654593
6.331250,-96.455376,-2.654083,8.036674,-23.950104,21.950691,-25.195364
6.337500,-103.341682,-2.658103,8.358630,-23.591749,31.794601,-24.685097
6.343750,-107.802719,-2.663112,9.062114,-23.196564,41.605713,-24.163883
6.350000,-109.956116,-2.668339,9.915755,-22.795471,50.812096,-23.666372
6.356250,-110.033760,-2.672784,10.762120,-22.415281,58.811001,-23.221994
6.362500,-108.379356,-2.676406,11.471064,-22.078064,65.026283,-22.840914
6.368750,-105.425446,-2.679698,11.927642,-21.799368,68.939972,-22.467264
6.375000,-101.665352,-2.682390,12.006181,-21.587866,70.728424,-22.263855
6.381250,-97.630745,-2.684350,11.445066,-21.462633,70.010529,-22.180910
6.387500,-91.702049,-2.685914,11.377327,-21.406643,66.669785,-22.218678
6.393750,-85.776527,-2.687265,10.939539,-21.438028,61.024632,-22.331539
6.400000,-79.850891,-2.687753,10.395546,-21.556456,53.463848,-22.426983
6.406250,-73.925629,-2.687235,9.809577,-21.754107,42.401917,-22.658932
6.412500,-68.006439,-2.686866,9.218211,-22.016373,30.209276,-22.953136
6.418750,-62.096050,-2.687346,8.609308,-22.328495,16.728027,-23.274685
6.425000,-56.187950,-2.687917,7.986465,-22.664631,2.438882,-23.591799
6.431250,-50.277672,-2.687913,7.347793,-22.998775,-12.113701,-23.875500
6.437500,-44.369274,-2.687905,6.633920,-23.303127,-26.401657,-24.096117
6.443750,-38.467579,-2.688923,7.952443,-23.547522,-39.933044,-24.221912
6.450000,-32.569260,-2.690835,9.821589,-23.720972,-52.461582,-24.301676
6.456250,-26.668814,-2.692914,10.640721,-23.827667,-63.881348,-24.323078
6.462500,-20.765133,-2.695063,12.407961,-23.862467,-72.234825,-24.245420
6.468750,-14.861428,-2.697588,14.927203,-23.823582,-78.879623,-24.104708
6.475000,-8.954786,-2.700027,17.925421,-23.720779,-83.352318,-23.930996
6.481250,-3.044086,-2.701925,21.073124,-23.578636,-85.431793,-23.751427
6.487500,2.866083,-2.704082,24.066807,-23.426710,-85.014389,-23.581657
6.493750,8.774118,-2.706738,26.752611,-23.265427,-81.977982,-23.402273
6.500000,14.684108,-2.709103,29.025005,-23.103558,-78.300972,-23.215361
6.506250,20.600481,-2.710422,28.727020,-22.954996,-72.548180,-23.046574
6.512500,26.516672,-2.711464,29.486128,-22.846504,-65.231537,-22.925673
6.518750,32.426601,-2.713326,29.212280,-22.804728,-57.111118,-22.845364
6.525000,38.334503,-2.715574,28.015114,-22.823267,-48.900284,-22.797489
6.531250,44.248398,-2.717021,25.986015,-22.893749,-41.206863,-22.777178
6.537500,50.166485,-2.717585,23.183794,-23.006886,-34.572426,-22.779671
6.543750,56.080727,-2.718344,19.690762,-23.150888,-29.465187,-22.805758
6.550000,61.989914,-2.719614,15.621597,-23.311201,-24.423111,-22.830969
6.556250,67.900002,-2.720728,11.162867,-23.453932,-21.444759,-22.845839
6.562500,73.812469,-2.721491,6.645392,-23.574257,-19.995949,-22.860201
6.568750,79.724022,-2.722223,3.016957,-23.703674,-19.706596,-22.873789
6.575000,85.634590,-2.722775,-1.584539,-23.808861,-20.269552,-22.906065
6.581250,91.544533,-2.723111,-5.151646,-23.883135,-21.221550,-22.937389
6.587500,97.451607,-2.723906,-7.756562,-23.930519,-22.053200,-22.968624
6.593750,101.460167,-2.725626,-9.429781,-23.956448,-24.280466,-23.005077
6.600000,105.196838,-2.727371,-10.201643,-23.965847,-25.849083,-23.049185
6.606250,108.133545,-2.728108,-10.104834,-23.959677,-26.866991,-23.099083
6.612500,109.773361,-2.728517,-9.214096,-23.939751,-27.461555,-23.152931
6.618750,109.680519,-2.729909,-7.645108,-23.905968,-25.881630,-23.206697
6.625000,107.517120,-2.732382,-5.540154,-23.858622,-23.887955,-23.257315
6.631250,103.053375,-2.734851,-3.088782,-23.800821,-21.106016,-23.316113
6.637500,96.169792,-2.737053,1.689828,-23.729149,-17.278681,-23.301559
6.643750,86.860435,-2.739955,5.388546,-23.624504,-14.255219,-23.270462
6.650000,75.246284,-2.743735,9.903750,-23.482649,-10.189649,-23.223387
6.656250,61.570747,-2.747315,14.810391,-23.306688,-5.576224,-23.149914
6.662500,46.177452,-2.750089,19.741446,-23.091518,-0.901940,-23.039244
6.668750,29.488234,-2.752474,24.350563,-22.825489,3.303646,-22.887379
6.675000,11.990189,-2.755147,28.186195,-22.527786,6.375320,-22.724989
6.681250,-5.782376,-2.758125,30.764221,-22.215231,9.931248,-22.564188
6.687500,-23.280893,-2.761274,33.995544,-21.897339,12.214017,-22.413132
6.693750,-39.971458,-2.764530,36.197765,-21.606974,13.267611,-22.286776
6.700000,-55.359348,-2.767351,37.463657,-21.329224,13.179887,-22.223654
6.706250,-69.015808,-2.769011,37.673840,-21.069847,12.236276,-22.198675
6.712500,-80.605629,-2.769892,37.300278,-20.874834,10.944402,-22.224173
6.718750,-89.896873,-2.770990,36.477692,-20.767580,9.192465,-22.325012
6.725000,-96.767578,-2.772448,35.276779,-20.756779,7.334957,-22.491842
6.731250,-101.211845,-2.773350,33.724300,-20.841890,3.711064,-22.736841
6.737500,-103.349579,-2.773262,31.837130,-21.011387,0.372098,-23.061941
6.743750,-103.423119,-2.772589,29.581238,-21.269686,-2.849861,-23.432018
6.750000,-101.776550,-2.771758,26.824524,-21.646946,-5.995061,-23.809231
6.756250,-98.836563,-2.770814,24.309853,-22.016256,-9.022302,-24.158794
6.762500,-95.094948,-2.770026,21.981422,-22.423462,-12.020863,-24.478151
6.768750,-91.083885,-2.769536,19.703716,-22.861284,-14.994557,-24.749149
6.775000,-85.179253,-2.768649,17.560724,-23.311493,-15.710701,-24.955782
6.781250,-79.273888,-2.766950,15.583301,-23.754782,-15.520020,-25.087633
6.787500,-73.372429,-2.765210,13.781101,-24.171068,-13.922264,-25.137613
6.793750,-67.479370,-2.764316,12.148300,-24.542223,-10.476574,-25.101788
6.800000,-61.592052,-2.764328,10.666055,-24.852125,-6.992133,-24.978624
6.806250,-55.703640,-2.764503,9.304641,-25.087412,-1.841230,-24.766985
6.812500,-49.814213,-2.765033,8.013664,-25.239727,4.665336,-24.446556
6.818750,-43.926323,-2.766685,6.711296,-25.317636,12.441012,-24.097736
6.825000,-38.037472,-2.768995,7.423064,-25.362911,19.920723,-23.715693
6.831250,-32.141277,-2.770851,7.199454,-25.298204,27.850996,-23.337982
6.837500,-26.239481,-2.772530,7.913628,-25.185591,35.446503,-23.012650
6.843750,-20.340105,-2.775381,9.344584,-25.051966,42.017170,-22.753773
6.850000,-14.441216,-2.779350,11.458814,-24.912651,48.706558,-22.561455
6.856250,-8.533379,-2.782734,14.194242,-24.778660,53.573929,-22.466106
6.862500,-2.614416,-2.784675,17.465921,-24.653835,56.795002,-22.474388
6.868750,3.306202,-2.786201,21.197624,-24.529846,58.554409,-22.575113
6.875000,9.220648,-2.788366,25.313051,-24.382732,59.118156,-22.749605
6.881250,15.131971,-2.790850,29.851833,-24.242611,58.792805,-22.946609
6.887500,21.045000,-2.793102,33.270599,-24.133827,57.768982,-23.180691
6.893750,26.960037,-2.795065,36.924927,-24.051815,56.004574,-23.436462
6.900000,32.874451,-2.796756,40.299667,-24.043510,54.196629,-23.664152
6.906250,38.788525,-2.797831,42.889877,-24.003201,52.745613,-23.828588
6.912500,44.700256,-2.798572,45.480083,-23.963032,50.041656,-23.913513
6.918750,50.605293,-2.799921,46.783035,-23.941017,47.969444,-23.911814
6.925000,56.504215,-2.802265,46.824841,-23.918537,46.250225,-23.819386
6.931250,62.403614,-2.804821,45.680458,-23.843344,44.605877,-23.636452
6.937500,68.306999,-2.807292,45.006474,-23.823292,42.687260,-23.388369
6.943750,74.211800,-2.809966,41.859161,-23.804356,41.972080,-23.113260
6.950000,80.117676,-2.812643,38.619682,-23.767601,40.342983,-22.775993
6.956250,86.028519,-2.814425,35.300579,-23.700611,37.957684,-22.410652
6.962500,91.943390,-2.815209,31.911379,-23.598589,35.193134,-22.052717
6.968750,95.959091,-2.816473,28.434082,-23.468103,32.124863,-21.728174
6.975000,99.693878,-2.819169,24.883841,-23.315399,28.762310,-21.454174
6.981250,102.624428,-2.822249,21.338835,-23.141993,25.114592,-21.238104
6.987500,104.266014,-2.824195,17.877317,-22.948870,21.159325,-21.078880
6.993750,104.189201,-2.825055,14.576526,-22.730530,16.852407,-20.959421
7.000000,102.042946,-2.825948,11.509121,-22.469110,12.066066,-20.890804
7.006250,97.586937,-2.827707,8.688085,-22.140532,8.603373,-20.894096
7.012500,90.704811,-2.830102,7.754393,-21.866194,5.137121,-20.944887
7.018750,81.400711,-2.832763,7.477672,-21.631140,2.090396,-21.024029
7.025000,69.797691,-2.835371,6.964883,-21.365747,-0.132481,-21.170902
7.031250,56.132385,-2.837656,7.787371,-21.133713,-3.075154,-21.360489
7.037500,40.744297,-2.839815,9.551084,-20.975893,-4.748299,-21.580393
7.043750,24.058723,-2.842312,11.996152,-20.926832,-5.978261,-21.858227
7.050000,6.568530,-2.845018,14.880058,-21.011810,-6.901297,-22.205250
7.056250,-11.188579,-2.846893,18.038305,-21.219824,-7.612754,-22.626944
7.062500,-28.665215,-2.847373,19.415007,-21.547434,-8.208131,-23.133593
7.068750,-45.334759,-2.847055,22.420784,-21.998756,-8.787247,-23.751154
7.075000,-60.710491,-2.846611,24.974314,-22.549353,-8.805808,-24.334801
7.081250,-74.363426,-2.845742,26.999681,-23.110535,-10.769222,-24.940569
7.087500,-85.949883,-2.843921,28.532171,-23.758945,-13.209579,-25.572090
7.093750,-95.234558,-2.841246,28.252047,-24.441952,-14.411353,-26.208622
7.100000,-102.100357,-2.838253,27.009699,-25.111116,-16.123655,-26.821075
7.106250,-106.548431,-2.835090,24.583622,-25.740149,-18.202871,-27.377510
7.112500,-108.700768,-2.832184,20.796446,-26.315384,-20.486740,-27.843191
7.118750,-108.795403,-2.829959,15.422565,-26.784395,-22.782768,-28.175636
7.125000,-107.170204,-2.828373,10.396748,-27.122322,-27.005417,-28.328676
7.131250,-104.248657,-2.826782,4.494674,-27.337273,-31.318865,-28.339989
7.137500,-100.522957,-2.825287,-1.874007,-27.440058,-35.808918,-28.199535
7.143750,-96.531380,-2.825062,-8.338994,-27.435865,-40.766624,-27.900826
7.150000,-90.653275,-2.826859,-14.530893,-27.329681,-46.192654,-27.455450
7.156250,-84.774231,-2.829665,-20.129011,-27.128887,-51.991993,-26.886206
7.162500,-78.885376,-2.832039,-24.867819,-26.846285,-58.021309,-26.228071
7.168750,-72.990105,-2.834209,-28.555403,-26.501154,-64.130272,-25.533625
7.175000,-67.096039,-2.837110,-31.047054,-26.115824,-70.215218,-24.817455
7.181250,-61.201759,-2.840577,-32.248268,-25.712704,-76.390564,-24.095926
7.187500,-55.300518,-2.843643,-32.116211,-25.311069,-80.357193,-23.427771
7.193750,-49.392662,-2.846105,-30.650377,-24.913767,-83.567207,-22.855843
7.200000,-43.483288,-2.848450,-29.801134,-24.523228,-85.414207,-22.404930
7.206250,-37.573040,-2.850573,-26.362080,-24.210379,-85.303871,-22.036869
7.212500,-31.659702,-2.852074,-22.141724,-23.957157,-84.665390,-21.795906
7.218750,-25.745398,-2.853349,-17.427809,-23.769655,-82.249504,-21.706350
7.225000,-19.834894,-2.855253,-12.492477,-23.636402,-77.955795,-21.742075
7.231250,-13.926003,-2.857586,-7.615437,-23.544020,-72.219086,-21.881039
7.237500,-8.012016,-2.859305,-3.197856,-23.504343,-65.555527,-22.092644
7.243750,-2.093466,-2.860194,2.539899,-23.513498,-58.508217,-22.328709
7.250000,3.822777,-2.861023,8.089655,-23.551353,-51.658882,-22.515284
7.256250,9.734075,-2.862218,13.715425,-23.605680,-46.320988,-22.762650
7.262500,15.643154,-2.863621,17.725311,-23.682028,-40.446201,-22.991915
7.268750,21.551111,-2.865327,21.961939,-23.778095,-35.714424,-23.145205
7.275000,27.457331,-2.867891,26.391205,-23.826088,-32.180420,-23.220482
7.281250,33.362408,-2.871222,30.540380,-23.847574,-29.887604,-23.223412
7.287500,39.272991,-2.874187,34.023048,-23.836582,-28.669443,-23.156111
7.293750,45.192352,-2.875819,36.745888,-23.770132,-28.284916,-23.024595
7.300000,51.115124,-2.876418,38.804054,-23.673092,-28.500788,-22.844368
7.306250,57.033226,-2.876801,40.459614,-23.554205,-29.083843,-22.636141
7.312500,62.943790,-2.877870,41.679657,-23.405476,-29.800749,-22.423464
7.318750,68.849472,-2.879750,42.661171,-23.237692,-30.497858,-22.222553
7.325000,74.755562,-2.882173,41.835056,-23.052391,-31.127550,-22.041401
7.331250,80.667427,-2.884058,41.329357,-22.834923,-31.574986,-21.904654
7.337500,86.585518,-2.884847,40.848198,-22.613094,-31.795158,-21.833164
7.343750,92.503670,-2.885064,40.134861,-22.410791,-31.886183,-21.831415
7.350000,96.521278,-2.885729,39.095066,-22.239563,-30.096701,-21.875267
7.356250,100.260567,-2.887112,37.680229,-22.102112,-28.120485,-21.976202
7.362500,103.194153,-2.888741,35.841785,-21.996744,-25.217726,-22.151283
7.368750,104.832497,-2.890089,33.528954,-21.914846,-23.373604,-22.366034
7.375000,104.747269,-2.891266,30.677439,-21.846506,-20.919518,-22.587971
7.381250,102.595375,-2.892571,29.324854,-21.788139,-18.058386,-22.785555
7.387500,98.139412,-2.894363,27.868340,-21.773161,-15.086804,-22.953726
7.393750,91.256859,-2.896974,26.494324,-21.775585,-10.223574,-23.091782
7.400000,81.951134,-2.900122,25.414038,-21.781860,-4.988537,-23.181112
7.406250,70.349640,-2.902737,25.013542,-21.812546,-0.991238,-23.213585
7.412500,56.690453,-2.904294,25.349224,-21.882534,3.577252,-23.190544
7.418750,41.307056,-2.905453,26.350351,-22.001972,8.349151,-23.118826
7.425000,24.621569,-2.907090,27.877792,-22.180342,12.960416,-23.010103
7.431250,7.129050,-2.908970,29.770464,-22.419783,17.091877,-22.871883
7.437500,-10.632163,-2.910388,31.851654,-22.716146,20.497700,-22.696205
7.443750,-28.117443,-2.911552,36.123917,-23.048153,22.940689,-22.485268
7.450000,-44.796349,-2.912735,39.132538,-23.398184,23.988600,-22.290514
7.456250,-60.175915,-2.913491,42.453896,-23.826807,23.495871,-22.128212
7.462500,-73.824448,-2.913019,45.870689,-24.321550,21.542864,-22.009899
7.468750,-85.405777,-2.911591,49.216660,-24.891901,18.229105,-21.945347
7.475000,-94.689529,-2.910269,52.365696,-25.464565,13.770810,-21.928747
7.481250,-101.553795,-2.908920,55.162289,-26.047230,8.465088,-21.954229
7.487500,-105.993179,-2.906846,55.262783,-26.640242,2.616025,-22.020306
7.493750,-108.130219,-2.903966,54.205559,-27.224218,-3.346806,-22.115728
7.500000,-108.208672,-2.901583,51.485359,-27.758322,-8.814149,-22.228727
7.506250,-106.571442,-2.900131,48.777039,-28.220484,-13.078322,-22.358931
7.512500,-103.639252,-2.898880,44.137005,-28.613544,-15.549314,-22.486439
7.518750,-99.901176,-2.897467,37.867500,-28.908356,-15.675933,-22.592140
7.525000,-95.894867,-2.896744,30.320105,-29.089762,-12.914140,-22.672285
7.531250,-90.001404,-2.897401,21.812904,-29.160227,-8.896738,-22.719999
7.537500,-84.109993,-2.898761,12.722645,-29.133411,-3.601289,-22.707470
7.543750,-78.216286,-2.900208,3.616258,-28.979326,4.259096,-22.649469
7.550000,-72.322594,-2.902294,-5.036019,-28.722918,13.700202,-22.563639
7.556250,-66.431953,-2.905529,-12.964760,-28.398853,23.827066,-22.468920
7.562500,-60.539860,-2.909284,-21.582165,-28.025038,33.768524,-22.388689
7.568750,-54.642368,-2.912880,-28.724466,-27.606899,42.727661,-22.340361
7.575000,-48.738621,-2.915986,-34.307854,-27.186028,50.201752,-22.280930
7.581250,-42.831879,-2.918601,-38.129509,-26.779222,55.404236,-22.246828
7.587500,-36.923264,-2.920511,-40.456890,-26.389442,59.841362,-22.256878
7.593750,-31.013744,-2.921641,-41.486965,-26.027199,61.846409,-22.314770
7.600000,-25.107498,-2.922728,-41.312565,-25.697744,61.783352,-22.412979
7.606250,-19.206606,-2.924393,-40.042759,-25.402529,60.090939,-22.537888
7.612500,-13.307343,-2.926155,-37.822361,-25.137413,57.242191,-22.673307
7.618750,-7.406201,-2.927510,-34.831699,-24.895451,53.686108,-22.820417
7.625000,-1.504670,-2.928693,-31.339071,-24.672932,49.815353,-23.003569
7.631250,4.391793,-2.930642,-25.480127,-24.466412,46.032440,-23.179966
7.637500,10.284838,-2.933221,-20.803389,-24.267300,42.238178,-23.309052
7.643750,16.178429,-2.935929,-15.416165,-24.035471,39.121586,-23.413130
7.650000,22.073671,-2.938965,-9.677666,-23.731215,36.738083,-23.497194
7.656250,27.966080,-2.942984,-4.365134,-23.429060,34.870590,-23.575834
7.662500,33.856529,-2.948331,-0.127450,-23.124422,33.215725,-23.651934
7.668750,39.751141,-2.954149,5.025037,-22.813168,31.512032,-23.724159
7.675000,45.656483,-2.959363,9.339230,-22.504530,31.337410,-23.799086
7.681250,51.569847,-2.963578,12.957255,-22.218464,30.672577,-23.886492
7.687500,57.486710,-2.967175,16.087914,-21.977873,29.628178,-23.996166
7.693750,63.403328,-2.970325,19.015766,-21.791874,28.283762,-24.139139
7.700000,69.320343,-2.972914,20.253937,-21.652462,26.694096,-24.346054
7.706250,75.238495,-2.974905,21.647182,-21.573812,24.875185,-24.561102
7.712500,81.156517,-2.976207,22.889263,-21.552719,21.934113,-24.754166
7.718750,87.073257,-2.976965,23.759497,-21.573462,20.543484,-24.986189
7.725000,92.988968,-2.977088,23.870510,-21.669216,19.052961,-25.249966
7.731250,97.007690,-2.976610,22.964376,-21.822380,17.748446,-25.522152
7.737500,100.747894,-2.976206,21.027851,-22.002880,16.762205,-25.772884
7.743750,103.675369,-2.976737,20.062700,-22.184868,16.171738,-25.959961
7.750000,105.300858,-2.978082,18.508726,-22.349058,15.961448,-26.049543
7.756250,105.202629,-2.979655,16.655380,-22.483335,15.781052,-26.080736
7.762500,103.042686,-2.981150,14.716714,-22.588724,15.633805,-26.024029
7.768750,98.580460,-2.983104,12.880235,-22.662535,15.545350,-25.868502
7.775000,91.691505,-2.986158,11.391247,-22.700420,15.383802,-25.616129
7.781250,82.380363,-2.990107,10.403775,-22.711014,15.005852,-25.283285
7.787500,70.775307,-2.993651,9.975215,-22.707460,14.295832,-24.894655
7.793750,57.114639,-2.996370,10.126746,-22.702311,13.216412,-24.475609
7.800000,41.733242,-2.998576,10.843721,-22.706659,11.873590,-24.015112
7.806250,25.054550,-3.000584,12.100906,-22.721294,10.399593,-23.503872
7.812500,7.572841,-3.001847,11.947823,-22.747822,8.867697,-23.002859
7.818750,-10.178397,-3.002154,13.975042,-22.800142,6.176917,-22.574644
7.825000,-27.657133,-3.001987,16.064487,-22.906273,3.941056,-22.213064
7.831250,-44.334309,-3.001789,18.007833,-23.089342,2.093347,-21.922588
7.837500,-59.713409,-3.000957,19.729885,-23.377760,0.719017,-21.701321
7.843750,-73.365356,-2.998905,21.145405,-23.718830,-0.032577,-21.552704
7.850000,-84.954918,-2.996463,22.825548,-24.094240,-0.070135,-21.484886
7.856250,-94.251358,-2.994814,23.942568,-24.524637,-1.465512,-21.495209
7.862500,-101.129059,-2.993662,24.563211,-24.994905,-2.692928,-21.572485
7.868750,-105.580734,-2.991941,22.843220,-25.475567,-4.069172,-21.699888
7.875000,-107.726372,-2.989328,20.419792,-25.944166,-5.849262,-21.852449
7.881250,-107.810677,-2.986802,18.813391,-26.398129,-8.224930,-21.977251
7.887500,-106.178024,-2.984905,16.250351,-26.811905,-11.307007,-22.107899
7.893750,-103.250854,-2.983233,12.922743,-27.166454,-14.103931,-22.251013
7.900000,-99.518494,-2.981630,9.033876,-27.432541,-17.011978,-22.344505
7.906250,-95.517532,-2.981040,4.877666,-27.584917,-19.890337,-22.396711
7.912500,-89.626274,-2.981739,0.574678,-27.632036,-22.464664,-22.419939
7.918750,-83.731415,-2.981739,-3.669805,-27.632036,-24.336851,-22.419939
7.925000,-83.731415,-2.981739,-3.669805,-27.632036,-24.336851,-22.419939
7.931250,-83.731415,-2.981739,-3.669805,-27.632036,-24.336851,-22.419939
7.937500,-83.731415,-2.981739,-3.669805,-27.632036,-24.336851,-22.419939
7.943750,-83.731415,-2.981739,-3.669805,-27.632036,-24.336851,-22.419939
7.950000,-83.731415,-2.981739,-3.669805,-27.632036,-24.336851,-22.419939
7.956250,-83.731415,-2.981739,-3.669805,-27.632036,-24.336851,-22.419939
7.962500,-83.731415,-2.981739,-3.669805,-27.632036,-24.336851,-22.419939
7.968750,-83.731415,-2.981739,-3.669805,-27.632036,-24.336851,-22.419939
7.975000,-83.731415,-2.981739,-3.669805,-27.632036,-24.336851,-22.419939
7.981250,-83.731415,-2.981739,-3.669805,-27.632036,-24.336851,-22.419939
7.987500,-83.731415,-2.981739,-3.669805,-27.632036,-24.336851,-22.419939
7.993750,-83.731415,-2.981739,-3.669805,-27.632036,-24.336851,-22.419939
8.000000,-83.731415,-2.981739,-3.669805,-27.632036,-24.336851,-22.419939
