Anritsu VNA Frequency[GHz],S21[deg],S21[dB],S11[deg],S11[dB],S22[deg],S22[dB]
1338051713.79,2012_05_26_18:01:53,+67.477,+196.26,+183.91,+196.57,+202.37,+204.43,+198.48,+200.02,179.501541,-5.492
3.006250,48.853302,-2.554111,73.295280,-27.811316,-74.170319,-28.732651
3.012500,48.853302,-2.554111,73.295280,-27.811316,-74.170319,-28.732651
3.018750,48.853302,-2.554111,73.295280,-27.811316,-74.170319,-28.732651
3.025000,48.853302,-2.554111,73.295280,-27.811316,-74.170319,-28.732651
3.031250,48.853302,-2.554111,73.295280,-27.811316,-74.170319,-28.732651
3.037500,48.853302,-2.554111,73.295280,-27.811316,-74.170319,-28.732651
3.043750,48.853302,-2.554111,73.295280,-27.811316,-74.170319,-28.732651
3.050000,48.853302,-2.554111,73.295280,-27.811316,-74.170319,-28.732651
3.056250,48.853302,-2.554111,73.295280,-27.811316,-74.170319,-28.732651
3.062500,48.853302,-2.554111,73.295280,-27.811316,-74.170319,-28.732651
3.068750,48.853302,-2.554111,73.295280,-27.811316,-74.170319,-28.732651
3.075000,48.853302,-2.554111,73.295280,-27.811316,-74.170319,-28.732651
3.081250,48.853302,-2.554111,73.295280,-27.811316,-74.170319,-28.732651
3.087500,48.853302,-2.554111,73.295280,-27.811316,-74.170319,-28.732651
3.093750,48.853302,-2.556482,73.295280,-27.613976,-74.170319,-28.591272
3.100000,54.793217,-2.559283,69.231331,-27.430462,-74.642082,-28.418856
3.106250,60.732346,-2.562249,64.248398,-27.282444,-74.317665,-28.215778
3.112500,66.672554,-2.565323,57.002937,-27.188831,-72.921181,-27.973070
3.118750,72.612938,-2.568521,49.654617,-27.173885,-70.235191,-27.667414
3.125000,78.552414,-2.571856,42.510929,-27.143560,-66.170128,-27.317295
3.131250,84.490929,-2.575294,35.822277,-27.129162,-60.805733,-26.934473
3.137500,90.428940,-2.579018,29.472048,-27.145077,-53.868034,-26.507982
3.143750,96.365379,-2.583277,23.739004,-27.192661,-45.362362,-26.046043
3.150000,100.407677,-2.587907,18.906628,-27.262341,-37.290771,-25.564552
3.156250,104.179558,-2.592468,15.226301,-27.342377,-28.169617,-25.084972
3.162500,107.147995,-2.596775,12.891157,-27.418098,-18.705990,-24.631550
3.168750,108.819626,-2.601068,12.045121,-27.474283,-9.583244,-24.233852
3.175000,108.765762,-2.605510,12.789227,-27.492645,-1.425486,-23.932604
3.181250,106.646484,-2.610101,13.401369,-27.456310,5.472990,-23.650307
3.187500,102.226715,-2.614595,15.675304,-27.375036,10.755152,-23.414944
3.193750,95.384712,-2.618858,18.909437,-27.252468,13.935624,-23.254469
3.200000,86.120216,-2.622900,22.475748,-27.092127,15.056673,-23.183310
3.206250,74.554337,-2.626617,25.876751,-26.901314,14.151554,-23.197739
3.212500,60.923340,-2.629986,28.673479,-26.690601,11.366297,-23.297720
3.218750,45.566509,-2.633448,30.492704,-26.473064,6.998148,-23.504480
3.225000,28.910866,-2.636886,33.224792,-26.253597,1.329237,-23.737782
3.231250,11.450679,-2.639930,35.336212,-26.030859,-5.688784,-23.988209
3.237500,-6.281329,-2.642555,35.274582,-25.809671,-13.204084,-24.263533
3.243750,-23.742453,-2.645191,35.004631,-25.586330,-20.966112,-24.549025
3.250000,-40.401535,-2.648315,34.348106,-25.353052,-26.905457,-24.822346
3.256250,-55.763577,-2.651778,32.965019,-25.152462,-32.549423,-25.067562
3.262500,-69.398254,-2.654946,30.641638,-24.981077,-37.327789,-25.277945
3.268750,-80.965378,-2.657731,27.381390,-24.831451,-40.706341,-25.433699
3.275000,-90.230598,-2.660446,23.023983,-24.701939,-42.209267,-25.531212
3.281250,-97.074837,-2.663508,17.408083,-24.585880,-41.525246,-25.566854
3.287500,-101.496567,-2.667083,10.399730,-24.473654,-38.499916,-25.544350
3.293750,-103.614624,-2.670871,4.084524,-24.348133,-33.154018,-25.465525
3.300000,-103.664856,-2.674589,-2.926717,-24.167051,-25.636707,-25.330225
3.306250,-101.987801,-2.678098,-10.440144,-24.021637,-16.219450,-25.152128
3.312500,-99.011024,-2.681433,-18.211132,-23.890251,-5.331939,-24.954556
3.318750,-95.228195,-2.684777,-25.574596,-23.766069,6.482395,-24.762703
3.325000,-91.171478,-2.688028,-32.266190,-23.656853,18.637733,-24.594393
3.331250,-85.218414,-2.691053,-38.070457,-23.575706,32.707764,-24.460583
3.337500,-79.263824,-2.693632,-42.822552,-23.544914,46.716900,-24.369055
3.343750,-73.308029,-2.695776,-46.427967,-23.606855,60.574482,-24.321600
3.350000,-67.352608,-2.697516,-48.829762,-23.722105,72.309883,-24.303875
3.356250,-61.397030,-2.698921,-50.988537,-23.876312,83.471886,-24.278509
3.362500,-55.442566,-2.700064,-50.197662,-24.126049,93.158501,-24.329210
3.368750,-49.489410,-2.700864,-48.291195,-24.484922,100.656693,-24.440651
3.375000,-43.536709,-2.701152,-45.214298,-24.942402,105.707611,-24.617798
3.381250,-37.585491,-2.700836,-41.021065,-25.476387,107.929390,-24.871799
3.387500,-31.638439,-2.700449,-35.865208,-26.058035,107.348335,-25.134920
3.393750,-25.697308,-2.700587,-29.973175,-26.653076,103.899704,-25.413780
3.400000,-19.759731,-2.701129,-23.609375,-27.221281,97.592888,-25.668747
3.406250,-13.822883,-2.701535,-17.102211,-27.733154,88.994102,-25.954260
3.412500,-7.886342,-2.701918,-10.828116,-28.166925,79.275200,-26.257851
3.418750,-1.953804,-2.702852,-4.803799,-28.498072,68.838776,-26.542719
3.425000,3.974798,-2.704687,0.971146,-28.710972,58.631699,-26.792645
3.431250,9.903680,-2.706944,6.216990,-28.801226,47.487259,-27.000448
3.437500,15.835994,-2.709051,10.707901,-28.771452,37.765823,-27.169662
3.443750,21.768639,-2.711557,14.366875,-28.600231,29.966698,-27.267946
3.450000,27.698959,-2.714986,17.118786,-28.303526,22.696426,-27.284298
3.456250,33.629921,-2.718999,18.818348,-27.911432,17.654545,-27.231085
3.462500,39.568020,-2.722680,19.566015,-27.457438,14.476424,-27.112978
3.468750,45.512218,-2.725779,19.602612,-26.976641,12.822843,-26.928385
3.475000,51.457188,-2.728590,19.234474,-26.508133,12.339388,-26.683573
3.481250,57.400650,-2.731493,18.808689,-26.093557,12.629986,-26.392687
3.487500,63.342949,-2.734606,17.021269,-25.696394,13.280457,-26.058062
3.493750,69.284691,-2.738063,15.946330,-25.352749,13.891062,-25.680513
3.500000,75.226654,-2.741858,15.238664,-25.088699,14.040812,-25.270182
3.506250,81.170372,-2.745680,14.846578,-24.908604,13.359138,-24.839521
3.512500,87.117432,-2.748875,14.743083,-24.803141,11.557514,-24.401140
3.518750,93.066116,-2.751658,14.898887,-24.743708,8.429505,-23.963640
3.525000,97.116035,-2.755045,15.291064,-24.668959,3.838484,-23.534603
3.531250,100.887962,-2.759492,15.845767,-24.598690,-0.150543,-23.125326
3.537500,103.854324,-2.764480,17.532946,-24.542284,-4.959349,-22.750338
3.543750,105.528526,-2.769256,19.671843,-24.461187,-10.112647,-22.431900
3.550000,105.482079,-2.773884,22.408997,-24.343975,-15.220534,-22.156685
3.556250,103.370064,-2.778959,24.080618,-24.170959,-20.105083,-21.887268
3.562500,98.956825,-2.784460,26.450815,-23.950745,-24.284241,-21.626013
3.568750,92.125610,-2.789661,28.975637,-23.708473,-27.864283,-21.453350
3.575000,82.879944,-2.793758,31.214685,-23.469593,-30.910439,-21.367088
3.581250,71.336632,-2.796693,32.773693,-23.264246,-33.417645,-21.385754
3.587500,57.728920,-2.798972,33.296715,-23.126123,-35.718849,-21.497648
3.593750,42.395203,-2.800864,32.530224,-23.080795,-36.737766,-21.660572
3.600000,25.765409,-2.802002,32.542866,-23.118675,-38.101860,-21.909794
3.606250,8.333308,-2.801936,31.848289,-23.254105,-39.707203,-22.246281
3.612500,-9.371127,-2.800722,30.753374,-23.492907,-41.566669,-22.652285
3.618750,-26.806610,-2.798962,29.674665,-23.829378,-43.737148,-23.093851
3.625000,-43.440426,-2.796647,28.915524,-24.283857,-46.404041,-23.578678
3.631250,-58.778866,-2.793556,28.778763,-24.839371,-47.696789,-24.098137
3.637500,-72.395767,-2.789870,29.679029,-25.461115,-48.901550,-24.618078
3.643750,-83.955383,-2.786326,29.923733,-26.111383,-49.603050,-25.112862
3.650000,-93.221664,-2.783331,31.199091,-26.749720,-49.526924,-25.561773
3.656250,-100.070000,-2.780942,32.932034,-27.325464,-48.483208,-25.945686
3.662500,-104.498596,-2.779144,34.467590,-27.781643,-46.343311,-26.249422
3.668750,-106.629097,-2.778142,37.063107,-28.147367,-43.084293,-26.470490
3.675000,-106.697357,-2.777987,38.596333,-28.390280,-38.788071,-26.612816
3.681250,-105.041916,-2.778346,39.141361,-28.489029,-33.590096,-26.677580
3.687500,-102.089340,-2.779142,38.577507,-28.441414,-27.686152,-26.667055
3.693750,-98.334084,-2.781038,36.824188,-28.262547,-21.352770,-26.588755
3.700000,-94.308853,-2.784235,33.868206,-27.989296,-14.903425,-26.456488
3.706250,-88.386871,-2.788020,29.833857,-27.633356,-8.641672,-26.283541
3.712500,-82.458939,-2.791724,25.146509,-27.199806,-2.793063,-26.069719
3.718750,-76.527817,-2.795533,17.911600,-26.742693,2.456851,-25.817257
3.725000,-70.597466,-2.799924,9.995854,-26.298855,6.905542,-25.527086
3.731250,-64.666138,-2.804664,1.243997,-25.893965,10.562324,-25.228157
3.737500,-58.729462,-2.809048,-6.363416,-25.569937,13.777525,-24.967340
3.743750,-52.788021,-2.812951,-14.282518,-25.344877,16.578548,-24.753815
3.750000,-46.844887,-2.816606,-21.924683,-25.212460,19.235676,-24.588953
3.756250,-40.902790,-2.820055,-28.811924,-25.164759,20.468904,-24.423771
3.762500,-34.959480,-2.823174,-34.571781,-25.189432,22.253935,-24.254219
3.768750,-29.015858,-2.826052,-38.846745,-25.258436,24.460606,-24.098608
3.775000,-23.073275,-2.829033,-41.373043,-25.344692,25.489723,-24.008610
3.781250,-17.131453,-2.832037,-42.088921,-25.453951,26.463192,-23.953434
3.787500,-11.188951,-2.834641,-40.919979,-25.564238,27.015713,-23.919086
3.793750,-5.246249,-2.837097,-39.632587,-25.660673,26.904423,-23.901310
3.800000,0.694647,-2.839770,-36.659580,-25.750982,25.961435,-23.898888
3.806250,6.633174,-2.842772,-32.532665,-25.757380,24.154646,-23.889837
3.812500,12.571736,-2.845934,-27.721601,-25.691442,21.566715,-23.852190
3.818750,18.510210,-2.849389,-23.260313,-25.577459,18.128044,-23.791748
3.825000,24.447519,-2.853289,-17.532820,-25.430084,13.907252,-23.712160
3.831250,30.387062,-2.857311,-12.345885,-25.262386,9.145650,-23.616821
3.837500,36.329395,-2.861001,-7.553705,-25.087919,4.177349,-23.514685
3.843750,42.273144,-2.864619,-2.957238,-24.918238,-0.637840,-23.429497
3.850000,48.215557,-2.868586,1.717971,-24.750334,-4.823050,-23.319229
3.856250,54.157314,-2.872694,4.847055,-24.586060,-9.629891,-23.182285
3.862500,60.101685,-2.876391,8.222339,-24.433233,-13.407267,-23.044619
3.868750,66.047295,-2.879822,11.520184,-24.291422,-16.312201,-22.914345
3.875000,71.988754,-2.883856,14.453324,-24.150070,-18.477531,-22.791212
3.881250,77.925827,-2.889145,16.758116,-23.979460,-20.069206,-22.666597
3.887500,83.864166,-2.894890,18.118216,-23.781597,-21.308147,-22.531580
3.893750,89.808792,-2.900205,17.964077,-23.576481,-22.514662,-22.391626
3.900000,93.862114,-2.905327,18.419231,-23.339952,-24.042002,-22.249222
3.906250,97.640106,-2.911197,17.967508,-23.062019,-26.168430,-22.102369
3.912500,100.609589,-2.918201,16.902712,-22.741116,-29.197050,-21.947704
3.918750,102.284355,-2.925902,15.514211,-22.380009,-33.430817,-21.779467
3.925000,102.241287,-2.933639,14.026791,-21.990660,-37.276115,-21.585529
3.931250,100.140320,-2.941071,12.602318,-21.594294,-42.643097,-21.361687
3.937500,95.742889,-2.948145,11.395508,-21.213062,-47.311092,-21.165127
3.943750,88.926239,-2.954863,10.566164,-20.868185,-52.305408,-20.999208
3.950000,79.691208,-2.960970,10.224012,-20.579987,-56.686428,-20.870005
3.956250,68.160744,-2.965807,10.402440,-20.367229,-59.718552,-20.788662
3.962500,54.570503,-2.969011,11.081662,-20.243582,-60.776031,-20.767380
3.968750,39.258125,-2.970817,12.221066,-20.215158,-61.233715,-20.815859
3.975000,22.646755,-2.971388,14.031336,-20.274601,-59.085987,-20.942734
3.981250,5.227766,-2.970784,16.693026,-20.389748,-54.645901,-21.171856
3.987500,-12.466905,-2.969100,19.914095,-20.623495,-48.327816,-21.460894
3.993750,-29.892498,-2.966457,23.291901,-20.944910,-40.338474,-21.820578
4.000000,-46.517689,-2.963062,26.975824,-21.328520,-31.690281,-22.270948
4.006250,-61.850140,-2.958927,30.621017,-21.766531,-22.886311,-22.815966
4.012500,-75.464767,-2.954192,33.981674,-22.243389,-14.474685,-23.478022
4.018750,-87.022354,-2.949515,36.878487,-22.737089,-7.070642,-24.159637
4.025000,-96.287506,-2.945381,39.150661,-23.223801,-1.880990,-24.813509
4.031250,-103.136475,-2.941823,38.713142,-23.693409,2.950946,-25.484678
4.037500,-107.566452,-2.938648,39.186539,-24.136023,6.989691,-26.169846
4.043750,-109.699585,-2.936265,38.648003,-24.535494,9.125371,-26.832052
4.050000,-109.772812,-2.934988,37.106148,-24.883093,9.901287,-27.446455
4.056250,-108.123268,-2.934350,34.609818,-25.175848,9.879535,-27.995491
4.062500,-105.174759,-2.933624,31.327326,-25.396444,7.784995,-28.462223
4.068750,-101.422684,-2.933228,27.529514,-25.534851,5.932259,-28.819220
4.075000,-97.404831,-2.934421,23.374142,-25.603374,4.439866,-29.053911
4.081250,-91.497360,-2.937268,19.144186,-25.612417,3.358613,-29.164793
4.087500,-85.586357,-2.940593,15.226162,-25.568361,2.812404,-29.149639
4.093750,-79.666061,-2.943325,10.155055,-25.474697,2.979680,-29.006886
4.100000,-73.743584,-2.945972,5.974212,-25.337130,4.034100,-28.742966
4.106250,-67.825218,-2.949427,2.558121,-25.162046,3.968677,-28.376425
4.112500,-61.910175,-2.953817,-0.182183,-24.952501,4.294229,-27.935085
4.118750,-55.992916,-2.958763,-2.325011,-24.706825,4.799560,-27.388271
4.125000,-50.072330,-2.964119,-4.030507,-24.433878,5.192986,-26.768503
4.131250,-44.149353,-2.970012,-5.485792,-24.145668,4.962420,-26.114304
4.137500,-38.223118,-2.976225,-6.820213,-23.851030,3.892855,-25.455059
4.143750,-32.291672,-2.982366,-8.118486,-23.554647,1.872066,-24.812784
4.150000,-26.355968,-2.988443,-9.462917,-23.259621,1.010969,-24.204826
4.156250,-20.418049,-2.994752,-8.775522,-22.968224,-0.066503,-23.640512
4.162500,-14.478696,-3.001421,-7.506950,-22.681400,-0.830249,-23.105145
4.168750,-8.536505,-3.008244,-7.152110,-22.400164,-0.851892,-22.674858
4.175000,-2.590665,-3.015230,-5.723260,-22.116997,-1.859651,-22.303061
4.181250,3.359066,-3.022228,-3.534411,-21.844374,-1.479352,-21.998667
4.187500,9.313307,-3.028935,-0.942932,-21.593487,-0.182471,-21.759342
4.193750,15.272633,-3.035281,1.734844,-21.372742,1.755199,-21.539450
4.200000,21.235865,-3.041160,4.180166,-21.190094,4.130844,-21.405455
4.206250,27.201914,-3.046303,6.079754,-21.052958,7.432915,-21.373745
4.212500,33.170876,-3.050401,9.324647,-20.966778,8.688247,-21.431074
4.218750,39.140678,-3.053640,12.348184,-20.926537,10.645843,-21.493805
4.225000,45.107964,-3.056381,15.490630,-20.922228,11.224137,-21.590010
4.231250,51.071075,-3.058948,17.127441,-20.944967,10.488394,-21.722349
4.237500,57.031624,-3.061283,19.112106,-20.982132,8.307568,-21.877497
4.243750,62.989822,-3.063209,21.050184,-21.039730,6.713876,-22.041218
4.250000,68.947159,-3.064744,22.480347,-21.121855,4.185643,-22.213268
4.256250,74.902122,-3.065771,23.117083,-21.210836,1.142818,-22.384558
4.262500,80.853546,-3.066608,22.625015,-21.289690,-1.919899,-22.539902
4.268750,86.799065,-3.067780,20.657726,-21.344530,-4.571718,-22.663013
4.275000,92.736900,-3.069895,19.083670,-21.367367,-6.451141,-22.741072
4.281250,96.776245,-3.072789,16.276379,-21.350294,-7.258362,-22.762360
4.287500,100.542755,-3.076070,12.517793,-21.283232,-6.758286,-22.709213
4.293750,103.503365,-3.080096,8.057900,-21.165442,-4.846344,-22.562212
4.300000,105.163773,-3.085508,3.094962,-21.007790,-1.738244,-22.372856
4.306250,105.100914,-3.091846,-2.102328,-20.813988,2.350127,-22.140100
4.312500,102.980682,-3.097921,-7.253937,-20.589125,7.400591,-21.862274
4.318750,98.566658,-3.103384,-12.131076,-20.341068,13.124280,-21.547035
4.325000,91.729424,-3.109190,-16.557127,-20.083567,19.154652,-21.208958
4.331250,82.467262,-3.115804,-20.406836,-19.833651,25.089581,-20.865257
4.337500,70.907288,-3.122524,-23.577610,-19.610241,30.545549,-20.530653
4.343750,57.291222,-3.128460,-26.015495,-19.449961,35.162399,-20.212349
4.350000,41.957794,-3.133522,-25.533672,-19.312853,38.625706,-19.898046
4.356250,25.330717,-3.137864,-24.895365,-19.220257,42.588844,-19.661564
4.362500,7.901666,-3.141029,-22.752728,-19.217386,45.403976,-19.509665
4.368750,-9.796200,-3.142981,-19.059444,-19.310265,47.548103,-19.460333
4.375000,-27.221457,-3.144041,-13.921315,-19.496769,49.381290,-19.568672
4.381250,-43.844681,-3.144530,-7.555213,-19.767176,51.210232,-19.735184
4.387500,-59.171005,-3.144055,-0.240604,-20.104219,52.757301,-19.963696
4.393750,-72.771820,-3.142284,7.668114,-20.488518,55.083012,-20.249264
4.400000,-84.312447,-3.140054,15.743354,-20.905106,56.624611,-20.657089
4.406250,-93.558586,-3.137985,21.653318,-21.341644,58.811050,-21.141747
4.412500,-100.385757,-3.135589,28.799377,-21.781622,61.161163,-21.672356
4.418750,-104.791519,-3.132505,34.963696,-22.208698,63.413490,-22.224661
4.425000,-106.899628,-3.129290,39.891766,-22.603851,65.371124,-22.774609
4.431250,-106.951981,-3.126682,43.498100,-22.924692,66.946976,-23.277721
4.437500,-105.286049,-3.124582,45.683769,-23.164371,68.079033,-23.705757
4.443750,-102.325958,-3.122626,46.377201,-23.328079,68.614479,-24.046713
4.450000,-98.564857,-3.121340,45.742332,-23.415867,68.561211,-24.288038
4.456250,-94.538788,-3.121643,44.065002,-23.426407,68.038376,-24.419891
4.462500,-88.622253,-3.123285,41.712311,-23.362232,67.196030,-24.438023
4.468750,-82.703003,-3.125494,39.142296,-23.230513,66.222794,-24.344725
4.475000,-76.779816,-3.128163,34.961143,-23.047874,65.346367,-24.156893
4.481250,-70.856682,-3.131672,31.339739,-22.822016,64.864326,-23.874542
4.487500,-64.932449,-3.135926,28.361498,-22.551437,63.379868,-23.486507
4.493750,-59.004463,-3.140366,25.931749,-22.261841,62.594585,-23.035282
4.500000,-53.074226,-3.145416,23.952044,-21.977064,62.154037,-22.555698
4.506250,-47.144207,-3.151862,22.414747,-21.712105,61.825047,-22.074717
4.512500,-41.211082,-3.159220,21.325825,-21.472326,61.391388,-21.613379
4.518750,-35.267056,-3.166105,20.673059,-21.251314,60.631527,-21.188452
4.525000,-29.310928,-3.171768,20.416925,-21.012674,59.309944,-20.815813
4.531250,-23.350315,-3.176929,20.448132,-20.800999,57.146923,-20.533979
4.537500,-17.391533,-3.182444,22.049639,-20.654367,53.717625,-20.330240
4.543750,-11.431014,-3.188135,22.424717,-20.537672,50.308514,-20.185415
4.550000,-5.463920,-3.193076,23.573572,-20.434032,45.503365,-20.114105
4.556250,0.509870,-3.196986,25.002829,-20.365105,39.608227,-20.067295
4.562500,6.486934,-3.200153,26.294115,-20.351784,32.950371,-20.144762
4.568750,12.465028,-3.202746,27.117657,-20.415514,26.597992,-20.345831
4.575000,18.444376,-3.204721,27.180443,-20.584551,20.283230,-20.698656
4.581250,24.426777,-3.205649,26.247559,-20.945282,13.844895,-21.053848
4.587500,30.410868,-3.205317,26.719435,-21.327436,8.080259,-21.483961
4.593750,36.393856,-3.203885,25.210497,-21.820192,3.373629,-21.994099
4.600000,42.373791,-3.201597,23.486765,-22.433910,-0.174499,-22.570955
4.606250,48.348320,-3.198612,21.575047,-23.168034,-2.575353,-23.195953
4.612500,54.318195,-3.194887,19.446600,-24.020815,-3.972072,-23.864113
4.618750,60.281040,-3.190931,17.302303,-24.943361,-4.551642,-24.555922
4.625000,66.233902,-3.187408,15.172281,-25.911961,-4.460156,-25.247972
4.631250,72.179245,-3.184284,13.054341,-26.897621,-3.949870,-25.921654
4.637500,78.121933,-3.180630,11.033476,-27.862925,-3.330284,-26.564714
4.643750,84.062332,-3.176250,7.327586,-28.762575,-2.939339,-27.155998
4.650000,89.993057,-3.172384,3.663727,-29.547014,-3.155468,-27.652657
4.656250,95.908669,-3.170395,1.755665,-30.165829,-4.337444,-28.018581
4.662500,99.918549,-3.170333,-0.248560,-30.586304,-6.796336,-28.252863
4.668750,103.652863,-3.171546,-2.415277,-30.802366,-8.950995,-28.379614
4.675000,106.582039,-3.173945,-4.677046,-30.798306,-12.365733,-28.381468
4.681250,108.213264,-3.177786,-6.938686,-30.567835,-16.762129,-28.250183
4.687500,108.121017,-3.182682,-9.191485,-30.123777,-21.934397,-27.989517
4.693750,105.965851,-3.188493,-11.470123,-29.497971,-27.668779,-27.611740
4.700000,101.509529,-3.195734,-13.810572,-28.737682,-33.695240,-27.128805
4.706250,94.629684,-3.204911,-16.322281,-27.879623,-39.702927,-26.549070
4.712500,85.333641,-3.215030,-19.388214,-26.925081,-45.361904,-25.865471
4.718750,73.750343,-3.224577,-22.951408,-25.932037,-50.236729,-25.137419
4.725000,60.113941,-3.233255,-24.989059,-24.966663,-55.693508,-24.426159
4.731250,44.756870,-3.241901,-27.282085,-24.091116,-60.341717,-23.753847
4.737500,28.104834,-3.250569,-29.485374,-23.328165,-64.332176,-23.165749
4.743750,10.655206,-3.258211,-31.332495,-22.692284,-67.975616,-22.604416
4.750000,-7.058967,-3.264465,-32.644363,-22.186707,-71.525124,-22.091631
4.756250,-24.498062,-3.269969,-33.270607,-21.793016,-74.816826,-21.592655
4.762500,-41.132961,-3.275040,-33.105240,-21.410332,-77.369041,-21.261042
4.768750,-56.468227,-3.279189,-32.567047,-21.201153,-79.694023,-21.032795
4.775000,-70.075661,-3.282050,-29.581917,-21.073982,-82.034004,-20.889029
4.781250,-81.619019,-3.284111,-27.201485,-20.992348,-84.449318,-20.817970
4.787500,-90.864311,-3.285919,-23.529997,-20.926510,-86.980682,-20.811312
4.793750,-97.690491,-3.287638,-18.947165,-20.860167,-89.647743,-20.849529
4.800000,-102.096443,-3.289396,-13.939241,-20.783201,-92.340431,-20.897339
4.806250,-104.201851,-3.291305,-8.937336,-20.688847,-95.183968,-20.953583
4.812500,-104.243988,-3.293346,-4.411764,-20.575880,-98.218018,-21.009239
4.818750,-102.561630,-3.295480,-0.786169,-20.445002,-101.352043,-21.043612
4.825000,-99.582916,-3.298154,3.738565,-20.299782,-104.417770,-21.041458
4.831250,-95.800240,-3.301558,7.485815,-20.150810,-107.183022,-21.015562
4.837500,-91.742180,-3.304857,10.717381,-20.012306,-109.405991,-20.976475
4.843750,-85.782478,-3.307198,13.752977,-19.901535,-110.892143,-20.915541
4.850000,-79.821190,-3.309134,15.126253,-19.802052,-111.224281,-20.800592
4.856250,-73.865273,-3.312107,16.873438,-19.721210,-110.291367,-20.656870
4.862500,-67.914330,-3.316105,18.650640,-19.677492,-107.974022,-20.505781
4.868750,-61.958176,-3.319716,20.286743,-19.674803,-104.054634,-20.358559
4.875000,-55.992683,-3.322137,21.697735,-19.701580,-98.357887,-20.220547
4.881250,-50.025917,-3.324082,22.814190,-19.734200,-90.840385,-20.098772
4.887500,-44.063900,-3.326320,23.672234,-19.761190,-81.577637,-19.998878
4.893750,-38.105034,-3.328869,24.642689,-19.817108,-70.757095,-19.928740
4.900000,-32.145630,-3.331315,25.652906,-19.884270,-58.684723,-19.892822
4.906250,-26.184870,-3.333642,26.706539,-19.959009,-45.733894,-19.885117
4.912500,-20.224237,-3.335856,27.879223,-20.033089,-32.360149,-19.888617
4.918750,-14.263532,-3.337881,29.130411,-20.089161,-19.025198,-19.865536
4.925000,-8.303714,-3.340128,30.614914,-20.145008,-5.909898,-19.887722
4.931250,-2.345054,-3.342821,32.421108,-20.218424,6.776484,-19.942083
4.937500,3.615352,-3.345368,34.506573,-20.319372,18.404423,-20.017544
4.943750,9.582626,-3.346812,36.774288,-20.455103,28.748392,-20.114273
4.950000,15.552787,-3.347167,39.102772,-20.626810,37.692360,-20.234207
4.956250,21.519146,-3.347618,39.486549,-20.829845,45.226498,-20.378773
4.962500,27.479946,-3.348478,41.584949,-21.056389,51.407093,-20.555025
4.968750,33.441235,-3.348882,43.386669,-21.288923,56.355324,-20.805416
4.975000,39.404942,-3.348592,44.756985,-21.520264,60.276535,-21.006332
4.981250,45.366737,-3.348205,45.448868,-21.762781,61.924889,-21.238440
4.987500,51.324890,-3.347759,45.426300,-22.000942,62.551464,-21.513664
4.993750,57.283478,-3.346531,44.675392,-22.227703,62.139389,-21.830868
5.000000,63.242275,-3.344458,43.147984,-22.438208,60.596523,-22.187737
5.006250,69.193871,-3.342609,40.870247,-22.625547,57.846153,-22.582285
5.012500,75.135353,-3.341720,37.916046,-22.780119,53.810913,-23.010433
5.018750,81.073799,-3.341120,34.407040,-22.884962,50.172993,-23.397196
5.025000,87.013901,-3.340125,28.578615,-22.923923,45.177647,-23.737911
5.031250,92.952950,-3.339096,24.229551,-22.924280,39.262905,-24.072531
5.037500,96.990913,-3.338513,19.516317,-22.894009,32.947979,-24.380959
5.043750,100.751472,-3.338456,14.722717,-22.840990,26.710667,-24.645807
5.050000,103.704231,-3.338861,10.003963,-22.795984,20.881992,-24.857000
5.056250,105.356277,-3.340055,5.518485,-22.762632,15.785637,-25.003456
5.062500,105.281700,-3.341933,2.117003,-22.695740,11.752883,-25.070002
5.068750,103.145134,-3.343536,-0.689410,-22.652952,9.055211,-25.051163
5.075000,98.708572,-3.344647,-4.531648,-22.650152,7.879137,-24.948923
5.081250,91.843002,-3.346643,-7.490901,-22.683857,6.513494,-24.766127
5.087500,82.544624,-3.350459,-9.831674,-22.735664,6.748156,-24.508976
5.093750,70.944611,-3.355174,-11.775681,-22.796741,8.156190,-24.192173
5.100000,57.287888,-3.359437,-13.410627,-22.874346,12.129030,-23.842695
5.106250,41.912399,-3.363413,-15.017738,-22.946651,16.426600,-23.478874
5.112500,25.236380,-3.368290,-16.863976,-22.991245,20.631435,-23.064833
5.118750,7.753588,-3.374061,-19.091555,-22.990438,24.860525,-22.649214
5.125000,-9.997165,-3.379765,-21.805281,-22.934278,29.062035,-22.259987
5.131250,-27.467371,-3.385203,-25.073771,-22.817141,32.972935,-21.913319
5.137500,-44.129955,-3.391083,-26.741495,-22.636932,36.306099,-21.616175
5.143750,-59.494587,-3.397619,-28.151125,-22.395741,38.786598,-21.363132
5.150000,-73.129601,-3.404268,-28.761944,-22.099384,40.182457,-21.096498
5.156250,-84.691193,-3.410556,-29.973253,-21.762794,40.250568,-20.955080
5.162500,-93.943748,-3.418439,-29.724257,-21.393162,40.536461,-20.838987
5.168750,-100.746002,-3.423726,-28.129871,-20.996456,40.150448,-20.758924
5.175000,-105.141708,-3.428358,-25.518484,-20.599962,39.318081,-20.720808
5.181250,-107.231636,-3.432193,-22.228180,-20.227011,38.544228,-20.719246
5.187500,-107.253983,-3.435274,-18.573980,-19.897198,38.383034,-20.738510
5.193750,-105.550591,-3.437710,-14.896317,-19.629328,39.409157,-20.758507
5.200000,-102.549759,-3.439520,-11.546074,-19.441288,40.190285,-20.834433
5.206250,-98.744873,-3.441048,-6.677085,-19.351509,42.718708,-20.986013
5.212500,-94.668892,-3.442346,-1.898444,-19.359188,45.338966,-21.099127
5.218750,-88.697678,-3.443101,1.300308,-19.440208,49.344349,-21.222857
5.225000,-82.724945,-3.442797,4.711970,-19.593201,54.013939,-21.368196
5.231250,-76.752876,-3.441559,7.983264,-19.789812,58.841293,-21.534657
5.237500,-70.785881,-3.439959,10.833570,-20.026323,63.280437,-21.724009
5.243750,-64.825882,-3.438362,12.210605,-20.358751,66.736000,-21.946577
5.250000,-58.873466,-3.437287,12.419665,-20.744045,68.650475,-22.204765
5.256250,-52.926678,-3.436904,13.288810,-21.167213,68.551720,-22.493116
5.262500,-46.980793,-3.436449,13.026547,-21.595383,68.217194,-22.808531
5.268750,-41.032478,-3.435058,11.805180,-22.015770,66.022736,-23.140772
5.275000,-35.087502,-3.433444,9.957910,-22.427631,62.300442,-23.475189
5.281250,-29.154165,-3.433284,7.702007,-22.824543,55.215755,-23.787523
5.287500,-23.231054,-3.434963,5.192775,-23.194925,46.583725,-24.061054
5.293750,-17.306126,-3.436823,2.557033,-23.527012,36.833088,-24.340315
5.300000,-11.374779,-3.437887,-0.103244,-23.810200,25.976158,-24.588964
5.306250,-5.446219,-3.439551,-2.672120,-24.029980,14.189471,-24.782887
5.312500,0.472091,-3.443276,-5.042014,-24.174156,1.864495,-24.906824
5.318750,6.386714,-3.448711,-7.143805,-24.234558,-10.564291,-24.950708
5.325000,12.307846,-3.454631,-8.915934,-24.203321,-22.639286,-24.905115
5.331250,18.237499,-3.460886,-10.332876,-24.080511,-33.928413,-24.763334
5.337500,24.170839,-3.467963,-9.253420,-23.877073,-44.076660,-24.540691
5.343750,30.110077,-3.475396,-9.014959,-23.638483,-52.989021,-24.257647
5.350000,36.059601,-3.482243,-7.396413,-23.322380,-60.046215,-23.919220
5.356250,42.017189,-3.488737,-4.565908,-22.982454,-65.388443,-23.568335
5.362500,47.977959,-3.495498,-0.895096,-22.654850,-68.941971,-23.244463
5.368750,53.945152,-3.501873,3.424144,-22.366953,-70.732513,-22.987865
5.375000,59.923771,-3.506495,8.194361,-22.135395,-70.989250,-22.781620
5.381250,65.911186,-3.509413,13.198811,-21.969028,-70.092079,-22.619215
5.387500,71.898178,-3.511432,18.190081,-21.863173,-68.217964,-22.490505
5.393750,77.882950,-3.512581,20.987886,-21.819586,-64.207054,-22.510250
5.400000,83.869568,-3.512020,24.950514,-21.862946,-59.861542,-22.639744
5.406250,89.855484,-3.509932,28.010588,-21.981081,-55.243862,-22.867552
5.412500,95.833443,-3.507486,30.096935,-22.155289,-50.623516,-23.185810
5.418750,99.907249,-3.504815,31.148109,-22.358850,-46.153450,-23.535629
5.425000,103.702744,-3.501426,31.152201,-22.564919,-41.930161,-23.885054
5.431250,106.686707,-3.497506,30.135214,-22.747890,-38.292946,-24.218206
5.437500,108.361282,-3.494271,28.262234,-22.880175,-35.288273,-24.511425
5.443750,108.297737,-3.492365,25.932041,-22.960812,-32.859280,-24.733725
5.450000,106.162247,-3.491645,23.587057,-22.978649,-30.963793,-24.863464
5.456250,101.722321,-3.491753,21.549994,-22.915632,-29.526512,-24.885323
5.462500,94.855850,-3.492831,18.339365,-22.766621,-28.374863,-24.793497
5.468750,85.564682,-3.494632,16.009624,-22.538868,-27.312233,-24.602604
5.475000,73.971863,-3.496958,14.461025,-22.244057,-26.099497,-24.320259
5.481250,60.312351,-3.500512,13.611659,-21.888336,-24.162378,-23.914591
5.487500,44.927063,-3.505965,13.346617,-21.488394,-21.556818,-23.446131
5.493750,28.247675,-3.512527,13.443266,-21.075741,-20.040230,-22.958332
5.500000,10.776227,-3.518407,13.725385,-20.677879,-17.732367,-22.487211
5.506250,-6.954700,-3.523174,14.084235,-20.314856,-13.042818,-22.061579
5.512500,-24.408667,-3.527920,14.424212,-19.999977,-7.946768,-21.705530
5.518750,-41.057140,-3.533146,14.662405,-19.728640,-2.362184,-21.388977
5.525000,-56.401264,-3.537828,15.010222,-19.473717,3.465558,-21.150667
5.531250,-70.010368,-3.541148,15.308211,-19.318550,9.201782,-21.020271
5.537500,-81.548843,-3.543465,15.418375,-19.236351,15.165125,-20.987282
5.543750,-90.784492,-3.545251,15.367387,-19.221113,21.101906,-21.037611
5.550000,-97.595573,-3.546249,14.920417,-19.277098,26.706682,-21.152386
5.556250,-101.980545,-3.546255,13.893465,-19.407602,31.844025,-21.371666
5.562500,-104.063690,-3.545422,12.141765,-19.619705,36.569344,-21.672552
5.568750,-104.083405,-3.543816,9.585415,-19.908966,40.999088,-22.001860
5.575000,-102.380234,-3.541290,8.444735,-20.254160,44.772873,-22.370672
5.581250,-99.383698,-3.538106,5.438436,-20.651403,48.000301,-22.772842
5.587500,-95.588264,-3.534904,2.671802,-21.093796,50.950436,-23.189970
5.593750,-91.527748,-3.531785,0.125014,-21.573862,53.913696,-23.600803
5.600000,-85.578079,-3.528614,-2.219990,-22.084255,55.178722,-24.021624
5.606250,-79.634338,-3.525872,-4.330115,-22.602808,56.645840,-24.416111
5.612500,-73.698502,-3.524153,-6.151497,-23.107370,58.112366,-24.777094
5.618750,-67.766327,-3.522887,-7.704183,-23.582975,59.199799,-25.103359
5.625000,-61.831528,-3.521123,-9.011112,-24.017309,59.641758,-25.394499
5.631250,-55.899200,-3.519427,-10.065134,-24.396593,59.214989,-25.654234
5.637500,-49.978374,-3.519432,-12.737329,-24.705845,57.724262,-25.883303
5.643750,-44.066025,-3.521389,-13.227939,-24.930002,54.890594,-26.042545
5.650000,-38.150211,-3.523647,-13.419335,-25.049421,50.512226,-26.105461
5.656250,-32.227863,-3.525545,-13.346003,-25.052437,46.494587,-26.076366
5.662500,-26.306664,-3.528198,-13.148496,-24.950512,40.653912,-26.017141
5.668750,-20.393749,-3.532493,-12.960009,-24.751846,33.586086,-25.903254
5.675000,-14.481812,-3.538093,-12.822412,-24.462610,27.933735,-25.727688
5.681250,-8.563508,-3.543926,-12.839318,-24.096992,22.673248,-25.491446
5.687500,-2.638858,-3.549760,-13.123117,-23.674873,16.493959,-25.194931
5.693750,3.288557,-3.555821,-13.811801,-23.232702,11.578935,-24.837259
5.700000,9.218370,-3.561924,-15.099386,-22.794544,8.266464,-24.436466
5.706250,15.150777,-3.568131,-15.375233,-22.324976,5.223783,-24.025150
5.712500,21.084270,-3.575083,-15.964966,-21.886665,4.155046,-23.617428
5.718750,27.020666,-3.582559,-16.504665,-21.515692,4.534009,-23.237854
5.725000,32.966831,-3.589240,-16.809849,-21.229502,5.950265,-22.913252
5.731250,38.925594,-3.594249,-16.738073,-21.031492,7.916746,-22.628845
5.737500,44.889336,-3.598289,-16.213863,-20.916155,11.759197,-22.360769
5.743750,50.851425,-3.602076,-15.216770,-20.866806,15.449625,-22.146511
5.750000,56.814503,-3.605208,-13.813413,-20.870848,18.549208,-22.030813
5.756250,62.782349,-3.606905,-12.210860,-20.932009,21.245203,-21.991602
5.762500,68.752319,-3.607567,-8.377526,-21.033941,23.402821,-22.015762
5.768750,74.716835,-3.608008,-5.660037,-21.153305,24.802450,-22.090900
5.775000,80.676186,-3.608273,-2.100659,-21.266567,25.224201,-22.210238
5.781250,86.633797,-3.608074,1.995240,-21.353992,26.622311,-22.370737
5.787500,92.588120,-3.607708,6.252468,-21.406349,25.953255,-22.509293
5.793750,96.641205,-3.607974,10.272246,-21.417461,24.834538,-22.656818
5.800000,100.415016,-3.609037,13.704001,-21.379539,23.221601,-22.804302
5.806250,103.380737,-3.610599,16.226997,-21.289400,21.128387,-22.934858
5.812500,105.048424,-3.612323,17.539061,-21.149332,18.581982,-23.025023
5.818750,104.990532,-3.614325,19.572241,-20.964756,15.669791,-23.051931
5.825000,102.864815,-3.616936,20.798302,-20.748062,12.666395,-23.040739
5.831250,98.431862,-3.621009,21.597128,-20.523243,9.881226,-23.004955
5.837500,91.572403,-3.626874,22.391317,-20.321377,5.328735,-22.922491
5.843750,82.294121,-3.633577,21.814787,-20.132938,0.808992,-22.781942
5.850000,70.727615,-3.639435,22.107836,-19.964331,-3.999958,-22.612959
5.856250,57.109261,-3.643528,22.892128,-19.849522,-9.248284,-22.440123
5.862500,41.769493,-3.646734,24.022665,-19.804064,-14.945315,-22.283318
5.868750,25.128378,-3.650223,25.405098,-19.831406,-21.088892,-22.162363
5.875000,7.679775,-3.653623,26.987707,-19.907541,-27.688484,-22.082956
5.881250,-10.037196,-3.656237,28.796274,-20.015469,-34.875156,-22.027618
5.887500,-27.476988,-3.657999,31.275928,-20.210117,-40.659840,-22.015184
5.893750,-44.110546,-3.658965,32.420906,-20.454166,-46.352871,-22.051268
5.900000,-59.446606,-3.659014,33.871490,-20.732838,-51.452274,-22.126417
5.906250,-73.059525,-3.658397,35.241272,-21.045656,-55.589779,-22.221758
5.912500,-84.612343,-3.657972,36.218971,-21.403809,-58.341675,-22.347832
5.918750,-93.867699,-3.657678,36.615086,-21.777870,-61.391361,-22.499491
5.925000,-100.698051,-3.656624,36.447510,-22.152515,-63.228760,-22.655556
5.931250,-105.103539,-3.654655,35.354256,-22.544909,-64.217804,-22.809254
5.937500,-107.212997,-3.653087,33.257488,-22.958105,-64.660484,-22.960726
5.943750,-107.267624,-3.652698,30.248766,-23.380976,-64.788116,-23.106297
5.950000,-105.599533,-3.652616,26.734797,-23.798994,-64.811890,-23.245253
5.956250,-102.630119,-3.652053,23.121151,-24.195074,-64.960884,-23.393347
5.962500,-98.856354,-3.651754,19.544689,-24.549820,-65.566078,-23.442373
5.968750,-94.815559,-3.652479,16.111116,-24.848570,-64.097061,-23.495798
5.975000,-88.880905,-3.653270,12.909070,-25.078779,-62.866436,-23.542557
5.981250,-82.941399,-3.653120,10.027004,-25.231525,-61.266693,-23.581978
5.987500,-77.003288,-3.652941,7.531496,-25.300409,-58.889645,-23.615992
5.993750,-71.076294,-3.654459,5.490924,-25.280867,-55.379066,-23.644501
6.000000,-65.155144,-3.657519,3.947819,-25.172800,-50.450119,-23.668680
6.006250,-59.229534,-3.660722,2.925332,-24.976496,-43.920177,-23.689560
6.012500,-53.297516,-3.663793,2.435032,-24.690826,-35.747097,-23.694345
6.018750,-47.365181,-3.667580,2.438560,-24.312437,-26.273878,-23.660875
6.025000,-41.433002,-3.672059,3.063858,-23.879784,-15.847768,-23.625238
6.031250,-35.495842,-3.676415,4.245686,-23.428679,-4.536888,-23.596537
6.037500,-29.553177,-3.680586,5.994171,-22.975555,7.234625,-23.582209
6.043750,-23.608738,-3.685184,8.116796,-22.550817,18.914831,-23.589909
6.050000,-17.662554,-3.689808,10.378802,-22.187582,29.984251,-23.612677
6.056250,-11.709069,-3.693656,12.601746,-21.901360,40.126591,-23.615887
6.062500,-5.750789,-3.696793,14.670915,-21.702627,49.035343,-23.636351
6.068750,0.206352,-3.699917,14.443574,-21.609184,56.405304,-23.690926
6.075000,6.163493,-3.702759,15.537069,-21.627977,62.035583,-23.775902
6.081250,12.126258,-3.704190,15.980517,-21.751801,65.938782,-23.888594
6.087500,18.091599,-3.704250,15.761851,-21.952902,68.243942,-24.029608
6.093750,24.050402,-3.704269,14.893822,-22.183495,69.091690,-24.181864
6.100000,29.998945,-3.704999,13.296339,-22.439823,68.436569,-24.316299
6.106250,35.943653,-3.706033,10.710776,-22.709753,66.572807,-24.447365
6.112500,41.889236,-3.706805,7.358058,-22.951145,63.865040,-24.574097
6.118750,47.833504,-3.707575,3.293712,-23.136063,60.523849,-24.686024
6.125000,53.774105,-3.708864,-1.471769,-23.248030,56.707565,-24.770155
6.131250,59.710228,-3.710882,-4.731533,-23.280024,52.577301,-24.807592
6.137500,65.645996,-3.713719,-7.766387,-23.233892,48.334103,-24.743086
6.143750,71.582466,-3.717255,-11.849229,-23.115921,44.344215,-24.647322
6.150000,77.523605,-3.720793,-14.726355,-22.923933,39.546032,-24.497553
6.156250,83.471359,-3.723711,-16.401779,-22.673220,35.000477,-24.288507
6.162500,89.421661,-3.726438,-17.019625,-22.390802,30.587069,-24.034468
6.168750,95.369911,-3.729737,-16.681004,-22.097826,26.316896,-23.749144
6.175000,99.423737,-3.733454,-15.489842,-21.812859,22.246250,-23.447037
6.181250,103.209778,-3.736572,-13.605083,-21.553341,18.427691,-23.142330
6.187500,106.197037,-3.738777,-11.206699,-21.331921,14.940306,-22.845686
6.193750,107.887230,-3.740645,-8.508251,-21.162416,11.912076,-22.617371
6.200000,107.850563,-3.742376,-5.754134,-21.060017,9.764464,-22.398478
6.206250,105.747993,-3.743665,-0.988957,-21.023777,7.400572,-22.233746
6.212500,101.343719,-3.744534,2.416015,-21.040382,5.826109,-22.152252
6.218750,94.512596,-3.745482,6.271496,-21.118149,4.852308,-22.169849
6.225000,85.254494,-3.746608,10.247953,-21.255123,4.314451,-22.339823
6.231250,73.692894,-3.747665,14.063094,-21.440708,4.001500,-22.524193
6.237500,60.066212,-3.748543,17.416697,-21.671717,4.352622,-22.802259
6.243750,44.714233,-3.749280,19.964903,-21.945732,4.370566,-23.179470
6.250000,28.064508,-3.749657,23.673923,-22.248749,4.134273,-23.639240
6.256250,10.608750,-3.749678,27.024952,-22.564957,3.630580,-24.157801
6.262500,-7.123944,-3.749860,28.465782,-22.883528,2.841416,-24.706367
6.268750,-24.587717,-3.750565,29.950977,-23.197445,1.783028,-25.249495
6.275000,-41.246750,-3.751065,31.305733,-23.494871,0.621695,-25.749449
6.281250,-56.604160,-3.750539,32.401184,-23.757215,-0.152161,-26.197487
6.287500,-70.238602,-3.749695,33.095402,-23.975239,-0.501405,-26.569738
6.293750,-81.817940,-3.750115,33.222179,-24.146650,-0.339812,-26.847042
6.300000,-91.103142,-3.752026,32.703056,-24.265917,0.639970,-27.013058
6.306250,-97.961716,-3.754116,31.529871,-24.324631,2.772354,-27.054317
6.312500,-102.389709,-3.755667,29.717596,-24.313250,6.333733,-26.961542
6.318750,-104.516632,-3.757640,27.307642,-24.219769,11.515780,-26.729420
6.325000,-104.584251,-3.760794,26.488871,-24.042385,18.349512,-26.383474
6.331250,-102.928741,-3.764981,23.955595,-23.806461,26.638033,-25.987467
6.337500,-99.971977,-3.769671,21.852594,-23.527149,36.145329,-25.512611
6.343750,-96.205887,-3.774950,20.286520,-23.200558,46.277718,-24.985723
6.350000,-92.163788,-3.780731,19.231108,-22.841307,56.992874,-24.465822
6.356250,-86.220482,-3.786275,18.507130,-22.478485,67.715263,-23.995850
6.362500,-80.268867,-3.791044,17.999012,-22.139635,77.769203,-23.609972
6.368750,-74.313629,-3.795312,17.633408,-21.846786,86.469086,-23.326702
6.375000,-68.357712,-3.799314,17.348682,-21.616838,93.125114,-23.092619
6.381250,-62.399944,-3.802760,17.074158,-21.465464,96.934998,-23.011963
6.387500,-56.438995,-3.805446,16.683199,-21.472301,98.874168,-23.073633
6.393750,-50.478168,-3.807635,16.786207,-21.494438,97.824417,-23.263700
6.400000,-44.517429,-3.809231,17.200968,-21.622305,93.921425,-23.546129
6.406250,-38.556808,-3.809897,17.801491,-21.860704,87.460655,-23.811335
6.412500,-32.597069,-3.809919,18.598818,-22.198269,78.689674,-24.176218
6.418750,-26.643494,-3.810254,19.538666,-22.618977,67.046158,-24.581516
6.425000,-20.695467,-3.811065,20.526121,-23.100645,53.772125,-24.985847
6.431250,-14.747313,-3.811568,21.483479,-23.613110,39.364254,-25.355663
6.437500,-8.797657,-3.811291,22.296238,-24.126081,24.364542,-25.663567
6.443750,-2.851740,-3.811189,25.011095,-24.605734,9.336470,-25.884542
6.450000,3.086125,-3.812218,26.260746,-25.015682,-5.159139,-25.996096
6.456250,9.020345,-3.814066,28.003281,-25.331944,-18.682089,-26.016073
6.462500,14.956880,-3.816131,29.950548,-25.547758,-30.967859,-26.054478
6.468750,20.895157,-3.818300,31.829098,-25.657417,-40.711422,-25.906570
6.475000,26.834122,-3.820712,33.440887,-25.656843,-48.426952,-25.703539
6.481250,32.775734,-3.823018,34.586128,-25.548767,-53.781647,-25.481884
6.487500,38.718510,-3.825197,35.039669,-25.354565,-56.564682,-25.270943
6.493750,44.660240,-3.827929,34.636585,-25.103771,-56.669495,-25.093115
6.500000,50.600464,-3.831152,33.324421,-24.817390,-54.048588,-24.945572
6.506250,56.545349,-3.834116,29.295555,-24.506588,-50.636501,-24.816771
6.512500,62.495613,-3.836282,26.373341,-24.192532,-45.075832,-24.684793
6.518750,68.445450,-3.838521,22.721306,-23.898554,-38.061813,-24.602583
6.525000,74.392021,-3.841481,18.414335,-23.658293,-29.935852,-24.577263
6.531250,80.340218,-3.844430,13.615866,-23.489279,-21.743038,-24.583492
6.537500,86.295067,-3.846402,8.618374,-23.393009,-14.122459,-24.607092
6.543750,92.252510,-3.847747,3.662618,-23.365633,-7.607866,-24.637096
6.550000,96.311218,-3.849371,-1.055496,-23.402040,-2.649255,-24.672758
6.556250,100.093971,-3.851202,-5.361880,-23.488907,0.392293,-24.700190
6.562500,103.072533,-3.852657,-9.073044,-23.594873,2.921700,-24.690153
6.568750,104.754349,-3.853708,-12.023266,-23.621340,3.427600,-24.664179
6.575000,104.709038,-3.854756,-14.521069,-23.727711,2.353731,-24.622808
6.581250,102.594940,-3.855811,-15.942709,-23.828665,0.130773,-24.578051
6.587500,98.176682,-3.856872,-16.243898,-23.905769,-2.775297,-24.532255
6.593750,91.331924,-3.858381,-15.598768,-23.953291,-7.610103,-24.478769
6.600000,82.060112,-3.860410,-14.220057,-23.975533,-12.237443,-24.426025
6.606250,70.487152,-3.862126,-12.316715,-23.977219,-16.674030,-24.380728
6.612500,56.851074,-3.863193,-10.075944,-23.961588,-20.895439,-24.346729
6.618750,41.487400,-3.864457,-7.687181,-23.931465,-24.876495,-24.325970
6.625000,24.818930,-3.866905,-5.337793,-23.886559,-28.588825,-24.316101
6.631250,7.340805,-3.870239,-1.051487,-23.828274,-32.016506,-24.313631
6.637500,-10.406901,-3.873568,1.724162,-23.757774,-35.158901,-24.309996
6.643750,-27.877453,-3.876879,4.944172,-23.673433,-38.000263,-24.237347
6.650000,-44.542183,-3.880772,8.378375,-23.569910,-41.141472,-24.176346
6.656250,-59.908054,-3.885005,11.793089,-23.433638,-44.098186,-24.095690
6.662500,-73.544640,-3.888785,14.885319,-23.267389,-47.260246,-23.996428
6.668750,-85.110924,-3.892054,17.329721,-23.070772,-50.719860,-23.876080
6.675000,-94.375084,-3.895458,18.892273,-22.836624,-54.577290,-23.729250
6.681250,-101.217026,-3.899371,19.342274,-22.569662,-59.003498,-23.573383
6.687500,-105.633438,-3.903467,20.560928,-22.288610,-62.056549,-23.427750
6.693750,-107.743004,-3.907413,21.060343,-22.004725,-65.176941,-23.297020
6.700000,-107.782219,-3.910982,21.253859,-21.741793,-67.977798,-23.190939
6.706250,-106.091492,-3.913704,21.504248,-21.576578,-70.131767,-23.126558
6.712500,-103.099701,-3.915618,21.866455,-21.385525,-71.308304,-23.117565
6.718750,-99.303101,-3.917239,22.284027,-21.255960,-71.202789,-23.157625
6.725000,-95.236397,-3.919097,23.390669,-21.221268,-69.656342,-23.247601
6.731250,-89.274872,-3.920837,25.136095,-21.294456,-66.630577,-23.372908
6.737500,-83.308998,-3.921678,27.403770,-21.475014,-61.999619,-23.534540
6.743750,-77.340599,-3.921536,30.029959,-21.751623,-57.390930,-23.767668
6.750000,-71.374565,-3.920993,32.771515,-22.117746,-51.624329,-24.032276
6.756250,-65.412758,-3.920324,37.523201,-22.566973,-45.229305,-24.296801
6.762500,-59.454151,-3.919618,40.851646,-23.056459,-38.648300,-24.531582
6.768750,-53.498352,-3.919031,44.753220,-23.554750,-32.388916,-24.728233
6.775000,-47.544487,-3.918315,48.737953,-24.055906,-24.807150,-24.879435
6.781250,-41.590313,-3.917066,52.458439,-24.544523,-17.637268,-24.975040
6.787500,-35.637825,-3.915337,55.650925,-25.001158,-10.732354,-25.009127
6.793750,-29.691055,-3.914000,58.076824,-25.407177,-3.936912,-24.980375
6.800000,-23.753107,-3.913822,59.522312,-25.746363,2.918918,-24.890207
6.806250,-17.819454,-3.914468,59.824802,-26.005615,10.011342,-24.742176
6.812500,-11.883609,-3.915224,58.873951,-26.175915,17.515368,-24.541338
6.818750,-5.946336,-3.916319,58.784885,-26.252874,25.597368,-24.287558
6.825000,-0.011849,-3.918221,56.304836,-26.240887,34.423084,-23.941141
6.831250,5.922320,-3.920711,53.594688,-26.159723,41.821243,-23.623455
6.837500,11.859858,-3.923174,50.739857,-25.999250,49.559433,-23.314150
6.843750,17.798824,-3.926013,47.862679,-25.781311,57.147018,-23.050467
6.850000,23.735907,-3.929915,44.892281,-25.537384,63.969528,-22.891293
6.856250,29.674788,-3.934239,41.950512,-25.289963,69.319122,-22.775984
6.862500,35.621960,-3.937643,39.199112,-25.056810,74.374840,-22.741322
6.868750,41.576096,-3.939915,36.810455,-24.848898,77.501740,-22.808683
6.875000,47.527840,-3.942221,34.958961,-24.668636,78.876434,-22.977486
6.881250,53.473412,-3.945251,31.904943,-24.503525,78.736549,-23.232515
6.887500,59.418152,-3.948436,29.430904,-24.276842,77.385101,-23.541697
6.893750,65.366676,-3.951081,27.431068,-24.133211,75.111526,-23.874405
6.900000,71.317673,-3.953141,25.943335,-24.024746,72.184998,-24.217897
6.906250,77.268051,-3.954838,24.274532,-23.953093,69.018799,-24.541477
6.912500,83.216034,-3.956179,22.324608,-23.922850,66.141571,-24.807854
6.918750,89.160103,-3.957676,20.407570,-23.864782,62.114391,-24.988445
6.925000,95.098602,-3.960058,18.248972,-23.814116,58.906567,-25.070288
6.931250,99.139893,-3.963220,15.761119,-23.770485,56.297817,-25.046028
6.937500,102.911018,-3.966391,11.159357,-23.716955,54.061581,-24.914206
6.943750,105.881409,-3.969248,8.236530,-23.666189,51.927929,-24.687059
6.950000,107.555641,-3.972163,5.009083,-23.626305,49.580009,-24.403603
6.956250,107.504517,-3.975200,1.672013,-23.581568,46.663044,-24.081406
6.962500,105.390862,-3.977648,-1.670439,-23.518419,44.312756,-23.687004
6.968750,100.976738,-3.979678,-4.972872,-23.427179,40.962749,-23.281063
6.975000,94.134727,-3.982290,-8.237122,-23.308468,36.838879,-22.900465
6.981250,84.864616,-3.985848,-11.468244,-23.165054,32.032249,-22.569107
6.987500,73.295494,-3.989329,-14.640617,-23.000500,26.634001,-22.303478
6.993750,59.669266,-3.991606,-17.725912,-22.817465,20.726946,-22.111053
7.000000,44.320969,-3.993055,-20.679405,-22.612911,14.396954,-21.985106
7.006250,27.670242,-3.994750,-21.308592,-22.380344,7.689660,-21.920219
7.012500,10.208154,-3.997090,-20.995289,-22.109451,2.641013,-21.944681
7.018750,-7.528273,-3.999880,-19.439543,-21.850662,-2.164412,-22.050602
7.025000,-24.988935,-4.002731,-18.334068,-21.651752,-6.166063,-22.215359
7.031250,-41.640579,-4.005382,-15.544451,-21.446836,-8.945619,-22.399643
7.037500,-56.991779,-4.007773,-11.034346,-21.260010,-9.843177,-22.646431
7.043750,-70.616508,-4.010165,-5.797932,-21.137934,-10.212489,-22.934170
7.050000,-82.175888,-4.012897,-0.259848,-21.109104,-9.054299,-23.266239
7.056250,-91.430374,-4.015612,5.180070,-21.195381,-6.668013,-23.644573
7.062500,-98.254318,-4.017368,12.336642,-21.404095,-3.306662,-24.066830
7.068750,-102.648491,-4.017979,17.661659,-21.728456,0.750601,-24.532072
7.075000,-104.740494,-4.018048,22.962681,-22.162992,5.202166,-25.039488
7.081250,-104.770241,-4.018099,27.885136,-22.689930,9.828644,-25.546650
7.087500,-103.076439,-4.017640,32.137859,-23.269028,14.465068,-26.028162
7.093750,-100.083099,-4.016267,35.440464,-23.859890,16.692020,-26.489147
7.100000,-96.285828,-4.014239,37.132252,-24.504234,19.996746,-26.925783
7.106250,-92.220619,-4.011971,37.206688,-25.146477,22.351450,-27.322237
7.112500,-86.267273,-4.009743,35.626656,-25.754354,23.681856,-27.658962
7.118750,-80.319710,-4.007751,34.421879,-26.320860,23.954245,-27.915684
7.125000,-74.378296,-4.006214,32.154663,-26.861917,23.200047,-28.067417
7.131250,-68.441086,-4.004965,28.766195,-27.245392,21.537275,-28.071846
7.137500,-62.506039,-4.003697,25.061132,-27.527086,19.188238,-27.918907
7.143750,-56.575134,-4.002798,21.514738,-27.718943,14.779140,-27.667669
7.150000,-50.652119,-4.003366,18.350777,-27.828470,9.733100,-27.298908
7.156250,-44.735912,-4.005692,15.753331,-27.859770,3.941728,-26.820059
7.162500,-38.815552,-4.008469,13.887435,-27.814358,-2.499774,-26.250618
7.168750,-32.886681,-4.010682,12.852885,-27.697475,-9.433087,-25.621244
7.175000,-26.954382,-4.012819,12.685596,-27.518410,-16.663866,-24.975073
7.181250,-21.024357,-4.015605,13.369670,-27.289469,-23.980682,-24.366924
7.187500,-15.094384,-4.018964,14.849682,-27.024445,-31.373207,-23.763731
7.193750,-9.158622,-4.022024,17.041168,-26.734802,-38.730320,-23.214512
7.200000,-3.217307,-4.024610,17.953403,-26.423325,-45.588863,-22.759531
7.206250,2.725961,-4.027175,21.251335,-26.063366,-51.816315,-22.419104
7.212500,8.670159,-4.029630,24.802303,-25.729689,-57.315571,-22.185808
7.218750,14.616964,-4.031802,27.972918,-25.426506,-62.116909,-22.076832
7.225000,20.564735,-4.034048,30.991629,-25.144840,-66.490044,-22.095606
7.231250,26.511723,-4.036774,33.615368,-24.886505,-70.331993,-22.222082
7.237500,32.460220,-4.039570,35.620617,-24.652395,-73.701813,-22.434799
7.243750,38.414894,-4.041566,36.822006,-24.442924,-76.676147,-22.706179
7.250000,44.373135,-4.042808,37.309109,-24.266104,-79.347931,-23.000256
7.256250,50.328640,-4.044034,37.241219,-24.119814,-81.843575,-23.274366
7.262500,56.278816,-4.045835,36.555763,-24.000605,-84.406334,-23.528330
7.268750,62.226521,-4.048098,35.167068,-23.911482,-87.401085,-23.759415
7.275000,68.174751,-4.050733,33.024933,-23.856546,-88.623688,-23.928436
7.281250,74.123436,-4.053734,30.187332,-23.815971,-89.475151,-24.007647
7.287500,80.074249,-4.056760,26.798483,-23.772598,-89.727623,-23.998764
7.293750,86.029953,-4.059013,22.813364,-23.724979,-89.126755,-23.907322
7.300000,91.989120,-4.060233,18.333504,-23.653334,-87.408699,-23.741486
7.306250,96.051964,-4.061027,13.598763,-23.505375,-84.379219,-23.514477
7.312500,99.834511,-4.062238,9.531426,-23.394176,-79.931053,-23.248196
7.318750,102.804916,-4.064303,6.233048,-23.266724,-74.055618,-22.970762
7.325000,104.474838,-4.067200,2.100994,-23.118586,-66.840790,-22.717550
7.331250,104.422836,-4.070210,-0.783017,-22.959122,-58.522594,-22.509310
7.337500,102.312302,-4.072419,-2.480958,-22.784409,-49.570827,-22.348858
7.343750,97.902397,-4.073748,-3.052531,-22.594376,-40.326706,-22.272522
7.350000,91.066360,-4.074880,-2.776129,-22.413340,-31.237522,-22.298887
7.356250,81.800293,-4.076647,-1.898286,-22.258625,-22.924461,-22.410835
7.362500,70.228897,-4.079059,-0.608506,-22.140194,-14.049060,-22.577393
7.368750,56.594105,-4.081364,0.894566,-22.060799,-6.471262,-22.856529
7.375000,41.238010,-4.083237,2.392693,-22.017284,0.105325,-23.217339
7.381250,24.585215,-4.084853,5.794500,-22.006138,5.615535,-23.620110
7.387500,7.125642,-4.086447,9.449006,-22.022787,10.324857,-24.025698
7.393750,-10.609164,-4.088536,13.515038,-22.078211,14.535312,-24.400351
7.400000,-28.072668,-4.091180,17.982580,-22.172520,18.496292,-24.732414
7.406250,-44.728306,-4.093926,22.690516,-22.274750,20.608969,-25.003178
7.412500,-60.080860,-4.096046,27.712408,-22.401852,22.876089,-25.192472
7.418750,-73.704414,-4.097356,32.989571,-22.565229,25.071798,-25.289825
7.425000,-85.264542,-4.098690,38.250549,-22.772873,26.946894,-25.294621
7.431250,-94.527283,-4.100866,45.337673,-23.030043,28.275507,-25.213346
7.437500,-101.367050,-4.103484,52.575325,-23.336985,28.888123,-25.053419
7.443750,-105.778641,-4.105788,58.269215,-23.693069,28.677683,-24.820477
7.450000,-107.882874,-4.107774,64.246788,-24.087723,27.602762,-24.514277
7.456250,-107.921387,-4.109627,70.159500,-24.500469,25.587132,-24.161032
7.462500,-106.232826,-4.111129,75.569260,-24.934950,22.493834,-23.800844
7.468750,-103.243271,-4.111676,79.928368,-25.408367,18.469934,-23.455957
7.475000,-99.447395,-4.111572,83.005615,-25.917276,13.724404,-23.147610
7.481250,-95.382011,-4.111365,84.637550,-26.447472,8.510583,-22.891544
7.487500,-89.425308,-4.110934,84.783684,-26.968616,3.163730,-22.689390
7.493750,-83.468193,-4.109629,81.481995,-27.474094,-1.995704,-22.547646
7.500000,-77.512383,-4.107700,76.324203,-27.952814,-6.664277,-22.467203
7.506250,-71.563705,-4.106038,71.131966,-28.381498,-10.448643,-22.431383
7.512500,-65.623306,-4.105012,64.301735,-28.731586,-12.878779,-22.431316
7.518750,-59.686047,-4.104030,56.150463,-28.992294,-15.216540,-22.472370
7.525000,-53.749825,-4.102955,46.978592,-29.164289,-15.459001,-22.527605
7.531250,-47.819454,-4.102619,37.285595,-29.233603,-13.807439,-22.577940
7.537500,-41.895329,-4.103397,27.579433,-29.196190,-10.324107,-22.624191
7.543750,-35.973831,-4.104835,18.297466,-29.064674,-7.270422,-22.648941
7.550000,-30.051054,-4.106687,9.881015,-28.844790,-3.413933,-22.633677
7.556250,-24.128458,-4.109301,2.863548,-28.529011,0.460462,-22.587566
7.562500,-18.206806,-4.112960,-4.380314,-28.148026,3.657222,-22.524519
7.568750,-12.282875,-4.117205,-10.013060,-27.724686,5.638655,-22.458817
7.575000,-6.351677,-4.121138,-14.269458,-27.267485,5.964144,-22.414663
7.581250,-0.413763,-4.124566,-17.346838,-26.798056,4.325822,-22.395021
7.587500,5.527239,-4.127512,-19.227581,-26.359919,2.930418,-22.375809
7.593750,11.469799,-4.129921,-20.200630,-25.950649,0.128151,-22.387207
7.600000,17.412403,-4.131885,-20.581024,-25.571642,-3.630314,-22.442638
7.606250,23.352661,-4.134077,-20.558025,-25.227827,-7.700607,-22.542540
7.612500,29.290066,-4.136692,-20.288754,-24.921228,-11.433014,-22.678312
7.618750,35.228523,-4.139248,-19.897007,-24.649395,-14.218493,-22.837383
7.625000,41.170914,-4.141165,-17.335501,-24.404190,-15.559033,-23.012989
7.631250,47.113094,-4.142794,-16.009972,-24.177160,-15.098546,-23.212511
7.637500,53.051834,-4.145006,-13.970875,-23.963379,-12.572529,-23.473200
7.643750,58.986141,-4.147841,-11.497428,-23.764528,-7.825620,-23.703844
7.650000,64.921547,-4.151029,-8.827928,-23.562565,-1.795346,-23.907907
7.656250,70.858131,-4.154579,-6.194056,-23.331614,6.129718,-24.108164
7.662500,76.794151,-4.158991,-3.964404,-23.069759,15.287542,-24.309719
7.668750,82.730492,-4.164309,-2.632212,-22.800459,24.853727,-24.519602
7.675000,88.672989,-4.169955,-0.350218,-22.530354,33.963379,-24.738377
7.681250,94.624344,-4.174841,1.349312,-22.264807,41.814476,-24.965204
7.687500,98.688835,-4.178869,2.778000,-22.016510,47.585735,-25.201139
7.693750,102.482430,-4.182230,4.252131,-21.801641,50.471188,-25.445856
7.700000,105.468956,-4.185425,4.202127,-21.640310,51.929684,-25.700964
7.706250,107.156982,-4.188371,4.606666,-21.537909,50.037952,-25.969072
7.712500,107.121284,-4.190763,5.342970,-21.486013,44.950069,-26.243441
7.718750,105.020271,-4.192562,6.121721,-21.491915,37.045700,-26.483950
7.725000,100.616692,-4.193680,6.666248,-21.550529,26.709661,-26.694981
7.731250,93.786766,-4.194273,6.746395,-21.660391,14.218915,-26.892326
7.737500,84.527382,-4.194733,6.029275,-21.837450,0.254791,-27.063688
7.743750,72.959763,-4.195500,6.557764,-22.059101,-14.393645,-27.188169
7.750000,59.321590,-4.197011,6.907536,-22.302904,-28.969988,-27.242308
7.756250,43.956020,-4.198946,7.397915,-22.549192,-42.756989,-27.193958
7.762500,27.293863,-4.200851,8.292621,-22.780113,-55.132099,-27.034758
7.768750,9.827264,-4.202748,9.751640,-22.985649,-65.833710,-26.797709
7.775000,-7.914913,-4.205263,11.830581,-23.158503,-74.282471,-26.470814
7.781250,-25.386501,-4.209017,14.573951,-23.293926,-80.082001,-26.056973
7.787500,-42.050129,-4.213455,17.968704,-23.394684,-83.094353,-25.572952
7.793750,-57.407398,-4.217371,21.925528,-23.465519,-83.316689,-25.044117
7.800000,-71.030479,-4.220357,26.279438,-23.514345,-80.861755,-24.503984
7.806250,-82.585274,-4.222937,30.813858,-23.552166,-75.923897,-23.975018
7.812500,-91.837845,-4.225590,35.593464,-23.582014,-68.662949,-23.441874
7.818750,-98.664688,-4.227849,40.682369,-23.605291,-61.401501,-22.884418
7.825000,-103.063072,-4.229252,45.791271,-23.628803,-53.031525,-22.409969
7.831250,-105.157967,-4.230139,50.605698,-23.663290,-43.437168,-22.033901
7.837500,-105.188522,-4.230890,54.800037,-23.731390,-34.170006,-21.744263
7.843750,-103.493645,-4.231064,58.130432,-23.848644,-25.748714,-21.539879
7.850000,-100.498589,-4.230330,60.476624,-24.022930,-18.550175,-21.417513
7.856250,-96.699806,-4.229046,61.797272,-24.237293,-12.853841,-21.374449
7.862500,-92.632828,-4.228014,62.101395,-24.480192,-8.882247,-21.405300
7.868750,-86.674797,-4.226853,59.371170,-24.751860,-6.715177,-21.501463
7.875000,-80.714752,-4.224906,55.235168,-25.043022,-6.250802,-21.649841
7.881250,-74.754387,-4.221954,51.464314,-25.331490,-7.247127,-21.831413
7.887500,-68.800751,-4.218987,46.341915,-25.605392,-9.357943,-22.020287
7.893750,-62.856243,-4.216636,40.012920,-25.866016,-12.197412,-22.195177
7.900000,-56.917587,-4.214673,32.835514,-26.097868,-15.445291,-22.372126
7.906250,-50.983253,-4.213251,25.231020,-26.285894,-18.656134,-22.524355
7.912500,-45.053860,-4.212792,17.641825,-26.408125,-21.199459,-22.631289
7.918750,-39.127621,-4.212792,10.482279,-26.408125,-22.772469,-22.631289
7.925000,-39.127621,-4.212792,10.482279,-26.408125,-22.772469,-22.631289
7.931250,-39.127621,-4.212792,10.482279,-26.408125,-22.772469,-22.631289
7.937500,-39.127621,-4.212792,10.482279,-26.408125,-22.772469,-22.631289
7.943750,-39.127621,-4.212792,10.482279,-26.408125,-22.772469,-22.631289
7.950000,-39.127621,-4.212792,10.482279,-26.408125,-22.772469,-22.631289
7.956250,-39.127621,-4.212792,10.482279,-26.408125,-22.772469,-22.631289
7.962500,-39.127621,-4.212792,10.482279,-26.408125,-22.772469,-22.631289
7.968750,-39.127621,-4.212792,10.482279,-26.408125,-22.772469,-22.631289
7.975000,-39.127621,-4.212792,10.482279,-26.408125,-22.772469,-22.631289
7.981250,-39.127621,-4.212792,10.482279,-26.408125,-22.772469,-22.631289
7.987500,-39.127621,-4.212792,10.482279,-26.408125,-22.772469,-22.631289
7.993750,-39.127621,-4.212792,10.482279,-26.408125,-22.772469,-22.631289
8.000000,-39.127621,-4.212792,10.482279,-26.408125,-22.772469,-22.631289
