Anritsu VNA Frequency[GHz],S21[deg],S21[dB],S11[deg],S11[dB],S22[deg],S22[dB]
1338077256.85,2012_05_27_01:07:36,+40.842,+10.312,+55.623,+10.325,+13.942,+13.754,+14.046,+13.799,10.422199,-17.855
3.006250,34.030731,-1.748678,59.379395,-26.646521,-80.193970,-27.457666
3.012500,34.030731,-1.748678,59.379395,-26.646521,-80.193970,-27.457666
3.018750,34.030731,-1.748678,59.379395,-26.646521,-80.193970,-27.457666
3.025000,34.030731,-1.748678,59.379395,-26.646521,-80.193970,-27.457666
3.031250,34.030731,-1.748678,59.379395,-26.646521,-80.193970,-27.457666
3.037500,34.030731,-1.748678,59.379395,-26.646521,-80.193970,-27.457666
3.043750,34.030731,-1.748678,59.379395,-26.646521,-80.193970,-27.457666
3.050000,34.030731,-1.748678,59.379395,-26.646521,-80.193970,-27.457666
3.056250,34.030731,-1.748678,59.379395,-26.646521,-80.193970,-27.457666
3.062500,34.030731,-1.748678,59.379395,-26.646521,-80.193970,-27.457666
3.068750,34.030731,-1.748678,59.379395,-26.646521,-80.193970,-27.457666
3.075000,34.030731,-1.748678,59.379395,-26.646521,-80.193970,-27.457666
3.081250,34.030731,-1.748678,59.379395,-26.646521,-80.193970,-27.457666
3.087500,34.030731,-1.748678,59.379395,-26.646521,-80.193970,-27.457666
3.093750,34.030731,-1.750633,59.379395,-26.444786,-80.193970,-27.207634
3.100000,39.937775,-1.752911,56.694370,-26.291641,-82.195137,-26.975037
3.106250,45.844971,-1.755229,53.128548,-26.210146,-82.581978,-26.761793
3.112500,51.752720,-1.757601,49.045830,-26.220415,-80.994644,-26.539902
3.118750,57.659519,-1.760144,43.041191,-26.263567,-79.278297,-26.240164
3.125000,63.565243,-1.762848,38.241573,-26.307154,-75.215027,-25.978268
3.131250,69.470383,-1.765641,33.852898,-26.377602,-69.050484,-25.689938
3.137500,75.374550,-1.768792,30.134844,-26.476326,-61.165230,-25.365068
3.143750,81.277008,-1.772462,27.294025,-26.595043,-51.742172,-25.011936
3.150000,87.180008,-1.776402,25.512821,-26.719133,-40.939384,-24.642900
3.156250,93.086037,-1.780150,24.910271,-26.834097,-28.930605,-24.276358
3.162500,97.099503,-1.783592,25.551388,-26.927320,-15.917337,-23.936525
3.168750,100.839928,-1.787115,27.453686,-26.990416,-2.107336,-23.671408
3.175000,103.773849,-1.790874,30.661861,-27.001701,10.447042,-23.426260
3.181250,105.410599,-1.794705,33.417126,-26.948547,23.769983,-23.203899
3.187500,105.324936,-1.798326,37.190025,-26.848217,36.546501,-23.035637
3.193750,103.176224,-1.801659,41.274719,-26.712719,48.281891,-22.937738
3.200000,98.726250,-1.804654,45.099361,-26.549864,58.563251,-22.913153
3.206250,91.853638,-1.807249,48.182220,-26.370329,67.000580,-22.962322
3.212500,82.556587,-1.809686,50.105160,-26.187595,73.286339,-23.092871
3.218750,70.955338,-1.812255,50.558678,-26.012207,77.193451,-23.287983
3.225000,57.288109,-1.814694,51.542030,-25.838259,78.350105,-23.492014
3.231250,41.898109,-1.816603,51.593178,-25.665468,76.925316,-23.714020
3.237500,25.210787,-1.818227,49.222549,-25.494080,74.924072,-23.945326
3.243750,7.713917,-1.820114,46.540489,-25.302233,70.764420,-24.163637
3.250000,-10.059825,-1.822552,43.411983,-25.129826,65.048256,-24.349360
3.256250,-27.559988,-1.825149,39.484810,-24.988869,58.328255,-24.501625
3.262500,-44.251766,-1.827402,34.997944,-24.863392,51.235188,-24.609636
3.268750,-59.644489,-1.829334,29.888304,-24.749411,44.463848,-24.664312
3.275000,-73.313934,-1.831369,24.035170,-24.646017,38.600227,-24.666016
3.281250,-84.920555,-1.833801,17.329809,-24.544098,34.150398,-24.621885
3.287500,-94.225502,-1.836549,9.680958,-24.430664,31.496843,-24.546490
3.293750,-101.104630,-1.839411,1.050413,-24.268181,30.893375,-24.439213
3.300000,-105.557571,-1.842167,-6.380074,-24.100718,32.502224,-24.302591
3.306250,-107.705521,-1.844660,-15.038718,-23.966311,36.304012,-24.162338
3.312500,-107.786072,-1.846866,-23.698395,-23.845873,42.120831,-24.049936
3.318750,-106.141136,-1.848964,-32.070290,-23.746758,49.684799,-23.986683
3.325000,-103.197998,-1.850897,-39.892990,-23.686876,58.654827,-23.983137
3.331250,-99.447830,-1.852462,-46.903900,-23.690878,68.598175,-24.042252
3.337500,-95.423874,-1.853620,-52.923786,-23.826090,79.001434,-24.162479
3.343750,-89.505020,-1.854456,-57.943150,-23.987408,89.329903,-24.328268
3.350000,-83.586555,-1.854919,-62.379726,-24.210659,97.178352,-24.485151
3.356250,-77.669037,-1.855071,-65.806976,-24.538900,105.774651,-24.685431
3.362500,-71.753357,-1.855087,-66.517349,-24.992073,112.030884,-24.937149
3.368750,-65.839600,-1.854828,-66.151611,-25.552092,116.068237,-25.228750
3.375000,-59.926437,-1.854037,-64.590851,-26.192076,117.489677,-25.605326
3.381250,-54.015377,-1.852852,-61.848576,-26.877655,116.134483,-25.941687
3.387500,-48.110783,-1.852069,-58.019138,-27.570145,112.612457,-26.264990
3.393750,-42.212399,-1.852051,-53.263947,-28.224722,106.377487,-26.568346
3.400000,-36.316460,-1.852442,-47.804302,-28.798710,97.996429,-26.843248
3.406250,-30.419285,-1.852653,-41.975609,-29.270586,88.469276,-27.121548
3.412500,-24.522545,-1.852993,-36.105042,-29.615599,78.461411,-27.368729
3.418750,-18.630857,-1.854199,-28.260181,-29.811552,66.612701,-27.563963
3.425000,-12.742108,-1.856395,-21.983067,-29.854595,55.209686,-27.701164
3.431250,-6.850575,-1.858756,-15.422774,-29.759209,44.685074,-27.786495
3.437500,-0.954840,-1.860982,-8.837048,-29.510710,35.492058,-27.823620
3.443750,4.940439,-1.863829,-2.245266,-29.106758,28.311773,-27.761150
3.450000,10.834258,-1.867654,3.833768,-28.592915,21.422367,-27.628185
3.456250,16.732294,-1.871655,9.236065,-28.008312,16.604292,-27.437883
3.462500,22.638500,-1.875013,13.958569,-27.396620,13.560070,-27.192867
3.468750,28.549965,-1.877761,18.083315,-26.804653,11.975982,-26.889475
3.475000,34.461742,-1.880254,21.722490,-26.297552,11.505518,-26.544495
3.481250,40.373108,-1.882645,25.138672,-25.827648,11.748896,-26.172054
3.487500,46.283768,-1.885063,27.060514,-25.425854,12.343257,-25.767015
3.493750,52.192757,-1.887899,28.882511,-25.128155,12.852636,-25.336687
3.500000,58.101028,-1.891157,30.432753,-24.939814,12.843483,-24.892981
3.506250,64.012421,-1.894165,31.609762,-24.845791,11.984579,-24.445889
3.512500,69.928116,-1.896369,32.317715,-24.813028,10.007689,-24.004827
3.518750,75.843903,-1.898356,32.532677,-24.748207,6.711675,-23.574331
3.525000,81.753731,-1.901229,32.399548,-24.733614,1.941763,-23.161646
3.531250,87.659126,-1.905160,32.525349,-24.722162,-2.271464,-22.780228
3.537500,93.567192,-1.909347,32.529808,-24.677135,-7.387060,-22.446684
3.543750,97.586281,-1.913203,32.668011,-24.589962,-12.979040,-22.157179
3.550000,101.335129,-1.917223,33.274551,-24.433825,-18.764906,-21.875347
3.556250,104.276947,-1.921944,32.794430,-24.209059,-24.270010,-21.548285
3.562500,105.924118,-1.926453,32.931927,-23.945469,-29.212496,-21.306009
3.568750,105.862106,-1.930652,33.343044,-23.669878,-32.360729,-21.135122
3.575000,103.736198,-1.933522,33.754505,-23.409042,-34.726700,-21.035553
3.581250,99.311119,-1.935333,33.881077,-23.197088,-36.047298,-21.021976
3.587500,92.460190,-1.936745,33.463196,-23.070572,-36.335312,-21.054312
3.593750,83.184052,-1.937759,32.387318,-23.018925,-35.467304,-21.154768
3.600000,71.608009,-1.937744,30.603399,-23.053831,-33.290237,-21.337900
3.606250,57.969471,-1.936375,29.949038,-23.189074,-29.958725,-21.597954
3.612500,42.604156,-1.934180,28.975771,-23.411459,-25.748316,-21.908140
3.618750,25.935488,-1.931584,28.093218,-23.737103,-21.055647,-22.243979
3.625000,8.457424,-1.928385,27.406954,-24.177420,-16.663698,-22.647150
3.631250,-9.295779,-1.924345,27.524977,-24.695089,-10.770044,-23.080597
3.637500,-26.781225,-1.919960,28.753757,-25.254847,-5.104418,-23.515829
3.643750,-43.470165,-1.915988,31.230883,-25.819664,0.312830,-23.932890
3.650000,-58.869423,-1.912679,33.095028,-26.344084,5.394088,-24.314592
3.656250,-72.548973,-1.909954,35.908314,-26.753279,10.051046,-24.644243
3.662500,-84.166924,-1.907970,38.839756,-27.092819,14.187706,-24.917252
3.668750,-93.485970,-1.906897,42.818054,-27.340904,17.661102,-25.139877
3.675000,-100.382217,-1.906426,46.162247,-27.469181,20.387306,-25.310846
3.681250,-104.853149,-1.906123,48.601322,-27.474766,22.310175,-25.428411
3.687500,-107.022530,-1.906279,49.895210,-27.370335,23.353798,-25.495649
3.693750,-107.130241,-1.907693,49.895321,-27.182146,23.463789,-25.521456
3.700000,-105.515190,-1.910221,48.608490,-26.915466,22.647470,-25.517147
3.706250,-102.598343,-1.912912,46.184074,-26.588215,21.036989,-25.475178
3.712500,-98.869843,-1.915344,42.612350,-26.239340,18.850767,-25.389004
3.718750,-94.867538,-1.918067,36.186138,-25.896206,16.239231,-25.264112
3.725000,-88.972046,-1.921494,28.829779,-25.575216,13.533812,-25.115850
3.731250,-83.074699,-1.924919,20.271322,-25.320038,11.340950,-24.982546
3.737500,-77.172134,-1.927853,12.448640,-25.154234,10.075106,-24.876547
3.743750,-71.267441,-1.930547,4.111146,-25.064087,10.143626,-24.821629
3.750000,-65.363914,-1.933318,-4.187602,-25.037409,10.143784,-24.730513
3.756250,-59.461617,-1.936046,-12.053712,-25.069820,10.062159,-24.625221
3.762500,-53.558228,-1.938562,-19.065887,-25.140694,11.223064,-24.505602
3.768750,-47.654598,-1.941073,-24.783993,-25.213556,13.361641,-24.420565
3.775000,-41.752594,-1.943890,-28.970871,-25.299873,16.023445,-24.359104
3.781250,-35.850765,-1.946802,-31.531460,-25.387041,18.610996,-24.305592
3.787500,-29.947441,-1.949390,-32.100998,-25.454931,20.759064,-24.252979
3.793750,-24.044260,-1.952087,-30.598501,-25.517344,22.157944,-24.205116
3.800000,-18.142786,-1.955206,-28.947178,-25.518866,22.610626,-24.153725
3.806250,-12.241885,-1.958606,-24.787714,-25.433910,22.131077,-24.063221
3.812500,-6.339494,-1.962185,-19.644554,-25.302164,20.587526,-23.941191
3.818750,-0.436730,-1.966099,-14.057152,-25.140360,17.867197,-23.798473
3.825000,5.466710,-1.970347,-8.562140,-24.962891,14.099707,-23.641926
3.831250,11.374126,-1.974244,-1.508552,-24.784561,9.551016,-23.482471
3.837500,17.285337,-1.977570,5.287232,-24.618982,4.545206,-23.356535
3.843750,23.195877,-1.980964,11.982480,-24.461727,-0.578153,-23.219076
3.850000,29.103390,-1.984828,16.888859,-24.306767,-6.505845,-23.052011
3.856250,35.011894,-1.988512,21.685013,-24.163509,-12.044007,-22.894941
3.862500,40.924240,-1.991398,25.948175,-24.030416,-17.174496,-22.756483
3.868750,46.836178,-1.994151,29.347458,-23.894472,-21.875427,-22.633821
3.875000,52.741066,-1.997920,31.563873,-23.733622,-26.170057,-22.516138
3.881250,58.641708,-2.002906,32.241276,-23.553522,-30.129076,-22.387650
3.887500,64.546234,-2.007983,30.987604,-23.356382,-33.936901,-22.252748
3.893750,70.457176,-2.012591,27.726944,-23.124338,-37.849522,-22.116907
3.900000,76.369637,-2.017492,24.537699,-22.847284,-41.998978,-21.972080
3.906250,82.279137,-2.023439,19.968729,-22.524549,-44.689285,-21.816971
3.912500,88.188690,-2.030392,14.489806,-22.157856,-47.790619,-21.646826
3.918750,94.104980,-2.037781,8.567002,-21.755150,-51.012451,-21.449139
3.925000,98.134987,-2.044989,2.568156,-21.343285,-54.108761,-21.195284
3.931250,101.900375,-2.051859,-3.161807,-20.947645,-57.143597,-20.976322
3.937500,104.866600,-2.058295,-8.199049,-20.588581,-57.927135,-20.787807
3.943750,106.541130,-2.064112,-12.214707,-20.288906,-57.532013,-20.638159
3.950000,106.497925,-2.068837,-14.989244,-20.070774,-55.491722,-20.541019
3.956250,104.396050,-2.071903,-16.397446,-19.951952,-51.450432,-20.511925
3.962500,99.995369,-2.073241,-16.379313,-19.942671,-45.159252,-20.562872
3.968750,93.170715,-2.073175,-14.932805,-20.040110,-36.478584,-20.702051
3.975000,83.919380,-2.071750,-14.006192,-20.210867,-25.415663,-20.939690
3.981250,72.361923,-2.069046,-9.910062,-20.503958,-12.132941,-21.306536
3.987500,58.733826,-2.065230,-5.562651,-20.904980,1.768780,-21.713989
3.993750,43.373959,-2.060537,-0.274924,-21.368488,16.935511,-22.224047
4.000000,26.708549,-2.055193,5.306295,-21.891134,32.565773,-22.843920
4.006250,9.229962,-2.049159,10.828306,-22.456652,47.796410,-23.603334
4.012500,-8.531275,-2.042936,16.023214,-23.036844,61.567280,-24.362295
4.018750,-26.031328,-2.037407,20.642000,-23.599302,74.533524,-25.095760
4.025000,-42.736210,-2.032767,24.397135,-24.128719,84.766205,-25.838535
4.031250,-58.148899,-2.028611,29.152147,-24.615396,93.168419,-26.595417
4.037500,-71.840477,-2.024976,31.538065,-25.038357,98.862167,-27.312317
4.043750,-83.473366,-2.022636,33.597355,-25.385105,102.133560,-27.959562
4.050000,-92.809059,-2.021684,35.183266,-25.655321,103.376373,-28.520243
4.056250,-99.719589,-2.021089,36.226109,-25.839720,103.118439,-28.985014
4.062500,-104.201859,-2.020302,36.802711,-25.920238,100.161263,-29.321079
4.068750,-106.384689,-2.020257,36.857956,-25.914080,96.905342,-29.514351
4.075000,-106.509392,-2.022230,36.410431,-25.838060,93.406235,-29.572878
4.081250,-104.910202,-2.025456,35.639477,-25.705648,89.892502,-29.501144
4.087500,-102.004723,-2.028530,34.801590,-25.525824,84.527939,-29.299963
4.093750,-98.284515,-2.030985,34.201138,-25.307308,79.041039,-28.975773
4.100000,-94.291847,-2.033674,32.258053,-25.064407,73.287514,-28.549107
4.106250,-88.408188,-2.037242,30.966486,-24.801954,67.165237,-28.058767
4.112500,-82.525070,-2.041329,30.226320,-24.511787,60.759983,-27.463699
4.118750,-76.638496,-2.045739,29.784094,-24.209953,54.243904,-26.798569
4.125000,-70.750290,-2.050761,29.347004,-23.911745,47.354572,-26.104273
4.131250,-64.860931,-2.056367,28.747871,-23.626102,40.240749,-25.410776
4.137500,-58.967010,-2.062072,27.871466,-23.356831,33.099937,-24.741261
4.143750,-53.066898,-2.067444,26.631685,-23.102999,26.145903,-24.113451
4.150000,-47.163822,-2.072841,24.944258,-22.863569,19.569548,-23.540205
4.156250,-41.260551,-2.078674,24.903296,-22.635136,13.546169,-23.022539
4.162500,-35.355991,-2.084809,25.101166,-22.407135,8.222102,-22.571386
4.168750,-29.447962,-2.091076,24.121429,-22.167461,5.295827,-22.190901
4.175000,-23.536293,-2.097500,23.821877,-21.936773,2.208307,-21.878801
4.181250,-17.620573,-2.103852,24.010202,-21.719105,0.675887,-21.628248
4.187500,-11.700541,-2.109900,24.488913,-21.519152,0.580229,-21.380743
4.193750,-5.775910,-2.115588,25.034063,-21.343489,1.962493,-21.242729
4.200000,0.152403,-2.120692,25.415586,-21.199480,2.933992,-21.188810
4.206250,6.084118,-2.124893,25.416981,-21.094505,4.154055,-21.196833
4.212500,12.018581,-2.128011,24.875275,-21.025583,6.653735,-21.223421
4.218750,17.951908,-2.130398,25.852539,-20.982065,8.204922,-21.273304
4.225000,23.881170,-2.132518,24.938545,-20.959387,8.800633,-21.346733
4.231250,29.806477,-2.134476,24.113407,-20.946323,8.296314,-21.429892
4.237500,35.729729,-2.136188,23.168760,-20.942072,6.522174,-21.499859
4.243750,41.650349,-2.137604,21.768522,-20.963335,5.393860,-21.565678
4.250000,47.569870,-2.138712,19.753445,-20.994732,3.291682,-21.627151
4.256250,53.487213,-2.139360,16.979097,-21.019163,0.741739,-21.667740
4.262500,59.400154,-2.140059,13.214834,-21.021904,-1.842442,-21.676218
4.268750,65.306114,-2.141505,8.261569,-20.992401,-4.109313,-21.642351
4.275000,71.205513,-2.144096,1.939040,-20.923403,-5.743551,-21.559269
4.281250,77.104202,-2.147285,-3.748396,-20.802591,-6.474102,-21.414581
4.287500,83.004944,-2.150910,-10.330252,-20.627249,-6.101934,-21.180000
4.293750,88.905258,-2.155652,-17.547251,-20.420309,-4.724364,-20.924906
4.300000,94.804771,-2.161777,-25.027588,-20.183487,-2.612867,-20.652618
4.306250,98.816284,-2.168084,-32.329185,-19.920237,0.425434,-20.360167
4.312500,102.566360,-2.173530,-39.133904,-19.641397,4.185105,-20.057280
4.318750,105.517647,-2.178502,-45.171814,-19.361322,8.401426,-19.757572
4.325000,107.170082,-2.184011,-50.242138,-19.101269,12.770865,-19.478613
4.331250,107.098457,-2.189858,-54.197289,-18.884068,16.982071,-19.235394
4.337500,104.969452,-2.195006,-56.940769,-18.755714,20.763639,-19.030281
4.343750,100.546913,-2.199021,-58.487755,-18.631121,23.895786,-18.806532
4.350000,93.704819,-2.202090,-57.854256,-18.576715,25.902868,-18.686907
4.356250,84.441002,-2.204062,-55.916523,-18.628626,28.452387,-18.652769
4.362500,72.877266,-2.204445,-52.482925,-18.786469,30.305645,-18.714565
4.368750,59.248669,-2.203600,-47.639309,-19.042011,31.811577,-18.897585
4.375000,43.889233,-2.202354,-41.589981,-19.382259,33.224075,-19.144051
4.381250,27.226519,-2.200609,-34.608990,-19.786198,34.586937,-19.434587
4.387500,9.757107,-2.197718,-27.019466,-20.227419,36.706112,-19.776554
4.393750,-7.988060,-2.193900,-19.234173,-20.689461,37.908924,-20.197847
4.400000,-25.469963,-2.190403,-11.711343,-21.159578,39.752060,-20.674133
4.406250,-42.155090,-2.187347,-2.651900,-21.620150,41.818390,-21.179108
4.412500,-57.545685,-2.183910,4.359670,-22.057709,43.814571,-21.694044
4.418750,-71.213699,-2.180207,11.167759,-22.466625,45.525742,-22.205580
4.425000,-82.823982,-2.177165,17.602142,-22.785557,46.867870,-22.665854
4.431250,-92.140594,-2.175156,23.489796,-23.014040,47.854115,-23.046795
4.437500,-99.035805,-2.173506,28.442051,-23.163647,48.249622,-23.345013
4.443750,-103.507393,-2.172092,32.410450,-23.242044,48.052536,-23.553608
4.450000,-105.681168,-2.171741,35.460377,-23.250725,47.394154,-23.665354
4.456250,-105.795296,-2.172928,37.721916,-23.194479,46.441334,-23.678738
4.462500,-104.184059,-2.174894,39.394920,-23.083315,45.376301,-23.599899
4.468750,-101.270088,-2.177142,40.769661,-22.936827,44.420578,-23.450960
4.475000,-97.549103,-2.180245,40.329494,-22.753145,43.869453,-23.217724
4.481250,-93.554924,-2.184173,40.238750,-22.525814,42.449432,-22.886717
4.487500,-87.660728,-2.188147,40.159031,-22.286711,41.690578,-22.504230
4.493750,-81.761093,-2.191877,39.899937,-22.057150,41.292767,-22.100113
4.500000,-75.862411,-2.196502,39.394379,-21.848394,41.038837,-21.695732
4.506250,-69.966843,-2.202716,38.617809,-21.660736,40.718781,-21.305925
4.512500,-64.065750,-2.209420,37.562420,-21.481852,40.115303,-20.939920
4.518750,-58.151932,-2.215028,36.227482,-21.258652,38.982555,-20.607689
4.525000,-52.229015,-2.219721,34.634621,-21.072468,37.002293,-20.344379
4.531250,-46.306976,-2.224671,33.888783,-20.934261,33.728794,-20.138344
4.537500,-40.386993,-2.230255,33.467300,-20.800867,30.521660,-19.967306
4.543750,-34.461174,-2.235581,31.963718,-20.660635,25.882080,-19.841928
4.550000,-28.526825,-2.239902,31.103449,-20.540298,20.136311,-19.739662
4.556250,-22.586964,-2.243295,30.596405,-20.462154,13.681779,-19.718466
4.562500,-16.645733,-2.246160,30.225336,-20.445980,7.237398,-19.795828
4.568750,-10.703386,-2.248476,29.764242,-20.517141,0.781542,-19.970423
4.575000,-4.758415,-2.249967,28.984987,-20.731396,-5.512912,-20.187267
4.581250,1.190145,-2.250253,27.691227,-21.013035,-11.325310,-20.458622
4.587500,7.139333,-2.249259,24.641136,-21.379002,-16.147228,-20.797123
4.593750,13.086627,-2.247295,22.692135,-21.849384,-19.796673,-21.195421
4.600000,19.029999,-2.244527,19.971731,-22.427626,-22.225546,-21.633148
4.606250,24.969574,-2.240722,16.354733,-23.183348,-23.576721,-22.121508
4.612500,30.904467,-2.235955,12.786813,-23.973883,-24.124491,-22.651144
4.618750,36.829430,-2.231259,8.594327,-24.837589,-23.932013,-23.199389
4.625000,42.742233,-2.227304,4.137672,-25.754557,-23.283178,-23.751408
4.631250,48.648727,-2.223517,-0.292498,-26.691267,-22.502451,-24.292921
4.637500,54.553936,-2.218899,-4.432944,-27.604746,-21.949177,-24.807289
4.643750,60.454430,-2.213983,-8.035049,-28.441917,-21.988234,-25.259604
4.650000,66.341110,-2.210333,-12.793207,-29.141525,-22.972281,-25.601955
4.656250,72.213470,-2.208717,-14.843718,-29.675735,-25.279884,-25.841658
4.662500,78.079880,-2.208689,-16.233789,-30.035637,-27.484926,-26.000734
4.668750,83.945251,-2.209924,-16.830971,-30.190723,-30.966015,-26.052294
4.675000,89.810226,-2.212638,-16.662025,-30.128159,-35.485600,-25.988436
4.681250,93.781105,-2.216681,-15.856928,-29.850401,-40.837811,-25.809734
4.687500,97.483459,-2.221455,-14.619305,-29.380938,-46.798985,-25.527262
4.693750,100.383400,-2.227145,-13.197049,-28.757805,-53.101452,-25.153013
4.700000,101.985641,-2.234839,-11.884312,-28.008678,-59.400230,-24.688999
4.706250,101.865639,-2.244263,-11.165071,-27.138325,-65.326523,-24.127584
4.712500,99.694122,-2.253604,-11.292203,-26.189171,-70.444115,-23.521851
4.718750,95.237518,-2.261645,-12.606097,-25.235994,-76.160706,-22.928339
4.725000,88.365036,-2.269128,-13.532555,-24.340565,-81.005440,-22.367441
4.731250,79.069168,-2.276900,-15.627544,-23.526224,-85.126129,-21.873796
4.737500,67.475426,-2.284243,-18.635611,-22.812181,-88.744301,-21.412916
4.743750,53.826729,-2.290031,-22.340185,-22.211466,-92.144646,-20.991106
4.750000,38.458927,-2.294578,-26.488018,-21.721272,-93.262146,-20.614672
4.756250,21.790792,-2.298781,-30.779919,-21.288031,-93.641907,-20.343454
4.762500,4.315360,-2.302397,-34.916847,-20.987236,-92.828270,-20.170248
4.768750,-13.429787,-2.304766,-37.391758,-20.802191,-90.680740,-20.075241
4.775000,-30.901005,-2.306067,-38.617794,-20.695206,-86.897491,-20.045511
4.781250,-47.570995,-2.306941,-37.993233,-20.629745,-81.230736,-20.079588
4.787500,-62.949745,-2.307819,-36.849453,-20.533245,-73.476883,-20.152239
4.793750,-76.607796,-2.308752,-34.069271,-20.481142,-65.142204,-20.215006
4.800000,-88.203506,-2.309832,-29.270105,-20.427063,-54.920689,-20.284153
4.806250,-97.498512,-2.311068,-23.113974,-20.363770,-43.453564,-20.351685
4.812500,-104.370667,-2.312268,-16.157000,-20.289331,-31.339622,-20.405540
4.818750,-108.819778,-2.313747,-8.956467,-20.203394,-19.168856,-20.431948
4.825000,-110.970146,-2.316179,-2.074714,-20.112680,-7.492590,-20.436136
4.831250,-111.055832,-2.319304,6.100984,-20.033648,3.167499,-20.441536
4.837500,-109.410004,-2.321735,13.748483,-19.978739,12.400734,-20.425158
4.843750,-106.460014,-2.323044,19.241991,-19.915009,20.293051,-20.352543
4.850000,-102.707283,-2.324636,24.327606,-19.861008,26.245314,-20.261063
4.856250,-98.689636,-2.327811,28.503254,-19.831589,30.220079,-20.165768
4.862500,-92.778374,-2.331630,31.506386,-19.830633,32.374577,-20.074678
4.868750,-86.857864,-2.334537,33.203594,-19.844969,32.979679,-19.985586
4.875000,-80.930626,-2.336627,33.552628,-19.852367,32.357185,-19.897198
4.881250,-75.006172,-2.338821,32.620022,-19.845009,30.814760,-19.815607
4.887500,-69.085831,-2.341503,30.769772,-19.844706,28.691689,-19.745409
4.893750,-63.165813,-2.344414,28.178173,-19.842117,26.355949,-19.689131
4.900000,-57.243874,-2.347340,25.010471,-19.837332,24.150543,-19.643751
4.906250,-51.320587,-2.350405,21.562090,-19.829569,22.392202,-19.596825
4.912500,-45.395142,-2.353262,18.032129,-19.804468,21.363949,-19.525961
4.918750,-39.466904,-2.355842,14.739080,-19.778358,21.512058,-19.476254
4.925000,-33.538769,-2.358648,12.049047,-19.774117,23.336872,-19.456488
4.931250,-27.609915,-2.361594,10.139126,-19.808189,24.601042,-19.464382
4.937500,-21.675634,-2.363621,9.121071,-19.890125,26.816319,-19.503447
4.943750,-15.733675,-2.364116,9.033243,-20.026798,29.624233,-19.581758
4.950000,-9.792517,-2.363898,9.877913,-20.215988,32.670597,-19.704630
4.956250,-3.857252,-2.363848,11.617005,-20.449932,35.611904,-19.882114
4.962500,2.074975,-2.363453,12.255898,-20.707621,38.083038,-20.181181
4.968750,8.009977,-2.362009,15.428548,-20.981421,38.945732,-20.394745
4.975000,13.943223,-2.360132,18.814816,-21.290964,40.083775,-20.683571
4.981250,19.870478,-2.358384,22.330282,-21.612110,39.942566,-21.037510
4.987500,25.794613,-2.356101,25.777899,-21.933720,38.555454,-21.445089
4.993750,31.719948,-2.352593,28.896290,-22.248852,35.862526,-21.896923
5.000000,37.639664,-2.348809,31.475306,-22.545788,31.831556,-22.381222
5.006250,43.546337,-2.346201,33.364426,-22.807987,28.347307,-22.875534
5.012500,49.443928,-2.344632,34.440304,-23.010967,23.705976,-23.312607
5.018750,55.341969,-2.343000,34.602467,-23.130190,18.381014,-23.685896
5.025000,61.241108,-2.341204,33.853775,-23.205029,12.516500,-24.033020
5.031250,67.135521,-2.339977,32.371330,-23.231869,6.900210,-24.322863
5.037500,73.024139,-2.339344,30.292788,-23.214687,1.910704,-24.540392
5.043750,78.911499,-2.339119,27.597328,-23.196331,-2.201223,-24.680532
5.050000,84.796104,-2.339822,24.241325,-23.138470,-5.211058,-24.737694
5.056250,90.677032,-2.341812,21.364706,-23.042244,-6.873445,-24.699354
5.062500,96.560493,-2.344131,18.075987,-22.956123,-7.049413,-24.569309
5.068750,100.557434,-2.345546,14.781226,-22.897341,-5.690320,-24.358564
5.075000,104.282867,-2.346774,11.872190,-22.866329,-2.730685,-24.077188
5.081250,107.194206,-2.349695,7.843846,-22.849237,1.877487,-23.734552
5.087500,108.802116,-2.354232,4.719480,-22.835058,8.129004,-23.346970
5.093750,108.692513,-2.358707,2.454269,-22.835489,15.916154,-22.939894
5.100000,106.526810,-2.362455,0.875099,-22.835644,24.954695,-22.521282
5.106250,102.058815,-2.366817,-0.308472,-22.816288,34.679695,-22.082945
5.112500,95.163033,-2.372372,-1.278805,-22.761410,44.866219,-21.658936
5.118750,85.847565,-2.378100,-2.203881,-22.662910,55.137115,-21.272196
5.125000,74.238304,-2.383127,-3.241321,-22.517273,64.934380,-20.935835
5.131250,60.567482,-2.388138,-4.513293,-22.321539,73.676735,-20.653280
5.137500,45.169582,-2.393882,-6.122790,-22.076731,80.816879,-20.414057
5.143750,28.475470,-2.399943,-5.995792,-21.789820,85.885185,-20.131550
5.150000,10.982701,-2.405631,-5.567406,-21.475048,89.397331,-20.017302
5.156250,-6.776954,-2.410885,-6.248095,-21.124804,91.468811,-19.898973
5.162500,-24.260275,-2.415887,-5.956433,-20.754278,91.551300,-19.814678
5.168750,-40.933659,-2.420349,-5.009021,-20.389612,90.044647,-19.770359
5.175000,-56.304790,-2.423866,-3.619842,-20.050657,87.526634,-19.761877
5.181250,-69.948158,-2.426451,-1.995089,-19.753031,84.658165,-19.776787
5.187500,-81.525581,-2.428197,-0.372288,-19.512625,79.995804,-19.807264
5.193750,-90.800636,-2.429232,0.998380,-19.346399,75.739586,-19.888439
5.200000,-97.653984,-2.429750,1.885618,-19.272869,72.164154,-20.052113
5.206250,-102.086647,-2.430220,4.313389,-19.282043,68.567055,-20.171021
5.212500,-104.219315,-2.430574,5.049486,-19.347300,65.722145,-20.306818
5.218750,-104.285461,-2.430413,5.949337,-19.470219,63.621223,-20.466688
5.225000,-102.624954,-2.429315,6.811464,-19.607332,62.123974,-20.645199
5.231250,-99.667824,-2.427419,7.588981,-19.798752,61.011986,-20.839647
5.237500,-95.909378,-2.425092,6.943363,-20.057577,59.948147,-21.060694
5.243750,-91.885384,-2.423052,5.614172,-20.346912,58.614197,-21.306250
5.250000,-85.975777,-2.422111,3.239295,-20.649055,56.736488,-21.568232
5.256250,-80.070801,-2.421981,-0.520210,-20.949816,54.024433,-21.840830
5.262500,-74.162621,-2.421233,-3.780353,-21.237276,50.222500,-22.113483
5.268750,-68.251419,-2.419553,-8.093571,-21.505079,45.113445,-22.371605
5.275000,-62.348431,-2.418674,-13.109433,-21.748327,38.489380,-22.596828
5.281250,-56.458935,-2.420137,-18.517879,-21.961718,30.311575,-22.791370
5.287500,-50.572739,-2.422725,-24.035683,-22.140268,20.899435,-22.978460
5.293750,-44.677448,-2.424549,-29.403555,-22.280512,10.319274,-23.136200
5.300000,-38.777889,-2.425910,-34.372971,-22.375671,-1.226372,-23.248631
5.306250,-32.886974,-2.428872,-38.710655,-22.417044,-13.355974,-23.304171
5.312500,-27.004646,-2.433888,-42.250950,-22.401646,-25.639847,-23.297014
5.318750,-21.118332,-2.439686,-44.880756,-22.326124,-37.633244,-23.220987
5.325000,-15.222659,-2.445700,-46.529900,-22.188766,-48.888515,-23.064106
5.331250,-9.322087,-2.452530,-47.232498,-22.010641,-59.031357,-22.890377
5.337500,-3.416427,-2.459868,-45.003948,-21.806124,-68.156471,-22.636492
5.343750,2.501528,-2.466286,-42.698093,-21.559849,-75.447830,-22.362320
5.350000,8.430666,-2.471481,-38.838745,-21.320705,-81.127205,-22.103880
5.356250,14.362709,-2.476675,-33.605618,-21.113329,-85.080811,-21.891943
5.362500,20.295858,-2.481947,-27.247568,-20.957779,-87.306847,-21.754057
5.368750,26.238445,-2.485803,-20.073362,-20.865503,-88.010429,-21.673399
5.375000,32.191711,-2.487434,-12.412653,-20.835915,-87.468544,-21.632507
5.381250,38.146313,-2.487895,-4.638472,-20.858065,-85.831573,-21.607407
5.387500,44.096241,-2.487695,2.802557,-20.937386,-82.571350,-21.724564
5.393750,50.045654,-2.486013,9.588976,-21.094776,-78.655716,-21.929115
5.400000,55.995781,-2.482469,15.727101,-21.313742,-74.454315,-22.213629
5.406250,61.937588,-2.478379,20.988316,-21.572224,-70.256256,-22.586695
5.412500,67.865921,-2.474787,25.160551,-21.841930,-66.091537,-22.946751
5.418750,73.786713,-2.470969,28.071087,-22.101870,-62.107635,-23.298279
5.425000,79.704292,-2.466470,29.625324,-22.332661,-58.722523,-23.629248
5.431250,85.613167,-2.462275,29.883400,-22.516537,-55.940643,-23.917620
5.437500,91.508118,-2.459600,29.074898,-22.637306,-53.713074,-24.135746
5.443750,97.392838,-2.458569,27.535740,-22.683615,-51.982403,-24.263571
5.450000,101.379997,-2.458837,25.622034,-22.645441,-50.682774,-24.289774
5.456250,105.094025,-2.460325,23.736744,-22.519926,-49.651596,-24.209978
5.462500,108.003365,-2.462729,22.320160,-22.319019,-48.721748,-24.053711
5.468750,109.619362,-2.465360,19.954163,-22.054750,-47.700996,-23.793089
5.475000,109.513092,-2.468453,18.821823,-21.719572,-45.705795,-23.417870
5.481250,107.338875,-2.473269,18.776745,-21.340050,-43.236767,-22.991941
5.487500,102.862755,-2.479783,19.546827,-20.948364,-39.989014,-22.553003
5.493750,95.973854,-2.486110,20.956110,-20.571095,-35.664833,-22.131754
5.500000,86.677704,-2.490839,22.852945,-20.224735,-30.032465,-21.750900
5.506250,75.086868,-2.494846,25.088535,-19.915848,-22.943495,-21.417166
5.512500,61.428673,-2.499323,27.491829,-19.626106,-14.427577,-21.051132
5.518750,46.047951,-2.503613,29.892059,-19.379906,-5.074413,-20.806221
5.525000,29.379145,-2.506407,31.676491,-19.218863,4.852198,-20.634232
5.531250,11.911766,-2.507870,33.422539,-19.119184,15.345516,-20.529610
5.537500,-5.829943,-2.508866,34.817196,-19.079840,25.880817,-20.482822
5.543750,-23.299782,-2.509331,35.540253,-19.108282,35.922855,-20.487467
5.550000,-39.962208,-2.508757,35.333721,-19.210123,45.080723,-20.591642
5.556250,-55.325981,-2.507255,34.018269,-19.392218,53.081043,-20.773701
5.562500,-68.967285,-2.505094,31.469337,-19.661919,60.272537,-20.978027
5.568750,-80.546036,-2.502238,27.733757,-19.986855,65.776581,-21.235603
5.575000,-89.824982,-2.498704,25.037676,-20.365198,69.718880,-21.545717
5.581250,-96.685623,-2.494942,20.058546,-20.796299,72.370140,-21.890530
5.587500,-101.128532,-2.491250,15.048279,-21.279078,74.067482,-22.232727
5.593750,-103.273788,-2.487237,10.085326,-21.814060,74.956375,-22.633215
5.600000,-103.359024,-2.483417,5.375031,-22.369028,73.574318,-23.030647
5.606250,-101.728348,-2.480744,1.111964,-22.923645,72.071640,-23.419893
5.612500,-98.806572,-2.479036,-2.668174,-23.466282,70.182259,-23.798763
5.618750,-95.077164,-2.476886,-5.854835,-23.981495,67.776726,-24.162453
5.625000,-91.072456,-2.474077,-8.331836,-24.452061,64.749641,-24.508598
5.631250,-85.182785,-2.472511,-9.989149,-24.856939,60.996014,-24.818504
5.637500,-79.307449,-2.473540,-10.747886,-25.173080,56.363998,-25.054499
5.643750,-73.433075,-2.475676,-12.474932,-25.372469,52.732605,-25.174288
5.650000,-67.549438,-2.477235,-11.421369,-25.433760,48.485825,-25.205116
5.656250,-61.663231,-2.479018,-9.727818,-25.378506,43.262054,-25.182163
5.662500,-55.784412,-2.482584,-7.595772,-25.206976,38.016872,-25.074148
5.668750,-49.910885,-2.488010,-5.104886,-24.918430,33.011387,-24.871906
5.675000,-44.031921,-2.494201,-2.499568,-24.528494,28.430923,-24.580046
5.681250,-38.143097,-2.500644,-0.061221,-24.060575,24.450407,-24.205969
5.687500,-32.248619,-2.507380,1.932172,-23.550543,21.279617,-23.760788
5.693750,-26.348322,-2.514088,3.111644,-23.007441,19.210512,-23.273268
5.700000,-20.441235,-2.520400,2.842444,-22.427282,18.685150,-22.764341
5.706250,-14.531078,-2.527128,3.172234,-21.871832,17.864697,-22.266188
5.712500,-8.620275,-2.534884,2.478740,-21.380014,18.402563,-21.813984
5.718750,-2.701474,-2.542334,0.968960,-20.972900,19.900352,-21.435843
5.725000,3.232118,-2.547999,-1.154093,-20.659575,23.769339,-21.121902
5.731250,9.176423,-2.551957,-3.697937,-20.440245,27.873158,-20.843050
5.737500,15.119898,-2.555483,-6.473111,-20.301704,32.396358,-20.633953
5.743750,21.061041,-2.558577,-9.326136,-20.225222,36.472099,-20.552120
5.750000,27.006845,-2.560111,-12.247142,-20.228249,40.586636,-20.561558
5.756250,32.955624,-2.560002,-15.208055,-20.298174,44.449425,-20.645866
5.762500,38.900082,-2.559323,-15.816367,-20.409971,47.708305,-20.792179
5.768750,44.835918,-2.558423,-17.240454,-20.535275,50.016586,-21.003178
5.775000,50.767384,-2.556925,-17.344587,-20.647806,50.921055,-21.208239
5.781250,56.694756,-2.554856,-16.326256,-20.744091,51.373600,-21.414606
5.787500,62.613144,-2.553184,-14.439449,-20.815647,50.408348,-21.626101
5.793750,68.521278,-2.552641,-11.890749,-20.850540,48.189781,-21.827049
5.800000,74.423866,-2.552848,-8.960614,-20.840275,44.802158,-21.996111
5.806250,80.325096,-2.553414,-5.970874,-20.782715,40.374809,-22.110746
5.812500,86.225624,-2.554173,-3.259845,-20.680841,35.130440,-22.165022
5.818750,92.124306,-2.555277,-1.147903,-20.544170,29.464422,-22.180397
5.825000,96.123299,-2.557476,2.218811,-20.398987,21.553810,-22.179348
5.831250,99.843552,-2.561750,5.209846,-20.304415,13.273775,-22.100117
5.837500,102.757690,-2.567930,6.531782,-20.163916,4.709824,-21.968605
5.843750,104.384583,-2.574326,8.209224,-20.044670,-4.384565,-21.818089
5.850000,104.303947,-2.579253,9.693775,-19.979160,-13.864964,-21.671574
5.856250,102.168968,-2.582789,10.919686,-19.975929,-23.499186,-21.543106
5.862500,97.730484,-2.586057,11.836891,-20.032824,-33.067986,-21.444599
5.868750,90.866165,-2.589539,12.416656,-20.128117,-42.427742,-21.376099
5.875000,81.579872,-2.592485,12.782714,-20.261806,-51.541084,-21.326773
5.881250,69.995766,-2.594707,13.403662,-20.462763,-60.526543,-21.316065
5.887500,56.348316,-2.596270,14.251293,-20.703695,-67.142570,-21.341930
5.893750,40.977417,-2.596754,15.493917,-20.970026,-72.708794,-21.391678
5.900000,24.309574,-2.596136,15.489741,-21.267511,-76.838104,-21.454414
5.906250,6.831683,-2.595324,16.123299,-21.629919,-81.282036,-21.542198
5.912500,-10.926994,-2.595028,17.219982,-21.983297,-84.229591,-21.646906
5.918750,-28.413698,-2.594249,18.978754,-22.339933,-86.049057,-21.755310
5.925000,-45.090744,-2.592057,20.645363,-22.720362,-87.127922,-21.865042
5.931250,-60.473904,-2.589654,22.102865,-23.128643,-87.750168,-21.980185
5.937500,-74.143356,-2.588374,23.274153,-23.554804,-88.150520,-22.102314
5.943750,-85.754272,-2.587722,24.117237,-23.979856,-88.511658,-22.231180
5.950000,-95.059380,-2.586438,24.826935,-24.385887,-89.068611,-22.324200
5.956250,-101.940071,-2.585092,25.584375,-24.754248,-90.325958,-22.378273
5.962500,-106.404694,-2.585105,26.287558,-25.069214,-89.558929,-22.440884
5.968750,-108.570717,-2.585913,26.806728,-25.320171,-88.999107,-22.501951
5.975000,-108.664490,-2.585556,27.052107,-25.495798,-88.198837,-22.557396
5.981250,-107.029518,-2.584264,26.944893,-25.589214,-86.724762,-22.607063
5.987500,-104.106300,-2.584143,26.423719,-25.594561,-84.193298,-22.649057
5.993750,-100.389664,-2.586044,25.468155,-25.508188,-80.270729,-22.679752
6.000000,-96.398857,-2.588626,24.068802,-25.328741,-74.738991,-22.691442
6.006250,-90.506317,-2.591099,22.264191,-25.046494,-67.539398,-22.640888
6.012500,-84.612999,-2.594283,20.108673,-24.623075,-59.058941,-22.570469
6.018750,-78.720757,-2.598436,19.520979,-24.184456,-49.592793,-22.486055
6.025000,-72.822701,-2.602575,17.195898,-23.708706,-39.092922,-22.389238
6.031250,-66.917572,-2.606276,15.560109,-23.222013,-28.017050,-22.293648
6.037500,-61.010189,-2.610312,14.472853,-22.766975,-16.904806,-22.216793
6.043750,-55.102333,-2.614895,13.862407,-22.388832,-6.214205,-22.143457
6.050000,-49.188332,-2.618761,13.792027,-22.079323,3.805835,-22.057301
6.056250,-43.265705,-2.621537,14.263574,-21.865810,12.687398,-21.995256
6.062500,-37.343140,-2.624275,14.999238,-21.777763,20.193457,-21.978609
6.068750,-31.422672,-2.627135,14.034948,-21.822327,26.172852,-22.008951
6.075000,-25.497261,-2.628746,12.978509,-21.988186,30.627254,-22.083094
6.081250,-19.564867,-2.628467,13.446590,-22.241974,33.633327,-22.196285
6.087500,-13.636490,-2.627619,13.559613,-22.506155,35.265923,-22.326862
6.093750,-7.720132,-2.627669,13.221899,-22.816048,35.506111,-22.460821
6.100000,-1.811098,-2.628265,11.844156,-23.137384,34.530872,-22.603189
6.106250,4.099371,-2.628605,9.856417,-23.420731,32.631439,-22.745291
6.112500,10.010548,-2.628674,7.173381,-23.634886,29.984533,-22.872381
6.118750,15.916952,-2.629209,3.709799,-23.760977,26.725580,-22.967190
6.125000,21.818924,-2.630528,-0.580850,-23.794430,22.999460,-23.007406
6.131250,27.717852,-2.632877,-3.524445,-23.740004,19.054708,-22.989899
6.137500,33.616524,-2.636258,-6.384227,-23.597027,15.725934,-22.930862
6.143750,39.518902,-2.640013,-10.354727,-23.364273,11.132748,-22.811695
6.150000,45.430500,-2.643069,-13.315393,-23.069319,6.698270,-22.646517
6.156250,51.347832,-2.645385,-15.311399,-22.739317,2.391825,-22.449305
6.162500,57.263916,-2.648006,-16.359468,-22.398251,-1.752639,-22.233540
6.168750,63.176865,-2.651327,-16.485060,-22.064657,-5.666130,-22.009747
6.175000,69.094025,-2.654343,-15.773393,-21.757671,-9.281943,-21.789688
6.181250,75.018372,-2.656171,-14.360624,-21.493034,-12.529950,-21.588114
6.187500,80.944809,-2.657404,-12.411002,-21.284565,-15.276534,-21.482563
6.193750,86.868416,-2.658602,-10.138133,-21.156118,-17.798195,-21.352514
6.200000,92.791161,-2.659409,-7.728877,-21.089314,-19.885983,-21.284380
6.206250,96.819809,-2.659494,-4.906513,-21.076803,-21.433638,-21.297026
6.212500,100.573860,-2.659360,-1.921203,-21.136883,-22.606739,-21.400627
6.218750,103.516838,-2.659476,1.040909,-21.257708,-23.580143,-21.634670
6.225000,105.158813,-2.659763,3.799878,-21.415379,-22.903700,-21.871359
6.231250,105.074928,-2.660039,5.991601,-21.636402,-23.163790,-22.187483
6.237500,102.924812,-2.660295,7.313157,-21.906258,-23.432337,-22.580250
6.243750,98.472115,-2.660194,7.736748,-22.206305,-23.634331,-23.035149
6.250000,91.595718,-2.659501,9.269610,-22.523975,-23.801508,-23.533159
6.256250,82.292206,-2.658827,10.433960,-22.852089,-23.955368,-24.054585
6.262500,70.678947,-2.659065,9.770897,-23.186384,-24.082951,-24.579494
6.268750,56.997707,-2.659584,9.394077,-23.509914,-23.932970,-25.049171
6.275000,41.597332,-2.658915,9.284958,-23.803169,-23.187515,-25.469088
6.281250,24.902508,-2.657117,9.310564,-24.061405,-21.960289,-25.829996
6.287500,7.392993,-2.656054,9.358720,-24.279997,-20.106586,-26.114872
6.293750,-10.402570,-2.656824,9.375902,-24.449703,-17.379572,-26.306883
6.300000,-27.925718,-2.658272,9.348195,-24.555613,-13.521382,-26.388277
6.306250,-44.635593,-2.659272,9.245720,-24.580862,-8.336345,-26.342369
6.312500,-60.045071,-2.660485,9.012511,-24.508348,-1.733752,-26.154612
6.318750,-73.733261,-2.662951,8.525678,-24.345503,6.119102,-25.879309
6.325000,-85.356598,-2.666308,9.707365,-24.126898,14.839578,-25.522966
6.331250,-94.672058,-2.669846,9.326011,-23.843964,24.192238,-25.075981
6.337500,-101.558540,-2.673961,9.623043,-23.492476,33.944427,-24.578995
6.343750,-106.019707,-2.679103,10.309169,-23.103859,43.663803,-24.071814
6.350000,-108.172951,-2.684542,11.151453,-22.708677,52.782967,-23.588051
6.356250,-108.250099,-2.689235,11.991482,-22.333664,60.704201,-23.156427
6.362500,-106.593994,-2.693162,12.701180,-22.000364,66.855690,-22.787560
6.368750,-103.637955,-2.696693,13.164367,-21.724329,70.724358,-22.422472
6.375000,-99.875175,-2.699692,13.256771,-21.515923,72.451851,-22.225180
6.381250,-95.837395,-2.701930,12.715046,-21.393301,71.704582,-22.145924
6.387500,-89.905090,-2.703786,12.685365,-21.338314,68.352203,-22.186825
6.393750,-83.975891,-2.705369,12.282598,-21.370546,62.702805,-22.301525
6.400000,-78.046707,-2.706145,11.778108,-21.490377,55.167057,-22.406811
6.406250,-72.117920,-2.705904,11.238444,-21.689608,44.049377,-22.637094
6.412500,-66.194733,-2.705716,10.694755,-21.954042,31.864639,-22.932709
6.418750,-60.280731,-2.706347,10.131036,-22.268772,18.371387,-23.257893
6.425000,-54.369667,-2.707130,9.552933,-22.608210,4.053623,-23.580599
6.431250,-48.457096,-2.707254,8.951672,-22.945831,-10.536882,-23.871059
6.437500,-42.546261,-2.707374,8.269180,-23.254402,-24.873692,-24.099321
6.443750,-36.642952,-2.708479,9.610484,-23.503078,-38.460842,-24.233942
6.450000,-30.743340,-2.710482,11.495398,-23.680258,-51.043159,-24.322180
6.456250,-24.842117,-2.712574,12.325777,-23.789766,-62.511185,-24.352173
6.462500,-18.937708,-2.714769,14.098100,-23.826725,-70.914680,-24.281822
6.468750,-13.033630,-2.717281,16.615816,-23.789055,-77.603424,-24.147238
6.475000,-7.126854,-2.719664,19.606066,-23.685316,-82.103912,-23.977783
6.481250,-1.215517,-2.721515,22.742544,-23.539803,-84.200142,-23.801027
6.487500,4.695696,-2.723478,25.721584,-23.381506,-83.786209,-23.634237
6.493750,10.604692,-2.726036,28.391552,-23.212065,-80.745499,-23.455297
6.500000,16.515755,-2.728287,30.637535,-23.039858,-77.052254,-23.265715
6.506250,22.433687,-2.729472,30.317238,-22.878906,-71.283615,-23.092592
6.512500,28.351866,-2.730379,31.056488,-22.755241,-63.931740,-22.967258
6.518750,34.263985,-2.732145,30.768723,-22.696489,-55.777992,-22.881735
6.525000,40.174301,-2.734349,29.558064,-22.697222,-47.536621,-22.828102
6.531250,46.090862,-2.735812,27.519169,-22.750170,-39.816074,-22.801718
6.537500,52.012096,-2.736401,24.712576,-22.846733,-33.160351,-22.798666
6.543750,57.929661,-2.737229,21.219652,-22.976007,-28.037643,-22.820341
6.550000,63.841877,-2.738639,17.156940,-23.123896,-22.988876,-22.841591
6.556250,69.755089,-2.739949,12.708580,-23.256237,-20.020779,-22.852993
6.562500,75.670700,-2.740912,8.200380,-23.366476,-18.573311,-22.864597
6.568750,81.585228,-2.741829,4.588823,-23.491030,-18.286449,-22.874260
6.575000,87.498260,-2.742627,0.003632,-23.594093,-18.853966,-22.905296
6.581250,93.410690,-2.743137,-3.545607,-23.668646,-19.828831,-22.935633
6.587500,97.425758,-2.744039,-6.132250,-23.718037,-20.676159,-22.965612
6.593750,101.163139,-2.745851,-7.789745,-23.747652,-22.919142,-23.001143
6.600000,104.095535,-2.747647,-8.546034,-23.762281,-24.505779,-23.044569
6.606250,105.735641,-2.748356,-8.439030,-23.762453,-25.542150,-23.094343
6.612500,105.651993,-2.748690,-7.542023,-23.749758,-26.155052,-23.148273
6.618750,103.494827,-2.749908,-5.973042,-23.723799,-26.487629,-23.202219
6.625000,99.029999,-2.752185,-3.871545,-23.684607,-24.781481,-23.253151
6.631250,92.142471,-2.754478,-1.427951,-23.634769,-22.815514,-23.312326
6.637500,82.835342,-2.756515,3.339029,-23.571033,-20.279310,-23.298388
6.643750,71.224251,-2.759192,7.024328,-23.474022,-18.991352,-23.267244
6.650000,57.545464,-2.762830,11.524764,-23.339050,-16.985781,-23.219694
6.656250,42.146194,-2.766319,16.417585,-23.170134,-14.662253,-23.146210
6.662500,25.456184,-2.769018,21.338066,-22.962494,-12.384863,-23.035143
6.668750,7.962220,-2.771438,25.936672,-22.704739,-10.563445,-22.880518
6.675000,-9.807309,-2.774103,29.763172,-22.414738,-9.741089,-22.715124
6.681250,-27.305040,-2.777106,32.345932,-22.109453,-8.193782,-22.550428
6.687500,-43.995754,-2.780342,35.583607,-21.799137,-7.570124,-22.395292
6.693750,-59.386292,-2.783770,37.797787,-21.517927,-7.741719,-22.267036
6.700000,-73.047272,-2.786719,39.078812,-21.247656,-8.575820,-22.209734
6.706250,-84.635925,-2.788515,39.307819,-20.995348,-9.757676,-22.185900
6.712500,-93.920464,-2.789523,38.961357,-20.807432,-10.681167,-22.215244
6.718750,-100.784912,-2.790681,38.173409,-20.706638,-11.573528,-22.324438
6.725000,-105.228851,-2.792162,37.008957,-20.701870,-12.097827,-22.503273
6.731250,-107.367775,-2.793100,35.493870,-20.792253,-13.977013,-22.764523
6.737500,-107.437111,-2.792977,33.640438,-20.966776,-15.241596,-23.110317
6.743750,-105.782883,-2.792263,31.413956,-21.229555,-16.166590,-23.505274
6.750000,-102.835960,-2.791363,28.689026,-21.610260,-16.908091,-23.910007
6.756250,-99.087471,-2.790388,26.159761,-21.982330,-17.534807,-24.286200
6.762500,-95.069908,-2.789560,23.844065,-22.390825,-18.255989,-24.631723
6.768750,-89.162170,-2.789033,21.566616,-22.829163,-19.202957,-24.927500
6.775000,-83.255501,-2.788135,19.408974,-23.278959,-18.239014,-25.156094
6.781250,-77.347939,-2.786507,17.402061,-23.721151,-16.795448,-25.305815
6.787500,-71.444618,-2.784805,15.558775,-24.135601,-14.436552,-25.368692
6.793750,-65.549889,-2.783989,13.875630,-24.504341,-10.760768,-25.340734
6.800000,-59.661633,-2.784181,12.337351,-24.811344,-5.420866,-25.220234
6.806250,-53.772522,-2.784517,10.914334,-25.043066,-0.304997,-25.005329
6.812500,-47.881947,-2.785254,9.562847,-25.191484,6.167879,-24.675383
6.818750,-41.993053,-2.787109,8.202356,-25.266092,13.885370,-24.312334
6.825000,-36.103634,-2.789613,8.863694,-25.308117,21.332397,-23.911064
6.831250,-30.206890,-2.791711,8.581681,-25.240498,29.236317,-23.508873
6.837500,-24.304054,-2.793579,9.263289,-25.125917,36.805061,-23.154552
6.843750,-18.403648,-2.796527,10.668830,-24.991180,43.361729,-22.869268
6.850000,-12.503375,-2.800611,12.767982,-24.852100,50.047924,-22.649775
6.856250,-6.594318,-2.804149,15.496328,-24.719500,54.898094,-22.526453
6.862500,-0.673507,-2.806182,18.766394,-24.596903,58.111546,-22.508972
6.868750,5.249058,-2.807748,22.500450,-24.475620,59.876465,-22.587358
6.875000,11.165842,-2.809906,26.622164,-24.329931,60.460136,-22.741282
6.881250,17.079515,-2.812394,31.171917,-24.192617,60.182137,-22.914040
6.887500,22.995159,-2.814660,34.608566,-24.086550,59.246639,-23.133228
6.893750,28.912554,-2.816635,38.281750,-24.005878,57.512321,-23.377857
6.900000,34.829456,-2.818349,41.680164,-23.997351,55.763054,-23.597673
6.906250,40.745811,-2.819505,44.338097,-23.957220,54.374882,-23.757294
6.912500,46.659840,-2.820322,46.944496,-23.915279,51.730679,-23.840151
6.918750,52.566830,-2.821789,48.286678,-23.890400,49.710686,-23.839081
6.925000,58.467438,-2.824285,48.376495,-23.865326,48.034176,-23.749130
6.931250,64.368462,-2.827106,47.278847,-23.785843,46.421318,-23.570032
6.937500,70.273186,-2.829741,46.705860,-23.760481,44.525669,-23.326403
6.943750,76.179291,-2.832668,43.635498,-23.736166,43.818741,-23.059050
6.950000,82.086571,-2.835631,40.476044,-23.693888,42.193203,-22.729446
6.956250,87.998543,-2.837750,37.244102,-23.621550,39.793785,-22.370468
6.962500,93.914673,-2.838797,33.941368,-23.514988,37.008862,-22.018686
6.968750,97.932030,-2.840280,30.548645,-23.380470,33.917294,-21.699501
6.975000,101.668442,-2.843176,27.075834,-23.224674,30.532080,-21.430054
6.981250,104.600700,-2.846414,23.596746,-23.049212,26.861277,-21.217363
6.987500,106.244087,-2.848525,20.188993,-22.855366,22.885439,-21.060856
6.993750,106.169426,-2.849433,16.924835,-22.637770,18.563118,-20.943283
7.000000,104.025528,-2.850345,13.877091,-22.377573,13.774616,-20.873966
7.006250,99.571938,-2.852061,11.056116,-22.051317,10.322680,-20.877188
7.012500,92.692566,-2.854299,10.125681,-21.780172,6.866144,-20.931318
7.018750,83.390900,-2.856783,9.831062,-21.548622,3.834929,-21.016953
7.025000,71.790321,-2.859213,9.287631,-21.286509,1.599513,-21.168806
7.031250,58.127365,-2.861249,10.072841,-21.058212,-1.421697,-21.368387
7.037500,42.741825,-2.863114,11.794611,-20.903185,-3.084294,-21.599228
7.043750,26.058414,-2.865294,14.198855,-20.855286,-4.348511,-21.891611
7.050000,8.570427,-2.867713,17.050913,-20.938818,-5.341117,-22.256931
7.056250,-9.184993,-2.869300,20.185474,-21.142918,-6.155771,-22.700022
7.062500,-26.659895,-2.869464,21.532366,-21.465462,-6.880544,-23.229607
7.068750,-43.328033,-2.868846,24.522234,-21.909214,-7.622306,-23.886045
7.075000,-58.702675,-2.868091,27.071276,-22.449465,-7.794858,-24.498520
7.081250,-72.354660,-2.867004,29.098297,-22.998884,-9.922570,-25.133957
7.087500,-83.940544,-2.864967,30.596130,-23.631721,-12.529581,-25.795414
7.093750,-93.224648,-2.862106,30.341043,-24.298872,-13.890472,-26.461588
7.100000,-100.089828,-2.858938,29.117065,-24.952156,-15.742973,-27.101736
7.106250,-104.537300,-2.855640,26.714754,-25.566650,-17.938541,-27.683619
7.112500,-106.688988,-2.852559,22.960918,-26.131968,-20.307751,-28.171198
7.118750,-106.783020,-2.850276,17.624166,-26.591238,-22.656141,-28.521523
7.125000,-105.157516,-2.848621,12.605514,-26.921736,-26.897308,-28.684649
7.131250,-102.235504,-2.847050,6.727828,-27.133345,-31.200754,-28.700199
7.137500,-98.509094,-2.845538,0.389539,-27.237597,-35.640381,-28.558907
7.143750,-94.516251,-2.845306,-6.043759,-27.238970,-40.519901,-28.253401
7.150000,-88.636902,-2.847133,-12.210382,-27.142487,-45.844536,-27.795616
7.156250,-82.757019,-2.849982,-17.789297,-26.954613,-51.526817,-27.208820
7.162500,-76.866837,-2.852463,-22.517097,-26.687372,-57.425049,-26.529058
7.168750,-70.970268,-2.854763,-26.201294,-26.359653,-63.395393,-25.809988
7.175000,-65.074692,-2.857743,-28.695662,-25.992485,-69.333939,-25.069355
7.181250,-59.178738,-2.861265,-29.902359,-25.607563,-75.393013,-24.320669
7.187500,-53.275978,-2.864423,-29.779562,-25.223038,-79.249557,-23.625271
7.193750,-47.366611,-2.866961,-28.321510,-24.841995,-82.363342,-23.026075
7.200000,-41.455372,-2.869332,-27.479385,-24.464046,-84.136284,-22.550638
7.206250,-35.543137,-2.871471,-24.037289,-24.162151,-83.960144,-22.160288
7.212500,-29.627775,-2.872950,-19.810036,-23.916739,-83.206116,-21.895369
7.218750,-23.711386,-2.874129,-15.074100,-23.734650,-80.769928,-21.787542
7.225000,-17.798609,-2.875933,-10.104118,-23.604801,-76.453232,-21.808960
7.231250,-11.887515,-2.878150,-5.188588,-23.514832,-70.700798,-21.937557
7.237500,-5.971413,-2.879721,-0.728323,-23.476683,-64.028130,-22.143377
7.243750,-0.050385,-2.880461,5.070544,-23.485235,-56.978336,-22.379089
7.250000,5.868622,-2.881095,10.679967,-23.521597,-50.118065,-22.553059
7.256250,11.782872,-2.882066,16.364721,-23.575460,-44.794922,-22.800041
7.262500,17.694887,-2.883295,20.430227,-23.651575,-38.937981,-23.030014
7.268750,23.606144,-2.884738,24.716761,-23.748795,-34.224255,-23.183645
7.275000,29.515701,-2.887079,29.195753,-23.798567,-30.708754,-23.258739
7.281250,35.423988,-2.890234,33.376698,-23.823076,-28.435125,-23.260675
7.287500,41.337811,-2.893074,36.875206,-23.816284,-27.232508,-23.190662
7.293750,47.259838,-2.894617,39.593006,-23.751448,-26.860924,-23.054852
7.300000,53.185520,-2.895080,41.628304,-23.658421,-27.084806,-22.868361
7.306250,59.106998,-2.895374,43.284557,-23.544853,-27.668943,-22.652460
7.312500,65.020523,-2.896297,44.483421,-23.401995,-28.378139,-22.432199
7.318750,70.929092,-2.898144,45.433041,-23.239349,-29.051765,-22.222809
7.325000,76.837006,-2.900564,44.572781,-23.058273,-29.657225,-22.031212
7.331250,82.750755,-2.902500,44.037834,-22.844120,-30.073959,-21.883850
7.337500,88.670647,-2.903384,43.526562,-22.625057,-30.250727,-21.802691
7.343750,94.590355,-2.903680,42.791065,-22.424965,-30.287096,-21.792990
7.350000,98.609627,-2.904415,41.740314,-22.255100,-28.441776,-21.831135
7.356250,102.350319,-2.905921,40.327496,-22.118227,-26.424149,-21.925373
7.362500,105.285095,-2.907694,38.500591,-22.012764,-23.463945,-22.096680
7.368750,106.924919,-2.909213,36.209435,-21.930391,-21.573170,-22.309914
7.375000,106.841125,-2.910561,33.384636,-21.860483,-19.079983,-22.532280
7.381250,104.690613,-2.912044,32.056290,-21.801476,-16.182501,-22.731609
7.387500,100.235481,-2.913989,30.618904,-21.784771,-13.174053,-22.902332
7.393750,93.354553,-2.916764,29.255047,-21.783579,-8.286814,-23.045216
7.400000,84.050339,-2.920095,28.187897,-21.787495,-3.035886,-23.140816
7.406250,72.450005,-2.922889,27.790010,-21.816221,0.968390,-23.180582
7.412500,58.791603,-2.924583,28.114939,-21.884274,5.538224,-23.165421
7.418750,43.409187,-2.925889,29.092026,-22.001778,10.301486,-23.102133
7.425000,26.724688,-2.927602,30.582468,-22.177340,14.896996,-23.002228
7.431250,9.232737,-2.929585,32.427650,-22.414410,19.002048,-22.873138
7.437500,-8.529042,-2.931165,34.459278,-22.707201,22.368069,-22.706949
7.443750,-26.014801,-2.932378,38.678246,-23.036503,24.766989,-22.504616
7.450000,-42.693909,-2.933724,41.637257,-23.382759,25.768522,-22.318201
7.456250,-58.074291,-2.934593,44.906609,-23.808395,25.219707,-22.163139
7.462500,-71.723625,-2.934230,48.281315,-24.300230,23.199430,-22.051054
7.468750,-83.306084,-2.932925,51.599972,-24.866753,19.806698,-21.992792
7.475000,-92.590591,-2.931715,54.764938,-25.436518,15.261053,-21.981840
7.481250,-99.455391,-2.930521,57.583645,-26.018747,9.870564,-22.011431
7.487500,-103.895569,-2.928564,57.723064,-26.612843,3.936892,-22.080343
7.493750,-106.032555,-2.925820,56.730541,-27.198961,-2.114556,-22.175945
7.500000,-106.110336,-2.923465,54.090759,-27.737221,-7.676417,-22.287630
7.506250,-104.471695,-2.922084,51.474972,-28.205307,-12.018546,-22.416954
7.512500,-101.538124,-2.920892,46.929871,-28.605833,-14.554984,-22.543625
7.518750,-97.797951,-2.919518,40.759636,-28.909292,-14.739004,-22.647757
7.525000,-93.788818,-2.918797,33.307735,-29.100296,-12.028618,-22.725254
7.531250,-87.892159,-2.919397,24.883732,-29.180222,-8.057513,-22.769934
7.537500,-81.997383,-2.920717,15.855637,-29.163477,-2.799889,-22.753876
7.543750,-76.099930,-2.922108,6.789557,-29.017923,5.039860,-22.692093
7.550000,-70.202568,-2.924121,-1.843654,-28.768723,14.470552,-22.601629
7.556250,-64.307968,-2.927232,-9.779195,-28.449469,24.594589,-22.501602
7.562500,-58.412086,-2.930942,-18.428295,-28.078436,34.534885,-22.414782
7.568750,-52.510303,-2.934470,-25.621866,-27.661299,43.489300,-22.360506
7.575000,-46.602699,-2.937571,-31.260489,-27.240614,50.949821,-22.293140
7.581250,-40.692589,-2.940171,-35.159557,-26.830538,56.144123,-22.250154
7.587500,-34.780586,-2.942077,-37.578896,-26.435360,60.573727,-22.250475
7.593750,-28.867893,-2.943262,-38.700947,-26.065672,62.567635,-22.298151
7.600000,-22.958706,-2.944355,-38.617340,-25.727661,62.492199,-22.386068
7.606250,-17.055321,-2.946061,-37.430260,-25.423908,60.787262,-22.500549
7.612500,-11.154236,-2.947899,-35.283344,-25.149738,57.931133,-22.625944
7.618750,-5.250289,-2.949343,-32.359734,-24.899778,54.379711,-22.763140
7.625000,0.653460,-2.950595,-28.921381,-24.668999,50.523014,-22.937908
7.631250,6.551942,-2.952537,-23.105457,-24.455423,46.771832,-23.111031
7.637500,12.447005,-2.955197,-18.460135,-24.249676,42.988148,-23.235882
7.643750,18.342274,-2.957989,-13.083883,-24.012362,39.909477,-23.337351
7.650000,24.239536,-2.961005,-7.343815,-23.704409,37.579517,-23.419977
7.656250,30.134186,-2.964981,-2.044806,-23.399734,35.783504,-23.498602
7.662500,36.026714,-2.970236,2.201045,-23.092775,34.205971,-23.577991
7.668750,41.923595,-2.975971,7.372275,-22.780039,32.579884,-23.654783
7.675000,47.830978,-2.981111,11.710051,-22.471395,32.480206,-23.734804
7.681250,53.746143,-2.985256,15.358019,-22.185045,31.889566,-23.827579
7.687500,59.665024,-2.988703,18.520273,-21.944660,30.913998,-23.942158
7.693750,65.583923,-2.991704,21.483168,-21.759224,29.632967,-24.090603
7.700000,71.502930,-2.994150,22.751608,-21.620226,28.101183,-24.305490
7.706250,77.422707,-2.995989,24.173773,-21.541245,26.312212,-24.524809
7.712500,83.342400,-2.997183,25.442980,-21.519384,23.425627,-24.723434
7.718750,89.260483,-2.997826,26.337917,-21.537661,22.077681,-24.961103
7.725000,95.177376,-2.997858,26.470718,-21.630644,20.616352,-25.230631
7.731250,99.197357,-2.997350,25.578510,-21.779949,19.332018,-25.509220
7.737500,102.938385,-2.996958,23.651453,-21.956272,18.358099,-25.766685
7.743750,105.866905,-2.997370,22.694714,-22.133701,17.778999,-25.961096
7.750000,107.493340,-2.998717,21.145546,-22.293507,17.583054,-26.056383
7.756250,107.395416,-3.000326,19.289158,-22.423590,17.426443,-26.094282
7.762500,105.235825,-3.001918,17.339203,-22.525553,17.296108,-26.044277
7.768750,100.774307,-3.003952,15.492785,-22.596622,17.225176,-25.895218
7.775000,93.886261,-3.007086,13.989736,-22.633560,17.080452,-25.649347
7.781250,84.576050,-3.011133,12.986532,-22.644379,16.720814,-25.321819
7.787500,72.971939,-3.014825,12.540545,-22.642447,16.024391,-24.938238
7.793750,59.312473,-3.017611,12.672425,-22.640301,14.954899,-24.524532
7.800000,43.932781,-3.019884,13.366886,-22.649035,13.612450,-24.068905
7.806250,27.256086,-3.021911,14.596031,-22.668762,12.140851,-23.560883
7.812500,9.776464,-3.023267,14.409280,-22.700722,10.587120,-23.058949
7.818750,-7.972374,-3.023572,16.405516,-22.757998,7.902187,-22.631741
7.825000,-25.448162,-3.023353,18.461386,-22.868252,5.656886,-22.271648
7.831250,-42.122334,-3.023012,20.372326,-23.055155,3.792226,-21.983175
7.837500,-57.498432,-3.022062,22.070387,-23.349876,2.389133,-21.765059
7.843750,-71.147377,-3.019886,23.475094,-23.690451,1.603135,-21.617887
7.850000,-82.734024,-3.017278,25.135448,-24.066139,1.529531,-21.551319
7.856250,-92.027420,-3.015379,26.252111,-24.495991,0.096440,-21.563347
7.862500,-98.902245,-3.014041,26.888193,-24.965799,-1.171787,-21.642265
7.868750,-103.351860,-3.012127,25.203209,-25.445642,-2.590214,-21.771940
7.875000,-105.495590,-3.009388,22.828497,-25.913645,-4.412213,-21.926058
7.881250,-105.577744,-3.006715,21.291672,-26.367315,-6.829100,-22.049585
7.887500,-103.943359,-3.004722,18.810076,-26.780844,-9.927762,-22.183092
7.893750,-101.014748,-3.002997,15.573342,-27.136023,-12.766961,-22.325436
7.900000,-97.281128,-3.001424,11.776265,-27.403315,-15.698283,-22.417217
7.906250,-93.279007,-3.000910,7.708277,-27.557413,-18.591585,-22.466822
7.912500,-87.386726,-3.001680,3.488929,-27.606447,-21.171015,-22.486061
7.918750,-81.490807,-3.001680,-0.681567,-27.606447,-23.039003,-22.486061
7.925000,-81.490807,-3.001680,-0.681567,-27.606447,-23.039003,-22.486061
7.931250,-81.490807,-3.001680,-0.681567,-27.606447,-23.039003,-22.486061
7.937500,-81.490807,-3.001680,-0.681567,-27.606447,-23.039003,-22.486061
7.943750,-81.490807,-3.001680,-0.681567,-27.606447,-23.039003,-22.486061
7.950000,-81.490807,-3.001680,-0.681567,-27.606447,-23.039003,-22.486061
7.956250,-81.490807,-3.001680,-0.681567,-27.606447,-23.039003,-22.486061
7.962500,-81.490807,-3.001680,-0.681567,-27.606447,-23.039003,-22.486061
7.968750,-81.490807,-3.001680,-0.681567,-27.606447,-23.039003,-22.486061
7.975000,-81.490807,-3.001680,-0.681567,-27.606447,-23.039003,-22.486061
7.981250,-81.490807,-3.001680,-0.681567,-27.606447,-23.039003,-22.486061
7.987500,-81.490807,-3.001680,-0.681567,-27.606447,-23.039003,-22.486061
7.993750,-81.490807,-3.001680,-0.681567,-27.606447,-23.039003,-22.486061
8.000000,-81.490807,-3.001680,-0.681567,-27.606447,-23.039003,-22.486061
