Anritsu VNA Frequency[GHz],S21[deg],S21[dB],S11[deg],S11[dB],S22[deg],S22[dB]
1338081507.6,2012_05_27_02:18:27,+40.782,+10.367,+55.271,+10.377,+13.957,+13.770,+14.062,+13.815,10.446919,-17.367
3.006250,33.789696,-1.747036,59.069008,-26.646929,-80.522408,-27.437939
3.012500,33.789696,-1.747036,59.069008,-26.646929,-80.522408,-27.437939
3.018750,33.789696,-1.747036,59.069008,-26.646929,-80.522408,-27.437939
3.025000,33.789696,-1.747036,59.069008,-26.646929,-80.522408,-27.437939
3.031250,33.789696,-1.747036,59.069008,-26.646929,-80.522408,-27.437939
3.037500,33.789696,-1.747036,59.069008,-26.646929,-80.522408,-27.437939
3.043750,33.789696,-1.747036,59.069008,-26.646929,-80.522408,-27.437939
3.050000,33.789696,-1.747036,59.069008,-26.646929,-80.522408,-27.437939
3.056250,33.789696,-1.747036,59.069008,-26.646929,-80.522408,-27.437939
3.062500,33.789696,-1.747036,59.069008,-26.646929,-80.522408,-27.437939
3.068750,33.789696,-1.747036,59.069008,-26.646929,-80.522408,-27.437939
3.075000,33.789696,-1.747036,59.069008,-26.646929,-80.522408,-27.437939
3.081250,33.789696,-1.747036,59.069008,-26.646929,-80.522408,-27.437939
3.087500,33.789696,-1.747036,59.069008,-26.646929,-80.522408,-27.437939
3.093750,33.789696,-1.748944,59.069008,-26.444233,-80.522408,-27.189077
3.100000,39.697102,-1.751169,56.388218,-26.290834,-82.508209,-26.957390
3.106250,45.604595,-1.753455,52.828419,-26.209337,-82.881058,-26.744991
3.112500,51.512486,-1.755780,48.745674,-26.219595,-81.288834,-26.524727
3.118750,57.419460,-1.758288,42.746109,-26.262529,-79.568306,-26.224693
3.125000,63.325371,-1.760970,37.943913,-26.305923,-75.491776,-25.963804
3.131250,69.230843,-1.763722,33.559032,-26.376160,-69.321930,-25.675812
3.137500,75.135048,-1.766815,29.845711,-26.475115,-61.433102,-25.351257
3.143750,81.037422,-1.770421,27.010189,-26.593979,-52.007198,-24.998434
3.150000,86.940460,-1.774334,25.234512,-26.718424,-41.199608,-24.629822
3.156250,92.846489,-1.777995,24.638863,-26.834009,-29.185541,-24.263601
3.162500,96.859932,-1.781331,25.289677,-26.926914,-16.165632,-23.923615
3.168750,100.599823,-1.784768,27.203259,-26.989935,-2.348110,-23.658955
3.175000,103.533218,-1.788497,30.425360,-27.002039,10.210588,-23.413572
3.181250,105.169540,-1.792264,33.195942,-26.949360,23.542904,-23.191500
3.187500,105.083359,-1.795868,36.984379,-26.849663,36.325378,-23.023600
3.193750,102.933937,-1.799176,41.082493,-26.714848,48.068562,-22.925751
3.200000,98.482903,-1.802151,44.920582,-26.552534,58.352867,-22.901207
3.206250,91.609215,-1.804774,48.016838,-26.373569,66.796387,-22.950172
3.212500,82.311211,-1.807204,49.953362,-26.191874,73.086182,-23.080898
3.218750,70.708908,-1.809851,50.417427,-26.017202,76.995895,-23.275787
3.225000,57.040634,-1.812351,51.410961,-25.843937,78.153389,-23.479666
3.231250,41.649704,-1.814311,51.466270,-25.672058,76.728317,-23.701601
3.237500,24.961128,-1.816012,49.095448,-25.501680,74.726501,-23.932711
3.243750,7.462993,-1.817963,46.411987,-25.310579,70.564278,-24.150780
3.250000,-10.311930,-1.820482,43.280453,-25.138391,64.843178,-24.336302
3.256250,-27.813227,-1.823199,39.347679,-24.998171,58.117191,-24.488342
3.262500,-44.506008,-1.825522,34.850037,-24.873037,51.018093,-24.596251
3.268750,-59.899715,-1.827515,29.731010,-24.759504,44.239861,-24.651075
3.275000,-73.570427,-1.829612,23.868650,-24.656273,38.369183,-24.652828
3.281250,-85.178123,-1.832086,17.153177,-24.554667,33.911449,-24.608976
3.287500,-94.484161,-1.834929,9.492145,-24.441620,31.248810,-24.533672
3.293750,-101.364243,-1.837839,0.853564,-24.278870,30.639460,-24.427212
3.300000,-105.818245,-1.840657,-6.589839,-24.111387,32.241718,-24.290451
3.306250,-107.967262,-1.843180,-15.257910,-23.976904,36.039978,-24.150581
3.312500,-108.048988,-1.845469,-23.926125,-23.856489,41.850723,-24.038710
3.318750,-106.404900,-1.847612,-32.305279,-23.757286,49.410767,-23.975870
3.325000,-103.462463,-1.849576,-40.132698,-23.696886,58.377560,-23.972387
3.331250,-99.713120,-1.851173,-47.150791,-23.700846,68.319061,-24.031336
3.337500,-95.690033,-1.852378,-53.181484,-23.831923,78.722450,-24.150980
3.343750,-89.771866,-1.853252,-58.204578,-23.992147,89.048637,-24.316380
3.350000,-83.853851,-1.853778,-62.645805,-24.213791,96.897423,-24.472052
3.356250,-77.936798,-1.853954,-66.077721,-24.538641,105.496826,-24.671417
3.362500,-72.021385,-1.854023,-66.794571,-24.987852,111.753014,-24.921574
3.368750,-66.108025,-1.853828,-66.439598,-25.543213,115.792664,-25.212124
3.375000,-60.195061,-1.853072,-64.887817,-26.177954,117.215202,-25.588802
3.381250,-54.283955,-1.851964,-62.153217,-26.858089,115.858971,-25.923429
3.387500,-48.379063,-1.851184,-58.332565,-27.545019,112.337143,-26.245869
3.393750,-42.480858,-1.851269,-53.586735,-28.194082,106.105095,-26.548431
3.400000,-36.584835,-1.851717,-48.134682,-28.763172,97.723770,-26.823462
3.406250,-30.687614,-1.851949,-42.313721,-29.230608,88.195244,-27.102139
3.412500,-24.791109,-1.852346,-36.449615,-29.571976,78.184700,-27.350100
3.418750,-18.899225,-1.853585,-28.607924,-29.765610,66.332199,-27.546436
3.425000,-13.010786,-1.855808,-22.333076,-29.807055,54.925003,-27.685116
3.431250,-7.119287,-1.858155,-15.771685,-29.711735,44.394707,-27.772001
3.437500,-1.223926,-1.860341,-9.180081,-29.463787,35.194927,-27.810619
3.443750,4.670848,-1.863163,-2.582488,-29.061543,28.007494,-27.749588
3.450000,10.564117,-1.866903,3.506002,-28.550507,21.111341,-27.617886
3.456250,16.461447,-1.870823,8.919025,-27.969507,16.285631,-27.428740
3.462500,22.367107,-1.874099,13.653592,-27.361761,13.235402,-27.184599
3.468750,28.277864,-1.876727,17.795130,-26.773741,11.646304,-26.882000
3.475000,34.188759,-1.879086,21.452433,-26.270891,11.169115,-26.536957
3.481250,40.099083,-1.881279,24.884949,-25.805103,11.409727,-26.164749
3.487500,46.008884,-1.883547,26.826214,-25.407114,12.001182,-25.759489
3.493750,51.917057,-1.886199,28.663042,-25.112270,12.510629,-25.328650
3.500000,57.824383,-1.889284,30.226299,-24.925985,12.503113,-24.884277
3.506250,63.734615,-1.892174,31.413431,-24.833403,11.648093,-24.436705
3.512500,69.649323,-1.894229,32.130791,-24.800489,9.675381,-23.994974
3.518750,75.564171,-1.896092,32.358673,-24.738844,6.384890,-23.564215
3.525000,81.472733,-1.898899,32.228615,-24.724199,1.623173,-23.150936
3.531250,87.377167,-1.902774,32.357708,-24.712173,-2.583748,-22.769451
3.537500,93.284134,-1.906930,32.360729,-24.667479,-7.691926,-22.436571
3.543750,97.302048,-1.910789,32.496548,-24.580778,-13.279274,-22.147633
3.550000,101.049942,-1.914822,33.102673,-24.424824,-19.062990,-21.866220
3.556250,103.991005,-1.919606,32.619350,-24.200987,-24.565130,-21.538137
3.562500,105.637001,-1.924646,32.750462,-23.938595,-29.504305,-21.297052
3.568750,105.567215,-1.928960,33.156258,-23.664522,-32.652798,-21.126425
3.575000,103.441528,-1.931855,33.562820,-23.405224,-35.023052,-21.027527
3.581250,99.016464,-1.933674,33.682186,-23.195625,-36.349197,-21.013916
3.587500,92.165703,-1.935103,33.259048,-23.071413,-36.644333,-21.046158
3.593750,82.889641,-1.936093,32.183651,-23.022165,-35.785755,-21.146509
3.600000,71.313797,-1.936050,30.394535,-23.059088,-33.617191,-21.329378
3.606250,57.675682,-1.934618,29.739021,-23.197203,-30.295490,-21.588921
3.612500,42.310215,-1.932349,28.763395,-23.421476,-26.095152,-21.898621
3.618750,25.641735,-1.929691,27.875610,-23.749149,-21.411751,-22.233828
3.625000,8.163898,-1.926402,27.186182,-24.191078,-17.030052,-22.636761
3.631250,-9.589374,-1.922299,27.301254,-24.709604,-11.146081,-23.069851
3.637500,-27.074776,-1.917854,28.526148,-25.269945,-5.485834,-23.504816
3.643750,-43.763767,-1.913784,31.000237,-25.834892,-0.072860,-23.921480
3.650000,-59.163326,-1.910376,32.861111,-26.359470,5.006934,-24.303158
3.656250,-72.843079,-1.907598,35.666126,-26.768244,9.665297,-24.633270
3.662500,-84.461380,-1.905599,38.593525,-27.107037,13.805931,-24.906740
3.668750,-93.780861,-1.904481,42.564232,-27.353983,17.284060,-25.129993
3.675000,-100.677483,-1.904002,45.902138,-27.481070,20.018532,-25.301655
3.681250,-105.149025,-1.903693,48.335609,-27.485371,21.951502,-25.420044
3.687500,-107.318573,-1.903830,49.623867,-27.379902,23.006056,-25.488344
3.693750,-107.426941,-1.905244,49.621128,-27.190929,23.129679,-25.515423
3.700000,-105.812363,-1.907773,48.328915,-26.923723,22.326464,-25.511999
3.706250,-102.895638,-1.910463,45.905453,-26.596193,20.730509,-25.471046
3.712500,-99.167595,-1.912910,42.335079,-26.247217,18.558802,-25.385679
3.718750,-95.165543,-1.915646,35.911057,-25.904055,15.959371,-25.261156
3.725000,-89.270355,-1.919005,28.557772,-25.583250,13.265912,-25.113363
3.731250,-83.373207,-1.922407,20.001833,-25.328886,11.083622,-24.980391
3.737500,-77.470894,-1.925322,12.183926,-25.163784,9.825986,-24.874743
3.743750,-71.566307,-1.927991,3.853863,-25.074144,9.899866,-24.818382
3.750000,-65.662918,-1.930669,-4.438509,-25.048046,9.910098,-24.726849
3.756250,-59.761181,-1.933303,-12.299302,-25.081079,9.831629,-24.620279
3.762500,-53.858105,-1.935741,-19.303518,-25.151913,10.993814,-24.499586
3.768750,-47.955173,-1.938154,-25.015001,-25.224651,13.134608,-24.412937
3.775000,-42.053970,-1.940877,-29.201799,-25.310495,15.799450,-24.349710
3.781250,-36.153198,-1.943645,-31.757439,-25.397274,18.386417,-24.294367
3.787500,-30.251419,-1.946123,-32.327259,-25.463566,20.533421,-24.239700
3.793750,-24.349463,-1.948700,-30.826544,-25.524782,21.931189,-24.189922
3.800000,-18.449863,-1.951680,-29.179003,-25.524780,22.382692,-24.137026
3.806250,-12.550855,-1.954955,-25.023390,-25.438072,21.907116,-24.044636
3.812500,-6.650384,-1.958391,-19.887045,-25.304535,20.365406,-23.921345
3.818750,-0.749621,-1.962178,-14.309026,-25.141068,17.646744,-23.777668
3.825000,5.151639,-1.966308,-8.826126,-24.961962,13.880492,-23.620558
3.831250,11.057055,-1.970093,-1.784951,-24.781803,9.335274,-23.460787
3.837500,16.966110,-1.973318,4.997912,-24.614489,4.332255,-23.334955
3.843750,22.874823,-1.976610,11.679511,-24.455805,-0.787311,-23.197634
3.850000,28.780792,-1.980427,16.573650,-24.299738,-6.710902,-23.031202
3.856250,34.688007,-1.984083,21.357964,-24.155741,-12.247458,-22.875214
3.862500,40.599480,-1.986953,25.610353,-24.022280,-17.376867,-22.738144
3.868750,46.510498,-1.989738,29.001616,-23.886162,-22.076361,-22.616835
3.875000,52.414890,-1.993575,31.210457,-23.725321,-26.372223,-22.500477
3.881250,58.315205,-1.998635,31.885660,-23.545315,-30.333668,-22.373295
3.887500,64.219315,-2.003813,30.628202,-23.348549,-34.145561,-22.239679
3.893750,70.130386,-2.008551,27.366024,-23.117113,-38.064529,-22.105078
3.900000,76.042915,-2.013542,24.176472,-22.840712,-42.221363,-21.961327
3.906250,81.952438,-2.019659,19.609659,-22.518887,-44.919968,-21.807024
3.912500,87.862091,-2.026744,14.135356,-22.153152,-48.028053,-21.637428
3.918750,93.778275,-2.034223,8.216219,-21.751413,-51.256889,-21.439516
3.925000,97.808144,-2.041499,2.218918,-21.340588,-54.360424,-21.186615
3.931250,101.572906,-2.048412,-3.511717,-20.945974,-57.408745,-20.967772
3.937500,104.538734,-2.054892,-8.549228,-20.587856,-58.200260,-20.779207
3.943750,106.212471,-2.060714,-12.566707,-20.289057,-57.810001,-20.629292
3.950000,106.168427,-2.065420,-15.344647,-20.071690,-55.774250,-20.532043
3.956250,104.065498,-2.068425,-16.756588,-19.953657,-51.737434,-20.502605
3.962500,99.663795,-2.069694,-16.745581,-19.945171,-45.449364,-20.553280
3.968750,92.837936,-2.069579,-15.306839,-20.043474,-36.771187,-20.692671
3.975000,83.585327,-2.068123,-14.389146,-20.214672,-25.706423,-20.931120
3.981250,72.026970,-2.065351,-10.302423,-20.508900,-12.425478,-21.298649
3.987500,58.398251,-2.061484,-5.966044,-20.909929,1.473687,-21.706459
3.993750,43.037460,-2.056818,-0.689848,-21.374460,16.636641,-22.217529
4.000000,26.371496,-2.051495,4.882710,-21.897697,32.266556,-22.839088
4.006250,8.892574,-2.045521,10.395520,-22.463614,47.499901,-23.602287
4.012500,-8.868927,-2.039345,15.580515,-23.044313,61.267166,-24.364288
4.018750,-26.368847,-2.033894,20.189926,-23.607523,74.237633,-25.100704
4.025000,-43.073437,-2.029374,23.934708,-24.137390,84.467537,-25.847578
4.031250,-58.485626,-2.025293,28.681156,-24.624119,92.866295,-26.608677
4.037500,-72.176773,-2.021744,31.058741,-25.047117,98.558777,-27.329779
4.043750,-83.809166,-2.019501,33.110905,-25.393511,101.829597,-27.981110
4.050000,-93.144325,-2.018568,34.690834,-25.663212,103.074242,-28.545469
4.056250,-100.054230,-2.018013,35.728825,-25.846762,102.819794,-29.013287
4.062500,-104.536385,-2.017242,36.302700,-25.926167,99.865723,-29.351362
4.068750,-106.718857,-2.017234,36.358017,-25.918642,96.612267,-29.545801
4.075000,-106.843590,-2.019162,35.912376,-25.841286,93.117432,-29.604443
4.081250,-105.244698,-2.022389,35.146931,-25.707584,89.608597,-29.531401
4.087500,-102.339256,-2.025424,34.316921,-25.526274,84.248077,-29.328016
4.093750,-98.619728,-2.027849,33.725574,-25.306404,78.763824,-29.000521
4.100000,-94.627701,-2.030543,31.791773,-25.062159,73.011200,-28.569868
4.106250,-88.744743,-2.034108,30.511106,-24.798777,66.892212,-28.075377
4.112500,-82.862076,-2.038229,29.785807,-24.507999,60.494083,-27.474735
4.118750,-76.976318,-2.042691,29.358473,-24.205824,53.982704,-26.804455
4.125000,-71.088898,-2.047747,28.936750,-23.907719,47.095901,-26.105371
4.131250,-65.200073,-2.053430,28.351257,-23.622765,39.984665,-25.407528
4.137500,-59.306675,-2.059208,27.486189,-23.354519,32.846977,-24.734493
4.143750,-53.406956,-2.064698,26.255955,-23.101866,25.896376,-24.103931
4.150000,-47.504055,-2.070184,24.575546,-22.863966,19.323145,-23.528568
4.156250,-41.600872,-2.076060,24.538887,-22.637251,13.299812,-23.008999
4.162500,-35.696278,-2.082336,24.739714,-22.410355,7.979480,-22.556953
4.168750,-29.788294,-2.088715,23.762062,-22.172943,5.059505,-22.176504
4.175000,-23.876337,-2.095171,23.462643,-21.943428,1.979703,-21.865288
4.181250,-17.960655,-2.101582,23.648104,-21.727013,0.451446,-21.616072
4.187500,-12.040489,-2.107636,24.123421,-21.528358,0.358100,-21.368713
4.193750,-6.115520,-2.113336,24.665937,-21.353672,1.746622,-21.231964
4.200000,-0.187152,-2.118423,25.044291,-21.210205,2.717844,-21.179277
4.206250,5.744796,-2.122569,25.044201,-21.105665,3.940547,-21.188869
4.212500,11.679108,-2.125632,24.499622,-21.037159,6.445252,-21.216278
4.218750,17.612284,-2.127945,25.475676,-20.993664,7.998626,-21.267139
4.225000,23.541622,-2.129937,24.561735,-20.970921,8.595316,-21.341478
4.231250,29.466654,-2.131821,23.736942,-20.957548,8.088831,-21.425259
4.237500,35.389427,-2.133411,22.794235,-20.953121,6.310284,-21.495821
4.243750,41.309822,-2.134727,21.397785,-20.974262,5.177434,-21.562592
4.250000,47.228779,-2.135677,19.386845,-21.005754,3.070305,-21.624863
4.256250,53.145554,-2.136213,16.617760,-21.030287,0.513059,-21.666151
4.262500,59.057766,-2.136802,12.857769,-21.033157,-2.080221,-21.675648
4.268750,64.962822,-2.138158,7.907806,-21.003794,-4.355797,-21.642450
4.275000,70.861420,-2.140662,1.588366,-20.934887,-5.999044,-21.560036
4.281250,76.759186,-2.143776,-4.095728,-20.814377,-6.738387,-21.415958
4.287500,82.658920,-2.147326,-10.674575,-20.639273,-6.374688,-21.181372
4.293750,88.558105,-2.152014,-17.889809,-20.432207,-5.007804,-20.926962
4.300000,94.456604,-2.158064,-25.369553,-20.195383,-2.905504,-20.654732
4.306250,98.467438,-2.164312,-32.671673,-19.931847,0.125466,-20.362135
4.312500,102.216797,-2.169718,-39.477406,-19.652573,3.877808,-20.058958
4.318750,105.167503,-2.174628,-45.517574,-19.371990,8.088135,-19.758518
4.325000,106.819305,-2.180065,-50.589485,-19.111237,12.452111,-19.478806
4.331250,106.747276,-2.185850,-54.547127,-18.893616,16.660032,-19.234505
4.337500,104.617912,-2.190965,-57.292496,-18.765890,20.441837,-19.028473
4.343750,100.195259,-2.194870,-58.844368,-18.639793,23.576365,-18.802938
4.350000,93.352753,-2.197867,-58.207832,-18.584730,25.585035,-18.682892
4.356250,84.088638,-2.199790,-56.270115,-18.636513,28.138493,-18.647858
4.362500,72.524704,-2.200089,-52.834179,-18.794670,29.995918,-18.708582
4.368750,58.895676,-2.199208,-47.987556,-19.050640,31.510214,-18.891378
4.375000,43.535469,-2.197912,-41.934383,-19.391455,32.927319,-19.137426
4.381250,26.872038,-2.196107,-34.947544,-19.796005,34.299915,-19.427694
4.387500,9.401583,-2.193184,-27.351517,-20.237946,36.430355,-19.769279
4.393750,-8.344662,-2.189339,-19.558573,-20.700510,37.639893,-20.190880
4.400000,-25.827896,-2.185838,-12.026921,-21.171053,39.489578,-20.667366
4.406250,-42.514503,-2.182819,-2.960000,-21.631992,41.559429,-21.172596
4.412500,-57.906456,-2.179382,4.058691,-22.069876,43.558987,-21.687820
4.418750,-71.576042,-2.175713,10.874170,-22.478596,45.270905,-22.199533
4.425000,-83.187866,-2.172710,17.313423,-22.796959,46.611542,-22.659422
4.431250,-92.505798,-2.170725,23.205910,-23.024632,47.592678,-23.040028
4.437500,-99.402328,-2.169136,28.161911,-23.173235,47.982006,-23.337931
4.443750,-103.875008,-2.167779,32.133152,-23.250229,47.777866,-23.545902
4.450000,-106.049812,-2.167465,35.185928,-23.257427,47.110851,-23.657072
4.456250,-106.164803,-2.168699,37.449646,-23.199593,46.148842,-23.669619
4.462500,-104.554123,-2.170665,39.124775,-23.086740,45.074268,-23.589876
4.468750,-101.640686,-2.172956,40.501827,-22.938673,44.109074,-23.440395
4.475000,-97.919891,-2.176044,40.062252,-22.753740,43.550556,-23.206203
4.481250,-93.925896,-2.179999,39.974091,-22.525164,42.125858,-22.874464
4.487500,-88.031723,-2.183939,39.896904,-22.285196,41.361324,-22.491564
4.493750,-82.132088,-2.187583,39.639690,-22.055359,40.960861,-22.087233
4.500000,-76.233406,-2.192121,39.136456,-21.846560,40.706352,-21.683081
4.506250,-70.337692,-2.198281,38.361286,-21.659420,40.389278,-21.293627
4.512500,-64.436569,-2.204864,37.307354,-21.481022,39.790295,-20.928228
4.518750,-58.522411,-2.210382,35.974873,-21.257462,38.661980,-20.596621
4.525000,-52.599766,-2.214981,34.386593,-21.073000,36.686836,-20.334829
4.531250,-46.677734,-2.219879,33.637020,-20.936920,33.413071,-20.129574
4.537500,-40.758102,-2.225363,33.215336,-20.804565,30.209942,-19.959583
4.543750,-34.832706,-2.230651,31.711367,-20.665594,25.572977,-19.835934
4.550000,-28.898977,-2.234931,30.850004,-20.546875,19.825735,-19.734692
4.556250,-22.959846,-2.238312,30.339895,-20.470274,13.374781,-19.714985
4.562500,-17.019518,-2.241211,29.965752,-20.455709,6.927567,-19.794151
4.568750,-11.078154,-2.243590,29.501343,-20.528297,0.462747,-19.969299
4.575000,-5.134504,-2.245176,28.719442,-20.747595,-5.838167,-20.186939
4.581250,0.812656,-2.245530,27.419607,-21.030327,-11.657603,-20.459305
4.587500,6.760277,-2.244618,24.366503,-21.398201,-16.484632,-20.798426
4.593750,12.706120,-2.242740,22.412880,-21.870819,-20.143255,-21.196796
4.600000,18.647789,-2.240031,19.687969,-22.451719,-22.580414,-21.634262
4.606250,24.585892,-2.236288,16.065413,-23.207350,-23.940365,-22.122534
4.612500,30.519268,-2.231592,12.483349,-23.999649,-24.491001,-22.651661
4.618750,36.442947,-2.226910,8.283367,-24.863997,-24.304119,-23.199535
4.625000,42.354527,-2.222960,3.818352,-25.780584,-23.659084,-23.750235
4.631250,48.259922,-2.219150,-0.621132,-26.715717,-22.879082,-24.290958
4.637500,54.164391,-2.214473,-4.772655,-27.626390,-22.322847,-24.804605
4.643750,60.064026,-2.209512,-8.386243,-28.459549,-22.357136,-25.256100
4.650000,65.950172,-2.205811,-13.156691,-29.154112,-23.332060,-25.597380
4.656250,71.822128,-2.204203,-15.217679,-29.682404,-25.630445,-25.836502
4.662500,77.688423,-2.204138,-16.618158,-30.036125,-27.825949,-25.995050
4.668750,83.553757,-2.205366,-17.224939,-30.184875,-31.294855,-26.046194
4.675000,89.418678,-2.208100,-17.063860,-30.115999,-35.802731,-25.981874
4.681250,93.389877,-2.212242,-16.264574,-29.832500,-41.144608,-25.802940
4.687500,97.092300,-2.217093,-15.031703,-29.358013,-47.098072,-25.520609
4.693750,99.992767,-2.222937,-13.611250,-28.730761,-53.394142,-25.146324
4.700000,101.595100,-2.230759,-12.298906,-27.978363,-59.688061,-24.682322
4.706250,101.475372,-2.240330,-11.580981,-27.106119,-65.613457,-24.120878
4.712500,99.304100,-2.249791,-11.704528,-26.155313,-70.730171,-23.515583
4.718750,94.847946,-2.257991,-13.017291,-25.202662,-76.451401,-22.922697
4.725000,87.975555,-2.265596,-13.943577,-24.308628,-81.300789,-22.362144
4.731250,78.679924,-2.273498,-16.037640,-23.496334,-85.430443,-21.869024
4.737500,67.086273,-2.280941,-19.044128,-22.785418,-89.060341,-21.408215
4.743750,53.437588,-2.286805,-22.747486,-22.188408,-92.473923,-20.986111
4.750000,38.069416,-2.291341,-26.894333,-21.702423,-93.601570,-20.610538
4.756250,21.401278,-2.295531,-31.186172,-21.269440,-93.993385,-20.339838
4.762500,3.925844,-2.299114,-35.320675,-20.972198,-93.192108,-20.166727
4.768750,-13.819626,-2.301473,-37.795887,-20.789545,-91.058311,-20.071671
4.775000,-31.291122,-2.302741,-39.020115,-20.684072,-87.286125,-20.042095
4.781250,-47.961246,-2.303572,-38.395950,-20.619204,-81.629929,-20.076269
4.787500,-63.340000,-2.304405,-37.250492,-20.525625,-73.885162,-20.148428
4.793750,-76.998116,-2.305324,-34.456829,-20.473959,-65.561005,-20.210966
4.800000,-88.593971,-2.306384,-29.651848,-20.420315,-55.348686,-20.279154
4.806250,-97.889000,-2.307612,-23.488203,-20.357607,-43.887352,-20.346552
4.812500,-104.761086,-2.308863,-16.522308,-20.283859,-31.778755,-20.399624
4.818750,-109.210381,-2.310411,-9.309973,-20.198832,-19.613380,-20.425190
4.825000,-111.360619,-2.312920,-2.415349,-20.109308,-7.940278,-20.428591
4.831250,-111.446243,-2.316147,5.774187,-20.031528,2.718435,-20.433235
4.837500,-109.800621,-2.318611,13.436419,-19.978119,11.949786,-20.415945
4.843750,-106.850670,-2.320002,18.944822,-19.915667,19.844810,-20.342607
4.850000,-103.098404,-2.321694,24.044065,-19.862907,25.800732,-20.250652
4.856250,-99.081253,-2.324947,28.232695,-19.834709,29.779774,-20.155149
4.862500,-93.170654,-2.328768,31.246655,-19.834808,31.940756,-20.063967
4.868750,-87.250847,-2.331678,32.954079,-19.850006,32.555138,-19.974655
4.875000,-81.324730,-2.333699,33.310646,-19.858091,31.942965,-19.886511
4.881250,-75.401192,-2.335836,32.383476,-19.851355,30.410679,-19.805191
4.887500,-69.482040,-2.338440,30.540270,-19.851292,28.298153,-19.735325
4.893750,-63.563152,-2.341256,27.949858,-19.849186,25.973415,-19.679609
4.900000,-57.642467,-2.344063,24.783241,-19.844683,23.776989,-19.634829
4.906250,-51.720192,-2.347007,21.332449,-19.837156,22.024355,-19.588747
4.912500,-45.795948,-2.349714,17.793926,-19.811884,21.002396,-19.518337
4.918750,-39.868881,-2.352126,14.493637,-19.785530,21.157158,-19.469236
4.925000,-33.941647,-2.354810,11.793289,-19.781294,22.984995,-19.450367
4.931250,-28.013517,-2.357629,9.871789,-19.815155,24.249681,-19.458712
4.937500,-22.080162,-2.359560,8.839185,-19.896761,26.463005,-19.498417
4.943750,-16.138893,-2.359979,8.736019,-20.033104,29.268511,-19.577320
4.950000,-10.197980,-2.359657,9.566093,-20.221912,32.311069,-19.700701
4.956250,-4.263207,-2.359520,11.291056,-20.455051,35.247913,-19.878853
4.962500,1.668781,-2.359083,11.915657,-20.711983,37.715736,-20.170868
4.968750,7.603470,-2.357575,15.075974,-20.984753,38.537251,-20.384102
4.975000,13.536283,-2.355608,18.450745,-21.293413,39.663361,-20.670361
4.981250,19.463037,-2.353805,21.959637,-21.613453,39.503590,-21.020145
4.987500,25.387135,-2.351444,25.403290,-21.934071,38.087234,-21.421904
4.993750,31.312220,-2.347846,28.519156,-22.248278,35.356861,-21.866920
5.000000,37.231625,-2.343985,31.099403,-22.544365,31.283451,-22.343647
5.006250,43.137913,-2.341317,32.991657,-22.805887,27.752201,-22.830048
5.012500,49.035114,-2.339664,34.072491,-23.008131,23.058392,-23.258825
5.018750,54.932816,-2.337961,34.243111,-23.126621,17.684462,-23.624544
5.025000,60.831139,-2.336089,33.502205,-23.201080,11.770244,-23.964998
5.031250,66.725166,-2.334818,32.028946,-23.228031,6.108028,-24.249266
5.037500,72.613167,-2.334135,29.959892,-23.211107,1.080478,-24.462685
5.043750,78.499680,-2.333881,27.273281,-23.194412,-3.062610,-24.600344
5.050000,84.383400,-2.334576,23.924692,-23.136087,-6.094193,-24.656780
5.056250,90.263634,-2.336613,21.054789,-23.041109,-7.768251,-24.619249
5.062500,96.146080,-2.338967,17.771521,-22.956272,-7.945372,-24.491858
5.068750,100.142044,-2.340410,14.481066,-22.899147,-6.575721,-24.285412
5.075000,103.866302,-2.341652,11.574131,-22.869562,-3.594461,-24.009497
5.081250,106.776398,-2.344627,7.546312,-22.853790,1.046154,-23.673315
5.087500,108.383003,-2.349170,4.421258,-22.840723,7.341467,-23.292854
5.093750,108.272049,-2.353661,2.158786,-22.842388,15.177725,-22.893396
5.100000,106.105026,-2.357470,0.578345,-22.843664,24.268221,-22.482252
5.106250,101.635513,-2.361779,-0.606241,-22.824799,34.046833,-22.050837
5.112500,94.738228,-2.367347,-1.579245,-22.770201,44.287651,-21.633188
5.118750,85.421288,-2.373091,-2.505727,-22.671797,54.608967,-21.251654
5.125000,73.810661,-2.378060,-3.544521,-22.525684,64.448746,-20.919065
5.131250,60.138309,-2.383015,-4.819275,-22.329378,73.226173,-20.638805
5.137500,44.739315,-2.388763,-6.430876,-22.083969,80.390419,-20.399551
5.143750,28.044275,-2.394808,-6.304647,-21.796190,85.469200,-20.124107
5.150000,10.550582,-2.400467,-5.877885,-21.480555,89.024849,-20.008495
5.156250,-7.209658,-2.405701,-6.560058,-21.129435,91.102554,-19.890079
5.162500,-24.692844,-2.410669,-6.270494,-20.758179,91.188164,-19.805517
5.168750,-41.366455,-2.415128,-5.325312,-20.392897,89.682480,-19.761019
5.175000,-56.737267,-2.418633,-3.938033,-20.053680,87.165108,-19.752094
5.181250,-70.379997,-2.421199,-2.316681,-19.756012,84.296021,-19.766251
5.187500,-81.956627,-2.422954,-0.697012,-19.515942,79.633133,-19.795864
5.193750,-91.231049,-2.423976,0.670600,-19.350355,75.378387,-19.876677
5.200000,-98.083641,-2.424504,1.553074,-19.277943,71.804512,-20.038305
5.206250,-102.515343,-2.424961,3.977767,-19.288605,68.202110,-20.156240
5.212500,-104.647301,-2.425296,4.709065,-19.354984,65.356796,-20.290873
5.218750,-104.712898,-2.425136,5.604779,-19.479229,63.254032,-20.449404
5.225000,-103.052170,-2.424057,6.462715,-19.616590,61.754642,-20.626472
5.231250,-100.094879,-2.422123,7.236632,-19.810745,60.637543,-20.819603
5.237500,-96.336868,-2.419802,6.587133,-20.070835,59.566948,-21.039513
5.243750,-92.313507,-2.417747,5.253876,-20.361221,58.223862,-21.284262
5.250000,-86.404663,-2.416812,2.873404,-20.664101,56.336304,-21.545420
5.256250,-80.500595,-2.416687,-0.890503,-20.965321,53.613785,-21.817842
5.262500,-74.593582,-2.415904,-4.154619,-21.253353,49.802017,-22.090660
5.268750,-68.683640,-2.414228,-8.471411,-21.521278,44.680901,-22.349363
5.275000,-62.781879,-2.413349,-13.491754,-21.764322,38.043949,-22.575457
5.281250,-56.893684,-2.414779,-18.906736,-21.977140,29.855194,-22.771406
5.287500,-51.008530,-2.417392,-24.431841,-22.154856,20.435108,-22.960157
5.293750,-45.114254,-2.419152,-29.807461,-22.293964,9.847295,-23.119671
5.300000,-39.215240,-2.420425,-34.785572,-22.387602,-1.703264,-23.233814
5.306250,-33.325077,-2.423357,-39.132198,-22.427580,-13.834629,-23.290939
5.312500,-27.443092,-2.428364,-42.681194,-22.410572,-26.118504,-23.285118
5.318750,-21.557116,-2.434096,-45.319714,-22.333382,-38.108543,-23.210321
5.325000,-15.661523,-2.440037,-46.976807,-22.194557,-49.358074,-23.054348
5.331250,-9.761177,-2.446804,-47.685448,-22.015770,-59.493488,-22.882679
5.337500,-3.855261,-2.454091,-45.460674,-21.809946,-68.592407,-22.629271
5.343750,2.062791,-2.460472,-43.154140,-21.562790,-75.873817,-22.355927
5.350000,7.992144,-2.465623,-39.296524,-21.323446,-81.536705,-22.098619
5.356250,13.924125,-2.470816,-34.060181,-21.116470,-85.468529,-21.887936
5.362500,19.857273,-2.476097,-27.696564,-20.961760,-87.672432,-21.751507
5.368750,25.799780,-2.479949,-20.513653,-20.870615,-88.353340,-21.671867
5.375000,31.752859,-2.481590,-12.841314,-20.842522,-87.786591,-21.631807
5.381250,37.707291,-2.482092,-5.052257,-20.866383,-86.127533,-21.609709
5.387500,43.656834,-2.481958,2.403756,-20.947262,-82.842613,-21.729050
5.393750,49.605679,-2.480301,9.206970,-21.106537,-78.910263,-21.935751
5.400000,55.555183,-2.476774,15.360311,-21.327311,-74.696289,-22.222639
5.406250,61.496387,-2.472705,20.636576,-21.587008,-70.493408,-22.598181
5.412500,67.424019,-2.469154,24.822704,-21.857632,-66.318542,-22.959410
5.418750,73.343880,-2.465312,27.744991,-22.117935,-62.337261,-23.312214
5.425000,79.260544,-2.460762,29.309874,-22.348858,-58.958130,-23.643898
5.431250,85.168610,-2.456539,29.577419,-22.532373,-56.184368,-23.932646
5.437500,91.062691,-2.453804,28.775436,-22.652601,-53.967758,-24.150110
5.443750,96.946594,-2.452743,27.240641,-22.697487,-52.251461,-24.276859
5.450000,100.933182,-2.452925,25.328730,-22.657757,-50.966930,-24.301296
5.456250,104.646339,-2.454311,23.442575,-22.530556,-49.949738,-24.219461
5.462500,107.555161,-2.456607,22.024872,-22.327709,-49.034298,-24.060833
5.468750,109.170601,-2.459119,19.656502,-22.061882,-48.027866,-23.797384
5.475000,109.064110,-2.462151,18.520054,-21.725208,-46.046360,-23.419542
5.481250,106.889587,-2.466919,18.470503,-21.344435,-43.587795,-22.991421
5.487500,102.413551,-2.473374,19.235266,-20.951950,-40.348095,-22.550617
5.493750,95.524612,-2.479667,20.637884,-20.574297,-36.029186,-22.127975
5.500000,86.228325,-2.484369,22.527725,-20.228069,-30.399660,-21.746132
5.506250,74.637535,-2.488389,24.757677,-19.919571,-23.310873,-21.411709
5.512500,60.979504,-2.492903,27.156065,-19.630589,-14.794394,-21.045399
5.518750,45.598747,-2.497249,29.547911,-19.385427,-5.460795,-20.801058
5.525000,28.929993,-2.500134,31.324657,-19.225925,4.464204,-20.629763
5.531250,11.462266,-2.501728,33.066654,-19.127735,14.951325,-20.525949
5.537500,-6.279636,-2.502848,34.457108,-19.089811,25.475948,-20.480062
5.543750,-23.749916,-2.503438,35.176544,-19.119930,35.505619,-20.485609
5.550000,-40.412968,-2.503040,34.967083,-19.223209,44.652584,-20.591400
5.556250,-55.777382,-2.501755,33.648621,-19.407419,52.644680,-20.773731
5.562500,-69.419411,-2.499799,31.097958,-19.679586,59.822655,-20.979015
5.568750,-80.998833,-2.497124,27.359726,-20.006252,65.317299,-21.237349
5.575000,-90.278694,-2.493783,24.664522,-20.386465,69.256348,-21.547676
5.581250,-97.140190,-2.490244,19.686855,-20.819893,71.907089,-21.892618
5.587500,-101.583771,-2.486721,14.675281,-21.305269,73.610420,-22.234486
5.593750,-103.729752,-2.482892,9.713683,-21.843016,74.503296,-22.634338
5.600000,-103.815491,-2.479206,5.006033,-22.400354,73.141235,-23.030914
5.606250,-102.185074,-2.476683,0.745336,-22.957523,71.658478,-23.419214
5.612500,-99.263733,-2.475060,-3.031730,-23.502567,69.789886,-23.796713
5.618750,-95.534592,-2.472965,-6.215404,-24.019794,67.409515,-24.158981
5.625000,-91.529846,-2.470136,-8.688930,-24.492199,64.410980,-24.503626
5.631250,-85.640572,-2.468589,-10.343073,-24.898336,60.684589,-24.811483
5.637500,-79.765358,-2.469566,-11.096916,-25.214994,56.076504,-25.044975
5.643750,-73.891060,-2.471619,-12.819217,-25.414406,52.468357,-25.162481
5.650000,-68.007698,-2.473021,-11.762122,-25.474674,48.242470,-25.191387
5.656250,-62.121777,-2.474651,-10.064458,-25.417984,43.034554,-25.166595
5.662500,-56.243683,-2.478057,-7.929756,-25.244593,37.797035,-25.056862
5.668750,-50.371006,-2.483328,-5.437270,-24.953558,32.792381,-24.853262
5.675000,-44.492710,-2.489323,-2.830449,-24.560984,28.205790,-24.560326
5.681250,-38.604771,-2.495553,-0.392406,-24.090065,24.213049,-24.185591
5.687500,-32.711536,-2.502096,1.599122,-23.576836,21.024918,-23.740473
5.693750,-26.812395,-2.508608,2.773448,-23.030159,18.934664,-23.252960
5.700000,-20.906761,-2.514749,2.498194,-22.446877,18.387100,-22.744967
5.706250,-14.998327,-2.521313,2.820207,-21.888790,17.539867,-22.248173
5.712500,-9.088724,-2.528907,2.116663,-21.394506,18.053465,-21.797905
5.718750,-3.171529,-2.536216,0.593611,-20.985226,19.528856,-21.421532
5.725000,2.760807,-2.541777,-1.544121,-20.670074,23.377340,-21.109272
5.731250,8.703509,-2.545628,-4.103515,-20.449242,27.462460,-20.831696
5.737500,14.645535,-2.549057,-6.893480,-20.309202,31.967525,-20.625509
5.743750,20.585344,-2.552079,-9.762402,-20.230698,36.032421,-20.545269
5.750000,26.529768,-2.553503,-12.696507,-20.232882,40.139729,-20.555994
5.756250,32.477573,-2.553341,-15.671308,-20.302105,43.995159,-20.641535
5.762500,38.420830,-2.552599,-16.291975,-20.413052,47.250854,-20.788445
5.768750,44.355530,-2.551666,-17.722288,-20.537498,49.559341,-20.999769
5.775000,50.286087,-2.550119,-17.831358,-20.649031,50.458622,-21.204882
5.781250,56.212688,-2.548036,-16.815588,-20.745018,50.902927,-21.411253
5.787500,62.130318,-2.546380,-14.927839,-20.816301,49.932823,-21.622311
5.793750,68.037956,-2.545793,-12.375437,-20.851196,47.708935,-21.822748
5.800000,73.940170,-2.546029,-9.438978,-20.841347,44.312912,-21.991264
5.806250,79.841110,-2.546631,-6.441025,-20.784346,39.873611,-22.105097
5.812500,85.741615,-2.547403,-3.720480,-20.683414,34.617939,-22.158913
5.818750,91.640228,-2.548569,-1.600171,-20.548252,28.942663,-22.174099
5.825000,95.639320,-2.550871,1.776015,-20.404823,21.019384,-22.172243
5.831250,99.359840,-2.555322,4.772954,-20.312506,12.733491,-22.092653
5.837500,102.274162,-2.561629,6.098007,-20.174074,4.159323,-21.961111
5.843750,103.901482,-2.568146,7.781140,-20.056797,-4.939886,-21.810928
5.850000,103.821075,-2.573187,9.265062,-19.993431,-14.422094,-21.664616
5.856250,101.686394,-2.576803,10.487910,-19.992144,-24.053825,-21.536596
5.862500,97.248062,-2.580222,11.399253,-20.051048,-33.617920,-21.438675
5.868750,90.383698,-2.583766,11.969790,-20.148199,-42.970051,-21.370653
5.875000,81.097466,-2.586798,12.328429,-20.283936,-52.077106,-21.322460
5.881250,69.513496,-2.589067,12.939167,-20.486803,-61.053673,-21.312536
5.887500,55.866108,-2.590631,13.772459,-20.729052,-67.659157,-21.339350
5.893750,40.495007,-2.591090,15.005864,-20.996668,-73.216560,-21.389681
5.900000,23.827171,-2.590437,14.989971,-21.295776,-77.339615,-21.453266
5.906250,6.349001,-2.589601,15.611739,-21.660017,-81.774231,-21.542162
5.912500,-11.409722,-2.589280,16.688772,-22.014610,-84.709862,-21.647589
5.918750,-28.896372,-2.588435,18.444767,-22.372435,-86.522141,-21.756651
5.925000,-45.573414,-2.586170,20.100508,-22.754599,-87.594696,-21.867310
5.931250,-60.956692,-2.583735,21.547428,-23.164701,-88.209831,-21.983046
5.937500,-74.626495,-2.582433,22.708391,-23.592159,-88.601463,-22.106096
5.943750,-86.237244,-2.581773,23.542904,-24.018150,-88.954376,-22.235617
5.950000,-95.542542,-2.580499,24.244661,-24.425056,-89.506218,-22.327784
5.956250,-102.423531,-2.579146,24.998180,-24.793684,-90.756004,-22.382484
5.962500,-106.888763,-2.579198,25.700293,-25.108408,-89.977852,-22.445290
5.968750,-109.055298,-2.579980,26.220409,-25.358751,-89.413361,-22.506384
5.975000,-109.149788,-2.579651,26.470097,-25.533092,-88.608673,-22.561737
5.981250,-107.515755,-2.578340,26.370705,-25.624838,-87.132858,-22.611189
5.987500,-104.593559,-2.578253,25.861076,-25.628286,-84.602570,-22.652674
5.993750,-100.878044,-2.580121,24.920155,-25.539877,-80.683952,-22.682741
6.000000,-96.888397,-2.582688,23.538391,-25.358061,-75.157463,-22.693771
6.006250,-90.997307,-2.585115,21.751419,-25.073212,-67.964592,-22.642757
6.012500,-85.105148,-2.588220,19.616280,-24.647032,-59.503281,-22.571955
6.018750,-79.214096,-2.592333,19.048943,-24.205957,-50.048450,-22.487055
6.025000,-73.317245,-2.596407,16.737682,-23.728376,-39.561825,-22.389795
6.031250,-67.413216,-2.600026,15.117602,-23.240000,-28.499578,-22.294279
6.037500,-61.506905,-2.604075,14.041286,-22.783484,-17.402164,-22.217625
6.043750,-55.599834,-2.608596,13.436745,-22.405169,-6.718824,-22.144262
6.050000,-49.686192,-2.612461,13.368545,-22.095255,3.291012,-22.058262
6.056250,-43.764248,-2.615244,13.838015,-21.882000,12.173122,-21.996763
6.062500,-37.841995,-2.618015,14.562555,-21.794357,19.678843,-21.980869
6.068750,-31.921520,-2.620942,13.587554,-21.839861,25.666248,-22.012062
6.075000,-25.996162,-2.622695,12.512422,-22.006977,30.135084,-22.087034
6.081250,-20.063694,-2.622528,12.961909,-22.261778,33.162182,-22.201403
6.087500,-14.135406,-2.621808,13.056526,-22.526455,34.816753,-22.332830
6.093750,-8.218759,-2.621987,12.710877,-22.837509,35.077053,-22.468006
6.100000,-2.309373,-2.622745,11.311842,-23.159864,34.122585,-22.611626
6.106250,3.601328,-2.623217,9.312897,-23.443459,32.244411,-22.754644
6.112500,9.512635,-2.623430,6.621130,-23.657515,29.614328,-22.882824
6.118750,15.419228,-2.624112,3.152933,-23.783701,26.365791,-22.978354
6.125000,21.320837,-2.625525,-1.138052,-23.816790,22.645060,-23.019096
6.131250,27.219492,-2.627950,-4.078159,-23.761866,18.702955,-23.003395
6.137500,33.117840,-2.631388,-6.933238,-23.618353,15.373483,-22.944834
6.143750,39.019688,-2.635165,-10.894881,-23.384914,10.768831,-22.826492
6.150000,44.930405,-2.638184,-13.845258,-23.089012,6.322959,-22.662083
6.156250,50.847004,-2.640464,-15.828747,-22.758337,2.002028,-22.465708
6.162500,56.761745,-2.643059,-16.863867,-22.416468,-2.158986,-22.250761
6.168750,62.673183,-2.646327,-16.975399,-22.082193,-6.087962,-22.027714
6.175000,68.588982,-2.649282,-16.249548,-21.774540,-9.719358,-21.808311
6.181250,74.511971,-2.651086,-14.823543,-21.509228,-12.981372,-21.607334
6.187500,80.437019,-2.652248,-12.862340,-21.300707,-15.738628,-21.501944
6.193750,86.358849,-2.653425,-10.578800,-21.172516,-18.263664,-21.372154
6.200000,92.280029,-2.654210,-8.159764,-21.105953,-20.354000,-21.304495
6.206250,96.307259,-2.654291,-5.324138,-21.093536,-21.898413,-21.317070
6.212500,100.059898,-2.654208,-2.329777,-21.154747,-23.064983,-21.420366
6.218750,103.001266,-2.654350,0.638846,-21.277044,-24.027800,-21.653782
6.225000,104.641975,-2.654712,3.403106,-21.435389,-23.367006,-21.889645
6.231250,104.556778,-2.655087,5.599781,-21.658312,-23.616714,-22.205038
6.237500,102.405640,-2.655431,6.922102,-21.929897,-23.883532,-22.597013
6.243750,97.952042,-2.655426,7.352484,-22.231998,-24.087824,-23.051117
6.250000,91.074425,-2.654847,8.887976,-22.551693,-24.263893,-23.548225
6.256250,81.770134,-2.654287,10.053392,-22.882021,-24.435156,-24.068453
6.262500,70.156075,-2.654636,9.391101,-23.218210,-24.583763,-24.592447
6.268750,56.475319,-2.655281,9.018585,-23.543447,-24.456154,-25.060785
6.275000,41.074692,-2.654693,8.911779,-23.837925,-23.736362,-25.479801
6.281250,24.379915,-2.652943,8.939641,-24.096970,-22.533772,-25.839884
6.287500,6.871029,-2.651997,8.990779,-24.316210,-20.703934,-26.124174
6.293750,-10.923299,-2.652887,9.013202,-24.486084,-17.996954,-26.315683
6.300000,-28.444893,-2.654396,8.992363,-24.591715,-14.152542,-26.396557
6.306250,-45.152901,-2.655472,8.897296,-24.616407,-8.976092,-26.350292
6.312500,-60.560200,-2.656766,8.672817,-24.542822,-2.376128,-26.161800
6.318750,-74.246452,-2.659297,8.195004,-24.378422,5.479519,-25.886213
6.325000,-85.867416,-2.662671,9.383204,-24.158199,14.207402,-25.529589
6.331250,-95.180611,-2.666294,9.008646,-23.873262,23.575436,-25.082386
6.337500,-102.065369,-2.670468,9.309045,-23.519791,33.345860,-24.585262
6.343750,-106.524910,-2.675660,9.997673,-23.129141,43.086334,-24.077911
6.350000,-108.677032,-2.681151,10.837461,-22.731947,52.226063,-23.593946
6.356250,-108.753685,-2.685908,11.672318,-22.355009,60.168365,-23.161842
6.362500,-107.097832,-2.689789,12.373427,-22.020077,66.338577,-22.792660
6.368750,-104.142563,-2.693368,12.826635,-21.742523,70.223404,-22.427647
6.375000,-100.381195,-2.696364,12.908963,-21.532742,71.963326,-22.230288
6.381250,-96.345276,-2.698571,12.352674,-21.408043,71.229500,-22.150473
6.387500,-90.415627,-2.700405,12.303956,-21.351934,67.882515,-22.190613
6.393750,-84.489189,-2.701952,11.881142,-21.382702,62.235779,-22.304070
6.400000,-78.562630,-2.702646,11.358337,-21.501038,54.697102,-22.408201
6.406250,-72.636566,-2.702329,10.799556,-21.698881,43.598209,-22.637478
6.412500,-66.716148,-2.702051,10.237108,-21.961411,31.415482,-22.931673
6.418750,-60.804615,-2.702635,9.658763,-22.274591,17.928129,-23.254854
6.425000,-54.895771,-2.703289,9.064049,-22.612186,3.622872,-23.575148
6.431250,-48.984291,-2.703346,8.450761,-22.948130,-10.953867,-23.862911
6.437500,-43.074532,-2.703355,7.758909,-23.255011,-25.272554,-24.088642
6.443750,-37.171516,-2.704377,9.095106,-23.502216,-38.841068,-24.220329
6.450000,-31.272665,-2.706316,10.974216,-23.678106,-51.406544,-24.306250
6.456250,-25.370907,-2.708385,11.802202,-23.786940,-62.860058,-24.334467
6.462500,-19.465738,-2.710572,13.575678,-23.823570,-71.252380,-24.262140
6.468750,-13.561093,-2.713073,16.095131,-23.786129,-77.929733,-24.126448
6.475000,-7.653695,-2.715462,19.087996,-23.683140,-82.425484,-23.956556
6.481250,-1.741892,-2.717380,22.229431,-23.539021,-84.522713,-23.780296
6.487500,4.169556,-2.719437,25.214746,-23.383219,-84.114662,-23.613760
6.493750,10.078728,-2.722028,27.893301,-23.216681,-81.083336,-23.435907
6.500000,15.989546,-2.724320,30.146196,-23.047573,-77.405205,-23.248543
6.506250,21.906981,-2.725566,29.833704,-22.890379,-71.651543,-23.077839
6.512500,27.824327,-2.726507,30.581856,-22.771278,-64.318237,-22.955130
6.518750,33.735405,-2.728289,30.301889,-22.717125,-56.183109,-22.872297
6.525000,39.644333,-2.730496,29.098007,-22.722548,-47.959763,-22.821280
6.531250,45.559471,-2.731895,27.066521,-22.780066,-40.254681,-22.797443
6.537500,51.479050,-2.732356,24.266287,-22.880651,-33.610485,-22.797102
6.543750,57.394779,-2.733114,20.779804,-23.013514,-28.495579,-22.820213
6.550000,63.305305,-2.734372,16.721502,-23.164045,-23.452190,-22.843473
6.556250,69.216949,-2.735503,12.273408,-23.298267,-20.484919,-22.856190
6.562500,75.130730,-2.736293,7.766183,-23.411047,-19.039589,-22.869360
6.568750,81.044067,-2.737014,4.150411,-23.536903,-18.752066,-22.880451
6.575000,86.956017,-2.737612,-0.438696,-23.639799,-19.314209,-22.912344
6.581250,92.867157,-2.737980,-3.992128,-23.714064,-20.282860,-22.943369
6.587500,96.880844,-2.738741,-6.584450,-23.762733,-21.122969,-22.974344
6.593750,100.617180,-2.740457,-8.248971,-23.791552,-23.359163,-23.010731
6.600000,103.548668,-2.742128,-9.014944,-23.804844,-24.938147,-23.055092
6.606250,105.188133,-2.742850,-8.916207,-23.803793,-25.967619,-23.105568
6.612500,105.103363,-2.743201,-8.028102,-23.789560,-26.573168,-23.160210
6.618750,102.945526,-2.744471,-6.464634,-23.761925,-26.898132,-23.214844
6.625000,98.480103,-2.746812,-4.368488,-23.720995,-25.187323,-23.265770
6.631250,91.592140,-2.749176,-1.927546,-23.669643,-23.217714,-23.325634
6.637500,82.284515,-2.751298,2.838853,-23.604206,-20.680073,-23.310921
6.643750,70.672791,-2.754079,6.522468,-23.505514,-19.388435,-23.279884
6.650000,56.993690,-2.757806,11.024881,-23.369038,-17.383541,-23.232061
6.656250,41.594124,-2.761338,15.922219,-23.198616,-15.062970,-23.158270
6.662500,24.903652,-2.764039,20.846333,-22.989405,-12.792220,-23.046499
6.668750,7.409566,-2.766422,25.448250,-22.729685,-10.982363,-22.892029
6.675000,-10.360600,-2.769060,29.276266,-22.437744,-10.174196,-22.726774
6.681250,-27.858278,-2.771970,31.861923,-22.131054,-8.641226,-22.562393
6.687500,-44.549232,-2.775125,35.101749,-21.819006,-8.036210,-22.407909
6.693750,-59.940109,-2.778380,37.315781,-21.535597,-8.227881,-22.280428
6.700000,-73.601448,-2.781220,38.595352,-21.263268,-9.076801,-22.220955
6.706250,-85.190323,-2.782864,38.820110,-21.009401,-10.265771,-22.197670
6.712500,-94.475349,-2.783712,38.470959,-20.819664,-11.215938,-22.227201
6.718750,-101.340179,-2.784776,37.675800,-20.717440,-12.121427,-22.335333
6.725000,-105.784302,-2.786153,36.503342,-20.711111,-12.656405,-22.512661
6.731250,-107.923515,-2.786991,34.979446,-20.800243,-14.539892,-22.771221
6.737500,-107.993233,-2.786796,33.117756,-20.973635,-15.805585,-23.113653
6.743750,-106.339211,-2.786030,30.882721,-21.235249,-16.727507,-23.503820
6.750000,-103.392517,-2.785137,28.149242,-21.616211,-17.461617,-23.902910
6.756250,-99.644516,-2.784134,25.624287,-21.987970,-18.082050,-24.273525
6.762500,-95.627159,-2.783291,23.301140,-22.396677,-18.794754,-24.613113
6.768750,-89.719414,-2.782768,21.020411,-22.835945,-19.730320,-24.902802
6.775000,-83.812729,-2.781877,18.863764,-23.287218,-18.752728,-25.125431
6.781250,-77.905273,-2.780283,16.859331,-23.731289,-17.296410,-25.269604
6.787500,-72.002014,-2.778602,15.020112,-24.147898,-14.925485,-25.327929
6.793750,-66.107216,-2.777827,13.344024,-24.519283,-11.237808,-25.296177
6.800000,-60.218742,-2.778017,11.812357,-24.828876,-5.887382,-25.172728
6.806250,-54.329327,-2.778432,10.398016,-25.063358,-0.761824,-24.956556
6.812500,-48.438610,-2.779230,9.054593,-25.214327,5.719701,-24.625898
6.818750,-42.549572,-2.781148,7.701475,-25.291170,13.450969,-24.263657
6.825000,-36.659817,-2.783770,8.369747,-25.333916,20.906715,-23.864866
6.831250,-30.762699,-2.785943,8.100476,-25.267584,28.816153,-23.466803
6.837500,-24.860031,-2.787914,8.787930,-25.153370,36.391178,-23.117456
6.843750,-18.959349,-2.791042,10.198971,-25.017906,42.945950,-22.837345
6.850000,-13.059101,-2.795255,12.302104,-24.877180,49.630413,-22.623259
6.856250,-7.149749,-2.798874,15.035811,-24.742081,54.481438,-22.506361
6.862500,-1.229144,-2.801067,18.310740,-24.616112,57.691326,-22.494921
6.868750,4.693040,-2.802727,22.049936,-24.491209,59.451378,-22.578688
6.875000,10.609435,-2.805016,26.174908,-24.342045,60.024292,-22.737415
6.881250,16.522690,-2.807560,30.728714,-24.201080,59.727097,-22.917597
6.887500,22.437731,-2.809855,34.171329,-24.091316,58.760281,-23.140852
6.893750,28.354790,-2.811840,37.845482,-24.007458,57.014503,-23.388617
6.900000,34.271126,-2.813531,41.246635,-23.995354,55.242409,-23.610731
6.906250,40.186939,-2.814629,43.893555,-23.953754,53.833679,-23.772284
6.912500,46.100483,-2.815340,46.501400,-23.910692,51.169533,-23.856066
6.918750,52.007072,-2.816700,47.835136,-23.885132,49.132629,-23.854885
6.925000,57.907272,-2.819050,47.916264,-23.860010,47.443188,-23.764397
6.931250,63.807785,-2.821636,46.810261,-23.779705,45.821156,-23.584450
6.937500,69.712219,-2.824123,46.213013,-23.755495,43.919823,-23.339569
6.943750,75.617935,-2.826837,43.124149,-23.732380,43.212959,-23.069752
6.950000,81.524651,-2.829605,39.943008,-23.691380,41.589825,-22.737946
6.956250,87.435844,-2.831500,36.686821,-23.620438,39.195492,-22.377241
6.962500,93.351326,-2.832349,33.359356,-23.515100,36.419804,-22.023594
6.968750,97.367722,-2.833672,29.941805,-23.381866,33.339527,-21.702709
6.975000,101.103020,-2.836393,26.444645,-23.227076,29.965237,-21.431845
6.981250,104.033997,-2.839528,22.945011,-23.052565,26.304699,-21.218222
6.987500,105.675995,-2.841550,19.519556,-22.859335,22.338726,-21.060749
6.993750,105.599915,-2.842395,16.241682,-22.641932,18.024689,-20.942654
7.000000,103.454468,-2.843265,13.185840,-22.381863,13.238220,-20.873957
7.006250,98.999298,-2.844988,10.363394,-22.056824,9.786917,-20.877367
7.012500,92.118271,-2.847287,9.428249,-21.786364,6.330759,-20.930710
7.018750,82.815483,-2.849868,9.135622,-21.554066,3.296619,-21.015352
7.025000,71.213860,-2.852340,8.604012,-21.292763,1.067680,-21.167442
7.031250,57.550266,-2.854460,9.399904,-21.065279,-1.926657,-21.364992
7.037500,42.164085,-2.856471,11.135225,-20.911274,-3.591606,-21.593626
7.043750,25.480474,-2.858752,13.554330,-20.865063,-4.842955,-21.883310
7.050000,7.992592,-2.861254,16.421419,-20.949923,-5.814574,-22.245295
7.056250,-9.762271,-2.862968,19.571939,-21.156832,-6.598737,-22.684072
7.062500,-27.236364,-2.863262,20.934345,-21.482010,-7.285156,-23.208197
7.068750,-43.903362,-2.862780,23.937647,-21.928585,-7.981761,-23.856144
7.075000,-59.276966,-2.862166,26.499165,-22.472517,-8.098173,-24.461689
7.081250,-72.927528,-2.861175,28.533453,-23.026854,-10.176947,-25.089979
7.087500,-84.511841,-2.859222,30.048809,-23.663849,-12.734594,-25.743973
7.093750,-93.794548,-2.856494,29.793457,-24.335428,-14.043447,-26.402542
7.100000,-100.658485,-2.853435,28.572111,-24.993223,-15.846326,-27.035662
7.106250,-105.104782,-2.850238,26.167095,-25.611637,-17.996363,-27.610796
7.112500,-107.255547,-2.847286,22.406889,-26.179970,-20.327385,-28.092182
7.118750,-107.348892,-2.845021,17.059883,-26.641850,-22.647007,-28.437265
7.125000,-105.723259,-2.843488,12.037710,-26.974077,-26.870111,-28.597576
7.131250,-102.801346,-2.841956,6.149222,-27.186609,-31.164330,-28.611515
7.137500,-99.075157,-2.840514,-0.204389,-27.290257,-35.605320,-28.469650
7.143750,-95.083405,-2.840320,-6.653320,-27.290117,-40.497807,-28.165287
7.150000,-89.205238,-2.842223,-12.835015,-27.191128,-45.844677,-27.710209
7.156250,-83.326706,-2.845107,-18.429510,-26.999863,-51.556965,-27.127272
7.162500,-77.438293,-2.847592,-23.171337,-26.728592,-57.492455,-26.452398
7.168750,-71.543701,-2.849885,-26.867062,-26.396309,-63.505169,-25.739738
7.175000,-65.650345,-2.852882,-29.371302,-26.024420,-69.493263,-25.005573
7.181250,-59.756767,-2.856446,-30.585604,-25.634516,-75.597275,-24.263947
7.187500,-53.856117,-2.859600,-30.467930,-25.245646,-79.498375,-23.575630
7.193750,-47.948708,-2.862145,-29.014509,-24.859043,-82.655037,-22.983883
7.200000,-42.039497,-2.864536,-28.173542,-24.477962,-84.465599,-22.515852
7.206250,-36.129250,-2.866685,-24.737574,-24.172382,-84.319794,-22.131098
7.212500,-30.215658,-2.868174,-20.513945,-23.923874,-83.618576,-21.873682
7.218750,-24.300560,-2.869345,-15.783471,-23.739126,-81.199928,-21.771740
7.225000,-18.389103,-2.871165,-10.819308,-23.606632,-76.900909,-21.797977
7.231250,-12.479059,-2.873409,-5.910450,-23.515055,-71.159935,-21.930189
7.237500,-6.563730,-2.874986,-1.459532,-23.474411,-64.492744,-22.138407
7.243750,-0.643569,-2.875717,4.329113,-23.481312,-57.443390,-22.375734
7.250000,5.274848,-2.876347,9.927934,-23.516567,-50.579441,-22.553078
7.256250,11.188611,-2.877363,15.601757,-23.568939,-45.256966,-22.800646
7.262500,17.099983,-2.878612,19.658747,-23.643923,-39.385914,-23.030617
7.268750,23.010448,-2.880137,23.935984,-23.740152,-34.659672,-23.184196
7.275000,28.919353,-2.882508,28.406631,-23.788630,-31.130581,-23.258915
7.281250,34.826904,-2.885674,32.582066,-23.812279,-28.843166,-23.260263
7.287500,40.739830,-2.888515,36.079418,-23.804718,-27.629829,-23.190130
7.293750,46.661163,-2.890057,38.800415,-23.739868,-27.248320,-23.054010
7.300000,52.585880,-2.890575,40.843647,-23.646511,-27.464010,-22.867847
7.306250,58.506504,-2.890826,42.500317,-23.532804,-28.044525,-22.652285
7.312500,64.419273,-2.891769,43.707054,-23.389416,-28.753372,-22.431925
7.318750,70.326843,-2.893553,44.665573,-23.226906,-29.433273,-22.223112
7.325000,76.234436,-2.895898,43.813347,-23.046001,-30.042576,-22.032721
7.331250,82.147591,-2.897687,43.286335,-22.832092,-30.469955,-21.886261
7.337500,88.067039,-2.898451,42.781475,-22.613245,-30.660357,-21.806246
7.343750,93.986389,-2.898642,42.051643,-22.413397,-30.714386,-21.797392
7.350000,98.005371,-2.899239,41.002144,-22.243708,-28.887939,-21.835497
7.356250,101.745903,-2.900624,39.587967,-22.106907,-26.884205,-21.929922
7.362500,104.680893,-2.902259,37.757195,-22.001719,-23.941072,-22.101089
7.368750,106.320587,-2.903689,35.459038,-21.919064,-22.065958,-22.313713
7.375000,106.236465,-2.904947,32.626572,-21.849426,-19.586073,-22.535339
7.381250,104.085655,-2.906352,31.291368,-21.790939,-16.701143,-22.733303
7.387500,99.630150,-2.908258,29.846724,-21.774117,-13.706029,-22.902838
7.393750,92.749016,-2.911021,28.479240,-21.773371,-8.825201,-23.043856
7.400000,83.444023,-2.914344,27.406704,-21.777325,-3.580099,-23.137684
7.406250,71.842949,-2.917159,27.008900,-21.806620,0.422204,-23.175507
7.412500,58.183807,-2.918864,27.335972,-21.874784,4.991862,-23.158564
7.418750,42.800350,-2.920152,28.318312,-21.992634,9.758103,-23.093519
7.425000,26.114853,-2.921886,29.817226,-22.168676,14.357391,-22.991827
7.431250,8.621798,-2.923877,31.672421,-22.405607,18.468615,-22.861280
7.437500,-9.140370,-2.925438,33.715260,-22.698545,21.846321,-22.693781
7.443750,-26.626373,-2.926654,37.947121,-23.027802,24.255804,-22.490578
7.450000,-43.306095,-2.927937,40.917374,-23.373802,25.269896,-22.303225
7.456250,-58.686756,-2.928727,44.201164,-23.800104,24.735014,-22.147921
7.462500,-72.335678,-2.928288,47.590103,-24.291882,22.731091,-22.036173
7.468750,-83.917587,-2.926942,50.916775,-24.858984,19.358353,-21.977884
7.475000,-93.201271,-2.925665,54.086441,-25.428616,14.834044,-21.967222
7.481250,-100.065048,-2.924388,56.907688,-26.010593,9.462149,-21.997290
7.487500,-104.503937,-2.922356,57.048298,-26.604612,3.547572,-22.067055
7.493750,-106.639786,-2.919538,56.053520,-27.191008,-2.483263,-22.164557
7.500000,-106.716652,-2.917172,53.411617,-27.729198,-8.022007,-22.277966
7.506250,-105.077446,-2.915767,50.793850,-28.197416,-12.349520,-22.408733
7.512500,-102.143250,-2.914557,46.246223,-28.597837,-14.871328,-22.536879
7.518750,-98.402855,-2.913144,40.075031,-28.901237,-15.043365,-22.642410
7.525000,-94.393867,-2.912434,32.620632,-29.091930,-12.321987,-22.721272
7.531250,-88.497688,-2.913051,24.196947,-29.172058,-8.341067,-22.767090
7.537500,-82.603661,-2.914349,15.171299,-29.155445,-3.078091,-22.752295
7.543750,-76.707726,-2.915777,6.109225,-29.009762,4.765030,-22.691479
7.550000,-70.811989,-2.917761,-2.518033,-28.760925,14.196869,-22.602055
7.556250,-64.919136,-2.920910,-10.448345,-28.442410,24.319912,-22.502934
7.562500,-59.025085,-2.924605,-19.090309,-28.071585,34.261543,-22.416950
7.568750,-53.125206,-2.928132,-26.275789,-27.655949,43.217949,-22.361952
7.575000,-47.219913,-2.931176,-31.907579,-27.236292,50.677727,-22.295639
7.581250,-41.311619,-2.933735,-35.800159,-26.827925,55.878693,-22.253069
7.587500,-35.401375,-2.935565,-38.214779,-26.434099,60.311237,-22.253792
7.593750,-29.490421,-2.936670,-39.335228,-26.066187,62.309330,-22.301655
7.600000,-23.582579,-2.937757,-39.250687,-25.729708,62.239506,-22.389475
7.606250,-17.680271,-2.939415,-38.064575,-25.427162,60.540443,-22.503979
7.612500,-11.779693,-2.941203,-35.919552,-25.154343,57.691204,-22.629124
7.618750,-5.876842,-2.942526,-32.998306,-24.905220,54.139801,-22.766365
7.625000,0.026124,-2.943743,-29.563745,-24.675184,50.279694,-22.940699
7.631250,5.924186,-2.945641,-23.750502,-24.462322,46.524040,-23.113403
7.637500,11.819077,-2.948323,-19.107744,-24.256186,42.732643,-23.237629
7.643750,17.713911,-2.951072,-13.739059,-24.018522,39.643524,-23.338633
7.650000,23.610901,-2.954062,-8.002471,-23.709513,37.297020,-23.420761
7.656250,29.505116,-2.958039,-2.705986,-23.403961,35.476219,-23.499516
7.662500,35.397282,-2.963313,1.535598,-23.096115,33.873093,-23.578678
7.668750,41.293625,-2.969078,6.703903,-22.782412,32.220306,-23.655365
7.675000,47.200554,-2.974219,11.038022,-22.472462,32.091412,-23.735264
7.681250,53.115440,-2.978361,14.680710,-22.185139,31.471251,-23.828140
7.687500,59.033909,-2.981850,17.838728,-21.944288,30.468880,-23.943064
7.693750,64.952209,-2.984898,20.795044,-21.758432,29.164995,-24.091898
7.700000,70.870773,-2.987401,22.059616,-21.619436,27.609537,-24.305044
7.706250,76.790207,-2.989257,23.476784,-21.541348,25.812738,-24.525026
7.712500,82.709381,-2.990489,24.739876,-21.521090,22.910759,-24.723415
7.718750,88.626785,-2.991205,25.573383,-21.541742,21.553486,-24.959951
7.725000,94.543404,-2.991307,25.693256,-21.636768,20.087145,-25.228004
7.731250,98.562912,-2.990854,24.794655,-21.788414,18.803679,-25.504465
7.737500,102.303558,-2.990537,22.864296,-21.967009,17.835073,-25.759262
7.743750,105.231766,-2.991042,21.904278,-22.146801,17.261990,-25.950722
7.750000,106.857773,-2.992479,20.353373,-22.309135,17.072126,-26.044577
7.756250,106.759415,-2.994194,18.497841,-22.441309,16.924889,-26.079586
7.762500,104.599472,-2.995875,16.552473,-22.545141,16.797676,-26.027229
7.768750,100.137169,-2.998014,14.708051,-22.617563,16.733244,-25.876286
7.775000,93.248718,-3.001225,13.209890,-22.655289,16.592749,-25.628679
7.781250,83.937798,-3.005266,12.213711,-22.666500,16.234158,-25.300320
7.787500,72.332970,-3.008962,11.775745,-22.664343,15.539659,-24.916275
7.793750,58.672794,-3.011748,11.914937,-22.661264,14.470059,-24.502399
7.800000,43.292191,-3.014066,12.617762,-22.668268,13.126285,-24.047085
7.806250,26.614538,-3.016060,13.856005,-22.686502,11.652887,-23.540173
7.812500,9.134080,-3.017343,13.679453,-22.716423,10.101237,-23.039740
7.818750,-8.615725,-3.017536,15.683319,-22.771765,7.417509,-22.614292
7.825000,-26.092613,-3.017288,17.748192,-22.880777,5.172746,-22.255592
7.831250,-42.767803,-3.016911,19.667389,-23.065647,3.310399,-21.968830
7.837500,-58.144657,-3.015923,21.372660,-23.356125,1.913092,-21.751822
7.843750,-71.794388,-3.013709,22.775576,-23.695530,1.134539,-21.605827
7.850000,-83.381416,-3.011093,24.442392,-24.070053,1.068492,-21.540266
7.856250,-92.675598,-3.009208,25.559244,-24.498407,-0.355496,-21.553011
7.862500,-99.550934,-3.007917,26.193111,-24.966156,-1.611394,-21.632332
7.868750,-104.000504,-3.006027,24.503160,-25.443647,-3.018831,-21.761915
7.875000,-106.144318,-3.003362,22.121248,-25.908957,-4.831157,-21.915693
7.881250,-106.227531,-3.000753,20.573099,-26.359846,-7.235920,-22.040934
7.887500,-104.594292,-2.998818,18.079702,-26.770653,-10.334014,-22.173656
7.893750,-101.666237,-2.997172,14.829511,-27.122896,-13.166211,-22.316399
7.900000,-97.933327,-2.995664,11.020019,-27.386990,-16.094900,-22.408661
7.906250,-93.932549,-2.995161,6.938958,-27.538322,-18.988781,-22.458761
7.912500,-88.042046,-2.996032,2.706358,-27.585030,-21.572584,-22.478798
7.918750,-82.148209,-2.996032,-1.474808,-27.585030,-23.446533,-22.478798
7.925000,-82.148209,-2.996032,-1.474808,-27.585030,-23.446533,-22.478798
7.931250,-82.148209,-2.996032,-1.474808,-27.585030,-23.446533,-22.478798
7.937500,-82.148209,-2.996032,-1.474808,-27.585030,-23.446533,-22.478798
7.943750,-82.148209,-2.996032,-1.474808,-27.585030,-23.446533,-22.478798
7.950000,-82.148209,-2.996032,-1.474808,-27.585030,-23.446533,-22.478798
7.956250,-82.148209,-2.996032,-1.474808,-27.585030,-23.446533,-22.478798
7.962500,-82.148209,-2.996032,-1.474808,-27.585030,-23.446533,-22.478798
7.968750,-82.148209,-2.996032,-1.474808,-27.585030,-23.446533,-22.478798
7.975000,-82.148209,-2.996032,-1.474808,-27.585030,-23.446533,-22.478798
7.981250,-82.148209,-2.996032,-1.474808,-27.585030,-23.446533,-22.478798
7.987500,-82.148209,-2.996032,-1.474808,-27.585030,-23.446533,-22.478798
7.993750,-82.148209,-2.996032,-1.474808,-27.585030,-23.446533,-22.478798
8.000000,-82.148209,-2.996032,-1.474808,-27.585030,-23.446533,-22.478798
