Anritsu VNA Frequency[GHz],S21[deg],S21[dB],S11[deg],S11[dB],S22[deg],S22[dB]
1338102746.38,2012_05_27_08:12:26,+40.533,+10.291,+54.760,+10.304,+13.922,+13.733,+14.027,+13.779,10.395122,-15.983
3.006250,33.921917,-1.750754,59.139194,-26.683222,-80.307617,-27.424805
3.012500,33.921917,-1.750754,59.139194,-26.683222,-80.307617,-27.424805
3.018750,33.921917,-1.750754,59.139194,-26.683222,-80.307617,-27.424805
3.025000,33.921917,-1.750754,59.139194,-26.683222,-80.307617,-27.424805
3.031250,33.921917,-1.750754,59.139194,-26.683222,-80.307617,-27.424805
3.037500,33.921917,-1.750754,59.139194,-26.683222,-80.307617,-27.424805
3.043750,33.921917,-1.750754,59.139194,-26.683222,-80.307617,-27.424805
3.050000,33.921917,-1.750754,59.139194,-26.683222,-80.307617,-27.424805
3.056250,33.921917,-1.750754,59.139194,-26.683222,-80.307617,-27.424805
3.062500,33.921917,-1.750754,59.139194,-26.683222,-80.307617,-27.424805
3.068750,33.921917,-1.750754,59.139194,-26.683222,-80.307617,-27.424805
3.075000,33.921917,-1.750754,59.139194,-26.683222,-80.307617,-27.424805
3.081250,33.921917,-1.750754,59.139194,-26.683222,-80.307617,-27.424805
3.087500,33.921917,-1.750754,59.139194,-26.683222,-80.307617,-27.424805
3.093750,33.921917,-1.752530,59.139194,-26.484062,-80.307617,-27.174433
3.100000,39.828373,-1.754580,56.465458,-26.335802,-82.304855,-26.941410
3.106250,45.734875,-1.756627,52.914238,-26.259806,-82.685539,-26.727030
3.112500,51.641697,-1.758659,48.838634,-26.276110,-81.100090,-26.504236
3.118750,57.547852,-1.760896,42.839722,-26.322540,-79.380867,-26.204010
3.125000,63.452930,-1.763241,38.043465,-26.370428,-75.327820,-25.942619
3.131250,69.357254,-1.765652,33.662621,-26.445183,-69.160683,-25.654305
3.137500,75.260475,-1.768421,29.951588,-26.547461,-61.277138,-25.329897
3.143750,81.162354,-1.771723,27.116846,-26.668545,-51.856453,-24.977520
3.150000,87.064964,-1.775319,25.337013,-26.793575,-41.055885,-24.609865
3.156250,92.970840,-1.778733,24.735102,-26.908327,-29.048464,-24.245108
3.162500,96.984337,-1.781824,25.376385,-26.999479,-16.032766,-23.906860
3.168750,100.724327,-1.785062,27.281984,-27.059792,-4.110163,-23.644304
3.175000,103.658020,-1.788586,30.495201,-27.067562,8.171950,-23.400824
3.181250,105.294746,-1.792200,33.259483,-27.010559,20.695013,-23.180256
3.187500,105.208870,-1.795643,37.037060,-26.905684,32.179630,-23.014126
3.193750,103.059898,-1.798860,41.125679,-26.765297,42.194397,-22.918377
3.200000,98.609604,-1.801750,44.958122,-26.597929,50.411434,-22.896191
3.206250,91.736473,-1.804250,48.049816,-26.414173,56.552876,-22.947475
3.212500,82.438805,-1.806600,49.983398,-26.228050,60.415375,-23.080225
3.218750,70.836845,-1.809138,50.446758,-26.049793,61.895744,-23.277060
3.225000,57.169014,-1.811562,51.440422,-25.873844,60.744255,-23.482985
3.231250,41.778347,-1.813460,51.499355,-25.700190,57.246552,-23.706596
3.237500,25.090199,-1.815038,49.134533,-25.528465,53.513432,-23.939379
3.243750,7.592592,-1.816913,46.457329,-25.335255,48.046722,-24.158798
3.250000,-10.181890,-1.819351,43.336983,-25.162178,41.512939,-24.345753
3.256250,-27.682810,-1.821943,39.407845,-25.020912,34.509136,-24.499222
3.262500,-44.374973,-1.824181,34.919109,-24.894939,27.679724,-24.608261
3.268750,-59.768303,-1.826076,29.808119,-24.780382,21.707642,-24.663734
3.275000,-73.438484,-1.828069,23.953697,-24.676344,17.136776,-24.665771
3.281250,-85.045822,-1.830476,17.245623,-24.573660,14.408829,-24.621796
3.287500,-94.351326,-1.833228,9.590612,-24.458992,13.817123,-24.546150
3.293750,-101.230911,-1.836068,0.952793,-24.293468,15.517403,-24.438559
3.300000,-105.684563,-1.838789,-6.486790,-24.125368,19.555857,-24.300890
3.306250,-107.833420,-1.841264,-15.153476,-23.989645,25.789494,-24.159182
3.312500,-107.914764,-1.843541,-23.823915,-23.867840,33.914032,-24.045477
3.318750,-106.270515,-1.845644,-32.205261,-23.767336,43.550716,-23.980478
3.325000,-103.328171,-1.847607,-40.034374,-23.706064,54.253815,-23.974857
3.331250,-99.578835,-1.849228,-47.055679,-23.709328,65.503342,-24.031576
3.337500,-95.555847,-1.850464,-53.085323,-23.839094,76.720909,-24.148899
3.343750,-89.637779,-1.851381,-58.152657,-23.999296,87.324928,-24.312632
3.350000,-83.719872,-1.851943,-62.596672,-24.220411,97.068398,-24.466190
3.356250,-77.802841,-1.852182,-66.048599,-24.544813,105.676338,-24.664349
3.362500,-71.887833,-1.852315,-66.793198,-24.993500,111.937164,-24.913675
3.368750,-65.974571,-1.852178,-66.471725,-25.548567,115.978088,-25.203413
3.375000,-60.061718,-1.851418,-64.961166,-26.182695,117.397362,-25.578804
3.381250,-54.150921,-1.850319,-62.273899,-26.861984,116.027184,-25.913916
3.387500,-48.246197,-1.849583,-58.502544,-27.548187,112.504601,-26.236393
3.393750,-42.347942,-1.849617,-53.805794,-28.196726,106.267105,-26.538795
3.400000,-36.451786,-1.850015,-48.399834,-28.765379,97.874443,-26.813295
3.406250,-30.554626,-1.850203,-42.621262,-29.232710,88.332130,-27.091433
3.412500,-24.657753,-1.850487,-36.794640,-29.573946,78.302986,-27.338703
3.418750,-18.765757,-1.851703,-28.983055,-29.767464,66.428223,-27.534260
3.425000,-12.876887,-1.853834,-22.726624,-29.809284,54.997597,-27.671804
3.431250,-6.985166,-1.856081,-16.173651,-29.714626,44.444553,-27.757648
3.437500,-1.089399,-1.858238,-9.578268,-29.467527,35.224957,-27.795218
3.443750,4.805991,-1.861003,-2.961410,-29.066542,28.017378,-27.733082
3.450000,10.699798,-1.864759,3.153275,-28.556908,21.103273,-27.600456
3.456250,16.597532,-1.868672,8.603106,-27.977430,16.263918,-27.410883
3.462500,22.503891,-1.871936,13.383578,-27.371321,13.203457,-27.166504
3.468750,28.415249,-1.874582,17.576637,-26.785086,11.612243,-26.864153
3.475000,34.327003,-1.877027,21.290941,-26.283291,11.138303,-26.520046
3.481250,40.238068,-1.879351,24.781565,-25.818838,11.384370,-26.148767
3.487500,46.148514,-1.881718,26.779823,-25.422112,11.985411,-25.745043
3.493750,52.057388,-1.884474,28.670052,-25.127815,12.511337,-25.315845
3.500000,57.965538,-1.887737,30.278143,-24.941710,12.523944,-24.873264
3.506250,63.876827,-1.890766,31.498241,-24.848486,11.690000,-24.427282
3.512500,69.792336,-1.892963,32.239025,-24.814569,9.739630,-23.987139
3.518750,75.708237,-1.895007,32.472176,-24.752237,6.469913,-23.558062
3.525000,81.617699,-1.897991,32.385120,-24.735453,1.729294,-23.145771
3.531250,87.522820,-1.902085,32.506496,-24.721451,-2.455436,-22.764973
3.537500,93.430382,-1.906486,32.508621,-24.674776,-7.550845,-22.431736
3.543750,97.449051,-1.910596,32.637783,-24.586349,-13.124519,-22.142767
3.550000,101.197372,-1.914834,33.235611,-24.428478,-18.899734,-21.860567
3.556250,104.138741,-1.919887,32.741940,-24.202963,-24.391602,-21.532917
3.562500,105.785118,-1.925201,32.864059,-23.939383,-29.310392,-21.290125
3.568750,105.715637,-1.929684,33.260319,-23.664518,-32.451405,-21.118563
3.575000,103.589851,-1.932809,33.656040,-23.404942,-34.815380,-21.018969
3.581250,99.164696,-1.934840,33.765572,-23.194942,-36.131321,-21.005287
3.587500,92.314125,-1.936437,33.331779,-23.070745,-36.424145,-21.037371
3.593750,83.038025,-1.937617,32.246037,-23.021961,-35.556412,-21.137661
3.600000,71.462013,-1.937677,30.448895,-23.059994,-33.379887,-21.321062
3.606250,57.823849,-1.936350,29.786304,-23.199036,-30.050629,-21.581600
3.612500,42.458408,-1.934171,28.804102,-23.423981,-25.849998,-21.892504
3.618750,25.789768,-1.931535,27.908438,-23.752356,-21.172400,-22.229380
3.625000,8.311687,-1.928242,27.203749,-24.194511,-16.799017,-22.634014
3.631250,-9.441751,-1.924075,27.306007,-24.713409,-10.925669,-23.069044
3.637500,-26.927359,-1.919579,28.519186,-25.273716,-5.277209,-23.505527
3.643750,-43.616844,-1.915434,30.981665,-25.838366,0.125703,-23.923563
3.650000,-59.016815,-1.911968,32.831059,-26.362411,5.189501,-24.306437
3.656250,-72.697357,-1.909103,35.626259,-26.771372,9.828666,-24.637386
3.662500,-84.316177,-1.906964,38.543587,-27.110178,13.951538,-24.910709
3.668750,-93.636215,-1.905744,42.508171,-27.357101,17.418167,-25.133329
3.675000,-100.533615,-1.905138,45.841946,-27.484304,20.141342,-25.303883
3.681250,-105.005768,-1.904670,48.274151,-27.488873,22.064005,-25.420609
3.687500,-107.176025,-1.904658,49.564651,-27.384068,23.112110,-25.487038
3.693750,-107.284866,-1.905922,49.567017,-27.196274,23.231722,-25.512043
3.700000,-105.670799,-1.908290,48.288452,-26.929941,22.430365,-25.506435
3.706250,-102.754349,-1.910831,45.880856,-26.603764,20.836601,-25.462599
3.712500,-99.026123,-1.913093,42.326294,-26.256453,18.668795,-25.375084
3.718750,-95.023865,-1.915641,35.921810,-25.915182,16.078178,-25.248640
3.725000,-89.128387,-1.918787,28.590145,-25.595842,13.390779,-25.099140
3.731250,-83.230598,-1.922049,20.057522,-25.342855,11.215542,-24.965330
3.737500,-77.327759,-1.924763,12.263844,-25.179291,9.964173,-24.859276
3.743750,-71.422379,-1.927230,3.954628,-25.090818,10.045912,-24.804407
3.750000,-65.518425,-1.929764,-4.317517,-25.065369,10.060554,-24.714083
3.756250,-59.615559,-1.932247,-12.158022,-25.098444,9.986452,-24.609144
3.762500,-53.711704,-1.934515,-19.146551,-25.169790,11.150246,-24.490398
3.768750,-47.808033,-1.936819,-24.844069,-25.243025,13.300294,-24.406439
3.775000,-41.906147,-1.939424,-29.018686,-25.329031,15.967962,-24.346373
3.781250,-36.004414,-1.942096,-31.566587,-25.415451,18.558867,-24.294218
3.787500,-30.101917,-1.944546,-32.132061,-25.481184,20.708117,-24.242867
3.793750,-24.199209,-1.947042,-30.629898,-25.541502,22.111265,-24.196005
3.800000,-18.298632,-1.950008,-28.984510,-25.541195,22.571997,-24.145592
3.806250,-12.398685,-1.953320,-24.835667,-25.453857,22.103485,-24.055305
3.812500,-6.497375,-1.956784,-19.705162,-25.319559,20.568968,-23.933641
3.818750,-0.595691,-1.960643,-14.135913,-25.155342,17.855972,-23.791086
3.825000,5.306786,-1.964862,-8.665575,-24.975489,14.092492,-23.634592
3.831250,11.213270,-1.968771,-1.640525,-24.794630,9.551198,-23.474482
3.837500,17.123678,-1.972101,5.126486,-24.626852,4.552860,-23.347723
3.843750,23.033499,-1.975548,11.791277,-24.467730,-0.564799,-23.209499
3.850000,28.940641,-1.979492,16.667124,-24.311171,-6.489914,-23.041403
3.856250,34.848862,-1.983304,21.435268,-24.166805,-12.029340,-22.883358
3.862500,40.761211,-1.986319,25.672892,-24.033270,-17.161970,-22.743919
3.868750,46.672844,-1.989222,29.051771,-23.897387,-21.868303,-22.619848
3.875000,52.577885,-1.993182,31.251804,-23.736687,-26.171936,-22.500486
3.881250,58.478680,-1.998340,31.914635,-23.557617,-30.143650,-22.370123
3.887500,64.383133,-2.003611,30.648046,-23.361620,-33.964764,-22.233784
3.893750,70.293953,-2.008409,27.381245,-23.130787,-37.893147,-22.096218
3.900000,76.206200,-2.013460,24.188932,-22.855030,-42.059917,-21.950260
3.906250,82.115425,-2.019593,19.621281,-22.533861,-44.765766,-21.793943
3.912500,88.024399,-2.026683,14.148517,-22.169279,-47.878906,-21.622627
3.918750,93.939934,-2.034173,8.234244,-21.768257,-51.111076,-21.423164
3.925000,97.969124,-2.041464,2.243948,-21.358225,-54.217346,-21.168299
3.931250,101.733429,-2.048369,-3.480445,-20.964203,-57.267334,-20.948332
3.937500,104.698677,-2.054825,-8.509813,-20.606590,-58.055157,-20.759104
3.943750,106.371964,-2.060668,-12.517705,-20.308142,-57.660683,-20.608654
3.950000,106.327667,-2.065342,-15.282616,-20.090929,-55.618721,-20.510633
3.956250,104.224754,-2.068376,-16.681387,-19.973291,-51.573849,-20.480801
3.962500,99.823105,-2.069669,-16.654673,-19.964867,-45.278130,-20.531034
3.968750,92.997688,-2.069516,-15.202961,-20.063196,-36.592014,-20.669907
3.975000,83.745781,-2.068087,-14.271480,-20.234715,-25.520859,-20.908066
3.981250,72.188225,-2.065365,-10.171815,-20.528809,-12.231646,-21.272444
3.987500,58.560066,-2.061508,-5.818852,-20.930513,1.670983,-21.679913
3.993750,43.200253,-2.056870,-0.530989,-21.395262,16.840723,-22.189869
4.000000,26.535055,-2.051556,5.049073,-21.918932,32.470169,-22.809748
4.006250,9.057011,-2.045602,10.569766,-22.485250,47.700703,-23.572493
4.012500,-8.703643,-2.039490,15.760529,-23.066723,61.450291,-24.331718
4.018750,-26.202856,-2.034115,20.370132,-23.630455,74.414291,-25.066618
4.025000,-42.906952,-2.029636,24.115528,-24.160769,84.634140,-25.811888
4.031250,-58.318851,-2.025642,28.857471,-24.648155,93.018608,-26.572218
4.037500,-72.009735,-2.022190,31.228388,-25.071516,98.691483,-27.293114
4.043750,-83.642006,-2.020051,33.271900,-25.418079,101.940346,-27.945015
4.050000,-92.977066,-2.019277,34.840549,-25.687679,103.162987,-28.510546
4.056250,-99.887123,-2.018867,35.866341,-25.870502,102.886703,-28.980225
4.062500,-104.369362,-2.018234,36.428349,-25.949360,99.914352,-29.320730
4.068750,-106.551994,-2.018333,36.470932,-25.940805,96.643707,-29.518114
4.075000,-106.676758,-2.020442,36.013954,-25.862156,93.134773,-29.580122
4.081250,-105.078087,-2.023811,35.238216,-25.727024,89.616791,-29.510645
4.087500,-102.172897,-2.026978,34.397758,-25.544106,84.250351,-29.310778
4.093750,-98.453339,-2.029541,33.795643,-25.322170,78.763504,-28.986929
4.100000,-94.461433,-2.032338,31.849852,-25.076056,73.014748,-28.559883
4.106250,-88.578827,-2.036011,30.557646,-24.810257,66.903557,-28.068092
4.112500,-82.696526,-2.040220,29.824755,-24.517307,60.512512,-27.470104
4.118750,-76.811104,-2.044732,29.390957,-24.213446,54.013027,-26.801701
4.125000,-70.924065,-2.049799,28.963726,-23.914019,47.140022,-26.103596
4.131250,-65.035576,-2.055512,28.372475,-23.628141,40.042896,-25.406382
4.137500,-59.142532,-2.061272,27.502720,-23.359226,32.919201,-24.732962
4.143750,-53.243275,-2.066735,26.266874,-23.106516,25.982752,-24.101282
4.150000,-47.340786,-2.072205,24.582508,-22.869059,19.422752,-23.524311
4.156250,-41.438255,-2.078023,24.542515,-22.642910,13.411629,-23.002361
4.162500,-35.534233,-2.084152,24.741055,-22.417624,8.097770,-22.550364
4.168750,-29.626513,-2.090410,23.760275,-22.181320,5.184518,-22.167875
4.175000,-23.714748,-2.096731,23.461655,-21.953793,2.103232,-21.854769
4.181250,-17.799023,-2.102983,23.649847,-21.739620,0.576991,-21.604065
4.187500,-11.878720,-2.108879,24.127373,-21.543436,0.480418,-21.353626
4.193750,-5.953860,-2.114389,24.671562,-21.371090,1.878280,-21.216402
4.200000,-0.025206,-2.119277,25.052282,-21.230089,2.845443,-21.162424
4.206250,5.906951,-2.123245,25.052509,-21.128061,4.065004,-21.170742
4.212500,11.841487,-2.126119,24.509386,-21.061407,6.567519,-21.197504
4.218750,17.774879,-2.128258,25.485106,-21.019535,8.120134,-21.247658
4.225000,23.704563,-2.130117,24.571079,-20.998009,8.717198,-21.321226
4.231250,29.630032,-2.131850,23.748329,-20.985575,8.213399,-21.404589
4.237500,35.553181,-2.133348,22.808039,-20.981968,6.438747,-21.474806
4.243750,41.473774,-2.134587,21.413811,-21.003304,5.308651,-21.541504
4.250000,47.393040,-2.135530,19.407400,-21.035028,3.206415,-21.603832
4.256250,53.310184,-2.136037,16.642927,-21.059488,0.655310,-21.645416
4.262500,59.222992,-2.136639,12.887180,-21.061956,-1.931719,-21.654984
4.268750,65.128479,-2.138049,7.941969,-21.031973,-4.199877,-21.622189
4.275000,71.027359,-2.140631,1.627758,-20.962208,-5.836019,-21.539989
4.281250,76.925659,-2.143826,-4.048782,-20.840282,-6.568937,-21.396191
4.287500,82.826248,-2.147453,-10.617713,-20.664038,-6.200168,-21.162434
4.293750,88.726067,-2.152235,-17.823948,-20.455973,-4.822933,-20.908249
4.300000,94.625183,-2.158370,-25.295536,-20.217857,-2.714315,-20.636251
4.306250,98.636612,-2.164738,-32.589577,-19.952995,0.323048,-20.343884
4.312500,102.386414,-2.170209,-39.388763,-19.672329,4.082274,-20.040796
4.318750,105.337395,-2.175167,-45.421906,-19.390430,8.298377,-19.740589
4.325000,106.989647,-2.180658,-50.487995,-19.128630,12.668149,-19.460777
4.331250,106.917831,-2.186456,-54.439072,-18.910059,16.880867,-19.216356
4.337500,104.788536,-2.191611,-57.179123,-18.783628,20.664772,-19.009809
4.343750,100.365616,-2.195564,-58.727928,-18.656363,23.796406,-18.784731
4.350000,93.523079,-2.198613,-58.080727,-18.601566,25.802872,-18.663946
4.356250,84.258537,-2.200582,-56.134079,-18.654451,28.354036,-18.628220
4.362500,72.694313,-2.200944,-52.688297,-18.814243,30.205046,-18.688465
4.368750,59.064556,-2.200130,-47.832737,-19.072529,31.709316,-18.870998
4.375000,43.704105,-2.198940,-41.767715,-19.415878,33.110245,-19.115431
4.381250,27.040190,-2.197257,-34.767220,-19.823227,34.467846,-19.404848
4.387500,9.569585,-2.194470,-27.156580,-20.267725,36.582058,-19.745703
4.393750,-8.176731,-2.190808,-19.347992,-20.733061,37.771473,-20.166042
4.400000,-25.659660,-2.187472,-11.801480,-21.206455,39.601192,-20.641396
4.406250,-42.346218,-2.184601,-2.719096,-21.669985,41.651104,-21.145760
4.412500,-57.737793,-2.181353,4.312017,-22.109928,43.629097,-21.660254
4.418750,-71.406921,-2.177788,11.137472,-22.520752,45.323521,-22.171297
4.425000,-83.017899,-2.174883,17.584942,-22.840446,46.648823,-22.630915
4.431250,-92.334915,-2.172995,23.483969,-23.068762,47.617924,-23.011826
4.437500,-99.230614,-2.171428,28.441725,-23.217457,47.999279,-23.309877
4.443750,-103.702438,-2.170044,32.412544,-23.294344,47.790668,-23.518694
4.450000,-105.876366,-2.169649,35.463638,-23.301069,47.122593,-23.630594
4.456250,-105.990479,-2.170737,37.723545,-23.242533,46.163532,-23.644445
4.462500,-104.378960,-2.172570,39.393204,-23.128868,45.095367,-23.566290
4.468750,-101.465080,-2.174635,40.761566,-22.979424,44.138897,-23.417881
4.475000,-97.743851,-2.177505,40.313236,-22.793125,43.591953,-23.185112
4.481250,-93.749466,-2.181234,40.215935,-22.563274,42.177876,-22.854820
4.487500,-87.855316,-2.184907,40.129517,-22.322062,41.426567,-22.473145
4.493750,-81.955544,-2.188323,39.863674,-22.091042,41.038494,-22.069773
4.500000,-76.056931,-2.192687,39.351391,-21.881216,40.795536,-21.666119
4.506250,-70.161316,-2.198625,38.569820,-21.693102,40.487057,-21.276957
4.512500,-64.260429,-2.205102,37.509727,-21.514042,39.894951,-20.911480
4.518750,-58.346581,-2.210496,36.172504,-21.287891,38.772301,-20.579952
4.525000,-52.423946,-2.215041,34.583782,-21.103313,36.802338,-20.317081
4.531250,-46.502117,-2.219872,33.829346,-20.967161,33.538059,-20.111734
4.537500,-40.582378,-2.225343,33.403099,-20.834824,30.335747,-19.941462
4.543750,-34.656902,-2.230639,31.898972,-20.695557,25.697937,-19.816988
4.550000,-28.722670,-2.234965,31.037098,-20.576736,19.954374,-19.714632
4.556250,-22.783068,-2.238364,30.526926,-20.501022,13.511374,-19.694874
4.562500,-16.841936,-2.241274,30.150467,-20.487490,7.069992,-19.773470
4.568750,-10.899774,-2.243654,29.685976,-20.561899,0.611600,-19.948011
4.575000,-4.955205,-2.245216,28.904373,-20.783381,-5.679796,-20.165655
4.581250,0.992917,-2.245543,27.615860,-21.068020,-11.488169,-20.438084
4.587500,6.941669,-2.244574,24.566862,-21.438028,-16.308895,-20.777529
4.593750,12.888618,-2.242623,22.623142,-21.913624,-19.956764,-21.176626
4.600000,18.831800,-2.239901,19.913681,-22.497635,-22.383072,-21.614798
4.606250,24.771156,-2.236071,16.316540,-23.251127,-23.730865,-22.103550
4.612500,30.705650,-2.231274,12.748759,-24.044168,-24.274006,-22.633320
4.618750,36.630627,-2.226532,8.578486,-24.908287,-24.079659,-23.182051
4.625000,42.543385,-2.222530,4.146331,-25.823198,-23.428680,-23.734138
4.631250,48.449879,-2.218741,-0.259041,-26.755239,-22.645779,-24.275986
4.637500,54.355503,-2.214082,-4.374831,-27.661572,-22.092321,-24.790329
4.643750,60.256062,-2.209157,-7.953483,-28.489534,-22.131895,-25.242100
4.650000,66.143173,-2.205546,-12.690210,-29.178463,-23.113834,-25.583965
4.656250,72.015823,-2.203972,-14.722282,-29.700518,-25.421806,-25.823296
4.662500,77.882462,-2.203978,-16.100615,-30.047932,-27.626656,-25.981457
4.668750,83.748360,-2.205311,-16.691635,-30.190626,-31.107550,-26.031961
4.675000,89.613708,-2.208152,-16.520977,-30.116337,-35.628445,-25.966732
4.681250,93.584831,-2.212307,-15.722304,-29.828171,-40.982372,-25.786608
4.687500,97.287094,-2.217217,-14.499013,-29.350019,-46.944492,-25.502941
4.693750,100.187218,-2.223035,-13.095090,-28.720543,-53.246922,-25.127354
4.700000,101.789108,-2.230846,-11.805119,-27.967882,-59.544640,-24.661964
4.706250,101.669060,-2.240344,-11.120034,-27.096104,-65.471390,-24.100117
4.712500,99.497337,-2.249718,-11.279084,-26.146431,-70.591431,-23.493660
4.718750,95.040497,-2.257808,-12.628971,-25.195789,-76.308502,-22.899708
4.725000,88.167564,-2.265314,-13.597955,-24.305267,-81.149696,-22.338366
4.731250,78.871376,-2.273097,-15.732068,-23.497189,-85.271896,-21.844467
4.737500,67.277466,-2.280423,-18.776758,-22.790436,-88.890648,-21.383711
4.743750,53.628357,-2.286174,-22.511572,-22.197800,-92.292175,-20.961899
4.750000,38.260014,-2.290679,-26.686432,-21.715954,-93.411339,-20.586878
4.756250,21.591761,-2.294813,-30.999313,-21.286659,-93.796616,-20.316341
4.762500,4.116112,-2.298405,-35.158146,-20.992950,-92.992027,-20.143663
4.768750,-13.629210,-2.300776,-37.644661,-20.813187,-90.850563,-20.048897
4.775000,-31.100714,-2.302084,-38.876766,-20.708847,-87.074509,-20.019327
4.781250,-47.771095,-2.302924,-38.256702,-20.643074,-81.417755,-20.054037
4.787500,-63.150066,-2.303834,-37.119026,-20.553122,-73.678009,-20.127108
4.793750,-76.808311,-2.304806,-34.317646,-20.501223,-65.355438,-20.190241
4.800000,-88.404289,-2.305943,-29.510979,-20.446918,-55.147572,-20.259481
4.806250,-97.699539,-2.307219,-23.344200,-20.383289,-43.692871,-20.327526
4.812500,-104.571861,-2.308460,-16.373360,-20.308689,-31.591660,-20.381834
4.818750,-109.021538,-2.309987,-9.156053,-20.222641,-19.431229,-20.408899
4.825000,-111.172165,-2.312471,-2.255826,-20.132095,-7.762753,-20.414150
4.831250,-111.258301,-2.315606,5.939768,-20.053339,2.890976,-20.420912
4.837500,-109.612808,-2.318043,13.607267,-19.998835,12.120196,-20.405891
4.843750,-106.662918,-2.319330,19.121178,-19.935562,20.011988,-20.334833
4.850000,-102.910507,-2.320909,24.225666,-19.882187,25.966957,-20.245104
4.856250,-98.893448,-2.324056,28.417068,-19.853506,29.947140,-20.151793
4.862500,-92.982262,-2.327825,31.435326,-19.853392,32.110878,-20.062660
4.868750,-87.062187,-2.330646,33.145752,-19.868740,32.728043,-19.975273
4.875000,-81.135452,-2.332613,33.503532,-19.876869,32.119572,-19.888597
4.881250,-75.211304,-2.334690,32.574749,-19.869808,30.591454,-19.808695
4.887500,-69.291580,-2.337280,30.733418,-19.869997,28.485315,-19.739239
4.893750,-63.372078,-2.340067,28.142298,-19.868443,26.166159,-19.683685
4.900000,-57.450741,-2.342880,24.973082,-19.864799,23.975483,-19.638731
4.906250,-51.527950,-2.345804,21.517233,-19.857334,22.232126,-19.592293
4.912500,-45.603073,-2.348511,17.970030,-19.831978,21.219786,-19.521454
4.918750,-39.675507,-2.350954,14.661948,-19.805964,21.383301,-19.471333
4.925000,-33.747795,-2.353632,11.952878,-19.801867,23.219162,-19.451260
4.931250,-27.819635,-2.356439,10.021441,-19.835722,24.494724,-19.458586
4.937500,-21.886084,-2.358377,8.977386,-19.917273,26.720005,-19.497566
4.943750,-15.944810,-2.358728,8.862668,-20.053131,29.536572,-19.575930
4.950000,-10.003964,-2.358396,9.681235,-20.241346,32.589283,-19.699053
4.956250,-4.069263,-2.358238,11.394662,-20.473694,35.534496,-19.877443
4.962500,1.862718,-2.357763,12.010178,-20.729771,38.007740,-20.171093
4.968750,7.797432,-2.356209,15.163170,-21.001492,38.829151,-20.384735
4.975000,13.730331,-2.354217,18.533415,-21.309172,39.956543,-20.672396
4.981250,19.657072,-2.352383,22.039524,-21.628338,39.793083,-21.024115
4.987500,25.581175,-2.350020,25.483999,-21.947803,38.368778,-21.428173
4.993750,31.506235,-2.346374,28.603680,-22.260790,35.625778,-21.875652
5.000000,37.425945,-2.342497,31.190201,-22.555941,31.534317,-22.354691
5.006250,43.332527,-2.339770,33.090294,-22.816404,27.981386,-22.843296
5.012500,49.229897,-2.338124,34.181721,-23.017887,23.265646,-23.274582
5.018750,55.127941,-2.336403,34.361916,-23.135939,17.867186,-23.642023
5.025000,61.026684,-2.334531,33.633015,-23.209929,11.928977,-23.983564
5.031250,66.920906,-2.333232,32.171154,-23.236624,6.242921,-24.268236
5.037500,72.809540,-2.332543,30.112595,-23.220074,1.193512,-24.481379
5.043750,78.696167,-2.332268,27.436384,-23.204611,-2.967450,-24.618336
5.050000,84.580353,-2.332964,24.095299,-23.146658,-6.013122,-24.673485
5.056250,90.460831,-2.335018,21.230412,-23.052666,-7.694962,-24.634272
5.062500,96.343719,-2.337420,17.952391,-22.969578,-7.874494,-24.504927
5.068750,100.340118,-2.338892,14.664110,-22.914131,-6.501916,-24.296383
5.075000,104.064789,-2.340246,11.756243,-22.886351,-3.512404,-24.018354
5.081250,106.975365,-2.343291,7.726562,-22.872093,1.142185,-23.680155
5.087500,108.582375,-2.347990,4.600932,-22.861084,7.451089,-23.297611
5.093750,108.471886,-2.352622,2.339550,-22.864889,15.304810,-22.896101
5.100000,106.305374,-2.356553,0.758349,-22.867651,24.413090,-22.483488
5.106250,101.836243,-2.361100,-0.427745,-22.850307,34.212040,-22.050856
5.112500,94.939461,-2.366852,-1.401740,-22.796738,44.470364,-21.632181
5.118750,85.623100,-2.372748,-2.328734,-22.698839,54.805977,-21.249720
5.125000,74.013077,-2.377941,-3.368413,-22.553179,64.658127,-20.916492
5.131250,60.341225,-2.383047,-4.642617,-22.356798,73.442825,-20.635824
5.137500,44.942635,-2.388886,-6.252876,-22.111090,80.611008,-20.396280
5.143750,28.247866,-2.395048,-6.127308,-21.822771,85.691475,-20.119024
5.150000,10.754637,-2.400806,-5.701078,-21.506613,89.250977,-20.004436
5.156250,-7.005103,-2.406119,-6.384119,-21.154417,91.322525,-19.885838
5.162500,-24.488220,-2.411084,-6.094390,-20.781927,91.401909,-19.800964
5.168750,-41.161427,-2.415505,-5.150861,-20.415705,89.888695,-19.756374
5.175000,-56.531868,-2.418993,-3.765910,-20.075563,87.363548,-19.747610
5.181250,-70.174477,-2.421513,-2.147056,-19.776985,84.486275,-19.762800
5.187500,-81.750504,-2.423216,-0.529955,-19.536097,79.816277,-19.793882
5.193750,-91.024208,-2.424163,0.834037,-19.369728,75.552177,-19.875486
5.200000,-97.876259,-2.424588,1.715518,-19.296810,71.969215,-20.039581
5.206250,-102.307495,-2.424984,4.136796,-19.306892,68.360558,-20.159451
5.212500,-104.438644,-2.425290,4.866392,-19.373190,65.508881,-20.296305
5.218750,-104.503799,-2.425056,5.759933,-19.497059,63.401772,-20.457096
5.225000,-102.842323,-2.423906,6.616343,-19.633213,61.898018,-20.636288
5.231250,-99.884140,-2.421960,7.389866,-19.827335,60.778358,-20.831299
5.237500,-96.125511,-2.419586,6.741191,-20.087305,59.705021,-21.053055
5.243750,-92.101471,-2.417442,5.404918,-20.376841,58.361145,-21.298809
5.250000,-86.192406,-2.416437,3.020331,-20.678772,56.476700,-21.560545
5.256250,-80.288002,-2.416215,-0.745508,-20.978865,53.756084,-21.832447
5.262500,-74.380783,-2.415408,-4.008721,-21.265810,49.949928,-22.104393
5.268750,-68.470772,-2.413605,-8.325497,-21.532911,44.837589,-22.361399
5.275000,-62.569221,-2.412649,-13.348563,-21.774969,38.213421,-22.585228
5.281250,-56.681473,-2.414003,-18.766161,-21.986719,30.039700,-22.777960
5.287500,-50.796654,-2.416483,-24.293627,-22.163311,20.635759,-22.962990
5.293750,-44.902767,-2.418191,-29.671913,-22.301344,10.067631,-23.118494
5.300000,-39.004490,-2.419420,-34.651554,-22.394157,-1.461154,-23.228539
5.306250,-33.114899,-2.422292,-38.998714,-22.433338,-13.570099,-23.281822
5.312500,-27.233257,-2.427289,-42.548325,-22.415947,-25.830246,-23.272474
5.318750,-21.347761,-2.433052,-45.187489,-22.338636,-37.797104,-23.194574
5.325000,-15.452570,-2.439038,-46.843834,-22.199986,-49.026031,-23.036339
5.331250,-9.552193,-2.445865,-47.552536,-22.021132,-59.146160,-22.863007
5.337500,-3.646676,-2.453241,-45.330238,-21.816683,-68.245667,-22.608389
5.343750,2.271476,-2.459747,-43.023872,-21.570602,-75.518883,-22.335209
5.350000,8.200937,-2.465034,-39.164776,-21.332449,-81.185287,-22.078821
5.356250,14.133315,-2.470325,-33.930138,-21.126799,-85.131729,-21.869772
5.362500,20.067022,-2.475707,-27.568546,-20.973867,-87.358429,-21.735258
5.368750,26.009857,-2.479654,-20.388458,-20.884729,-88.067909,-21.659124
5.375000,31.963461,-2.481401,-12.718384,-20.858974,-87.534859,-21.623684
5.381250,37.918346,-2.481987,-4.933370,-20.884932,-85.915161,-21.604664
5.387500,43.868401,-2.481862,2.520577,-20.968206,-82.674103,-21.727499
5.393750,49.817657,-2.480232,9.320785,-21.129690,-78.784607,-21.937712
5.400000,55.767735,-2.476715,15.473185,-21.352562,-74.612511,-22.227724
5.406250,61.709381,-2.472624,20.747063,-21.614456,-70.444618,-22.606438
5.412500,67.636894,-2.469002,24.931379,-21.881330,-66.298615,-22.969952
5.418750,73.556992,-2.465134,27.913982,-22.142424,-62.336750,-23.324387
5.425000,79.473656,-2.460568,29.483078,-22.374210,-58.969028,-23.657576
5.431250,85.381653,-2.456295,29.757015,-22.558764,-56.201244,-23.947409
5.437500,91.275345,-2.453533,28.959789,-22.679583,-53.978409,-24.165976
5.443750,97.158974,-2.452384,27.425892,-22.724911,-52.249084,-24.293156
5.450000,101.144943,-2.452563,25.514307,-22.685274,-50.944641,-24.317924
5.456250,104.857780,-2.453931,23.629751,-22.558096,-49.903759,-24.236153
5.462500,107.766037,-2.456222,22.212355,-22.355301,-48.960571,-24.077574
5.468750,109.380890,-2.458773,19.843599,-22.089087,-47.926563,-23.814384
5.475000,109.273933,-2.461801,18.705532,-21.752249,-45.917160,-23.436327
5.481250,107.099106,-2.466603,18.654753,-21.371050,-43.432453,-23.008131
5.487500,102.622620,-2.473109,19.416302,-20.978113,-40.172123,-22.566862
5.493750,95.733307,-2.479429,20.815392,-20.599682,-35.839016,-22.143831
5.500000,86.437119,-2.484209,22.701832,-20.252800,-30.202539,-21.761765
5.506250,74.846237,-2.488296,24.928102,-19.943539,-23.114254,-21.427359
5.512500,61.188080,-2.492899,27.323725,-19.653549,-14.602607,-21.059635
5.518750,45.807541,-2.497295,29.714268,-19.407616,-5.264307,-20.814476
5.525000,29.139053,-2.500256,31.485750,-19.247183,4.647822,-20.641964
5.531250,11.671717,-2.501918,33.226311,-19.148096,15.124915,-20.536894
5.537500,-6.069659,-2.503144,34.615318,-19.109840,25.640459,-20.489996
5.543750,-23.539297,-2.503834,35.334858,-19.139473,35.664326,-20.495396
5.550000,-40.201565,-2.503515,35.126945,-19.242990,44.800812,-20.600487
5.556250,-55.565178,-2.502284,33.810093,-19.427530,52.777107,-20.784531
5.562500,-69.206551,-2.500346,31.257902,-19.700335,59.956211,-20.990784
5.568750,-80.784966,-2.497732,27.520578,-20.028912,65.447350,-21.251162
5.575000,-90.063751,-2.494400,24.831936,-20.410980,69.382240,-21.564508
5.581250,-96.924347,-2.490857,19.858231,-20.846489,72.029709,-21.913767
5.587500,-101.367119,-2.487352,14.850787,-21.334681,73.728149,-22.260569
5.593750,-103.511940,-2.483499,9.893125,-21.875286,74.614563,-22.666340
5.600000,-103.596817,-2.479771,5.189845,-22.436520,73.246239,-23.069391
5.606250,-101.965508,-2.477155,0.932907,-22.997477,71.754791,-23.464279
5.612500,-99.043152,-2.475501,-2.841500,-23.546139,69.877670,-23.848074
5.618750,-95.313065,-2.473321,-6.022861,-24.066555,67.487572,-24.216194
5.625000,-91.307610,-2.470433,-8.495949,-24.541512,64.476906,-24.565443
5.631250,-85.417160,-2.468825,-10.150531,-24.949711,60.739651,-24.876917
5.637500,-79.541061,-2.469779,-10.907226,-25.267656,56.123966,-25.113276
5.643750,-73.665947,-2.471818,-12.633617,-25.467466,52.509792,-25.232052
5.650000,-67.781593,-2.473242,-11.580785,-25.527439,48.280811,-25.260319
5.656250,-61.894554,-2.474923,-9.887538,-25.469349,43.072582,-25.233408
5.662500,-56.015343,-2.478354,-7.758332,-25.293831,37.838120,-25.119841
5.668750,-50.141251,-2.483671,-5.270308,-25.000202,32.840862,-24.911304
5.675000,-44.261745,-2.489786,-2.668174,-24.604603,28.265572,-24.612459
5.681250,-38.372883,-2.496103,-0.233167,-24.130453,24.287706,-24.231020
5.687500,-32.478245,-2.502746,1.754597,-23.613720,21.117943,-23.778265
5.693750,-26.578007,-2.509335,2.925683,-23.063246,19.046873,-23.282902
5.700000,-20.671001,-2.515557,2.650899,-22.476591,18.516609,-22.767679
5.706250,-14.761291,-2.522228,2.976963,-21.915707,17.685966,-22.263887
5.712500,-8.850919,-2.529904,2.276441,-21.419273,18.212969,-21.807421
5.718750,-2.932805,-2.537265,0.757824,-21.007868,19.697027,-21.425806
5.725000,3.000179,-2.542855,-1.375643,-20.691492,23.547163,-21.108723
5.731250,8.943061,-2.546739,-3.930846,-20.469410,27.634510,-20.827923
5.737500,14.884951,-2.550150,-6.715814,-20.328634,32.145782,-20.616989
5.743750,20.824844,-2.553161,-9.575153,-20.249969,36.198532,-20.534386
5.750000,26.768932,-2.554598,-12.498643,-20.251125,40.297035,-20.543427
5.756250,32.716137,-2.554394,-15.469447,-20.319714,44.143196,-20.627924
5.762500,38.658653,-2.553592,-16.082954,-20.430536,47.389694,-20.773748
5.768750,44.592762,-2.552578,-17.507357,-20.554548,49.689602,-20.982882
5.775000,50.522568,-2.550914,-17.609888,-20.666203,50.581421,-21.188162
5.781250,56.448391,-2.548675,-16.587749,-20.761719,51.023586,-21.393917
5.787500,62.365261,-2.546874,-14.694774,-20.832615,50.052216,-21.604307
5.793750,68.272308,-2.546097,-12.135933,-20.867306,47.829399,-21.804165
5.800000,74.173988,-2.546147,-9.194378,-20.857590,44.437634,-21.972111
5.806250,80.074455,-2.546530,-6.192570,-20.801046,40.007233,-22.085863
5.812500,85.974556,-2.547067,-3.469780,-20.700516,34.761692,-22.139679
5.818750,91.873184,-2.547967,-1.347675,-20.566090,29.095427,-22.154551
5.825000,95.872246,-2.549995,2.029148,-20.423401,21.181742,-22.152941
5.831250,99.592789,-2.554154,5.024281,-20.333666,12.901284,-22.073723
5.837500,102.507378,-2.560174,6.346400,-20.196543,4.336266,-21.942907
5.843750,104.134842,-2.566505,8.026155,-20.081121,-4.760156,-21.793489
5.850000,104.054695,-2.571330,9.507693,-20.019918,-14.241457,-21.648375
5.856250,101.920090,-2.574763,10.724962,-20.020947,-23.877691,-21.521284
5.862500,97.482178,-2.578064,11.629924,-20.082222,-33.451225,-21.424118
5.868750,90.618111,-2.581518,12.195972,-20.181921,-42.816078,-21.357027
5.875000,81.332138,-2.584524,12.550485,-20.320757,-51.936657,-21.309969
5.881250,69.748093,-2.586817,13.155679,-20.526600,-60.925049,-21.300985
5.887500,56.100616,-2.588422,13.985524,-20.771641,-67.543335,-21.328577
5.893750,40.729759,-2.588949,15.216081,-21.041838,-73.113823,-21.379215
5.900000,24.061863,-2.588404,15.200126,-21.343134,-77.244995,-21.442919
5.906250,6.583675,-2.587680,15.820246,-21.708103,-81.682152,-21.532602
5.912500,-11.175084,-2.587479,16.893581,-22.065195,-84.617371,-21.637987
5.918750,-28.661783,-2.586751,18.646719,-22.424610,-86.423088,-21.747271
5.925000,-45.338791,-2.584640,20.300152,-22.807310,-87.485435,-21.858109
5.931250,-60.722031,-2.582265,21.743383,-23.217405,-88.086967,-21.974411
5.937500,-74.391548,-2.581088,22.898439,-23.644321,-88.461563,-22.097519
5.943750,-86.001968,-2.580504,23.724304,-24.069098,-88.796516,-22.227575
5.950000,-95.306900,-2.579304,24.417934,-24.474276,-89.331856,-22.321003
5.956250,-102.187370,-2.578061,25.161024,-24.840506,-90.547661,-22.376493
5.962500,-106.651672,-2.578161,25.851328,-25.152267,-89.751579,-22.440542
5.968750,-108.817329,-2.579012,26.362822,-25.399473,-89.166931,-22.502645
5.975000,-108.910904,-2.578748,26.603809,-25.570356,-88.344238,-22.558846
5.981250,-107.275902,-2.577523,26.498653,-25.658737,-86.851715,-22.608826
5.987500,-104.352600,-2.577507,25.985546,-25.659023,-84.305450,-22.650791
5.993750,-100.635681,-2.579458,25.044411,-25.567781,-80.373543,-22.681078
6.000000,-96.645340,-2.582063,23.665241,-25.383595,-74.838104,-22.691931
6.006250,-90.753159,-2.584554,21.884653,-25.097363,-67.640778,-22.639919
6.012500,-84.860031,-2.587718,19.759579,-24.668970,-59.170113,-22.568123
6.018750,-78.968513,-2.591862,19.204897,-24.227991,-49.710579,-22.481991
6.025000,-73.071198,-2.595927,16.907263,-23.750769,-39.221272,-22.383020
6.031250,-67.166740,-2.599560,15.299804,-23.263319,-28.160233,-22.285503
6.037500,-61.260536,-2.603529,14.240604,-22.808947,-17.063263,-22.206999
6.043750,-55.353657,-2.607979,13.652032,-22.432453,-6.381999,-22.132439
6.050000,-49.440529,-2.611766,13.597582,-22.125582,3.628427,-22.045763
6.056250,-43.519123,-2.614425,14.077982,-21.915596,12.506497,-21.983881
6.062500,-37.597439,-2.617071,14.814018,-21.831194,20.007786,-21.968115
6.068750,-31.677666,-2.619819,13.845586,-21.879599,25.988977,-22.000010
6.075000,-25.752752,-2.621406,12.775813,-22.048994,30.451197,-22.076511
6.081250,-19.821001,-2.621081,13.226199,-22.305677,33.469631,-22.192707
6.087500,-13.893375,-2.620203,13.321468,-22.572876,35.114647,-22.326227
6.093750,-7.977305,-2.620228,12.976775,-22.883755,35.367889,-22.464148
6.100000,-2.067896,-2.620875,11.577283,-23.205450,34.403111,-22.609966
6.106250,3.842859,-2.621267,9.576461,-23.488008,32.515076,-22.754673
6.112500,9.754443,-2.621441,6.883255,-23.700298,29.876051,-22.883722
6.118750,15.661284,-2.622034,3.414570,-23.824274,26.620878,-22.979879
6.125000,21.563269,-2.623462,-0.876520,-23.854782,22.895708,-23.020803
6.131250,27.462629,-2.625914,-3.815464,-23.797319,18.957804,-23.005800
6.137500,33.361465,-2.629409,-6.667424,-23.650591,15.620362,-22.945984
6.143750,39.263866,-2.633321,-10.624089,-23.414272,11.019651,-22.826323
6.150000,45.175243,-2.636525,-13.569780,-23.115826,6.578685,-22.660763
6.156250,51.092339,-2.638985,-15.548485,-22.782951,2.265037,-22.463091
6.162500,57.007584,-2.641762,-16.575457,-22.439512,-1.886961,-22.246992
6.168750,62.919708,-2.645271,-16.677086,-22.104242,-5.807054,-22.022898
6.175000,68.835358,-2.648452,-15.939863,-21.796377,-9.429439,-21.802929
6.181250,74.758545,-2.650505,-14.501406,-21.531464,-12.680829,-21.602324
6.187500,80.683472,-2.651888,-12.526433,-21.323828,-15.426773,-21.496567
6.193750,86.605331,-2.653260,-10.229342,-21.197309,-17.961220,-21.367939
6.200000,92.526291,-2.654215,-7.800035,-21.132240,-20.048914,-21.301182
6.206250,96.553329,-2.654422,-4.945964,-21.121666,-21.597277,-21.314985
6.212500,100.305092,-2.654426,-1.938245,-21.184809,-22.774328,-21.419498
6.218750,103.246223,-2.654692,1.040554,-21.308950,-23.759130,-21.655264
6.225000,104.886093,-2.655082,3.814167,-21.469776,-23.159620,-21.891163
6.231250,104.800255,-2.655409,6.019565,-21.694630,-23.440817,-22.207367
6.237500,102.648384,-2.655718,7.350700,-21.968258,-23.754627,-22.600286
6.243750,98.193993,-2.655682,7.786819,-22.272284,-24.018034,-23.055014
6.250000,91.315773,-2.655046,9.328432,-22.593670,-24.259134,-23.552736
6.256250,82.010361,-2.654415,10.497864,-22.925243,-24.496363,-24.073360
6.262500,70.395599,-2.654664,9.836753,-23.262114,-24.713112,-24.598570
6.268750,56.714134,-2.655256,9.462240,-23.587683,-24.651844,-25.068027
6.275000,41.313122,-2.654614,9.352698,-23.882309,-23.987625,-25.487833
6.281250,24.617783,-2.652829,9.376835,-24.141056,-22.831356,-25.849436
6.287500,7.108371,-2.651780,9.422794,-24.359394,-21.036419,-26.135874
6.293750,-10.686322,-2.652573,9.440958,-24.527802,-18.350752,-26.330061
6.300000,-28.208181,-2.654027,9.416177,-24.631378,-14.514770,-26.414110
6.306250,-44.916157,-2.654965,9.317549,-24.653736,-9.329499,-26.370892
6.312500,-60.323441,-2.656081,9.086730,-24.577223,-2.709955,-26.185141
6.318750,-74.009308,-2.658398,8.602181,-24.410406,5.175896,-25.912382
6.325000,-85.629997,-2.661552,9.783683,-24.187836,13.940214,-25.557621
6.331250,-94.943031,-2.664873,9.402175,-23.900772,23.362146,-25.112051
6.337500,-101.827591,-2.668747,9.699824,-23.545263,33.188457,-24.615889
6.343750,-106.286713,-2.673597,10.381972,-23.153265,42.984241,-24.108332
6.350000,-108.438843,-2.678694,11.216687,-22.755445,52.179325,-23.623535
6.356250,-108.514977,-2.683078,12.048077,-22.378567,60.174179,-23.189449
6.362500,-106.858963,-2.686623,12.748452,-22.044809,66.391747,-22.817032
6.368750,-103.903465,-2.689869,13.200038,-21.768906,70.317902,-22.450119
6.375000,-100.142006,-2.692579,13.281473,-21.561354,72.111816,-22.249329
6.381250,-96.106255,-2.694554,12.726940,-21.438011,71.405891,-22.166542
6.387500,-90.176773,-2.696199,12.668154,-21.384689,68.082413,-22.203297
6.393750,-84.250122,-2.697631,12.243557,-21.417387,62.458279,-22.313686
6.400000,-78.323837,-2.698241,11.715169,-21.537113,54.931751,-22.414017
6.406250,-72.397713,-2.697915,11.146956,-21.735752,43.883522,-22.641968
6.412500,-66.477600,-2.697682,10.569996,-21.998144,31.712179,-22.934875
6.418750,-60.566242,-2.698307,9.974792,-22.310118,18.243879,-23.257057
6.425000,-54.657547,-2.699073,9.361854,-22.645487,3.963204,-23.577457
6.431250,-48.746536,-2.699261,8.727396,-22.978161,-10.584694,-23.865858
6.437500,-42.836922,-2.699404,8.012857,-23.281067,-24.875340,-24.092863
6.443750,-36.933968,-2.700583,9.326531,-23.524508,-38.412487,-24.225481
6.450000,-31.035490,-2.702650,11.185600,-23.696550,-50.944820,-24.311718
6.456250,-25.134218,-2.704851,11.995573,-23.801176,-62.376968,-24.340565
6.462500,-19.229057,-2.707129,13.752687,-23.834164,-70.735504,-24.269627
6.468750,-13.324235,-2.709751,16.262039,-23.794136,-77.395172,-24.134281
6.475000,-7.416692,-2.712225,19.248346,-23.689474,-81.877457,-23.964315
6.481250,-1.504557,-2.714178,22.388393,-23.545116,-83.965019,-23.787069
6.487500,4.407494,-2.716317,25.378170,-23.390558,-83.553276,-23.619295
6.493750,10.317014,-2.719012,28.065117,-23.226149,-80.520439,-23.439713
6.500000,16.228670,-2.721419,30.332726,-23.060732,-76.843552,-23.250057
6.506250,22.146893,-2.722768,30.037445,-22.908308,-71.092392,-23.077600
6.512500,28.065250,-2.723836,30.804043,-22.794540,-63.774891,-22.952700
6.518750,33.977417,-2.725723,30.542459,-22.746769,-55.655346,-22.867876
6.525000,39.887466,-2.728052,29.358450,-22.758614,-47.446148,-22.815245
6.531250,45.803818,-2.729612,27.345354,-22.822176,-39.755627,-22.789726
6.537500,51.724388,-2.730273,24.560045,-22.928410,-33.124802,-22.788197
6.543750,57.641201,-2.731184,21.084465,-23.065905,-28.021902,-22.810915
6.550000,63.552795,-2.732615,17.033739,-23.220221,-22.990488,-22.833986
6.556250,69.465141,-2.733889,12.588839,-23.356932,-20.028570,-22.846664
6.562500,75.380310,-2.734832,8.085931,-23.473251,-18.587555,-22.867943
6.568750,81.294601,-2.735701,4.476797,-23.599470,-18.295311,-22.879168
6.575000,87.207275,-2.736386,-0.110533,-23.702421,-18.862295,-22.911161
6.581250,93.119461,-2.736825,-3.664714,-23.775658,-19.827835,-22.942318
6.587500,97.134361,-2.737624,-6.260311,-23.823233,-20.665655,-22.973032
6.593750,100.871864,-2.739382,-7.925173,-23.850395,-22.898211,-23.009361
6.600000,103.804413,-2.741136,-8.688146,-23.861687,-24.472980,-23.053394
6.606250,105.444939,-2.741836,-8.585993,-23.858095,-25.496557,-23.103519
6.612500,105.361496,-2.742131,-7.692595,-23.841202,-26.095682,-23.157619
6.618750,103.204926,-2.743404,-6.123970,-23.810911,-26.413351,-23.211885
6.625000,98.740005,-2.745774,-4.022436,-23.767160,-24.695150,-23.263023
6.631250,91.853310,-2.748151,-1.576414,-23.712957,-22.719116,-23.322948
6.637500,82.547157,-2.750279,3.194971,-23.645130,-20.175753,-23.309349
6.643750,70.936157,-2.753073,6.884281,-23.544064,-18.882097,-23.279161
6.650000,57.257729,-2.756815,11.388930,-23.405092,-16.875317,-23.232416
6.656250,41.858608,-2.760444,16.289164,-23.232592,-14.555202,-23.159611
6.662500,25.168623,-2.763269,21.213791,-23.021250,-12.288404,-23.049015
6.668750,7.674961,-2.765757,25.815750,-22.759150,-10.485759,-22.895355
6.675000,-10.094483,-2.768507,29.643639,-22.465691,-9.689795,-22.731157
6.681250,-27.592123,-2.771565,32.225899,-22.157339,-8.171782,-22.567970
6.687500,-44.282799,-2.774815,35.462536,-21.843857,-7.584769,-22.413628
6.693750,-59.673386,-2.778237,37.672729,-21.558546,-7.797009,-22.285282
6.700000,-73.334335,-2.781216,38.945278,-21.284786,-8.664016,-22.222591
6.706250,-84.922813,-2.783019,39.168209,-21.029625,-9.857857,-22.195608
6.712500,-94.207581,-2.784004,38.814877,-20.838902,-10.834856,-22.220697
6.718750,-101.072250,-2.785190,38.014744,-20.735373,-11.753833,-22.322956
6.725000,-105.516273,-2.786689,36.836399,-20.727604,-12.292609,-22.493153
6.731250,-107.655388,-2.787640,35.308117,-20.815409,-14.177698,-22.743763
6.737500,-107.725044,-2.787596,33.444172,-20.987055,-15.441596,-23.076902
6.743750,-106.071259,-2.786941,31.208658,-21.246897,-16.355623,-23.456974
6.750000,-103.124733,-2.786088,28.475145,-21.624538,-17.076437,-23.845911
6.756250,-99.376976,-2.785148,25.966497,-21.994337,-17.675859,-24.206598
6.762500,-95.360184,-2.784381,23.646894,-22.401007,-18.369062,-24.537224
6.768750,-89.452843,-2.783872,21.375652,-22.837915,-19.283236,-24.819454
6.775000,-83.546669,-2.782995,19.232286,-23.286942,-18.282410,-25.036154
6.781250,-77.639854,-2.781353,17.246876,-23.728777,-16.802357,-25.176371
6.787500,-71.736992,-2.779610,15.429811,-24.143366,-14.407973,-25.232750
6.793750,-65.842644,-2.778800,13.777921,-24.512772,-10.699635,-25.201401
6.800000,-59.954472,-2.778864,12.271688,-24.820887,-5.329289,-25.080324
6.806250,-54.065052,-2.779106,10.883953,-25.054373,-0.187789,-24.868410
6.812500,-48.174393,-2.779707,9.564564,-25.205141,6.307614,-24.545446
6.818750,-42.285706,-2.781391,8.233370,-25.282040,14.058244,-24.191097
6.825000,-36.395912,-2.783781,8.921868,-25.326506,21.522102,-23.801428
6.831250,-30.498831,-2.785693,8.681116,-25.261950,29.434902,-23.414099
6.837500,-24.595890,-2.787391,9.384345,-25.149731,37.013218,-23.077005
6.843750,-18.695408,-2.790208,10.811547,-25.017263,43.566612,-22.807304
6.850000,-12.795702,-2.794089,12.929219,-24.880032,50.245010,-22.603464
6.856250,-6.887120,-2.797383,15.676719,-24.748482,55.096569,-22.496231
6.862500,-0.967115,-2.799227,18.966991,-24.626461,58.305653,-22.493309
6.868750,4.954496,-2.800583,22.720495,-24.505327,60.060387,-22.584255
6.875000,10.870060,-2.802516,26.861916,-24.360762,60.627926,-22.748625
6.881250,16.782352,-2.804764,31.433167,-24.224066,60.319149,-22.934364
6.887500,22.696049,-2.806782,34.885235,-24.118183,59.325500,-23.161327
6.893750,28.611776,-2.808539,38.567627,-24.038099,57.573830,-23.411453
6.900000,34.526962,-2.810023,41.972641,-24.031105,55.789696,-23.634974
6.906250,40.441833,-2.810950,44.615921,-23.992048,54.363743,-23.796907
6.912500,46.354385,-2.811554,47.222713,-23.952253,51.685314,-23.880587
6.918750,52.260281,-2.812809,48.550079,-23.929897,49.635113,-23.879076
6.925000,58.159775,-2.815076,48.618580,-23.906691,47.934521,-23.787922
6.931250,64.060036,-2.817697,47.494762,-23.830454,46.301682,-23.607044
6.937500,69.964157,-2.820218,46.855354,-23.808817,44.389420,-23.361301
6.943750,75.869835,-2.823001,43.735584,-23.788414,43.673279,-23.089924
6.950000,81.776199,-2.825911,40.521072,-23.749607,42.043129,-22.756433
6.956250,87.687508,-2.827943,37.227192,-23.680580,39.646408,-22.394329
6.962500,93.603348,-2.828940,33.858494,-23.576784,36.867500,-22.039124
6.968750,97.620117,-2.830438,30.402163,-23.444500,33.784477,-21.716541
6.975000,101.355881,-2.833309,26.868708,-23.290398,30.409105,-21.443817
6.981250,104.287239,-2.836602,23.337070,-23.115868,26.746950,-21.228226
6.987500,105.929726,-2.838756,19.883980,-22.922091,22.781715,-21.068653
6.993750,105.853996,-2.839736,16.586857,-22.703539,18.468761,-20.947609
7.000000,103.709145,-2.840757,13.518568,-22.442146,13.678692,-20.877062
7.006250,99.254768,-2.842557,10.688527,-22.114353,10.220060,-20.878838
7.012500,92.374260,-2.844937,9.740151,-21.841234,6.761812,-20.929298
7.018750,83.071739,-2.847504,9.443651,-21.608009,3.721269,-21.009897
7.025000,71.470589,-2.849975,8.920762,-21.344244,1.496201,-21.158377
7.031250,57.807430,-2.852110,9.724334,-21.114418,-1.483050,-21.351240
7.037500,42.421906,-2.854081,11.470055,-20.959215,-3.149345,-21.576172
7.043750,25.738739,-2.856313,13.899603,-20.912394,-4.389878,-21.860849
7.050000,8.250822,-2.858790,16.781487,-20.998547,-5.343517,-22.217417
7.056250,-9.503992,-2.860424,19.944866,-21.207253,-6.100299,-22.650642
7.062500,-26.978214,-2.860633,21.331427,-21.534985,-6.752960,-23.169901
7.068750,-43.645298,-2.860121,24.358974,-21.984915,-7.414053,-23.805006
7.075000,-59.018757,-2.859468,26.944283,-22.532495,-7.474440,-24.403086
7.081250,-72.669601,-2.858475,29.006598,-23.089214,-9.506424,-25.022993
7.087500,-84.254097,-2.856559,30.554182,-23.730846,-12.014667,-25.667925
7.093750,-93.536942,-2.853863,30.322563,-24.406088,-13.275315,-26.316877
7.100000,-100.400986,-2.850852,29.123772,-25.066891,-15.033406,-26.940084
7.106250,-104.847328,-2.847743,26.737400,-25.687294,-17.143686,-27.505499
7.112500,-106.998398,-2.844890,22.989399,-26.255541,-19.440926,-27.977716
7.118750,-107.091461,-2.842829,17.646135,-26.716427,-21.734575,-28.314466
7.125000,-105.465530,-2.841441,12.626227,-27.047029,-25.938057,-28.468391
7.131250,-102.543068,-2.840074,6.729264,-27.256880,-30.222828,-28.477789
7.137500,-98.815880,-2.838755,0.357561,-27.356600,-34.666771,-28.333309
7.143750,-94.823166,-2.838723,-6.118980,-27.351269,-39.569298,-28.028625
7.150000,-88.943970,-2.840734,-12.337127,-27.246389,-44.934776,-27.575571
7.156250,-83.064056,-2.843710,-17.973034,-27.048704,-50.673012,-26.997030
7.162500,-77.174240,-2.846327,-22.761496,-26.770996,-56.640144,-26.328646
7.168750,-71.277977,-2.848671,-26.505163,-26.432354,-62.689812,-25.624014
7.175000,-65.382820,-2.851691,-29.058275,-26.054405,-68.721481,-24.898403
7.181250,-59.487343,-2.855249,-30.319180,-25.659252,-74.862312,-24.166891
7.187500,-53.585388,-2.858410,-30.244287,-25.266068,-78.799789,-23.488977
7.193750,-47.676247,-2.860900,-28.828260,-24.877039,-81.995872,-22.907974
7.200000,-41.765545,-2.863249,-28.006990,-24.493067,-83.840897,-22.449459
7.206250,-35.853947,-2.865356,-24.594826,-24.185480,-83.734383,-22.074194
7.212500,-29.939348,-2.866757,-20.385355,-23.936411,-83.074715,-21.826202
7.218750,-24.023623,-2.867895,-15.663460,-23.751810,-80.684937,-21.731268
7.225000,-18.111767,-2.869642,-10.698874,-23.620430,-76.415161,-21.763306
7.231250,-12.201395,-2.871833,-5.782347,-23.529284,-70.698814,-21.899591
7.237500,-6.286289,-2.873395,-1.311543,-23.489515,-64.053970,-22.109823
7.243750,-0.366331,-2.874160,4.494940,-23.497164,-57.020004,-22.346058
7.250000,5.551641,-2.874803,10.117173,-23.532957,-50.162209,-22.529314
7.256250,11.464772,-2.875867,15.816936,-23.585516,-44.857006,-22.777145
7.262500,17.375669,-2.877166,19.899897,-23.660610,-38.991898,-23.007265
7.268750,23.285604,-2.878767,24.204786,-23.754957,-34.260040,-23.160912
7.275000,29.193735,-2.881250,28.697340,-23.802280,-30.726919,-23.236492
7.281250,35.100620,-2.884566,32.892353,-23.824060,-28.432623,-23.239227
7.287500,41.013008,-2.887628,36.406784,-23.814075,-27.210100,-23.171217
7.293750,46.933968,-2.889406,39.146297,-23.747520,-26.818220,-23.037783
7.300000,52.858322,-2.890080,41.206467,-23.652344,-27.023731,-22.854950
7.306250,58.778572,-2.890539,42.870525,-23.536318,-27.593893,-22.643366
7.312500,64.691063,-2.891702,44.081604,-23.390816,-28.292404,-22.427214
7.318750,70.598152,-2.893738,45.044315,-23.226494,-28.968153,-22.221848
7.325000,76.505348,-2.896291,44.194206,-23.044714,-29.575733,-22.035410
7.331250,82.418022,-2.898288,43.666069,-22.830751,-30.005322,-21.893112
7.337500,88.336998,-2.899213,43.158878,-22.612469,-30.202377,-21.816345
7.343750,94.255997,-2.899488,42.425209,-22.413622,-30.268742,-21.809834
7.350000,98.274376,-2.900214,41.368023,-22.245613,-28.459974,-21.849201
7.356250,102.014381,-2.901628,39.944195,-22.111050,-26.470411,-21.945475
7.362500,104.948509,-2.903275,38.100708,-22.008276,-23.549801,-22.117016
7.368750,106.587776,-2.904624,35.791836,-21.927950,-21.700510,-22.329037
7.375000,106.503212,-2.905803,32.950485,-21.860218,-19.244070,-22.549408
7.381250,104.352005,-2.907068,31.598204,-21.802696,-16.383375,-22.745569
7.387500,99.896484,-2.908792,30.137228,-21.788738,-13.411379,-22.912872
7.393750,93.015106,-2.911364,28.753904,-21.789635,-8.551658,-23.051357
7.400000,83.710381,-2.914451,27.664072,-21.794708,-3.322979,-23.142029
7.406250,72.109703,-2.917037,27.247326,-21.824207,0.664225,-23.176447
7.412500,58.450909,-2.918490,27.557285,-21.892328,5.224630,-23.156151
7.418750,43.068413,-2.919580,28.522396,-22.009590,9.989303,-23.087845
7.425000,26.383841,-2.921110,30.005123,-22.185329,14.593631,-22.983162
7.431250,8.891455,-2.922903,31.842522,-22.421892,18.717131,-22.849213
7.437500,-8.869352,-2.924268,33.873665,-22.714388,22.113823,-22.678097
7.443750,-26.354057,-2.925287,38.095745,-23.041996,24.551888,-22.471607
7.450000,-43.032665,-2.926411,41.056892,-23.388716,25.594191,-22.281767
7.456250,-58.411900,-2.927125,44.331997,-23.814688,25.093817,-22.123762
7.462500,-72.059700,-2.926574,47.720428,-24.308102,23.127346,-22.009758
7.468750,-83.640327,-2.925108,51.052673,-24.875547,19.798595,-21.949509
7.475000,-92.922638,-2.923687,54.237259,-25.444658,15.319559,-21.936966
7.481250,-99.785355,-2.922342,57.065075,-26.026459,9.997082,-21.965252
7.487500,-104.223137,-2.920256,57.218029,-26.619659,4.129760,-22.033566
7.493750,-106.357887,-2.917344,56.240486,-27.204298,-1.855959,-22.130016
7.500000,-106.433739,-2.914886,53.620575,-27.739473,-7.349250,-22.243874
7.506250,-104.793304,-2.913379,51.029629,-28.203144,-11.636422,-22.375032
7.512500,-101.858131,-2.912092,46.512791,-28.598063,-14.122862,-22.503305
7.518750,-98.116989,-2.910610,40.371799,-28.895054,-14.265053,-22.609350
7.525000,-94.107178,-2.909829,32.947880,-29.078989,-11.518336,-22.689569
7.531250,-88.210167,-2.910405,24.554472,-29.151918,-7.514735,-22.736776
7.537500,-82.315636,-2.911718,15.559446,-29.127419,-2.232989,-22.723576
7.543750,-76.418854,-2.913162,6.535279,-28.975433,5.620980,-22.664577
7.550000,-70.522522,-2.915204,-2.065607,-28.720831,15.056328,-22.577297
7.556250,-64.629250,-2.918399,-9.967920,-28.398207,25.179230,-22.480026
7.562500,-58.734825,-2.922230,-18.582296,-28.025625,35.113651,-22.396700
7.568750,-52.834808,-2.925908,-25.741030,-27.608191,44.061127,-22.344021
7.575000,-46.929230,-2.929137,-31.349747,-27.189634,51.518093,-22.279333
7.581250,-41.021027,-2.931905,-35.213005,-26.783785,56.702400,-22.239134
7.587500,-35.110779,-2.934000,-37.600437,-26.394997,61.123123,-22.242273
7.593750,-29.199512,-2.935321,-38.697372,-26.033949,63.107639,-22.292410
7.600000,-23.291645,-2.936582,-38.591972,-25.705563,63.023857,-22.382307
7.606250,-17.389219,-2.938427,-37.389751,-25.411314,61.311638,-22.498337
7.612500,-11.488377,-2.940378,-35.228252,-25.146868,58.447121,-22.625423
7.618750,-5.585715,-2.941832,-32.298195,-24.905798,54.882187,-22.764664
7.625000,0.317050,-2.943142,-28.860044,-24.684101,51.007465,-22.941221
7.631250,6.215153,-2.945092,-23.049232,-24.478222,47.231258,-23.113543
7.637500,12.109670,-2.947681,-18.410292,-24.278793,43.429649,-23.239014
7.643750,18.004471,-2.950406,-13.055047,-24.044914,40.326111,-23.341063
7.650000,23.900978,-2.953294,-7.338950,-23.739906,37.961067,-23.424290
7.656250,29.794569,-2.957141,-2.080394,-23.438374,36.123417,-23.504118
7.662500,35.686039,-2.962265,2.129573,-23.132940,34.496998,-23.583675
7.668750,41.581516,-2.967881,7.257617,-22.820780,32.818214,-23.660187
7.675000,47.487461,-2.972885,11.546012,-22.511660,32.666107,-23.740234
7.681250,53.401569,-2.976895,15.139162,-22.225121,32.023159,-23.833014
7.687500,59.318932,-2.980260,18.243155,-21.985250,30.997688,-23.947567
7.693750,65.236420,-2.983191,21.146389,-21.801350,29.670155,-24.096418
7.700000,71.154495,-2.985656,22.362892,-21.663637,28.091566,-24.310816
7.706250,77.073250,-2.987531,23.738663,-21.587032,26.284046,-24.529678
7.712500,82.992210,-2.988776,24.965231,-21.568302,23.357334,-24.727440
7.718750,88.909988,-2.989517,25.822790,-21.591967,21.978081,-24.963919
7.725000,94.826881,-2.989661,25.914310,-21.690941,20.497349,-25.232079
7.731250,98.847008,-2.989316,24.995552,-21.847292,19.204224,-25.508345
7.737500,102.588715,-2.989120,23.047930,-22.030388,18.228819,-25.762939
7.743750,105.517815,-2.989758,22.072367,-22.214294,17.654970,-25.953402
7.750000,107.144783,-2.991338,20.506865,-22.380190,17.464895,-26.046282
7.756250,107.047958,-2.993263,18.640846,-22.515438,17.309006,-26.080761
7.762500,104.889366,-2.995108,16.684250,-22.621555,17.186319,-26.026880
7.768750,100.428772,-2.997404,14.833665,-22.695463,17.122988,-25.874147
7.775000,93.541565,-3.000868,13.328010,-22.733044,16.986851,-25.624607
7.781250,84.231850,-3.005175,12.323192,-22.742935,16.634054,-25.294237
7.787500,72.628075,-3.009126,11.876810,-22.738085,15.946136,-24.908520
7.793750,58.969074,-3.012191,12.009134,-22.731283,14.889702,-24.491831
7.800000,43.589447,-3.014738,12.710633,-22.733200,13.561687,-24.033722
7.806250,26.913012,-3.017027,13.952972,-22.745924,12.105387,-23.524071
7.812500,9.433329,-3.018598,13.783831,-22.770180,10.576173,-23.022930
7.818750,-8.315611,-3.019082,15.800304,-22.820356,7.908671,-22.596075
7.825000,-25.791603,-3.019031,17.886150,-22.924313,5.683732,-22.236185
7.831250,-42.465710,-3.018898,19.826616,-23.105810,3.844110,-21.947998
7.837500,-57.841934,-3.018136,21.554678,-23.396835,2.471956,-21.729025
7.843750,-71.490852,-3.016070,23.003656,-23.732746,1.721276,-21.582027
7.850000,-83.077133,-3.013582,24.706272,-24.106936,1.684460,-21.516045
7.856250,-92.370331,-3.011790,25.857538,-24.537233,0.287998,-21.528309
7.862500,-99.245285,-3.010583,26.523958,-25.008684,-0.943757,-21.607403
7.868750,-103.694435,-3.008750,24.866488,-25.490650,-2.327453,-21.736946
7.875000,-105.837837,-3.006087,22.515530,-25.960011,-4.118274,-21.890364
7.881250,-105.919876,-3.003474,20.990202,-26.415846,-6.504728,-22.013962
7.887500,-104.285110,-3.001492,18.512222,-26.831453,-9.600944,-22.146452
7.893750,-101.356079,-2.999726,15.272270,-27.187614,-12.417645,-22.288469
7.900000,-97.622398,-2.998112,11.465798,-27.455111,-15.335555,-22.380375
7.906250,-93.620026,-2.997494,7.384484,-27.608547,-18.228558,-22.430309
7.912500,-87.727402,-2.998180,3.145320,-27.656525,-20.812992,-22.450569
7.918750,-81.831535,-2.998180,-1.047597,-27.656525,-22.691587,-22.450569
7.925000,-81.831535,-2.998180,-1.047597,-27.656525,-22.691587,-22.450569
7.931250,-81.831535,-2.998180,-1.047597,-27.656525,-22.691587,-22.450569
7.937500,-81.831535,-2.998180,-1.047597,-27.656525,-22.691587,-22.450569
7.943750,-81.831535,-2.998180,-1.047597,-27.656525,-22.691587,-22.450569
7.950000,-81.831535,-2.998180,-1.047597,-27.656525,-22.691587,-22.450569
7.956250,-81.831535,-2.998180,-1.047597,-27.656525,-22.691587,-22.450569
7.962500,-81.831535,-2.998180,-1.047597,-27.656525,-22.691587,-22.450569
7.968750,-81.831535,-2.998180,-1.047597,-27.656525,-22.691587,-22.450569
7.975000,-81.831535,-2.998180,-1.047597,-27.656525,-22.691587,-22.450569
7.981250,-81.831535,-2.998180,-1.047597,-27.656525,-22.691587,-22.450569
7.987500,-81.831535,-2.998180,-1.047597,-27.656525,-22.691587,-22.450569
7.993750,-81.831535,-2.998180,-1.047597,-27.656525,-22.691587,-22.450569
8.000000,-81.831535,-2.998180,-1.047597,-27.656525,-22.691587,-22.450569
