Anritsu VNA Frequency[GHz],S21[deg],S21[dB],S11[deg],S11[dB],S22[deg],S22[dB]
1338059585.54,2012_05_26_20:13:05,+56.540,+137.27,+116.20,+137.54,+143.06,+145.23,+140.58,+142.29,136.909470,-7.040
3.006250,42.093929,-2.326208,66.855400,-27.182724,-79.574394,-28.102093
3.012500,42.093929,-2.326208,66.855400,-27.182724,-79.574394,-28.102093
3.018750,42.093929,-2.326208,66.855400,-27.182724,-79.574394,-28.102093
3.025000,42.093929,-2.326208,66.855400,-27.182724,-79.574394,-28.102093
3.031250,42.093929,-2.326208,66.855400,-27.182724,-79.574394,-28.102093
3.037500,42.093929,-2.326208,66.855400,-27.182724,-79.574394,-28.102093
3.043750,42.093929,-2.326208,66.855400,-27.182724,-79.574394,-28.102093
3.050000,42.093929,-2.326208,66.855400,-27.182724,-79.574394,-28.102093
3.056250,42.093929,-2.326208,66.855400,-27.182724,-79.574394,-28.102093
3.062500,42.093929,-2.326208,66.855400,-27.182724,-79.574394,-28.102093
3.068750,42.093929,-2.326208,66.855400,-27.182724,-79.574394,-28.102093
3.075000,42.093929,-2.326208,66.855400,-27.182724,-79.574394,-28.102093
3.081250,42.093929,-2.326208,66.855400,-27.182724,-79.574394,-28.102093
3.087500,42.093929,-2.326208,66.855400,-27.182724,-79.574394,-28.102093
3.093750,42.093929,-2.328434,66.855400,-26.990543,-79.574394,-27.903690
3.100000,48.020226,-2.331057,63.356129,-26.827019,-79.759850,-27.696592
3.106250,53.946339,-2.333827,58.978737,-26.719366,-79.092194,-27.481241
3.112500,59.873383,-2.336676,52.319717,-26.682966,-77.301048,-27.241486
3.118750,65.800133,-2.339683,45.517815,-26.719677,-74.168144,-26.936255
3.125000,71.725838,-2.342868,39.158787,-26.737947,-69.706802,-26.622250
3.131250,77.650940,-2.346171,32.999023,-26.779900,-63.987965,-26.282173
3.137500,83.575233,-2.349769,27.170317,-26.853149,-56.657185,-25.903782
3.143750,89.497887,-2.353956,21.953373,-26.953203,-47.789326,-25.495348
3.150000,95.420853,-2.358469,17.627098,-27.068064,-39.402359,-25.070904
3.156250,99.451836,-2.362791,14.422556,-27.184456,-30.024839,-24.650822
3.162500,103.211685,-2.366806,12.521632,-27.286791,-20.367718,-24.258526
3.168750,106.166222,-2.370839,12.058088,-27.362091,-11.114821,-23.928642
3.175000,107.822319,-2.375024,13.155398,-27.391930,-2.867627,-23.668110
3.181250,107.753609,-2.379342,14.113650,-27.360188,4.306756,-23.422594
3.187500,105.621422,-2.383465,16.617388,-27.278881,9.633657,-23.228222
3.193750,101.188576,-2.387340,19.977245,-27.155272,12.868971,-23.106812
3.200000,94.332962,-2.390902,23.614756,-26.994776,14.031288,-23.065739
3.206250,85.054649,-2.394085,27.042608,-26.805370,13.179462,-23.102823
3.212500,73.473946,-2.397078,29.824215,-26.599236,10.464100,-23.221991
3.218750,59.826557,-2.400177,31.595287,-26.388786,6.157761,-23.440029
3.225000,44.453262,-2.403230,34.260571,-26.175638,0.368227,-23.661776
3.231250,27.783955,-2.405863,36.290382,-25.958364,-6.630651,-23.903820
3.237500,10.310047,-2.408150,36.117344,-25.741663,-14.216262,-24.166279
3.243750,-7.439908,-2.410633,35.721752,-25.516235,-20.263542,-24.430874
3.250000,-24.920021,-2.413683,34.920944,-25.286180,-26.221859,-24.676825
3.256250,-41.594929,-2.416979,33.272255,-25.094252,-31.478178,-24.892765
3.262500,-56.969185,-2.419967,30.745518,-24.927280,-35.487507,-25.069365
3.268750,-70.616516,-2.422589,27.277334,-24.780104,-37.728264,-25.195499
3.275000,-82.199341,-2.425212,22.692024,-24.651819,-37.814777,-25.265930
3.281250,-91.482506,-2.428258,16.825413,-24.535666,-35.515285,-25.281227
3.287500,-98.342682,-2.431649,9.544694,-24.420818,-30.765638,-25.248577
3.293750,-102.777344,-2.435143,2.950972,-24.285063,-23.680317,-25.169180
3.300000,-104.907112,-2.438529,-4.346992,-24.106041,-14.498513,-25.043575
3.306250,-104.968994,-2.441665,-12.466751,-23.975294,-3.583786,-24.889484
3.312500,-103.304222,-2.444543,-20.671034,-23.859587,8.544741,-24.733356
3.318750,-100.341034,-2.447367,-28.511587,-23.758207,21.288729,-24.598425
3.325000,-96.571693,-2.450002,-35.724667,-23.682867,34.024696,-24.499660
3.331250,-92.527954,-2.452331,-42.070961,-23.650190,48.296238,-24.444559
3.337500,-86.588356,-2.454202,-47.371532,-23.692352,62.122688,-24.436831
3.343750,-80.648216,-2.455711,-51.508629,-23.871004,75.422966,-24.472013
3.350000,-74.708473,-2.456857,-55.180138,-24.035347,86.268700,-24.521414
3.356250,-68.769493,-2.457751,-57.899879,-24.285002,96.233025,-24.579250
3.362500,-62.832062,-2.458349,-57.852604,-24.654871,104.213631,-24.707367
3.368750,-56.896091,-2.458715,-56.807266,-25.139854,110.010056,-24.885668
3.375000,-50.960983,-2.458561,-54.657017,-25.720072,113.243248,-25.126421
3.381250,-45.027355,-2.457961,-51.434662,-26.365690,113.642281,-25.413950
3.387500,-39.098812,-2.457521,-47.254242,-27.042088,111.508690,-25.692961
3.393750,-33.176315,-2.457709,-42.294701,-27.708067,106.551430,-25.972624
3.400000,-27.257183,-2.458341,-36.779701,-28.320284,99.052887,-26.212881
3.406250,-21.337708,-2.458830,-31.010319,-28.850056,89.858154,-26.484833
3.412500,-15.418339,-2.459341,-25.325289,-29.273834,79.858925,-26.750980
3.418750,-9.503137,-2.460575,-19.693932,-29.566301,69.660950,-26.982908
3.425000,-3.591392,-2.462751,-14.106182,-29.715673,58.044231,-27.169853
3.431250,2.321713,-2.465211,-8.832666,-29.723717,47.340302,-27.310783
3.437500,8.238667,-2.467513,-4.084986,-29.590534,38.004742,-27.411736
3.443750,14.155811,-2.470291,0.110846,-29.296980,30.594809,-27.428617
3.450000,20.070692,-2.474034,3.539274,-28.875731,23.594374,-27.371468
3.456250,25.988010,-2.478210,6.080744,-28.361902,18.712023,-27.253021
3.462500,31.912956,-2.481834,7.829785,-27.794523,15.620010,-27.076918
3.468750,37.843498,-2.484828,9.002598,-27.215252,13.985579,-26.840973
3.475000,43.774635,-2.487619,9.853610,-26.671206,13.460322,-26.555197
3.481250,49.704411,-2.490388,10.700691,-26.185804,13.658785,-26.233467
3.487500,55.633507,-2.493270,10.329611,-25.733044,14.183219,-25.874882
3.493750,61.561615,-2.496517,10.464249,-25.361399,14.632903,-25.481833
3.500000,67.489113,-2.500109,10.867874,-25.089346,14.578228,-25.065557
3.506250,73.419312,-2.503611,11.465308,-24.914564,13.674795,-24.636917
3.512500,79.353142,-2.506426,12.182902,-24.819763,11.652285,-24.206406
3.518750,85.288025,-2.508924,12.961240,-24.759497,8.312645,-23.780674
3.525000,91.218269,-2.512092,13.748383,-24.642336,3.520179,-23.365974
3.531250,95.249168,-2.516347,15.338695,-24.602758,-0.673376,-22.974756
3.537500,99.008308,-2.521001,17.237040,-24.549101,-5.699185,-22.623152
3.543750,101.967590,-2.525371,19.524767,-24.462013,-11.093392,-22.328388
3.550000,103.632530,-2.529770,22.378504,-24.328827,-16.541142,-22.052591
3.556250,103.572426,-2.534714,24.145739,-24.133240,-21.746771,-21.777279
3.562500,101.448273,-2.539995,26.514778,-23.895975,-26.276146,-21.527082
3.568750,97.029228,-2.544754,28.969009,-23.643492,-30.511280,-21.368032
3.575000,90.194939,-2.548312,31.099035,-23.401411,-34.190815,-21.292015
3.581250,80.941185,-2.550745,32.531837,-23.201448,-37.446537,-21.325050
3.587500,69.384613,-2.552634,32.925385,-23.078928,-38.801697,-21.418005
3.593750,55.760971,-2.554148,32.067009,-23.042536,-40.530888,-21.574945
3.600000,40.414410,-2.554801,32.080536,-23.088808,-42.105385,-21.819180
3.606250,23.772701,-2.554148,31.352682,-23.234818,-43.473110,-22.146889
3.612500,6.324522,-2.552548,30.268694,-23.478874,-44.670013,-22.535393
3.618750,-11.401567,-2.550488,29.252449,-23.818577,-45.808632,-22.951038
3.625000,-28.858612,-2.547897,28.526911,-24.275791,-47.223808,-23.419706
3.631250,-45.512039,-2.544492,28.516397,-24.820911,-47.012428,-23.916523
3.637500,-60.872406,-2.540616,29.591480,-25.418699,-46.554470,-24.410084
3.643750,-74.516525,-2.536992,31.924046,-26.032066,-45.569359,-24.877008
3.650000,-86.103653,-2.534046,33.662369,-26.619545,-43.889347,-25.297766
3.656250,-95.393967,-2.531673,36.372730,-27.125923,-41.416416,-25.653919
3.662500,-102.264214,-2.529941,39.320320,-27.520279,-38.116928,-25.935175
3.668750,-106.714149,-2.529074,43.520512,-27.830042,-34.051979,-26.143736
3.675000,-108.863678,-2.528969,47.053043,-28.016277,-29.353437,-26.282894
3.681250,-108.947609,-2.529195,49.758049,-28.066391,-24.171041,-26.352541
3.687500,-107.307404,-2.529878,51.391060,-27.985359,-18.716219,-26.355810
3.693750,-104.372246,-2.531652,51.769760,-27.794945,-13.256403,-26.301876
3.700000,-100.633965,-2.534673,50.808540,-27.525063,-8.060096,-26.204985
3.706250,-96.619469,-2.538103,48.648476,-27.169174,-3.343120,-26.071680
3.712500,-90.704224,-2.541332,45.403542,-26.765507,0.782285,-25.896124
3.718750,-84.786873,-2.544725,39.204456,-26.354717,4.181945,-25.682917
3.725000,-78.870766,-2.548753,31.940849,-25.961994,6.783282,-25.433619
3.731250,-72.953201,-2.552965,23.402689,-25.616158,8.825216,-25.196465
3.737500,-67.030861,-2.556792,15.519782,-25.356932,10.657376,-24.991608
3.743750,-61.104401,-2.560230,6.923480,-25.188070,12.399331,-24.832922
3.750000,-55.178116,-2.563576,-1.770742,-25.097855,14.484883,-24.696985
3.756250,-49.252872,-2.566772,-10.077047,-25.079981,15.742938,-24.548800
3.762500,-43.326859,-2.569677,-17.572290,-25.119242,18.002651,-24.379993
3.768750,-37.400547,-2.572462,-23.804180,-25.183683,19.164272,-24.247721
3.775000,-31.475580,-2.575436,-28.447947,-25.263985,21.005650,-24.159988
3.781250,-25.551682,-2.578447,-31.396080,-25.361860,22.748833,-24.094879
3.787500,-19.626534,-2.581127,-32.332062,-25.453558,24.049410,-24.042282
3.793750,-13.701369,-2.583701,-31.091818,-25.534595,24.637241,-24.002005
3.800000,-7.778090,-2.586603,-29.539911,-25.606163,24.332582,-23.973059
3.806250,-1.856554,-2.589796,-25.672045,-25.577663,23.124023,-23.923977
3.812500,4.065256,-2.593144,-20.459673,-25.496363,21.018723,-23.848204
3.818750,9.987459,-2.596766,-14.686934,-25.380840,17.910297,-23.753469
3.825000,15.909174,-2.600781,-8.928440,-25.244078,13.910967,-23.644434
3.831250,21.833298,-2.604748,-1.559786,-25.098051,9.274812,-23.527361
3.837500,27.760763,-2.608281,5.569465,-24.955713,4.339722,-23.418322
3.843750,33.688782,-2.611762,12.560372,-24.821316,-0.519997,-23.341782
3.850000,39.614574,-2.615675,17.699738,-24.685972,-4.593824,-23.215738
3.856250,45.540031,-2.619562,22.714445,-24.555159,-9.490687,-23.084578
3.862500,51.468853,-2.622948,27.137466,-24.432325,-13.397420,-22.964659
3.868750,57.398121,-2.626120,30.614799,-24.310564,-16.399395,-22.858210
3.875000,63.322372,-2.630162,32.845615,-24.171547,-18.612717,-22.759098
3.881250,69.242432,-2.635411,33.561985,-23.992865,-20.205927,-22.653860
3.887500,75.164742,-2.641016,32.384636,-23.798527,-21.428841,-22.536343
3.893750,81.093781,-2.646186,29.085892,-23.576141,-22.647217,-22.414841
3.900000,87.026001,-2.651384,25.873558,-23.309858,-24.178320,-22.285583
3.906250,92.955940,-2.657531,21.338093,-22.996649,-26.307980,-22.145351
3.912500,96.989998,-2.664758,15.964163,-22.637959,-29.374975,-21.991192
3.918750,100.756126,-2.672577,10.244858,-22.239182,-31.811516,-21.815920
3.925000,103.724480,-2.680311,4.598273,-21.818394,-35.553879,-21.603104
3.931250,105.403244,-2.687693,-0.631270,-21.401672,-40.402863,-21.375620
3.937500,105.363861,-2.694707,-5.082273,-21.011280,-44.254414,-21.179029
3.943750,103.264343,-2.701223,-8.431548,-20.669485,-48.019135,-21.014568
3.950000,98.868790,-2.706885,-10.463163,-20.397610,-50.919342,-20.891813
3.956250,92.056015,-2.711065,-11.070637,-20.214489,-52.323723,-20.823921
3.962500,82.824020,-2.713562,-10.236977,-20.132368,-51.694752,-20.823126
3.968750,71.291252,-2.714589,-8.010280,-20.153421,-48.603569,-20.898819
3.975000,57.691078,-2.714328,-6.397347,-20.262045,-42.760834,-21.060244
3.981250,42.362820,-2.712816,-1.790373,-20.436455,-35.933380,-21.345022
3.987500,25.732952,-2.710210,3.210223,-20.750668,-26.428431,-21.673351
3.993750,8.291905,-2.706636,8.690475,-21.135242,-14.749336,-22.090614
4.000000,-9.429040,-2.702379,14.358704,-21.580656,-2.002292,-22.608925
4.006250,-26.883329,-2.697433,19.777746,-22.076103,11.092977,-23.238220
4.012500,-43.540001,-2.692030,24.652233,-22.600889,23.757080,-23.974762
4.018750,-58.909054,-2.686941,28.741169,-23.127748,34.543934,-24.684963
4.025000,-72.563545,-2.682590,31.816620,-23.635050,45.062183,-25.368275
4.031250,-84.159767,-2.678760,33.892162,-24.115671,52.531490,-26.095800
4.037500,-93.458023,-2.675442,35.089497,-24.553612,58.861397,-26.814255
4.043750,-100.338280,-2.673091,35.356785,-24.933525,62.699802,-27.489269
4.050000,-104.799667,-2.671979,34.649075,-25.250244,64.453262,-28.098095
4.056250,-106.959526,-2.671339,32.979137,-25.500620,64.626572,-28.625332
4.062500,-107.051521,-2.670594,30.521603,-25.662287,61.953049,-29.049377
4.068750,-105.420464,-2.670350,27.460451,-25.738470,58.804924,-29.344576
4.075000,-102.499252,-2.671853,23.915564,-25.744633,55.316574,-29.507156
4.081250,-98.775597,-2.674874,20.183592,-25.692350,51.659065,-29.538265
4.087500,-94.773239,-2.678064,16.648323,-25.588459,48.122776,-29.436958
4.093750,-88.866852,-2.680674,11.843150,-25.438618,45.058517,-29.204622
4.100000,-82.959648,-2.683305,7.804869,-25.252180,40.651028,-28.853563
4.106250,-77.056618,-2.686834,4.426951,-25.035681,36.603664,-28.410782
4.112500,-71.155617,-2.691148,1.650062,-24.788027,32.772575,-27.885662
4.118750,-65.252098,-2.695904,-0.605550,-24.512384,29.278011,-27.260542
4.125000,-59.345741,-2.701149,-2.528642,-24.221870,25.776575,-26.581812
4.131250,-53.437965,-2.706981,-4.263054,-23.927719,22.112896,-25.885065
4.137500,-47.526398,-2.713086,-5.898468,-23.636963,18.283880,-25.197990
4.143750,-41.608902,-2.719007,-7.493550,-23.352001,14.325764,-24.541794
4.150000,-35.687878,-2.724921,-9.113018,-23.074650,10.278552,-23.932991
4.156250,-29.765594,-2.731135,-8.666074,-22.804428,6.183920,-23.378334
4.162500,-23.841814,-2.737728,-7.588635,-22.540024,4.252163,-22.853369
4.168750,-17.914877,-2.744393,-7.364525,-22.272217,2.982679,-22.442141
4.175000,-11.984246,-2.751271,-6.043248,-22.007320,1.006976,-22.090485
4.181250,-6.049560,-2.758098,-3.975413,-21.755713,0.382879,-21.807455
4.187500,-0.110280,-2.764661,-1.462993,-21.525433,0.866462,-21.572231
4.193750,5.833826,-2.770813,1.179015,-21.323538,2.257364,-21.356609
4.200000,11.781767,-2.776456,3.626256,-21.157257,5.080466,-21.260664
4.206250,17.732849,-2.781325,5.558482,-21.034191,6.515527,-21.254391
4.212500,23.686953,-2.785129,8.872095,-20.956978,7.590406,-21.286692
4.218750,29.641125,-2.788091,12.003636,-20.916729,9.261134,-21.337475
4.225000,35.592300,-2.790695,15.267709,-20.905855,9.570550,-21.420536
4.231250,41.539383,-2.793095,17.015533,-20.914690,8.428048,-21.530867
4.237500,47.484165,-2.795300,19.095053,-20.932825,5.708528,-21.651701
4.243750,53.426781,-2.797124,21.060852,-20.975216,3.438743,-21.775446
4.250000,59.368313,-2.798566,22.493010,-21.036665,0.089811,-21.904907
4.256250,65.308197,-2.799555,23.113770,-21.098417,-3.833286,-22.027170
4.262500,71.243942,-2.800410,22.550264,-21.144581,-7.804204,-22.128494
4.268750,77.173622,-2.801775,20.448507,-21.163715,-11.374296,-22.194929
4.275000,83.096001,-2.804137,18.667622,-21.148643,-14.148620,-22.216002
4.281250,89.015968,-2.807214,15.576317,-21.090441,-15.791219,-22.180042
4.287500,94.937225,-2.810660,11.445450,-20.980791,-16.035292,-22.065754
4.293750,98.963593,-2.815010,6.500715,-20.827942,-14.792296,-21.880384
4.300000,102.714844,-2.820691,0.951229,-20.641935,-12.398118,-21.670134
4.306250,105.664177,-2.826991,-4.874220,-20.425144,-8.770280,-21.424234
4.312500,107.325356,-2.832753,-10.688072,-20.184532,-4.037068,-21.145836
4.318750,107.269241,-2.837948,-16.248640,-19.930325,1.502330,-20.844873
4.325000,105.147705,-2.843521,-21.359493,-19.678955,7.481903,-20.536903
4.331250,100.723190,-2.849716,-25.865997,-19.449276,13.504519,-20.238134
4.337500,93.880287,-2.855693,-29.636824,-19.264729,19.190029,-19.959295
4.343750,84.622452,-2.860659,-32.595478,-19.191927,24.179304,-19.691221
4.350000,73.068123,-2.864784,-34.001347,-19.089638,28.126421,-19.457624
4.356250,59.451256,-2.868024,-33.984119,-19.081474,32.455929,-19.308039
4.362500,44.112518,-2.869959,-32.726273,-19.181890,35.798336,-19.247759
4.368750,27.478476,-2.870602,-30.149481,-19.388102,38.482533,-19.298309
4.375000,10.035818,-2.870587,-26.332588,-19.691177,40.820297,-19.492918
4.381250,-7.684750,-2.870090,-21.432068,-20.074451,42.616077,-19.713924
4.387500,-25.132986,-2.868568,-15.660542,-20.513807,44.569183,-19.987366
4.393750,-41.776543,-2.865966,-9.312599,-20.987097,47.198139,-20.349705
4.400000,-57.129116,-2.863259,-2.752121,-21.479115,48.877701,-20.805027
4.406250,-70.765366,-2.860822,1.772572,-21.972250,50.907780,-21.317110
4.412500,-82.340446,-2.858106,7.748051,-22.448479,52.959129,-21.860165
4.418750,-91.614967,-2.854896,13.015818,-22.893665,54.801792,-22.413485
4.425000,-98.471329,-2.851930,17.392544,-23.274035,56.288006,-22.946495
4.431250,-102.912621,-2.849802,20.869726,-23.556152,57.402451,-23.413511
4.437500,-105.056442,-2.848081,23.238232,-23.745613,58.020271,-23.799501
4.443750,-105.136734,-2.846536,24.493645,-23.848776,58.049252,-24.093935
4.450000,-103.496651,-2.845869,24.810801,-23.867031,57.571266,-24.285374
4.456250,-100.566002,-2.846813,24.440475,-23.802879,56.738010,-24.366785
4.462500,-96.831482,-2.848839,23.702200,-23.663397,55.721214,-24.337645
4.468750,-92.819962,-2.851261,22.986925,-23.462406,54.726185,-24.206326
4.475000,-86.911095,-2.854250,20.831490,-23.219269,53.999027,-23.995140
4.481250,-81.002373,-2.858130,19.367903,-22.930092,52.053360,-23.671078
4.487500,-75.091339,-2.862514,18.537642,-22.611000,50.875530,-23.262140
4.493750,-69.175262,-2.866830,18.089235,-22.291775,49.946434,-22.807909
4.500000,-63.257839,-2.871771,17.899599,-21.993340,49.020523,-22.338020
4.506250,-57.342110,-2.878228,17.899445,-21.726912,47.908646,-21.875158
4.512500,-51.422672,-2.885382,18.027472,-21.492531,46.436081,-21.436415
4.518750,-45.491169,-2.891789,18.215231,-21.273384,44.422146,-21.036089
4.525000,-39.548695,-2.897045,18.374252,-20.991238,41.664467,-20.696392
4.531250,-33.604214,-2.902128,20.010201,-20.816616,37.880199,-20.463154
4.537500,-27.661650,-2.907663,21.731571,-20.683754,32.527016,-20.269970
4.543750,-21.715815,-2.913151,22.309851,-20.557436,27.396595,-20.144291
4.550000,-15.762381,-2.917745,23.574139,-20.447638,20.928822,-20.081509
4.556250,-9.802829,-2.921378,25.028145,-20.377407,13.451772,-20.045982
4.562500,-3.840859,-2.924320,26.315104,-20.365950,5.913886,-20.153278
4.568750,2.121679,-2.926746,27.119951,-20.435574,-1.553458,-20.377813
4.575000,8.086021,-2.928456,27.150515,-20.620525,-8.670335,-20.685398
4.581250,14.053428,-2.929027,26.160139,-20.940018,-15.527865,-21.026737
4.587500,20.021820,-2.928379,25.084377,-21.311731,-21.225697,-21.434610
4.593750,25.989134,-2.926675,23.286074,-21.786753,-25.516445,-21.908255
4.600000,31.952517,-2.924191,20.798231,-22.370998,-28.328388,-22.431932
4.606250,37.911438,-2.920877,17.652308,-23.090239,-29.727236,-22.995596
4.612500,43.865524,-2.916732,13.899390,-23.900112,-29.959555,-23.597967
4.618750,49.811630,-2.912493,9.975501,-24.772131,-29.195679,-24.216866
4.625000,55.747135,-2.908859,5.779397,-25.692225,-27.686033,-24.833853
4.631250,61.675762,-2.905507,1.493701,-26.631239,-25.782982,-25.434855
4.637500,67.602707,-2.901465,-2.657195,-27.550922,-23.877846,-26.007868
4.643750,73.526352,-2.896869,-8.339076,-28.404707,-22.395304,-26.525539
4.650000,79.438568,-2.893128,-13.720901,-29.140713,-21.777359,-26.946705
4.656250,85.335709,-2.891349,-17.022240,-29.710379,-22.410160,-27.237143
4.662500,91.224442,-2.891351,-20.091303,-30.099691,-22.645319,-27.433510
4.668750,97.111839,-2.892537,-22.916168,-30.292498,-24.369646,-27.526432
4.675000,101.104454,-2.895029,-25.338636,-30.271948,-27.230623,-27.501068
4.681250,104.823753,-2.898949,-27.309402,-30.035236,-31.063431,-27.353167
4.687500,107.739784,-2.903772,-28.859701,-29.599092,-35.710304,-27.089834
4.693750,109.361061,-2.909522,-30.073544,-28.997885,-40.982937,-26.723156
4.700000,109.258301,-2.916894,-31.060581,-28.279747,-46.620674,-26.261179
4.706250,107.091187,-2.926167,-32.086517,-27.446672,-52.316040,-25.703945
4.712500,102.631966,-2.935954,-33.541706,-26.529196,-57.727818,-25.041939
4.718750,95.764915,-2.944833,-35.444473,-25.582745,-62.170238,-24.383305
4.725000,86.484406,-2.952956,-36.061077,-24.683895,-67.393684,-23.741062
4.731250,74.903931,-2.961241,-37.146645,-23.869974,-71.848282,-23.148788
4.737500,61.261333,-2.969338,-38.410858,-23.159569,-75.659416,-22.619053
4.743750,45.903030,-2.976218,-39.688663,-22.565929,-79.308952,-22.111372
4.750000,29.254387,-2.981737,-40.841343,-22.088881,-82.632698,-21.643328
4.756250,11.799891,-2.986665,-41.722576,-21.700695,-85.664558,-21.248789
4.762500,-5.929546,-2.991136,-42.196918,-21.373453,-86.086166,-20.981497
4.768750,-23.383501,-2.994545,-40.966488,-21.184010,-86.150536,-20.808090
4.775000,-40.029903,-2.996786,-38.665695,-21.070824,-85.460190,-20.711811
4.781250,-55.381111,-2.998394,-36.785023,-20.998711,-83.588890,-20.682728
4.787500,-69.013161,-2.999867,-33.397179,-20.927265,-82.052048,-20.714897
4.793750,-80.584450,-3.001336,-28.888636,-20.859623,-78.826721,-20.762564
4.800000,-89.856873,-3.002857,-23.829145,-20.784821,-74.162163,-20.817320
4.806250,-96.707298,-3.004584,-18.572721,-20.694582,-68.600487,-20.876183
4.812500,-101.135376,-3.006406,-13.600739,-20.587141,-62.504871,-20.926378
4.818750,-103.261452,-3.008405,-9.360405,-20.462547,-56.204422,-20.948469
4.825000,-103.324181,-3.011109,-4.085481,-20.325752,-49.972580,-20.937435
4.831250,-101.663307,-3.014543,0.503043,-20.189486,-44.032570,-20.908567
4.837500,-98.700058,-3.017643,4.633009,-20.070641,-38.603062,-20.874838
4.843750,-94.924103,-3.019711,8.617504,-19.969587,-33.741356,-20.791748
4.850000,-90.875168,-3.021642,11.003554,-19.873301,-29.371792,-20.667633
4.856250,-84.937897,-3.024868,13.615885,-19.800711,-25.726379,-20.527534
4.862500,-79.003708,-3.028967,16.158478,-19.764721,-22.696081,-20.387531
4.868750,-73.061958,-3.032429,18.471550,-19.761898,-20.070122,-20.253565
4.875000,-67.111557,-3.034769,20.455877,-19.775793,-17.612621,-20.128319
4.881250,-61.161510,-3.036920,22.033291,-19.777908,-15.134456,-20.017904
4.887500,-55.216072,-3.039435,23.319628,-19.791605,-12.478164,-19.928242
4.893750,-49.272606,-3.042196,24.590279,-19.822145,-9.514855,-19.866257
4.900000,-43.327759,-3.044873,25.694077,-19.858919,-6.158020,-19.832754
4.906250,-37.381664,-3.047510,26.704479,-19.904068,-2.357218,-19.817774
4.912500,-31.435093,-3.050013,27.656733,-19.941204,1.881415,-19.798376
4.918750,-25.487404,-3.052286,28.536432,-19.968679,6.597788,-19.771717
4.925000,-19.540380,-3.054772,29.563118,-20.008110,12.254933,-19.792538
4.931250,-13.593994,-3.057566,30.781836,-20.077152,18.600082,-19.841827
4.937500,-7.644685,-3.059892,32.159428,-20.184561,25.540035,-19.915871
4.943750,-1.688264,-3.060894,33.624969,-20.337303,30.941343,-20.018036
4.950000,4.269716,-3.060988,35.095245,-20.534035,36.201332,-20.150934
4.956250,10.222305,-3.061229,36.502228,-20.768064,40.860672,-20.317719
4.962500,16.169928,-3.061588,38.031040,-21.026709,44.474533,-20.533817
4.968750,22.119230,-3.061205,39.864006,-21.287712,48.815121,-20.768568
4.975000,28.069401,-3.060163,41.794846,-21.564768,50.986641,-20.993155
4.981250,34.015476,-3.059189,43.576374,-21.851215,51.898769,-21.259111
4.987500,39.958290,-3.057980,45.192295,-22.130728,51.632061,-21.563744
4.993750,45.902084,-3.055743,46.484810,-22.397131,50.132278,-21.903887
5.000000,51.843651,-3.052848,47.314697,-22.643412,47.334469,-22.275944
5.006250,57.775303,-3.050589,47.599682,-22.859175,43.204002,-22.676657
5.012500,63.697163,-3.049351,47.293365,-23.029963,37.671261,-23.072931
5.018750,69.617531,-3.048294,46.382408,-23.133198,32.428032,-23.400972
5.025000,75.539558,-3.046885,42.920677,-23.171453,25.864014,-23.707066
5.031250,81.459198,-3.045720,40.508297,-23.171797,18.358383,-23.993498
5.037500,87.372055,-3.045091,37.377426,-23.133636,10.612740,-24.240065
5.043750,93.282249,-3.044982,33.661343,-23.074701,3.068443,-24.436041
5.050000,97.295525,-3.045507,29.434025,-23.089373,-3.889438,-24.575418
5.056250,101.032486,-3.047136,24.952436,-23.012444,-9.859172,-24.646214
5.062500,103.963448,-3.049342,20.917175,-22.949081,-14.455121,-24.638500
5.068750,105.602013,-3.051077,16.890989,-22.929493,-17.402922,-24.554489
5.075000,105.517998,-3.052390,11.377607,-22.959597,-18.476164,-24.398939
5.081250,103.361923,-3.054966,6.398313,-23.028049,-17.458250,-24.175777
5.087500,98.895912,-3.059378,1.809566,-23.111511,-14.184316,-23.894224
5.093750,92.009026,-3.064331,-2.439718,-23.211830,-8.592424,-23.572201
5.100000,82.707886,-3.068656,-6.320694,-23.322565,-0.780724,-23.241001
5.106250,71.107597,-3.073016,-10.054277,-23.418367,8.866783,-22.872023
5.112500,57.438297,-3.078446,-13.742977,-23.475037,19.782854,-22.482681
5.118750,42.045437,-3.084525,-17.421310,-23.476446,31.807571,-22.106670
5.125000,25.361652,-3.090224,-21.119719,-23.413013,44.353279,-21.762951
5.131250,7.878420,-3.095690,-24.842325,-23.278944,56.715908,-21.460901
5.137500,-9.877733,-3.101678,-28.573633,-23.072790,68.173660,-21.200941
5.143750,-27.359783,-3.108165,-30.130051,-22.797947,78.039581,-20.962479
5.150000,-44.030441,-3.114489,-30.857948,-22.463848,85.706467,-20.773266
5.156250,-59.395527,-3.120362,-32.148617,-22.084597,91.977272,-20.649565
5.162500,-73.030128,-3.125864,-31.888233,-21.659893,96.158646,-20.550989
5.168750,-84.595047,-3.130869,-30.275669,-21.213955,97.983055,-20.491173
5.175000,-93.853256,-3.135094,-27.640453,-20.774767,97.786957,-20.470184
5.181250,-100.683601,-3.138410,-24.272802,-20.364838,96.081833,-20.477884
5.187500,-105.088242,-3.140877,-20.488792,-20.005226,93.494652,-20.495691
5.193750,-107.189941,-3.142701,-16.641867,-19.716698,90.788300,-20.533047
5.200000,-107.227608,-3.143899,-13.092183,-19.520298,86.789574,-20.647722
5.206250,-105.542671,-3.144919,-7.992300,-19.433453,83.571487,-20.765337
5.212500,-102.562386,-3.145766,-2.895411,-19.433680,80.057617,-20.871580
5.218750,-98.775558,-3.146090,0.626068,-19.515585,77.519333,-20.991940
5.225000,-94.714127,-3.145390,4.292508,-19.669590,75.785347,-21.130457
5.231250,-88.759117,-3.143897,7.814479,-19.792263,74.667465,-21.284620
5.237500,-82.809456,-3.142047,10.763843,-20.056154,73.884682,-21.461658
5.243750,-76.867035,-3.140349,12.220526,-20.379702,73.080330,-21.670330
5.250000,-70.932579,-3.139388,12.467371,-20.739595,71.931625,-21.908230
5.256250,-65.003471,-3.139264,13.236133,-21.118174,70.113937,-22.171127
5.262500,-59.073772,-3.138870,12.733847,-21.492617,67.328278,-22.454266
5.268750,-53.141548,-3.137586,11.194398,-21.856606,63.319878,-22.745708
5.275000,-47.214333,-3.136423,8.892859,-22.206701,57.834293,-23.029194
5.281250,-41.299709,-3.137138,6.031509,-22.535988,50.672237,-23.275223
5.287500,-35.392628,-3.139432,2.782032,-22.834436,41.917244,-23.519058
5.293750,-29.480608,-3.141463,-0.701296,-23.093887,31.925930,-23.754375
5.300000,-23.562510,-3.142767,-4.273306,-23.305050,20.655079,-23.954292
5.306250,-17.649782,-3.145027,-7.768291,-23.455120,8.425010,-24.100716
5.312500,-11.747267,-3.149367,-11.043725,-23.535530,-4.336780,-24.181902
5.318750,-5.845359,-3.155009,-13.991945,-23.539810,-17.168880,-24.189198
5.325000,0.064897,-3.160896,-16.517469,-23.462778,-29.588943,-24.112459
5.331250,5.981883,-3.167343,-18.576221,-23.308575,-41.156612,-23.938988
5.337500,11.902694,-3.174562,-18.023630,-23.113857,-51.574894,-23.735683
5.343750,17.832058,-3.181581,-18.172934,-22.859348,-60.481522,-23.456266
5.350000,23.772263,-3.187699,-16.579382,-22.566553,-67.635277,-23.151022
5.356250,29.718914,-3.193602,-13.776151,-22.275852,-72.963676,-22.856129
5.362500,35.667488,-3.199789,-9.911592,-22.015165,-76.384941,-22.609758
5.368750,41.623348,-3.205235,-5.172822,-21.805191,-77.969872,-22.427706
5.375000,47.590912,-3.208693,0.228128,-21.655598,-78.061523,-22.283920
5.381250,53.564304,-3.210699,6.042601,-21.567129,-76.826523,-22.164652
5.387500,59.535286,-3.211975,11.968955,-21.530378,-74.637009,-22.144173
5.393750,65.504791,-3.212163,15.701151,-21.568022,-70.595039,-22.241444
5.400000,71.476013,-3.210562,20.601849,-21.683151,-66.169022,-22.435307
5.406250,77.444008,-3.207813,24.650434,-21.858643,-61.616680,-22.720192
5.412500,83.401154,-3.205040,27.688192,-22.071434,-57.178009,-23.070040
5.418750,89.349434,-3.202091,29.618456,-22.294024,-52.850128,-23.420979
5.425000,95.293839,-3.198335,30.369560,-22.503885,-48.983238,-23.763973
5.431250,99.336678,-3.194360,29.969048,-22.677708,-45.758648,-24.080648
5.437500,103.093712,-3.191433,28.627949,-22.797344,-43.150162,-24.344131
5.443750,106.033188,-3.190004,26.736143,-22.857239,-41.100922,-24.527065
5.450000,107.670013,-3.189656,24.657646,-22.843536,-39.562099,-24.612753
5.456250,107.580696,-3.190293,22.759283,-22.744921,-38.408619,-24.589651
5.462500,105.424469,-3.191905,19.576344,-22.563345,-37.452984,-24.461477
5.468750,100.967140,-3.194077,17.176113,-22.310595,-36.497925,-24.264462
5.475000,94.088051,-3.196712,15.492144,-21.993711,-35.167767,-23.934130
5.481250,84.783051,-3.200757,14.475236,-21.619980,-32.999962,-23.518175
5.487500,73.174728,-3.206687,13.953066,-21.216776,-30.184122,-23.065739
5.493750,59.507816,-3.213232,13.737066,-20.814825,-26.440868,-22.613951
5.500000,44.131336,-3.218708,13.711439,-20.437414,-21.512453,-22.193171
5.506250,27.468445,-3.223158,13.804607,-20.099476,-15.196263,-21.826406
5.512500,10.000944,-3.227873,13.940438,-19.806702,-7.414560,-21.518135
5.518750,-7.739182,-3.232841,14.054121,-19.529453,1.657983,-21.233269
5.525000,-25.198166,-3.236842,14.274763,-19.324055,11.282306,-21.056784
5.531250,-41.842346,-3.239419,14.300088,-19.199535,21.605160,-20.971161
5.537500,-57.186378,-3.241236,14.381354,-19.139860,32.282860,-20.965555
5.543750,-70.806519,-3.242497,14.302602,-19.147219,42.781292,-21.022959
5.550000,-82.360336,-3.242910,13.831491,-19.226286,52.599419,-21.147297
5.556250,-91.609962,-3.242314,12.791306,-19.382011,61.524830,-21.396055
5.562500,-98.437180,-3.240940,11.038896,-19.622730,69.352135,-21.667566
5.568750,-102.843109,-3.238815,8.521878,-19.932503,75.962105,-21.975859
5.575000,-104.948807,-3.235815,7.474589,-20.294453,80.934097,-22.325914
5.581250,-104.994034,-3.232342,4.533069,-20.707762,84.430077,-22.707909
5.587500,-103.321808,-3.228940,1.819443,-21.166204,86.719566,-23.098942
5.593750,-100.358368,-3.225487,-0.683893,-21.666542,88.102531,-23.497292
5.600000,-96.594208,-3.222004,-2.986537,-22.195856,86.848778,-23.903866
5.606250,-92.563843,-3.219243,-5.003658,-22.726439,85.214485,-24.287153
5.612500,-86.646690,-3.217596,-6.730984,-23.241875,82.957855,-24.646500
5.618750,-80.730835,-3.216032,-8.202433,-23.727749,79.940559,-24.979370
5.625000,-74.811844,-3.213775,-9.417971,-24.170633,76.108147,-25.286409
5.631250,-68.897827,-3.212070,-10.355787,-24.553900,71.436546,-25.568579
5.637500,-62.996712,-3.212530,-12.883144,-24.859957,65.882584,-25.801023
5.643750,-57.100739,-3.214630,-13.198466,-25.069929,59.329044,-25.948227
5.650000,-51.198235,-3.216608,-13.196244,-25.161423,53.815399,-25.971352
5.656250,-45.289703,-3.218378,-12.958627,-25.132957,47.578773,-25.951105
5.662500,-39.385048,-3.221374,-12.673165,-25.004236,40.733257,-25.875032
5.668750,-33.487282,-3.226174,-12.452461,-24.767256,34.054825,-25.725264
5.675000,-27.587269,-3.232097,-12.257023,-24.435947,27.857939,-25.500046
5.681250,-21.678818,-3.238157,-12.271823,-24.028143,22.387476,-25.202551
5.687500,-15.763488,-3.244401,-12.624934,-23.569618,17.886036,-24.834782
5.693750,-9.843883,-3.250800,-13.480720,-23.106260,14.600449,-24.403877
5.700000,-3.919780,-3.257053,-15.161839,-22.605803,12.947124,-23.948193
5.706250,2.007719,-3.263541,-15.960368,-22.104410,11.389818,-23.484188
5.712500,7.936476,-3.270935,-17.126757,-21.652073,11.488531,-23.038656
5.718750,13.870062,-3.278542,-18.400620,-21.276329,12.786887,-22.642046
5.725000,19.816057,-3.284959,-19.572456,-20.989605,14.844982,-22.310171
5.731250,25.774057,-3.289583,-20.479664,-20.793711,18.984146,-22.017227
5.737500,31.734209,-3.293466,-21.007595,-20.679504,23.129833,-21.737526
5.743750,37.692146,-3.297090,-21.096405,-20.627172,27.163431,-21.570057
5.750000,43.652328,-3.299650,-20.791615,-20.635641,30.744877,-21.497847
5.756250,49.616352,-3.300642,-20.287418,-20.706009,34.035038,-21.503199
5.762500,55.579113,-3.300753,-17.413500,-20.815773,36.768959,-21.573189
5.768750,61.534527,-3.300644,-15.484330,-20.940720,38.678749,-21.697407
5.775000,67.484520,-3.300175,-12.522261,-21.055449,39.490528,-21.911884
5.781250,73.431564,-3.299139,-8.819010,-21.144350,41.170418,-22.083872
5.787500,79.372047,-3.298171,-4.758201,-21.201584,40.626545,-22.274181
5.793750,85.303909,-3.298037,-0.707066,-21.218681,39.412441,-22.478710
5.800000,91.229370,-3.298665,2.991411,-21.187695,37.568729,-22.679920
5.806250,95.257172,-3.299762,5.993148,-21.105856,35.124420,-22.853876
5.812500,99.011200,-3.301019,7.968740,-20.975698,32.145927,-22.973782
5.818750,101.957985,-3.302533,10.813018,-20.804037,28.823210,-23.041349
5.825000,103.602486,-3.304881,12.942147,-20.607409,25.519098,-23.077980
5.831250,103.516319,-3.308971,14.687121,-20.416885,20.246593,-23.079487
5.837500,101.361664,-3.314965,16.450434,-20.252794,14.804465,-23.006180
5.843750,96.911354,-3.321522,17.019365,-20.079952,8.997266,-22.882067
5.850000,90.051743,-3.326984,18.235559,-19.944736,2.605257,-22.734909
5.856250,80.779953,-3.330744,19.805260,-19.870316,-4.346644,-22.584076
5.862500,69.206192,-3.333961,21.629019,-19.864441,-11.768764,-22.446703
5.868750,55.562798,-3.337453,23.600649,-19.920937,-19.591015,-22.337835
5.875000,40.194073,-3.340683,25.674414,-20.001480,-27.785517,-22.248459
5.881250,23.531876,-3.343104,28.003305,-20.151957,-36.472054,-22.178333
5.887500,6.066809,-3.344712,30.922600,-20.365608,-43.517666,-22.147488
5.893750,-11.670804,-3.345487,32.328552,-20.616079,-50.172100,-22.152119
5.900000,-29.133812,-3.345251,33.965118,-20.897198,-55.948189,-22.180443
5.906250,-45.793583,-3.344509,35.454201,-21.216793,-60.434303,-22.225948
5.912500,-61.161003,-3.344141,36.495174,-21.591286,-65.254555,-22.305981
5.918750,-74.805840,-3.343725,37.084610,-21.951925,-68.682602,-22.402672
5.925000,-86.380951,-3.342233,37.004391,-22.324907,-71.076553,-22.505999
5.931250,-95.652512,-3.340088,35.932716,-22.722927,-72.721008,-22.616171
5.937500,-102.506630,-3.338728,33.870010,-23.143978,-73.843170,-22.735973
5.943750,-106.943909,-3.338403,30.929611,-23.572731,-74.614243,-22.863676
5.950000,-109.076614,-3.338034,27.508314,-23.993198,-75.214211,-23.005671
5.956250,-109.139099,-3.337210,24.003674,-24.386473,-75.889954,-23.060232
5.962500,-107.479309,-3.337199,20.540209,-24.734074,-75.724815,-23.122856
5.968750,-104.526154,-3.338248,17.205091,-25.023241,-74.558136,-23.184757
5.975000,-100.764114,-3.338859,14.087953,-25.241360,-73.067238,-23.240271
5.981250,-96.723663,-3.338407,11.277385,-25.379805,-70.817665,-23.289124
5.987500,-90.792694,-3.338418,8.840518,-25.432076,-67.452995,-23.331535
5.993750,-84.874191,-3.340316,6.847402,-25.393528,-62.671280,-23.366461
6.000000,-78.959572,-3.343397,5.337937,-25.263632,-56.268684,-23.393902
6.006250,-73.039673,-3.346423,4.342358,-25.039967,-48.162086,-23.408665
6.012500,-67.116508,-3.349616,3.871295,-24.715618,-38.511005,-23.374619
6.018750,-61.195320,-3.353678,3.865542,-24.296324,-27.884768,-23.325697
6.025000,-55.273422,-3.358157,4.233047,-23.849150,-16.377155,-23.272625
6.031250,-49.346268,-3.362248,5.233128,-23.380291,-4.269984,-23.222504
6.037500,-43.415920,-3.366385,6.774274,-22.917337,7.872896,-23.185942
6.043750,-37.485313,-3.371018,8.631944,-22.498186,19.480549,-23.171036
6.050000,-31.552280,-3.375402,10.611331,-22.152960,30.110771,-23.147623
6.056250,-25.612120,-3.378804,12.636816,-21.882900,39.497871,-23.118862
6.062500,-19.668985,-3.381746,14.511372,-21.712795,47.285633,-23.122021
6.068750,-13.727697,-3.384803,14.083633,-21.660923,53.245148,-23.163074
6.075000,-7.784461,-3.387215,15.042809,-21.728722,57.324459,-23.239294
6.081250,-1.835535,-3.387941,15.457908,-21.900229,59.633343,-23.349991
6.087500,4.113701,-3.387572,15.333126,-22.135124,60.351555,-23.490332
6.093750,10.054014,-3.387608,14.673256,-22.375616,59.586838,-23.626202
6.100000,15.985029,-3.388372,13.171540,-22.660358,57.440083,-23.760122
6.106250,21.914518,-3.389158,10.777895,-22.938908,54.333374,-23.896410
6.112500,27.845491,-3.389627,7.680796,-23.172678,50.580055,-24.026308
6.118750,33.773407,-3.390246,3.855554,-23.336960,46.400284,-24.135323
6.125000,39.696812,-3.391545,-0.716056,-23.419964,41.983479,-24.206240
6.131250,45.615665,-3.393626,-3.842135,-23.418591,37.532513,-24.205492
6.137500,51.534550,-3.396758,-6.806269,-23.338676,33.354027,-24.141056
6.143750,57.454819,-3.400423,-10.860579,-23.179176,28.356871,-24.036755
6.150000,63.381111,-3.403792,-13.741537,-22.945353,23.775967,-23.871180
6.156250,69.313538,-3.406424,-15.537471,-22.663328,19.372227,-23.655733
6.162500,75.246689,-3.409101,-16.336637,-22.358690,15.122709,-23.405510
6.168750,81.176064,-3.412440,-16.194990,-22.050697,11.070126,-23.133253
6.175000,87.106316,-3.415943,-15.207930,-21.757782,7.273341,-22.852009
6.181250,93.042419,-3.418575,-13.523485,-21.496536,3.787617,-22.574160
6.187500,97.088722,-3.420370,-11.317600,-21.279827,0.705211,-22.318266
6.193750,100.860085,-3.421966,-8.803601,-21.123856,-1.769095,-22.122936
6.200000,103.823662,-3.423351,-6.218589,-21.046654,-4.375878,-21.941862
6.206250,105.489594,-3.424114,-3.420897,-21.019119,-6.248959,-21.827501
6.212500,105.429878,-3.424555,-0.325100,-21.053711,-7.638116,-21.799711
6.218750,103.300873,-3.425121,2.663301,-21.154354,-8.706306,-21.876549
6.225000,98.866463,-3.425895,5.341923,-21.309616,-9.641644,-22.040867
6.231250,92.007690,-3.426561,7.495543,-21.507999,-9.729136,-22.244415
6.237500,82.725700,-3.427078,8.813017,-21.759537,-10.258403,-22.539497
6.243750,71.141579,-3.427364,9.122321,-22.050220,-11.015623,-22.916431
6.250000,57.492794,-3.427233,10.529321,-22.362970,-11.951319,-23.357557
6.256250,42.118855,-3.426835,11.589735,-22.684338,-13.054299,-23.839977
6.262500,25.442892,-3.426920,10.847930,-23.007547,-14.295225,-24.337690
6.268750,7.958465,-3.427494,10.381801,-23.324865,-15.570897,-24.815107
6.275000,-9.796452,-3.427452,10.143056,-23.617437,-16.502636,-25.248827
6.281250,-27.273539,-3.426185,10.078018,-23.870626,-16.811710,-25.629667
6.287500,-43.949226,-3.425064,10.057294,-24.081118,-16.525843,-25.939419
6.293750,-59.339020,-3.425522,9.978560,-24.245272,-15.411733,-26.161932
6.300000,-73.009369,-3.427241,9.808193,-24.353931,-13.163776,-26.281553
6.306250,-84.609344,-3.428756,9.527565,-24.395658,-9.504102,-26.285378
6.312500,-93.901466,-3.429998,9.103529,-24.358059,-4.242022,-26.162287
6.318750,-100.773399,-3.432015,8.488500,-24.229736,2.686374,-25.916018
6.325000,-105.226639,-3.435267,9.722762,-24.027287,11.090607,-25.602346
6.331250,-107.376434,-3.439196,11.271563,-23.775963,20.694443,-25.223764
6.337500,-107.456772,-3.443625,11.797843,-23.470694,30.997639,-24.770889
6.343750,-105.810127,-3.448848,13.404104,-23.117456,41.841648,-24.296612
6.350000,-102.862724,-3.454583,15.781049,-22.744070,52.729931,-23.843021
6.356250,-99.101715,-3.459885,18.627966,-22.379379,63.008739,-23.443979
6.362500,-95.058960,-3.464417,21.690874,-22.048040,72.003464,-23.123709
6.368750,-89.118927,-3.468524,24.730709,-21.769045,79.059120,-22.877510
6.375000,-83.178307,-3.472299,27.515345,-21.556807,83.525970,-22.699028
6.381250,-77.235176,-3.475411,29.794018,-21.446840,86.060333,-22.669806
6.387500,-71.290161,-3.477891,33.316761,-21.402601,85.630569,-22.763371
6.393750,-65.345772,-3.479991,35.461098,-21.438066,82.392845,-22.964014
6.400000,-59.401325,-3.481421,37.417366,-21.571236,76.639259,-23.208525
6.406250,-53.456333,-3.481761,39.166431,-21.798555,68.695015,-23.477150
6.412500,-47.513538,-3.481719,40.630154,-22.107178,57.734112,-23.831177
6.418750,-41.578056,-3.482214,41.712852,-22.481819,45.089279,-24.212399
6.425000,-35.646908,-3.483060,42.314396,-22.899488,31.169920,-24.586246
6.431250,-29.714146,-3.483347,42.378010,-23.331701,16.499537,-24.921959
6.437500,-23.780661,-3.483079,41.827068,-23.750902,1.625835,-25.193703
6.443750,-17.852762,-3.483343,42.775532,-24.123882,-12.907556,-25.374708
6.450000,-11.931505,-3.484726,41.922611,-24.420668,-26.607901,-25.456339
6.456250,-6.011285,-3.486567,41.287304,-24.633022,-39.215538,-25.498991
6.462500,-0.087699,-3.488547,40.692219,-24.758814,-50.526142,-25.437017
6.468750,5.836854,-3.490728,40.049892,-24.792238,-58.907555,-25.281067
6.475000,11.762217,-3.493088,39.277954,-24.733234,-65.359497,-25.076124
6.481250,17.690889,-3.495110,38.271362,-24.593828,-69.555519,-24.851948
6.487500,23.620415,-3.497108,36.901566,-24.402523,-71.317474,-24.635603
6.493750,29.548246,-3.499763,35.139175,-24.183155,-70.543549,-24.436682
6.500000,35.475426,-3.502628,33.074562,-23.941818,-69.054108,-24.242666
6.506250,41.408394,-3.504828,28.890017,-23.695532,-65.375496,-24.046129
6.512500,47.344742,-3.506404,24.207394,-23.462181,-60.199299,-23.871645
6.518750,53.277927,-3.508437,20.696186,-23.272501,-53.854015,-23.756792
6.525000,59.207005,-3.511165,16.547098,-23.148247,-47.181210,-23.683638
6.531250,65.140129,-3.513531,12.021266,-23.090261,-40.811012,-23.640507
6.537500,71.079430,-3.514914,7.359647,-23.093884,-35.240826,-23.620506
6.543750,77.018318,-3.516028,2.753471,-23.151861,-30.889853,-23.619822
6.550000,82.951973,-3.517617,-1.624771,-23.254402,-28.098614,-23.644491
6.556250,88.884819,-3.519283,-5.609449,-23.380581,-25.329332,-23.648001
6.562500,94.819725,-3.520509,-9.009376,-23.464506,-24.376177,-23.647711
6.568750,98.860474,-3.521531,-11.602827,-23.569599,-24.611948,-23.650127
6.575000,102.625740,-3.522562,-14.088481,-23.681423,-25.635344,-23.656067
6.581250,105.583794,-3.523430,-15.338662,-23.773478,-27.055609,-23.677961
6.587500,107.242363,-3.524440,-15.529223,-23.837139,-28.331236,-23.700510
6.593750,107.172913,-3.526123,-14.843865,-23.873907,-30.873854,-23.726015
6.600000,105.036079,-3.528204,-13.472294,-23.889042,-32.664810,-23.759298
6.606250,100.600334,-3.529685,-11.588576,-23.885479,-33.825607,-23.800596
6.612500,93.743050,-3.530538,-9.363688,-23.865631,-34.480156,-23.848392
6.618750,84.456985,-3.531883,-6.984707,-23.830872,-34.774628,-23.899035
6.625000,72.861725,-3.534489,-4.635390,-23.780853,-34.858593,-23.946274
6.631250,59.199238,-3.537589,-0.345100,-23.717989,-34.889507,-23.984623
6.637500,43.816246,-3.540589,2.440019,-23.643414,-35.022091,-24.024281
6.643750,27.137457,-3.543849,5.689124,-23.551872,-35.201405,-23.993061
6.650000,9.651556,-3.547896,9.189999,-23.430475,-36.279766,-23.947063
6.656250,-8.105118,-3.552086,12.665500,-23.275476,-38.109474,-23.882996
6.662500,-25.582748,-3.555607,15.759537,-23.091061,-40.861767,-23.796585
6.668750,-42.251137,-3.558677,18.201284,-22.869398,-44.665752,-23.680275
6.675000,-57.623032,-3.561965,19.740187,-22.606882,-49.646255,-23.537733
6.681250,-71.271591,-3.565686,20.059597,-22.323568,-53.835506,-23.394819
6.687500,-82.853218,-3.569516,21.077101,-22.031435,-58.642746,-23.259871
6.693750,-92.128654,-3.573324,21.336760,-21.746437,-63.549828,-23.140032
6.700000,-98.975739,-3.576727,21.194786,-21.514744,-68.141632,-23.052277
6.706250,-103.392677,-3.579118,20.889025,-21.294107,-71.986885,-23.018517
6.712500,-105.504257,-3.580649,20.204821,-21.105104,-74.587761,-23.026770
6.718750,-105.552208,-3.582051,19.870531,-20.993601,-75.606277,-23.086735
6.725000,-103.878685,-3.583750,19.976751,-20.977728,-74.924728,-23.200817
6.731250,-100.905945,-3.585167,20.502844,-21.063751,-72.345207,-23.346529
6.737500,-97.122971,-3.585559,21.381302,-21.245604,-69.645737,-23.568735
6.743750,-93.065178,-3.585099,22.491251,-21.514101,-65.144135,-23.844700
6.750000,-87.116623,-3.584362,23.620609,-21.873175,-59.495754,-24.139763
6.756250,-81.171837,-3.583520,26.764380,-22.300526,-53.122284,-24.419655
6.762500,-75.230286,-3.582722,28.723751,-22.740944,-46.483784,-24.664391
6.768750,-69.291908,-3.582090,31.254694,-23.199669,-40.150944,-24.871502
6.775000,-63.355137,-3.581298,34.026463,-23.665062,-32.392990,-25.026739
6.781250,-57.417473,-3.579813,36.823357,-24.119417,-24.966612,-25.120914
6.787500,-51.482159,-3.577917,39.427132,-24.543655,-17.742418,-25.149281
6.793750,-45.554028,-3.576682,41.619770,-24.920317,-10.574980,-25.110653
6.800000,-39.634506,-3.576617,43.194748,-25.234095,-3.306688,-25.005764
6.806250,-33.717316,-3.577005,43.978237,-25.472385,4.227871,-24.837570
6.812500,-27.797977,-3.577538,43.828682,-25.626938,12.188347,-24.622673
6.818750,-21.879280,-3.578726,44.807831,-25.695971,20.684904,-24.276344
6.825000,-15.963349,-3.580734,45.479725,-25.696087,28.109936,-23.942022
6.831250,-10.044991,-3.582937,44.416420,-25.631142,35.422684,-23.599123
6.837500,-4.122296,-3.584917,43.970509,-25.490326,42.609066,-23.279440
6.843750,1.799951,-3.587595,43.870148,-25.312000,49.020847,-23.033424
6.850000,7.719895,-3.591447,44.040974,-25.120043,54.052910,-22.854937
6.856250,13.643673,-3.595343,44.490051,-24.931442,58.807327,-22.742132
6.862500,19.577408,-3.598032,45.224125,-24.757967,61.603180,-22.727182
6.868750,25.516371,-3.599877,46.260944,-24.602156,62.696819,-22.813385
6.875000,31.451132,-3.602072,47.619762,-24.456362,62.351135,-22.991232
6.881250,37.380669,-3.604903,47.428703,-24.280500,60.899204,-23.233950
6.887500,43.311558,-3.607742,47.465824,-24.130875,58.689590,-23.504030
6.893750,49.245964,-3.610132,47.845470,-24.020815,55.948528,-23.801146
6.900000,55.181873,-3.612179,47.733887,-23.941246,52.992714,-24.097504
6.906250,61.117188,-3.613853,46.877026,-23.931953,50.384819,-24.352468
6.912500,67.051407,-3.615144,45.341545,-23.886019,48.565201,-24.535006
6.918750,72.980927,-3.616806,43.294464,-23.842979,45.976887,-24.628742
6.925000,78.904655,-3.619526,40.313812,-23.815268,44.511284,-24.626101
6.931250,84.827324,-3.622844,36.560356,-23.783304,43.877758,-24.522818
6.937500,90.754265,-3.626035,32.173985,-23.742607,43.738297,-24.324392
6.943750,94.790207,-3.629129,27.317957,-23.725937,43.674839,-24.060980
6.950000,98.554298,-3.632379,22.552143,-23.709167,43.222225,-23.778322
6.956250,101.513687,-3.635341,18.109669,-23.677011,43.562420,-23.416956
6.962500,103.179420,-3.637399,14.087272,-23.617275,42.677238,-23.033892
6.968750,103.119888,-3.639313,10.537478,-23.525682,40.879799,-22.667280
6.975000,100.988190,-3.642209,7.456707,-23.406307,38.162941,-22.343575
6.981250,96.551300,-3.645861,4.856571,-23.261171,34.519283,-22.078814
6.987500,89.696167,-3.648962,2.751515,-23.092564,29.959370,-21.881516
6.993750,80.424812,-3.650765,1.130529,-22.899820,24.500149,-21.749157
7.000000,68.851051,-3.652014,-0.025604,-22.675379,18.173571,-21.667128
7.006250,55.205395,-3.653790,-0.791704,-22.404247,13.078557,-21.656666
7.012500,39.830051,-3.656160,0.824987,-22.109568,7.691401,-21.725430
7.018750,23.157063,-3.658864,2.959397,-21.855417,2.649175,-21.852192
7.025000,5.681507,-3.661566,4.256458,-21.623726,-1.574338,-22.012051
7.031250,-12.063845,-3.663998,7.074707,-21.381359,-4.477617,-22.242075
7.037500,-29.533453,-3.666160,10.593554,-21.184425,-7.115140,-22.499325
7.043750,-46.196358,-3.668445,14.371289,-21.069849,-8.254361,-22.803370
7.050000,-61.561131,-3.671042,18.081593,-21.065212,-8.307834,-23.164610
7.056250,-75.197189,-3.673306,21.434519,-21.187700,-7.424162,-23.585037
7.062500,-86.760086,-3.674334,26.388489,-21.430372,-5.771834,-24.064503
7.068750,-96.016693,-3.674335,29.494598,-21.791697,-3.546745,-24.608082
7.075000,-102.851387,-3.674093,32.622402,-22.264837,-0.924431,-25.191311
7.081250,-107.265388,-3.673700,35.579021,-22.818821,2.196997,-25.751698
7.087500,-109.376831,-3.672602,38.202888,-23.374264,3.404223,-26.303938
7.093750,-109.422119,-3.670622,40.088360,-24.009171,4.004473,-26.845379
7.100000,-107.745636,-3.668165,40.755848,-24.663645,5.526027,-27.358452
7.106250,-104.777657,-3.665603,40.427898,-25.297148,6.056082,-27.819284
7.112500,-101.010475,-3.663131,38.902645,-25.891443,5.612579,-28.202742
7.118750,-96.976837,-3.661111,35.995911,-26.458204,4.264417,-28.481243
7.125000,-91.054550,-3.659674,33.564968,-26.895218,2.146769,-28.616785
7.131250,-85.135887,-3.658429,29.882393,-27.215864,-0.506764,-28.559708
7.137500,-79.218636,-3.657152,25.748228,-27.436958,-5.259696,-28.387054
7.143750,-73.306595,-3.656610,21.442688,-27.564981,-10.353535,-28.076969
7.150000,-67.403069,-3.657859,17.211140,-27.605333,-16.066824,-27.631710
7.156250,-61.503342,-3.660545,13.294927,-27.560703,-22.339565,-27.068857
7.162500,-55.596714,-3.663258,9.908842,-27.435259,-29.021116,-26.416908
7.168750,-49.681747,-3.665421,7.203464,-27.239141,-35.930553,-25.717079
7.175000,-43.765469,-3.667837,5.285875,-26.986330,-42.868908,-25.029711
7.181250,-37.851120,-3.670882,4.226410,-26.692919,-49.727722,-24.345989
7.187500,-31.933725,-3.674133,4.059503,-26.375311,-56.621193,-23.693575
7.193750,-26.009466,-3.676831,4.789078,-26.043089,-61.121700,-23.124897
7.200000,-20.080898,-3.679136,4.509711,-25.688831,-64.719131,-22.671423
7.206250,-14.151333,-3.681365,6.906548,-25.334314,-66.792755,-22.338968
7.212500,-8.219976,-3.683228,9.511988,-25.029188,-68.665001,-22.098188
7.218750,-2.285942,-3.684748,12.502036,-24.760281,-68.652168,-22.011133
7.225000,3.647040,-3.686506,15.669388,-24.526960,-66.993973,-22.050306
7.231250,9.578330,-3.688876,18.790155,-24.326197,-63.891289,-22.192959
7.237500,15.512963,-3.691045,21.628494,-24.155075,-59.756966,-22.414370
7.243750,21.453636,-3.692329,23.923344,-24.021683,-55.028553,-22.680138
7.250000,27.395777,-3.693134,27.599617,-23.924534,-50.181580,-22.942921
7.256250,33.333729,-3.694167,29.296621,-23.853802,-45.761814,-23.180695
7.262500,39.267349,-3.695728,30.990786,-23.806629,-42.640987,-23.421116
7.268750,45.199551,-3.697656,32.457756,-23.790552,-38.889439,-23.620171
7.275000,51.131691,-3.700133,33.534782,-23.792280,-36.096706,-23.735029
7.281250,57.063305,-3.703285,34.248226,-23.777643,-34.188869,-23.763710
7.287500,62.997818,-3.706336,34.337887,-23.754066,-33.074734,-23.712435
7.293750,68.938820,-3.708462,33.665253,-23.708000,-32.519993,-23.585966
7.300000,74.883545,-3.709480,32.285469,-23.592070,-32.263889,-23.395109
7.306250,80.825516,-3.710183,30.541756,-23.484594,-32.059082,-23.157639
7.312500,86.759644,-3.711434,29.005877,-23.365976,-31.680376,-22.899324
7.318750,92.688248,-3.713583,27.612362,-23.223444,-30.937275,-22.650410
7.325000,96.720268,-3.716448,24.849234,-23.066566,-29.730396,-22.435717
7.331250,100.483444,-3.719123,22.791140,-22.894085,-28.137672,-22.255011
7.337500,103.447418,-3.720906,21.418188,-22.698866,-26.170479,-22.138992
7.343750,105.115845,-3.721856,20.504499,-22.504711,-23.865309,-22.111933
7.350000,105.055611,-3.722918,19.835600,-22.331829,-21.453165,-22.172993
7.356250,102.923782,-3.724679,19.303928,-22.190128,-17.340368,-22.285097
7.362500,98.487709,-3.726973,18.809023,-22.084061,-13.294630,-22.483614
7.368750,91.630058,-3.729015,18.238659,-22.011007,-8.637698,-22.768091
7.375000,82.351044,-3.730715,17.465614,-21.965317,-5.546767,-23.098249
7.381250,70.769302,-3.732333,18.473745,-21.942131,-2.391293,-23.438480
7.387500,57.120216,-3.734127,19.686731,-21.945917,0.582951,-23.755314
7.393750,41.744308,-3.736535,21.267210,-21.998819,5.237519,-24.037231
7.400000,25.069345,-3.739502,23.214041,-22.059465,9.892668,-24.273630
7.406250,7.592666,-3.742352,25.641031,-22.137573,13.014075,-24.444040
7.412500,-10.150734,-3.744251,28.711300,-22.250877,16.509237,-24.538397
7.418750,-27.618490,-3.745423,32.292355,-22.408422,20.065197,-24.554550
7.425000,-44.283764,-3.746844,36.144997,-22.618425,23.368542,-24.498310
7.431250,-59.655289,-3.748861,39.995197,-22.884333,26.136909,-24.379297
7.437500,-73.300865,-3.750893,45.743732,-23.205301,28.155626,-24.203306
7.443750,-84.876419,-3.752480,49.881439,-23.574804,29.271862,-23.966949
7.450000,-94.146935,-3.753926,54.314426,-23.970028,29.339190,-23.682751
7.456250,-100.993561,-3.755195,58.719749,-24.387043,28.096426,-23.395134
7.462500,-105.412354,-3.755744,62.528450,-24.855637,25.533781,-23.125204
7.468750,-107.525314,-3.755264,65.517570,-25.369087,21.813183,-22.889099
7.475000,-107.574364,-3.754443,67.529427,-25.921656,17.121393,-22.702110
7.481250,-105.903435,-3.753700,68.507637,-26.473108,11.750108,-22.563927
7.487500,-102.936821,-3.752574,68.358643,-27.015421,6.045135,-22.474215
7.493750,-99.163361,-3.750589,65.025139,-27.544998,0.320038,-22.435499
7.500000,-95.120773,-3.748378,60.212536,-28.040989,-5.000484,-22.434208
7.506250,-89.191605,-3.746901,55.749435,-28.470884,-9.375468,-22.456841
7.512500,-83.269203,-3.746009,49.949474,-28.818750,-12.125962,-22.513653
7.518750,-77.347374,-3.744976,42.984024,-29.083698,-12.705277,-22.581661
7.525000,-71.427895,-3.744182,35.234379,-29.248367,-10.706256,-22.641497
7.531250,-65.515289,-3.744460,27.117552,-29.303593,-7.561081,-22.686554
7.537500,-59.607464,-3.745797,18.998814,-29.256054,-3.337240,-22.708685
7.543750,-53.699123,-3.747557,11.245220,-29.118244,3.175299,-22.687792
7.550000,-47.789295,-3.749688,4.342047,-28.871931,11.045207,-22.631456
7.556250,-41.880688,-3.752779,-1.379071,-28.543276,19.328884,-22.555010
7.562500,-35.972275,-3.756797,-7.638006,-28.161436,27.194975,-22.473829
7.568750,-30.059298,-3.761019,-12.495455,-27.738737,33.903301,-22.408503
7.575000,-24.139048,-3.764807,-16.143690,-27.280092,38.813915,-22.372786
7.581250,-18.213816,-3.768096,-18.604681,-26.841276,41.584232,-22.333813
7.587500,-12.286014,-3.770803,-19.975716,-26.424635,43.877972,-22.320610
7.593750,-6.356677,-3.772851,-20.630123,-26.031315,43.933369,-22.349430
7.600000,-0.428161,-3.774558,-20.786171,-25.667692,42.192093,-22.422480
7.606250,5.496017,-3.776625,-20.585075,-25.338301,39.195484,-22.532879
7.612500,11.417468,-3.779092,-20.153267,-25.043087,35.519463,-22.667055
7.618750,17.341005,-3.781262,-19.601858,-24.776682,31.730837,-22.813566
7.625000,23.267010,-3.782902,-16.895515,-24.531773,28.318338,-22.977861
7.631250,29.191233,-3.784656,-15.456718,-24.304390,25.713758,-23.183876
7.637500,35.111362,-3.787206,-13.336407,-24.090891,24.338287,-23.393715
7.643750,41.029270,-3.790126,-10.761569,-23.881813,23.604156,-23.558271
7.650000,46.949390,-3.793269,-7.943265,-23.644627,24.429539,-23.710503
7.656250,52.869946,-3.796965,-5.185814,-23.364674,26.558268,-23.858076
7.662500,58.789356,-3.801760,-3.056451,-23.078039,29.533426,-24.010874
7.668750,64.710945,-3.807334,-1.946990,-22.790758,32.803516,-24.171757
7.675000,70.641121,-3.812809,0.147007,-22.504311,35.859081,-24.339716
7.681250,76.581352,-3.817300,1.631071,-22.228342,38.136986,-24.517893
7.687500,82.527580,-3.820929,2.806748,-21.980543,39.023720,-24.710251
7.693750,88.475082,-3.824053,4.011007,-21.780418,39.814796,-24.920879
7.700000,94.421654,-3.826862,3.727848,-21.638094,38.345840,-25.157703
7.706250,98.474045,-3.829239,4.022549,-21.545137,34.718609,-25.431765
7.712500,102.254311,-3.830947,4.655956,-21.509478,29.519753,-25.689135
7.718750,105.228210,-3.832043,5.348696,-21.528849,23.453022,-25.922192
7.725000,106.902786,-3.832490,5.876328,-21.593554,16.407822,-26.164133
7.731250,106.849716,-3.832468,5.893603,-21.726753,8.777244,-26.406214
7.737500,104.725327,-3.832431,5.178625,-21.911726,1.065273,-26.626488
7.743750,100.291855,-3.832854,5.829154,-22.121593,-6.291901,-26.797365
7.750000,93.428551,-3.834175,6.287087,-22.336102,-12.921679,-26.884626
7.756250,84.139122,-3.835970,6.809400,-22.537676,-18.553123,-26.863428
7.762500,72.549164,-3.837701,7.600839,-22.714161,-23.203955,-26.766790
7.768750,58.894085,-3.839683,8.747520,-22.863300,-26.692801,-26.578211
7.775000,43.511150,-3.842564,10.312216,-22.979706,-28.829348,-26.292791
7.781250,26.828819,-3.846618,12.367788,-23.063253,-29.641678,-25.919704
7.787500,9.346109,-3.850973,14.881571,-23.121462,-29.242790,-25.480400
7.793750,-8.400274,-3.854554,17.765455,-23.162870,-27.775618,-25.002670
7.800000,-25.866045,-3.857419,20.878178,-23.198349,-25.394764,-24.514612
7.806250,-42.525295,-3.860034,24.061796,-23.236204,-22.171164,-24.004982
7.812500,-57.886124,-3.862496,27.455637,-23.274126,-18.245943,-23.463617
7.818750,-71.518372,-3.864122,31.151722,-23.318842,-15.804031,-22.947121
7.825000,-83.081932,-3.864985,34.883114,-23.379353,-12.325123,-22.524454
7.831250,-92.344444,-3.865521,38.374866,-23.478821,-9.022409,-22.179098
7.837500,-99.184372,-3.865782,41.382717,-23.635780,-6.153286,-21.912329
7.843750,-103.598534,-3.865130,43.790039,-23.866159,-3.844512,-21.721361
7.850000,-105.709274,-3.863615,45.560738,-24.141930,-2.120085,-21.607344
7.856250,-105.759438,-3.862028,46.796921,-24.446531,-1.013891,-21.571983
7.862500,-104.091118,-3.860991,47.209637,-24.787991,-0.471212,-21.609051
7.868750,-101.126465,-3.859619,44.868450,-25.156153,-0.325262,-21.707516
7.875000,-97.352776,-3.857330,41.462116,-25.527853,-2.495600,-21.849710
7.881250,-93.307426,-3.854449,38.702690,-25.884064,-5.320812,-22.009239
7.887500,-87.375458,-3.851900,34.734924,-26.224861,-8.989126,-22.148598
7.893750,-81.450912,-3.849909,29.772909,-26.531448,-11.601468,-22.297583
7.900000,-75.529594,-3.848138,24.132387,-26.786125,-14.832377,-22.441620
7.906250,-69.612488,-3.847098,18.140272,-26.966305,-17.871859,-22.540180
7.912500,-63.700733,-3.847248,12.160844,-27.054556,-20.404667,-22.599783
7.918750,-57.790337,-3.847248,6.443214,-27.054556,-22.110468,-22.599783
7.925000,-57.790337,-3.847248,6.443214,-27.054556,-22.110468,-22.599783
7.931250,-57.790337,-3.847248,6.443214,-27.054556,-22.110468,-22.599783
7.937500,-57.790337,-3.847248,6.443214,-27.054556,-22.110468,-22.599783
7.943750,-57.790337,-3.847248,6.443214,-27.054556,-22.110468,-22.599783
7.950000,-57.790337,-3.847248,6.443214,-27.054556,-22.110468,-22.599783
7.956250,-57.790337,-3.847248,6.443214,-27.054556,-22.110468,-22.599783
7.962500,-57.790337,-3.847248,6.443214,-27.054556,-22.110468,-22.599783
7.968750,-57.790337,-3.847248,6.443214,-27.054556,-22.110468,-22.599783
7.975000,-57.790337,-3.847248,6.443214,-27.054556,-22.110468,-22.599783
7.981250,-57.790337,-3.847248,6.443214,-27.054556,-22.110468,-22.599783
7.987500,-57.790337,-3.847248,6.443214,-27.054556,-22.110468,-22.599783
7.993750,-57.790337,-3.847248,6.443214,-27.054556,-22.110468,-22.599783
8.000000,-57.790337,-3.847248,6.443214,-27.054556,-22.110468,-22.599783
