Anritsu VNA Frequency[GHz],S21[deg],S21[dB],S11[deg],S11[dB],S22[deg],S22[dB]
1338039251.89,2012_05_26_14:34:11,+298.15,+298.29,+297.92,+298.17,+297.64,+298.69,+298.15,+298.68,243.717133,-5.783
3.006250,91.439865,-3.259412,-9.199599,-28.654716,-34.530186,-29.669622
3.012500,91.439865,-3.259412,-9.199599,-28.654716,-34.530186,-29.669622
3.018750,91.439865,-3.259412,-9.199599,-28.654716,-34.530186,-29.669622
3.025000,91.439865,-3.259412,-9.199599,-28.654716,-34.530186,-29.669622
3.031250,91.439865,-3.259412,-9.199599,-28.654716,-34.530186,-29.669622
3.037500,91.439865,-3.259412,-9.199599,-28.654716,-34.530186,-29.669622
3.043750,91.439865,-3.259412,-9.199599,-28.654716,-34.530186,-29.669622
3.050000,91.439865,-3.259412,-9.199599,-28.654716,-34.530186,-29.669622
3.056250,91.439865,-3.259412,-9.199599,-28.654716,-34.530186,-29.669622
3.062500,91.439865,-3.259412,-9.199599,-28.654716,-34.530186,-29.669622
3.068750,91.439865,-3.259412,-9.199599,-28.654716,-34.530186,-29.669622
3.075000,91.439865,-3.259412,-9.199599,-28.654716,-34.530186,-29.669622
3.081250,91.439865,-3.259412,-9.199599,-28.654716,-34.530186,-29.669622
3.087500,91.439865,-3.259412,-9.199599,-28.654716,-34.530186,-29.669622
3.093750,91.439865,-3.262109,-9.199599,-28.569410,-34.530186,-29.848667
3.100000,95.574951,-3.265244,-17.816656,-28.450201,-35.269012,-29.941935
3.106250,99.434708,-3.268931,-26.858360,-28.312176,-35.681942,-29.948500
3.112500,102.488968,-3.272931,-34.159328,-28.170071,-35.581253,-29.868509
3.118750,104.247505,-3.276803,-39.747765,-28.039995,-34.737614,-29.699791
3.125000,104.281815,-3.280681,-43.706337,-27.939014,-32.920528,-29.439526
3.131250,102.249428,-3.284651,-46.123890,-27.857214,-29.961107,-29.091234
3.137500,97.913101,-3.288804,-46.919342,-27.770779,-25.731091,-28.666265
3.143750,91.151146,-3.293289,-46.429939,-27.703310,-20.103117,-28.174055
3.150000,81.963860,-3.298130,-44.900200,-27.665823,-14.872664,-27.627159
3.156250,70.474686,-3.303110,-42.487217,-27.658503,-8.421004,-27.046909
3.162500,56.921467,-3.307933,-39.363766,-27.676395,-1.345987,-26.460543
3.168750,41.644840,-3.312583,-35.718098,-27.708778,5.765891,-25.894323
3.175000,25.070450,-3.317239,-31.486839,-27.742012,12.352818,-25.374096
3.181250,7.688615,-3.322163,-26.630560,-27.755411,17.894091,-24.928312
3.187500,-9.965796,-3.327178,-21.338396,-27.713734,21.962328,-24.577114
3.193750,-27.345322,-3.332165,-15.552771,-27.648054,24.411505,-24.266031
3.200000,-43.917950,-3.337101,-11.445077,-27.548019,25.082911,-23.983042
3.206250,-59.191296,-3.341980,-8.040525,-27.407213,23.923273,-23.797459
3.212500,-72.738159,-3.346690,-3.721078,-27.229206,21.202250,-23.705080
3.218750,-84.218147,-3.351252,-0.240584,-27.022804,16.926708,-23.699661
3.225000,-93.395691,-3.355928,2.632413,-26.799871,11.484150,-23.785538
3.231250,-100.148621,-3.360639,5.197519,-26.570356,5.357338,-24.013325
3.237500,-104.475235,-3.365012,7.806829,-26.338718,-1.711225,-24.207155
3.243750,-106.497810,-3.369035,8.917055,-26.109539,-8.736752,-24.445709
3.250000,-106.456375,-3.373127,10.453110,-25.886473,-15.387868,-24.728445
3.256250,-104.692619,-3.377711,12.152052,-25.667906,-21.531004,-25.039248
3.262500,-101.631126,-3.382472,13.719902,-25.454897,-27.096909,-25.355286
3.268750,-97.761208,-3.386859,14.768230,-25.268530,-32.090694,-25.654016
3.275000,-93.616302,-3.390747,14.980601,-25.110563,-36.616737,-25.922564
3.281250,-87.578171,-3.394705,14.154912,-24.972925,-40.810123,-26.146439
3.287500,-81.543961,-3.399162,14.189360,-24.845495,-44.805321,-26.309484
3.293750,-75.511597,-3.404158,13.444507,-24.718534,-48.815331,-26.401497
3.300000,-69.477699,-3.409338,12.186673,-24.578007,-53.114216,-26.413095
3.306250,-63.441193,-3.414406,10.679437,-24.403755,-56.089546,-26.338345
3.312500,-57.402153,-3.419340,9.078569,-24.198729,-59.645988,-26.180271
3.318750,-51.362587,-3.424380,7.301770,-24.004349,-63.524151,-25.949490
3.325000,-45.322598,-3.429577,5.547269,-23.804409,-69.420708,-25.668510
3.331250,-39.280624,-3.434889,3.954293,-23.599411,-73.366104,-25.357904
3.337500,-33.235073,-3.439860,2.528300,-23.395578,-77.042015,-25.032742
3.343750,-27.185478,-3.444290,1.237810,-23.206432,-80.285713,-24.709408
3.350000,-21.133680,-3.448242,0.034982,-23.048063,-82.983345,-24.402327
3.356250,-15.081338,-3.451811,1.040567,-22.941893,-85.049950,-24.123388
3.362500,-9.028389,-3.454978,2.826114,-22.930922,-86.445587,-23.876453
3.368750,-2.974715,-3.457703,3.998419,-22.964285,-87.169113,-23.655443
3.375000,3.079317,-3.459804,6.942687,-23.066723,-87.457909,-23.519266
3.381250,9.133720,-3.461196,10.894239,-23.273603,-87.500397,-23.475180
3.387500,15.187039,-3.461910,15.716278,-23.586212,-87.246307,-23.528877
3.393750,21.236948,-3.462303,21.238876,-23.991980,-86.807930,-23.685669
3.400000,27.281954,-3.462791,27.233513,-24.469090,-86.230995,-23.921001
3.406250,33.323505,-3.463249,33.436817,-24.987793,-85.532051,-24.203573
3.412500,39.362919,-3.463452,37.653141,-25.519426,-84.835945,-24.453772
3.418750,45.399887,-3.463576,41.183243,-26.038813,-83.271561,-24.824377
3.425000,51.432404,-3.464112,45.366058,-26.522732,-81.129845,-25.223663
3.431250,57.460327,-3.465308,48.111084,-26.948263,-78.186935,-25.623100
3.437500,63.487469,-3.466676,49.310081,-27.295164,-74.090225,-26.002941
3.443750,69.515816,-3.467918,48.924397,-27.553953,-68.514671,-26.351202
3.450000,75.542549,-3.469516,47.015263,-27.714703,-61.178886,-26.659542
3.456250,81.565292,-3.472036,43.827179,-27.756075,-53.668228,-26.895281
3.462500,87.587975,-3.475009,39.598572,-27.685997,-44.159622,-27.047329
3.468750,93.614708,-3.477765,34.602913,-27.524275,-33.229137,-27.118462
3.475000,97.750328,-3.480100,29.298912,-27.292223,-21.354235,-27.106905
3.481250,101.611809,-3.482497,22.320398,-27.014563,-8.964454,-27.015965
3.487500,104.664085,-3.485491,15.824833,-26.722651,1.346614,-26.852528
3.493750,106.416817,-3.489067,9.847007,-26.446106,10.534330,-26.622349
3.500000,106.445679,-3.492894,4.649448,-26.149988,17.737692,-26.329668
3.506250,104.410294,-3.496900,0.258245,-25.871506,24.411812,-25.976990
3.512500,100.074020,-3.500775,-3.447236,-25.636505,28.619257,-25.574989
3.518750,93.314957,-3.504390,-6.364074,-25.457237,30.435616,-25.140770
3.525000,84.130577,-3.508153,-8.380713,-25.330442,30.105711,-24.688370
3.531250,72.639153,-3.512648,-9.424801,-25.243670,28.006592,-24.231194
3.537500,59.078327,-3.518253,-9.495618,-25.171942,24.593634,-23.781244
3.543750,43.794212,-3.524244,-8.642524,-25.056498,20.383230,-23.347298
3.550000,27.217281,-3.530054,-4.930799,-24.942675,15.885847,-22.946426
3.556250,9.838069,-3.535722,-2.388900,-24.829643,11.549310,-22.608488
3.562500,-7.814132,-3.541716,1.278379,-24.690979,7.728763,-22.315884
3.568750,-25.192699,-3.548151,5.653958,-24.513739,4.469037,-22.042818
3.575000,-41.760742,-3.554487,10.213441,-24.301481,2.218838,-21.814888
3.581250,-57.023483,-3.560035,14.361572,-24.073751,0.963217,-21.665766
3.587500,-70.555222,-3.564602,17.535017,-23.858891,0.459473,-21.621546
3.593750,-82.018845,-3.568609,21.451851,-23.684446,0.507977,-21.711405
3.600000,-91.178925,-3.572301,24.392561,-23.579973,0.717604,-21.890713
3.606250,-97.911781,-3.575217,26.600668,-23.568483,1.930717,-22.137730
3.612500,-102.215187,-3.576859,28.422018,-23.648754,2.615869,-22.478848
3.618750,-104.213638,-3.577335,28.282417,-23.828672,2.706299,-22.908356
3.625000,-104.148132,-3.577094,27.980967,-24.113949,2.078174,-23.404781
3.631250,-102.360359,-3.576205,27.205656,-24.505127,0.592848,-23.939579
3.637500,-99.276115,-3.574495,25.578836,-25.010015,0.197806,-24.507608
3.643750,-95.389763,-3.572213,22.836210,-25.606323,-0.646887,-25.087650
3.650000,-91.236313,-3.569905,18.803049,-26.261169,-1.429719,-25.647581
3.656250,-85.195976,-3.567968,13.265336,-26.937860,-1.770836,-26.161917
3.662500,-79.161598,-3.566492,8.184257,-27.593529,-1.391219,-26.609011
3.668750,-73.131424,-3.565326,2.037436,-28.174776,-0.090708,-26.968281
3.675000,-67.105949,-3.564718,-4.810100,-28.626957,2.259205,-27.222946
3.681250,-61.086189,-3.565023,-12.243069,-28.973537,5.693674,-27.368305
3.687500,-55.069550,-3.566147,-19.943771,-29.178488,10.132926,-27.410530
3.693750,-49.055222,-3.568124,-27.415203,-29.218954,15.431530,-27.355026
3.700000,-43.043900,-3.571320,-34.382610,-29.090981,21.392597,-27.207932
3.706250,-37.034340,-3.575799,-40.636192,-28.808908,27.742815,-26.980816
3.712500,-31.022160,-3.580982,-46.006889,-28.403109,34.167942,-26.689800
3.718750,-25.003735,-3.586173,-50.366226,-27.929413,40.360687,-26.352882
3.725000,-18.981775,-3.591574,-53.638783,-27.422243,46.041985,-25.985590
3.731250,-12.959164,-3.597626,-56.754902,-26.850019,51.003384,-25.590843
3.737500,-6.934542,-3.604143,-56.767330,-26.297773,55.090893,-25.161999
3.743750,-0.903610,-3.610436,-55.443104,-25.810486,58.268536,-24.743326
3.750000,5.134275,-3.616102,-52.775906,-25.426632,60.920792,-24.388887
3.756250,11.175960,-3.621154,-48.826897,-25.168785,63.009171,-24.103563
3.762500,17.219303,-3.625692,-43.663536,-25.039061,64.818405,-23.894520
3.768750,23.263363,-3.629737,-37.410507,-25.025799,65.002716,-23.723347
3.775000,29.308283,-3.633345,-30.290157,-25.108114,65.663307,-23.559866
3.781250,35.352242,-3.636677,-22.585787,-25.258686,66.687340,-23.454336
3.787500,41.395058,-3.639787,-16.518478,-25.446402,66.643951,-23.432961
3.793750,47.437847,-3.642369,-10.851077,-25.658726,66.529945,-23.462519
3.800000,53.480858,-3.644487,-4.309256,-25.872698,66.068848,-23.528196
3.806250,59.520462,-3.646604,1.075453,-26.060570,65.080833,-23.618969
3.812500,65.555748,-3.649024,5.174680,-26.211353,63.445808,-23.726425
3.818750,71.588814,-3.651651,7.980882,-26.294641,61.126377,-23.832939
3.825000,77.620850,-3.654426,9.757827,-26.279303,58.195335,-23.912151
3.831250,83.651428,-3.657656,10.438472,-26.188110,54.644001,-23.962011
3.837500,89.681267,-3.661177,10.204316,-26.037312,50.534000,-23.982086
3.843750,95.711823,-3.664707,9.427626,-25.841938,46.079639,-23.970921
3.850000,99.848824,-3.668276,8.555438,-25.618584,41.582531,-23.933344
3.856250,103.711845,-3.672171,6.186027,-25.382479,37.385777,-23.880697
3.862500,106.768654,-3.676275,4.457206,-25.142502,33.880470,-23.804174
3.868750,108.528679,-3.680289,3.327840,-24.905752,29.663252,-23.688862
3.875000,108.564072,-3.684230,2.687747,-24.685568,26.581594,-23.552553
3.881250,106.531105,-3.688810,2.415869,-24.492296,24.361629,-23.408541
3.887500,102.192223,-3.694345,2.439744,-24.325663,22.810379,-23.261471
3.893750,95.430550,-3.700142,2.700644,-24.173347,21.728844,-23.111570
3.900000,86.249985,-3.705494,3.142986,-23.995829,20.879034,-22.954639
3.906250,74.768974,-3.710700,3.707438,-23.776562,19.985844,-22.788378
3.912500,61.218086,-3.716717,5.402134,-23.581398,18.711206,-22.619648
3.918750,45.938080,-3.723986,7.451121,-23.361794,16.731293,-22.450459
3.925000,29.361830,-3.732132,10.005210,-23.105322,13.781736,-22.276134
3.931250,11.986744,-3.740377,13.135242,-22.811661,9.583491,-22.091480
3.937500,-5.654394,-3.748457,16.838776,-22.484880,3.858732,-21.884943
3.943750,-23.017935,-3.756581,21.053761,-22.135330,-3.669905,-21.652002
3.950000,-39.572357,-3.764924,25.662516,-21.781710,-11.227260,-21.432064
3.956250,-54.823650,-3.773134,30.529461,-21.443499,-20.376284,-21.232914
3.962500,-68.341354,-3.780555,35.466240,-21.138802,-30.596298,-21.058409
3.968750,-79.784531,-3.786704,40.513645,-20.883787,-41.476761,-20.917330
3.975000,-88.919502,-3.791562,45.690456,-20.690325,-52.624043,-20.820015
3.981250,-95.628693,-3.795406,50.726212,-20.566530,-63.644951,-20.776672
3.987500,-99.913536,-3.798340,55.357563,-20.512165,-74.166679,-20.797567
3.993750,-101.894753,-3.800197,59.337910,-20.515379,-83.848442,-20.900442
4.000000,-101.810059,-3.800882,62.387493,-20.589697,-92.387100,-21.071051
4.006250,-100.001541,-3.800529,64.085129,-20.754580,-99.275925,-21.297215
4.012500,-96.898483,-3.799074,64.497490,-20.984737,-104.696632,-21.607246
4.018750,-92.993477,-3.796659,63.550873,-21.272106,-108.514832,-22.004509
4.025000,-88.821449,-3.793573,61.195446,-21.608665,-110.644943,-22.487839
4.031250,-82.763214,-3.790386,55.591896,-21.980028,-111.137939,-23.062565
4.037500,-76.713547,-3.787322,50.655296,-22.367657,-110.254288,-23.661180
4.043750,-70.671280,-3.784485,44.640533,-22.760565,-108.796646,-24.257719
4.050000,-64.634850,-3.781995,37.731201,-23.150923,-104.801094,-24.882902
4.056250,-58.604465,-3.780032,30.214573,-23.526484,-100.118401,-25.517012
4.062500,-52.578651,-3.778482,22.424797,-23.877537,-94.891083,-26.136160
4.068750,-46.555756,-3.777048,14.702690,-24.204632,-89.384895,-26.718658
4.075000,-40.537376,-3.776145,7.421019,-24.505875,-83.897087,-27.244419
4.081250,-34.526012,-3.776537,1.091973,-24.748899,-78.696732,-27.692602
4.087500,-28.520613,-3.778484,-5.834921,-24.943417,-74.000351,-28.040363
4.093750,-22.512814,-3.780820,-11.528368,-25.101831,-70.006348,-28.273127
4.100000,-16.499224,-3.782826,-16.187111,-25.228321,-66.865799,-28.383961
4.106250,-10.484893,-3.784821,-19.995930,-25.322281,-64.635719,-28.371078
4.112500,-4.476147,-3.787876,-23.134068,-25.380165,-63.270271,-28.236862
4.118750,1.528445,-3.792228,-25.758410,-25.401917,-62.636871,-27.995171
4.125000,7.534651,-3.797234,-28.023092,-25.388983,-62.541824,-27.674555
4.131250,13.546624,-3.802329,-30.052694,-25.334707,-62.634830,-27.260998
4.137500,19.562534,-3.807604,-32.000351,-25.236326,-62.372543,-26.761000
4.143750,25.579893,-3.813150,-34.023499,-25.096359,-61.714325,-26.219496
4.150000,31.599121,-3.818909,-34.057690,-24.918184,-60.316975,-25.667131
4.156250,37.620651,-3.824961,-33.526264,-24.705347,-57.780205,-25.127560
4.162500,43.643612,-3.831403,-33.862820,-24.460484,-53.752937,-24.617640
4.168750,49.669224,-3.838147,-33.024609,-24.186155,-47.947525,-24.144783
4.175000,55.697807,-3.845084,-31.200415,-23.885384,-40.179066,-23.702002
4.181250,61.729649,-3.852214,-28.636490,-23.565914,-30.423117,-23.329641
4.187500,67.764481,-3.859430,-25.612854,-23.230904,-20.947943,-23.030348
4.193750,73.803711,-3.866596,-22.415556,-22.886084,-9.811243,-22.784666
4.200000,79.847137,-3.873445,-19.434082,-22.550865,1.999882,-22.601309
4.206250,85.893867,-3.880031,-17.008726,-22.241503,13.661989,-22.472885
4.212500,91.942986,-3.886147,-13.251352,-21.972319,24.440248,-22.368696
4.218750,96.100060,-3.891646,-9.758803,-21.757429,33.763783,-22.329666
4.225000,99.986282,-3.896349,-6.218137,-21.606821,41.601307,-22.440815
4.231250,103.065979,-3.900536,-4.193214,-21.522203,47.243942,-22.530308
4.237500,104.845467,-3.904562,-1.746638,-21.495947,51.271511,-22.648127
4.243750,104.898132,-3.908223,0.836197,-21.519669,52.929062,-22.805489
4.250000,102.885300,-3.911273,3.228616,-21.576378,52.540596,-22.997004
4.256250,98.569664,-3.913743,5.093692,-21.649340,50.523052,-23.208935
4.262500,91.826653,-3.915818,5.952284,-21.757828,47.336327,-23.427883
4.268750,82.655411,-3.917660,7.635375,-21.884640,43.435719,-23.646765
4.275000,71.175995,-3.919776,8.620385,-22.005852,39.323212,-23.852657
4.281250,57.625530,-3.922479,9.155697,-22.106401,35.513100,-24.030079
4.287500,42.346600,-3.925751,9.444680,-22.176182,32.463917,-24.164591
4.293750,25.768970,-3.929355,9.671736,-22.205681,30.570057,-24.241583
4.300000,8.384343,-3.933516,9.968224,-22.187639,30.123308,-24.244438
4.306250,-9.276339,-3.938844,10.415195,-22.117718,31.301939,-24.145216
4.312500,-26.664804,-3.945274,11.025895,-21.999830,34.068844,-23.969650
4.318750,-43.242371,-3.951904,11.774128,-21.840897,38.045208,-23.741013
4.325000,-58.515034,-3.958251,12.637372,-21.644606,43.285431,-23.449673
4.331250,-72.061020,-3.965001,13.559591,-21.417105,49.525951,-23.101305
4.337500,-83.543297,-3.972904,14.437330,-21.167618,56.359200,-22.708323
4.343750,-92.719749,-3.981530,17.325665,-20.906679,63.343811,-22.285769
4.350000,-99.462914,-3.989827,18.842560,-20.647808,70.013695,-21.851101
4.356250,-103.771698,-3.997433,20.986259,-20.406660,75.915802,-21.417013
4.362500,-105.772499,-4.004548,23.539614,-20.224352,80.636124,-20.988106
4.368750,-105.703880,-4.011316,26.258081,-20.054567,85.879219,-20.613567
4.375000,-103.905205,-4.017212,29.339071,-19.932858,87.969154,-20.309748
4.381250,-100.803650,-4.022185,32.026089,-19.892862,88.926918,-20.098728
4.387500,-96.894402,-4.026387,34.260822,-19.944864,88.503700,-20.015934
4.393750,-92.709129,-4.029544,35.991241,-20.088112,86.569412,-20.108541
4.400000,-86.626480,-4.031182,35.261806,-20.315205,83.902168,-20.238249
4.406250,-80.543587,-4.031642,33.646843,-20.612644,79.904266,-20.394888
4.412500,-74.465179,-4.031471,32.733574,-20.968088,74.824692,-20.728119
4.418750,-68.390976,-4.030569,30.628378,-21.372225,68.123573,-21.172865
4.425000,-62.318111,-4.028452,27.428562,-21.807344,60.914261,-21.695982
4.431250,-56.248543,-4.025277,23.313185,-22.254459,53.443478,-22.270824
4.437500,-50.187313,-4.021711,18.516596,-22.693069,46.001766,-22.872658
4.443750,-44.136070,-4.018152,13.364588,-23.090744,38.933456,-23.466162
4.450000,-38.091911,-4.014487,8.241428,-23.422899,32.632812,-24.010124
4.456250,-32.056061,-4.011107,3.470060,-23.681231,27.383682,-24.480341
4.462500,-26.030956,-4.009022,-2.468600,-23.858994,23.437544,-24.858370
4.468750,-20.014900,-4.008477,-7.531289,-23.950043,19.170147,-25.127235
4.475000,-14.000694,-4.008587,-11.823828,-23.949785,16.447403,-25.272129
4.481250,-7.984810,-4.008814,-15.447721,-23.860548,14.921397,-25.285820
4.487500,-1.970660,-4.009888,-18.514406,-23.693110,14.203539,-25.173191
4.493750,4.037375,-4.012391,-21.121639,-23.461943,13.908360,-24.949104
4.500000,10.042810,-4.016202,-23.321009,-23.174469,13.724926,-24.609175
4.506250,16.049334,-4.021218,-25.155018,-22.842922,13.399320,-24.165873
4.512500,22.058475,-4.027524,-26.760233,-22.493275,12.466566,-23.658846
4.518750,28.072884,-4.034890,-28.237234,-22.149599,10.639897,-23.123861
4.525000,34.096230,-4.042246,-29.625057,-21.829039,7.758224,-22.592245
4.531250,40.131607,-4.048783,-28.768366,-21.540087,3.734817,-22.089987
4.537500,46.173241,-4.054813,-28.933310,-21.278282,-1.461345,-21.638336
4.543750,52.215401,-4.061283,-28.026520,-21.003937,-7.844615,-21.259596
4.550000,58.258865,-4.068134,-26.262934,-20.792187,-15.495504,-20.987953
4.556250,64.308441,-4.074665,-24.507359,-20.653025,-22.576292,-20.796293
4.562500,70.366440,-4.080371,-22.468719,-20.562897,-30.337923,-20.700172
4.568750,76.430435,-4.085265,-20.452642,-20.513449,-38.060196,-20.689016
4.575000,82.496399,-4.089617,-18.932621,-20.524738,-43.461060,-20.719917
4.581250,88.564697,-4.093405,-16.150166,-20.620817,-48.788860,-20.927904
4.587500,94.635895,-4.096238,-13.720576,-20.825159,-54.597088,-21.255774
4.593750,98.815079,-4.097874,-11.272948,-21.137978,-58.481804,-21.635582
4.600000,102.721947,-4.098243,-10.202531,-21.536440,-60.628372,-22.076162
4.606250,105.820511,-4.097631,-8.654717,-22.032993,-61.372589,-22.575691
4.612500,107.615974,-4.096379,-6.918189,-22.625242,-60.901489,-23.120438
4.618750,107.680428,-4.094613,-5.175441,-23.298779,-59.437153,-23.688023
4.625000,105.673302,-4.092561,-3.637904,-24.049067,-57.286186,-24.263212
4.631250,101.356201,-4.090585,-2.476594,-24.847759,-54.851383,-24.838097
4.637500,94.609001,-4.088663,-1.710024,-25.655890,-52.437359,-25.389488
4.643750,85.434494,-4.086198,-1.229084,-26.448835,-50.366817,-25.901289
4.650000,73.954575,-4.082849,-0.872334,-27.198799,-46.838516,-26.365852
4.656250,60.400333,-4.079611,-0.677007,-27.874523,-43.548542,-26.780293
4.662500,45.106155,-4.077949,-0.657147,-28.443293,-40.355473,-27.122807
4.668750,28.500944,-4.078280,-0.805147,-28.869410,-37.223408,-27.355837
4.675000,11.085976,-4.079990,-1.121911,-29.122046,-33.900921,-27.473248
4.681250,-6.601034,-4.082640,-1.677036,-29.192564,-30.353621,-27.497257
4.687500,-24.014868,-4.086389,-2.561177,-29.081385,-26.770767,-27.441145
4.693750,-40.624287,-4.091509,-3.755081,-28.788857,-23.153109,-27.297703
4.700000,-55.935783,-4.097860,-5.256551,-28.326759,-19.635000,-27.067104
4.706250,-69.519836,-4.105557,-7.086142,-27.718044,-16.404079,-26.753502
4.712500,-81.036697,-4.114957,-9.281468,-27.000624,-13.648699,-26.365730
4.718750,-90.245003,-4.125614,-9.726973,-26.229673,-11.537329,-25.913277
4.725000,-97.018013,-4.136443,-9.888243,-25.420380,-10.168511,-25.394398
4.731250,-101.354240,-4.146933,-9.639554,-24.579569,-9.529670,-24.808949
4.737500,-103.380005,-4.157426,-8.362700,-23.763052,-9.307517,-24.229446
4.743750,-103.334938,-4.168152,-5.848178,-23.018007,-9.348321,-23.672264
4.750000,-101.556618,-4.178330,-2.135216,-22.383419,-9.605562,-23.164999
4.756250,-98.469406,-4.187211,2.769557,-21.866829,-12.044366,-22.693144
4.762500,-94.569237,-4.194921,8.783616,-21.460375,-15.280338,-22.235718
4.768750,-90.393730,-4.201899,15.664049,-21.144611,-17.149145,-21.814390
4.775000,-84.320969,-4.207877,21.142035,-20.913666,-19.529903,-21.495943
4.781250,-78.244522,-4.212416,28.441648,-20.780714,-22.252476,-21.270008
4.787500,-72.167122,-4.215699,35.325493,-20.718042,-25.064377,-21.126020
4.793750,-66.093246,-4.218266,41.450180,-20.698940,-27.909575,-21.053909
4.800000,-60.024406,-4.220423,46.387245,-20.701834,-30.777084,-21.045576
4.806250,-53.958782,-4.222149,49.741180,-20.706209,-33.668488,-21.094433
4.812500,-47.896210,-4.223586,51.158062,-20.701262,-36.553410,-21.176846
4.818750,-41.837276,-4.224904,50.362736,-20.676214,-39.381290,-21.270773
4.825000,-35.782135,-4.226162,49.381786,-20.626934,-42.241577,-21.368824
4.831250,-29.730431,-4.227653,46.809502,-20.553150,-45.143547,-21.453590
4.837500,-23.682518,-4.229701,41.323219,-20.459076,-48.013733,-21.501118
4.843750,-17.636518,-4.232232,35.180309,-20.350315,-50.671158,-21.507639
4.850000,-11.588333,-4.234403,28.507383,-20.238453,-52.774021,-21.493099
4.856250,-5.537220,-4.236184,21.454540,-20.142683,-54.224674,-21.454147
4.862500,0.509907,-4.238596,14.243085,-20.074074,-54.826176,-21.373566
4.868750,6.552025,-4.242165,7.214581,-20.018864,-54.242981,-21.243605
4.875000,12.596084,-4.245981,0.584265,-19.992365,-52.359444,-21.085209
4.881250,18.648556,-4.248808,-5.519657,-20.008293,-49.020885,-20.917137
4.887500,24.704737,-4.250842,-10.865188,-20.070524,-44.065624,-20.756130
4.893750,30.757174,-4.253163,-15.192069,-20.166204,-37.389874,-20.613262
4.900000,36.803951,-4.256156,-18.261736,-20.263813,-28.976503,-20.497089
4.906250,42.851498,-4.259161,-19.814476,-20.371820,-18.942436,-20.418291
4.912500,48.902256,-4.261609,-21.219400,-20.516111,-7.528851,-20.384773
4.918750,54.953709,-4.263737,-20.995508,-20.682968,4.902222,-20.393446
4.925000,61.001877,-4.265900,-19.723621,-20.864666,17.920816,-20.427559
4.931250,67.047035,-4.268452,-16.231064,-21.017967,31.141008,-20.463638
4.937500,73.090141,-4.271491,-12.651729,-21.161089,44.235889,-20.522594
4.943750,79.134354,-4.274717,-8.916191,-21.310377,57.125740,-20.623911
4.950000,85.182045,-4.277389,-7.045635,-21.475037,69.209549,-20.746792
4.956250,91.233345,-4.279251,-3.436900,-21.659351,80.140045,-20.882740
4.962500,95.387939,-4.281071,-0.161427,-21.861195,89.746796,-21.026489
4.968750,99.264587,-4.283580,2.609128,-22.077049,97.951141,-21.176315
4.975000,102.334549,-4.286292,4.724725,-22.298410,104.768013,-21.328995
4.981250,104.111359,-4.288334,6.071174,-22.513842,110.301811,-21.482708
4.987500,104.165726,-4.289824,6.541010,-22.710670,114.700073,-21.646196
4.993750,102.152794,-4.291236,6.031811,-22.885887,118.190201,-21.799110
5.000000,97.835129,-4.292538,4.448733,-23.040722,119.317039,-21.939865
5.006250,91.094124,-4.293198,1.837992,-23.166208,119.713341,-22.091572
5.012500,81.928093,-4.293482,-1.721532,-23.258034,119.202797,-22.261856
5.018750,70.454384,-4.294140,-3.961446,-23.315826,117.655014,-22.457773
5.025000,56.911064,-4.295107,-7.976683,-23.337490,114.969269,-22.687967
5.031250,41.643902,-4.295636,-11.431738,-23.317499,111.057075,-22.953836
5.037500,25.079290,-4.295498,-14.190915,-23.246058,105.601875,-23.182436
5.043750,7.705136,-4.295467,-16.184589,-23.120220,100.416611,-23.400488
5.050000,-9.948736,-4.296085,-17.511879,-22.971949,93.872749,-23.631849
5.056250,-27.332670,-4.297163,-18.212742,-22.811186,86.490273,-23.867140
5.062500,-43.911491,-4.298408,-18.243155,-22.649462,78.755447,-24.094263
5.068750,-59.192513,-4.299878,-17.695665,-22.517702,71.096252,-24.303102
5.075000,-72.749237,-4.301311,-16.716255,-22.469048,63.936314,-24.481709
5.081250,-84.240807,-4.302690,-16.793716,-22.399050,55.802315,-24.613192
5.087500,-93.433647,-4.304628,-16.769592,-22.381966,48.703182,-24.682690
5.093750,-100.208412,-4.308129,-15.187450,-22.430710,42.441452,-24.680996
5.100000,-104.561127,-4.312817,-13.847805,-22.529715,36.849583,-24.610027
5.106250,-106.603989,-4.317336,-12.570328,-22.657213,31.807098,-24.477165
5.112500,-106.573242,-4.321053,-13.109464,-22.836332,27.119471,-24.289095
5.118750,-104.817177,-4.324969,-13.902640,-23.037083,22.553253,-24.069353
5.125000,-101.769211,-4.330020,-15.324285,-23.227137,17.852556,-23.827534
5.131250,-97.916252,-4.335889,-15.386326,-23.381405,14.222004,-23.518059
5.137500,-93.784546,-4.341728,-15.549271,-23.480524,10.161684,-23.195185
5.143750,-87.752708,-4.347497,-15.355683,-23.511234,5.994271,-22.885193
5.150000,-81.720345,-4.353691,-16.256008,-23.466705,1.870133,-22.603540
5.156250,-75.686035,-4.360254,-16.211241,-23.343462,-2.087097,-22.358070
5.162500,-69.646355,-4.366745,-15.384750,-23.141777,-5.778594,-22.147942
5.168750,-63.600204,-4.372682,-13.983311,-22.867411,-9.136198,-21.959452
5.175000,-57.550312,-4.378168,-12.246084,-22.534218,-12.185062,-21.824554
5.181250,-51.498634,-4.383395,-10.428143,-22.155344,-12.991679,-21.736044
5.187500,-45.445492,-4.388381,-8.739542,-21.740608,-14.533013,-21.681292
5.193750,-39.390526,-4.393203,-7.462393,-21.314974,-14.868672,-21.663830
5.200000,-33.333443,-4.397667,-6.867936,-20.904551,-14.168981,-21.678034
5.206250,-27.273701,-4.401555,-4.970280,-20.532797,-12.598357,-21.705973
5.212500,-21.212088,-4.404947,-3.263950,-20.222818,-10.308105,-21.729954
5.218750,-15.149689,-4.408065,-3.233381,-19.996885,-7.171484,-21.821066
5.225000,-9.085910,-4.410577,-2.850085,-19.877003,-5.399498,-21.944128
5.231250,-3.019485,-4.411959,-2.223156,-19.864416,-3.538683,-22.052898
5.237500,3.047608,-4.412182,-1.386286,-19.943010,-2.424185,-22.171957
5.243750,9.109940,-4.412066,-0.572626,-20.116636,-2.506734,-22.310650
5.250000,15.164845,-4.412180,0.027030,-20.364349,-4.072296,-22.472633
5.256250,21.214437,-4.412614,0.325430,-20.629084,-7.338817,-22.662569
5.262500,27.262190,-4.412974,1.790476,-21.023012,-10.322925,-22.894520
5.268750,33.309860,-4.412992,3.216711,-21.492704,-14.523414,-23.175768
5.275000,39.356785,-4.412250,5.102905,-22.056969,-19.553205,-23.489882
5.281250,45.400532,-4.411006,6.094138,-22.588308,-24.937019,-23.838915
5.287500,51.435368,-4.410347,8.292468,-23.120588,-30.114578,-24.224163
5.293750,57.459427,-4.411083,11.018032,-23.657829,-34.639282,-24.626459
5.300000,63.478760,-4.412668,14.101094,-24.187870,-38.164791,-25.009462
5.306250,69.500221,-4.413925,17.355684,-24.694637,-40.385666,-25.354908
5.312500,75.521881,-4.415150,20.585808,-25.158604,-42.647758,-25.710432
5.318750,81.535110,-4.417940,23.605747,-25.559977,-43.585945,-26.027172
5.325000,87.539886,-4.422826,26.230639,-25.880678,-43.507809,-26.278364
5.331250,93.547142,-4.428631,28.579758,-26.101515,-42.613319,-26.443319
5.337500,97.667984,-4.434428,30.778877,-26.209097,-41.128819,-26.507889
5.343750,101.519905,-4.440653,32.664814,-26.194530,-39.318947,-26.463205
5.350000,104.565041,-4.448121,34.088036,-26.051863,-37.459572,-26.302485
5.356250,106.315056,-4.456538,34.891270,-25.784714,-35.877419,-26.040937
5.362500,106.348053,-4.465187,34.890007,-25.421017,-35.049210,-25.765518
5.368750,104.323875,-4.474185,33.935215,-24.987648,-32.551537,-25.378489
5.375000,100.003952,-4.483348,32.138557,-24.486399,-30.346817,-24.972422
5.381250,93.270302,-4.491826,29.441681,-23.955257,-28.162983,-24.593201
5.387500,84.124596,-4.498878,25.819302,-23.432348,-25.605871,-24.289314
5.393750,72.683632,-4.504761,19.495766,-22.947020,-22.352474,-24.096996
5.400000,59.179237,-4.509939,14.470979,-22.515596,-18.663418,-23.924601
5.406250,43.952408,-4.513942,9.091481,-22.144440,-14.088411,-23.846970
5.412500,27.433199,-4.516148,3.553187,-21.852325,-8.965694,-23.921087
5.418750,10.110024,-4.516803,-2.042427,-21.670424,-3.230581,-24.126974
5.425000,-7.489954,-4.516396,-7.392662,-21.598879,2.879480,-24.448927
5.431250,-24.821190,-4.514790,-12.176656,-21.627865,9.051947,-24.862700
5.437500,-41.350262,-4.511782,-16.139481,-21.739653,15.039718,-25.317577
5.443750,-56.589569,-4.508207,-19.095890,-21.912260,20.621565,-25.765856
5.450000,-70.115761,-4.504882,-22.819382,-22.111227,25.533344,-26.172262
5.456250,-81.585892,-4.501829,-25.601814,-22.259415,29.757385,-26.520844
5.462500,-90.759567,-4.498781,-26.045841,-22.442255,33.336544,-26.774677
5.468750,-97.515442,-4.496067,-26.352343,-22.602045,36.243038,-26.899685
5.475000,-101.856384,-4.494414,-26.251913,-22.706619,38.538029,-26.882206
5.481250,-103.903008,-4.493922,-25.946362,-22.739758,40.385056,-26.718243
5.487500,-103.887398,-4.494722,-25.664854,-22.698156,42.014652,-26.421659
5.493750,-102.149910,-4.497123,-25.625164,-22.585630,43.674988,-26.014582
5.500000,-99.115868,-4.501252,-25.985081,-22.403423,43.909164,-25.476601
5.506250,-95.271118,-4.506259,-26.872654,-22.159046,44.522430,-24.862595
5.512500,-91.143318,-4.511183,-26.273369,-21.873583,45.043396,-24.226149
5.518750,-85.113991,-4.516271,-27.541029,-21.572693,45.231037,-23.614603
5.525000,-79.083115,-4.522313,-28.557602,-21.278311,44.893902,-23.071991
5.531250,-73.048248,-4.528990,-29.333313,-21.005322,43.875221,-22.641962
5.537500,-67.002686,-4.535099,-29.882666,-20.763376,41.981369,-22.304630
5.543750,-60.944839,-4.540067,-30.238415,-20.551571,40.539825,-21.991472
5.550000,-54.881748,-4.544216,-30.480366,-20.378511,37.455154,-21.865192
5.556250,-48.816536,-4.547784,-30.863977,-20.274174,33.472397,-21.880556
5.562500,-42.748402,-4.550429,-31.426916,-20.236195,28.894812,-22.018288
5.568750,-36.677143,-4.551939,-32.216419,-20.265146,23.895805,-22.246588
5.575000,-30.605465,-4.552480,-31.170071,-20.362602,18.702091,-22.533054
5.581250,-24.535980,-4.552076,-29.738071,-20.526764,14.264631,-22.928106
5.587500,-18.468613,-4.550701,-29.370659,-20.749025,8.942687,-23.353533
5.593750,-12.406238,-4.548728,-28.040909,-21.017366,4.476964,-23.796328
5.600000,-6.351970,-4.546797,-25.976582,-21.322428,0.736916,-24.239887
5.606250,-0.305077,-4.545114,-23.431538,-21.651953,-2.324836,-24.663300
5.612500,5.736788,-4.543411,-20.666739,-21.995003,-4.788107,-25.049221
5.618750,11.774287,-4.542019,-17.966619,-22.346712,-6.823419,-25.405090
5.625000,17.806713,-4.541136,-15.567852,-22.692984,-8.521851,-25.699795
5.631250,23.835510,-4.540561,-11.464276,-23.015511,-9.900109,-25.924013
5.637500,29.862036,-4.540038,-9.124227,-23.305021,-11.219743,-26.085735
5.643750,35.884430,-4.540284,-6.615489,-23.556791,-12.634252,-26.193071
5.650000,41.899403,-4.542054,-4.155017,-23.768764,-14.259208,-26.258259
5.656250,47.912239,-4.544852,-1.920868,-23.935270,-16.195612,-26.298569
5.662500,53.930691,-4.547503,-0.054788,-24.048822,-18.552147,-26.336630
5.668750,59.952347,-4.549924,1.299659,-24.102427,-21.728611,-26.291933
5.675000,65.970444,-4.553255,2.015874,-24.086338,-25.902437,-26.188234
5.681250,71.983452,-4.558067,1.963133,-24.002905,-29.101826,-26.094126
5.687500,77.997559,-4.563524,0.992049,-23.863586,-32.995861,-26.007143
5.693750,84.018616,-4.568892,-0.919768,-23.670628,-37.232731,-25.917555
5.700000,90.044189,-4.574156,-1.572610,-23.428432,-41.637001,-25.817802
5.706250,94.174805,-4.579906,-2.312892,-23.149271,-46.066921,-25.697300
5.712500,98.032005,-4.586360,-2.604956,-22.851658,-50.355476,-25.529737
5.718750,101.085098,-4.593479,-3.865116,-22.569448,-54.240784,-25.335686
5.725000,102.844040,-4.601196,-4.159717,-22.291439,-59.133682,-25.153433
5.731250,102.886009,-4.608787,-2.220111,-22.013298,-63.684483,-24.962132
5.737500,100.872269,-4.615427,0.316764,-21.779802,-68.178459,-24.775673
5.743750,96.563179,-4.621007,3.555353,-21.611933,-72.813202,-24.614542
5.750000,89.831238,-4.626229,7.452919,-21.514570,-77.814827,-24.459860
5.756250,80.673988,-4.631268,11.871930,-21.482359,-83.414436,-24.299196
5.762500,69.218002,-4.635447,14.706175,-21.506231,-89.658585,-24.169395
5.768750,55.700291,-4.638394,19.445547,-21.580969,-92.892166,-24.103365
5.775000,40.456253,-4.640693,23.871063,-21.698505,-96.192719,-24.089432
5.781250,23.909086,-4.642968,27.712320,-21.842140,-98.727852,-24.117357
5.787500,6.552739,-4.644919,30.708807,-21.992884,-99.820129,-24.177032
5.793750,-11.077164,-4.646324,32.615032,-22.130449,-98.894211,-24.258249
5.800000,-28.436605,-4.647402,33.213993,-22.235975,-95.503181,-24.355124
5.806250,-44.996376,-4.648853,32.329048,-22.296459,-91.196098,-24.436022
5.812500,-60.264057,-4.650855,29.838451,-22.304182,-84.189018,-24.504198
5.818750,-73.809235,-4.653239,27.890106,-22.254673,-75.103729,-24.557402
5.825000,-85.289795,-4.655887,25.185783,-22.145775,-64.509102,-24.585524
5.831250,-94.468781,-4.658944,20.468544,-21.978413,-53.027519,-24.572565
5.837500,-101.225693,-4.662797,15.980982,-21.761057,-41.322491,-24.495697
5.843750,-105.559952,-4.667861,11.780288,-21.506359,-30.025766,-24.322016
5.850000,-107.589134,-4.673829,7.921537,-21.231136,-19.387510,-24.130526
5.856250,-107.543922,-4.679506,4.430238,-20.963339,-9.786615,-23.908941
5.862500,-105.762604,-4.683661,1.343831,-20.719185,-1.684688,-23.641363
5.868750,-102.677155,-4.686731,-1.191624,-20.496559,4.784679,-23.343653
5.875000,-98.790405,-4.689907,-3.233303,-20.322857,9.514497,-23.048708
5.881250,-94.635994,-4.693812,-4.861822,-20.218897,12.590151,-22.788767
5.887500,-88.584778,-4.697448,-6.027743,-20.190882,14.243535,-22.596567
5.893750,-82.526817,-4.699921,-8.573601,-20.233414,14.719669,-22.484865
5.900000,-76.465828,-4.701469,-8.636241,-20.315340,14.009287,-22.407772
5.906250,-70.408302,-4.702671,-7.917456,-20.450106,12.569466,-22.399906
5.912500,-64.354736,-4.703722,-8.052392,-20.656490,10.710598,-22.475964
5.918750,-58.302876,-4.704450,-7.838036,-20.904718,8.663491,-22.618074
5.925000,-52.253517,-4.705044,-7.658765,-21.185038,6.675076,-22.797661
5.931250,-46.206413,-4.705455,-7.792369,-21.497097,5.081363,-23.018953
5.937500,-40.160290,-4.705463,-8.391640,-21.829947,4.302053,-23.267042
5.943750,-34.117561,-4.705361,-7.327701,-22.161625,4.456689,-23.511557
5.950000,-28.080906,-4.706007,-8.010544,-22.494007,3.580204,-23.735039
5.956250,-22.049021,-4.707483,-8.422445,-22.828377,3.274214,-23.928131
5.962500,-16.015165,-4.708798,-8.640811,-23.159943,3.268215,-24.084568
5.968750,-9.976511,-4.709372,-8.704051,-23.476982,3.322750,-24.197693
5.975000,-3.939430,-4.709905,-8.661305,-23.766233,3.206079,-24.262718
5.981250,2.091622,-4.711085,-8.577142,-24.013292,2.668301,-24.308096
5.987500,8.120498,-4.712387,-8.522194,-24.205343,3.586125,-24.274664
5.993750,14.149866,-4.713422,-8.585685,-24.334450,2.884914,-24.203707
6.000000,20.176468,-4.715175,-8.843294,-24.392992,2.119852,-24.114405
6.006250,26.196074,-4.718494,-9.355836,-24.378881,1.198439,-24.018896
6.012500,32.215054,-4.722673,-9.905647,-24.293316,0.003257,-23.926352
6.018750,38.241940,-4.726425,-10.249349,-24.138165,-1.569676,-23.843697
6.025000,44.274380,-4.729832,-10.438668,-23.919886,-3.633694,-23.781015
6.031250,50.304642,-4.733916,-10.530509,-23.642714,-6.322737,-23.746407
6.037500,56.332058,-4.738935,-10.582861,-23.307484,-7.966154,-23.720886
6.043750,62.363621,-4.744121,-10.712115,-22.931902,-10.599042,-23.714279
6.050000,68.401436,-4.748981,-11.147047,-22.553091,-13.763612,-23.746660
6.056250,74.442841,-4.753821,-11.937673,-22.184311,-17.028576,-23.821199
6.062500,80.485596,-4.758720,-13.107414,-21.843334,-20.136724,-23.932833
6.068750,86.531891,-4.763185,-14.745070,-21.554161,-22.881413,-24.063881
6.075000,92.581917,-4.767155,-14.728817,-21.337091,-25.004236,-24.197090
6.081250,96.739250,-4.770822,-16.257603,-21.195000,-25.866854,-24.364244
6.087500,100.624870,-4.773835,-17.148436,-21.134188,-25.444530,-24.545513
6.093750,103.708000,-4.775707,-17.487207,-21.164024,-23.691347,-24.734406
6.100000,105.492424,-4.776715,-17.316076,-21.281082,-20.380098,-24.927103
6.106250,105.546410,-4.777917,-16.648636,-21.468195,-15.320640,-25.127245
6.112500,103.528061,-4.779614,-15.524392,-21.694923,-8.452345,-25.342222
6.118750,99.206024,-4.781224,-14.076391,-21.939217,-0.108335,-25.506849
6.125000,92.461433,-4.782460,-12.581624,-22.196978,9.531302,-25.648817
6.131250,83.291267,-4.783563,-9.012602,-22.441774,20.354353,-25.778685
6.137500,71.815872,-4.784921,-4.863236,-22.649979,31.902544,-25.894819
6.143750,58.272415,-4.786483,-1.730826,-22.803493,43.608070,-25.989752
6.150000,43.002636,-4.788245,2.227456,-22.893101,54.867935,-26.052687
6.156250,26.433901,-4.790380,6.631329,-22.917732,65.079750,-26.066355
6.162500,9.059086,-4.792724,11.098918,-22.880095,73.713539,-25.964855
6.168750,-8.588080,-4.795121,15.260569,-22.785009,80.206642,-25.845274
6.175000,-25.961605,-4.797786,18.798597,-22.633583,85.754372,-25.676500
6.181250,-42.531227,-4.800979,21.381622,-22.442513,89.188583,-25.453394
6.187500,-57.801907,-4.804552,22.694170,-22.235052,90.724220,-25.187624
6.193750,-71.343018,-4.807775,24.733801,-22.028431,90.732475,-24.891996
6.200000,-82.814888,-4.810568,24.178885,-21.838438,89.704231,-24.580065
6.206250,-91.984711,-4.813432,23.142941,-21.679523,88.193855,-24.266314
6.212500,-98.731285,-4.816463,21.608858,-21.562033,86.845490,-23.973423
6.218750,-103.052528,-4.819417,19.583902,-21.495840,84.294662,-23.715166
6.225000,-105.069328,-4.822228,17.089291,-21.488607,81.449364,-23.477993
6.231250,-105.020737,-4.825152,14.211432,-21.529318,79.514420,-23.307953
6.237500,-103.246933,-4.828096,11.018760,-21.619400,78.171532,-23.230055
6.243750,-100.172096,-4.830517,7.514031,-21.760025,77.239388,-23.271969
6.250000,-96.288788,-4.832363,3.798500,-21.941324,76.559135,-23.429211
6.256250,-92.132309,-4.833850,-0.020991,-22.150427,76.642868,-23.630564
6.262500,-86.083710,-4.835030,-3.620649,-22.384373,76.549828,-23.935345
6.268750,-80.035919,-4.835869,-6.677449,-22.632833,76.248444,-24.339397
6.275000,-73.990936,-4.836490,-9.115229,-22.879971,75.780220,-24.819204
6.281250,-67.949661,-4.837292,-10.922261,-23.113472,75.127243,-25.342890
6.287500,-61.911518,-4.838112,-12.136379,-23.324800,74.270508,-25.865786
6.293750,-55.874100,-4.838605,-12.816859,-23.507990,73.259727,-26.333691
6.300000,-49.840225,-4.839348,-13.031561,-23.657673,72.520668,-26.771654
6.306250,-43.812912,-4.841178,-12.840182,-23.762688,70.381203,-27.126816
6.312500,-37.789341,-4.843957,-12.339764,-23.820839,68.436600,-27.371941
6.318750,-31.762707,-4.846524,-13.575110,-23.835583,66.378731,-27.493439
6.325000,-25.732666,-4.848609,-12.877687,-23.809566,64.014420,-27.482643
6.331250,-19.706511,-4.851477,-12.229088,-23.742142,61.198189,-27.336235
6.337500,-13.687737,-4.855985,-11.714689,-23.628958,57.813477,-27.055738
6.343750,-7.670397,-4.861716,-11.429078,-23.463978,53.751606,-26.651142
6.350000,-1.646985,-4.867743,-11.511448,-23.252127,48.859692,-26.160786
6.356250,4.383692,-4.873701,-12.168032,-23.017651,42.969063,-25.666607
6.362500,10.419344,-4.883456,-13.489424,-22.771132,35.956295,-25.117025
6.368750,16.465721,-4.889068,-15.433679,-22.509485,29.031706,-24.562811
6.375000,22.508013,-4.894459,-18.029461,-22.244717,21.126318,-24.069059
6.381250,28.551550,-4.900006,-19.188335,-21.999453,12.539753,-23.680510
6.387500,34.596626,-4.905612,-22.147877,-21.792706,3.556814,-23.432236
6.393750,40.645859,-4.910809,-24.702339,-21.638813,-5.625476,-23.296860
6.400000,46.700809,-4.915212,-26.824923,-21.548367,-15.101125,-23.264975
6.406250,52.758327,-4.918937,-28.528648,-21.535376,-22.951620,-23.414312
6.412500,58.816116,-4.922094,-29.891844,-21.630285,-29.986572,-23.715565
6.418750,64.874825,-4.924538,-30.808067,-21.784248,-35.758827,-24.137489
6.425000,70.933487,-4.926370,-31.301651,-22.012630,-39.932297,-24.619324
6.431250,76.989342,-4.928109,-31.640606,-22.321472,-42.283432,-25.114218
6.437500,83.042984,-4.929578,-31.869923,-22.701590,-43.567921,-25.670071
6.443750,89.097153,-4.930141,-31.758224,-23.137379,-43.256668,-26.217876
6.450000,93.257004,-4.929824,-31.123220,-23.610628,-41.527721,-26.720123
6.456250,97.137474,-4.929557,-30.057777,-24.094702,-38.646980,-27.146048
6.462500,100.203430,-4.930162,-28.680412,-24.561672,-34.928802,-27.470247
6.468750,101.966560,-4.931187,-27.154261,-24.981958,-30.741446,-27.672846
6.475000,102.006264,-4.932032,-25.653467,-25.327364,-26.494171,-27.746449
6.481250,99.981567,-4.932610,-24.389482,-25.579056,-22.666637,-27.723989
6.487500,95.650620,-4.933298,-23.606112,-25.734177,-17.498014,-27.579136
6.493750,88.891533,-4.934446,-23.489964,-25.789103,-14.160296,-27.313086
6.500000,79.704514,-4.936290,-21.982618,-25.744806,-11.243788,-26.974024
6.506250,68.212578,-4.939227,-20.542339,-25.612049,-9.012959,-26.597715
6.512500,54.655289,-4.942783,-20.643543,-25.412455,-7.631491,-26.216059
6.518750,39.377892,-4.946255,-20.245182,-25.173264,-7.183512,-25.854603
6.525000,22.808578,-4.949301,-19.432814,-24.915699,-7.659168,-25.524054
6.531250,5.434658,-4.952535,-18.261507,-24.651646,-8.982306,-25.223904
6.537500,-12.213410,-4.956348,-16.850254,-24.397306,-11.064559,-24.915569
6.543750,-29.585419,-4.960040,-15.376274,-24.172443,-13.640203,-24.690250
6.550000,-46.145172,-4.962766,-14.025611,-24.002514,-17.828564,-24.544832
6.556250,-61.403179,-4.964838,-12.912644,-23.899160,-22.435936,-24.455307
6.562500,-74.939476,-4.966954,-12.069089,-23.859579,-27.420219,-24.406834
6.568750,-86.412338,-4.969115,-9.370397,-23.875099,-32.671238,-24.382418
6.575000,-95.580864,-4.970735,-8.130770,-23.935827,-37.974274,-24.466934
6.581250,-102.324486,-4.971803,-6.290872,-24.026199,-43.254986,-24.499865
6.587500,-106.647255,-4.972904,-3.972932,-24.114838,-46.639671,-24.555050
6.593750,-108.671524,-4.974432,-1.342893,-24.168667,-49.339214,-24.636045
6.600000,-108.632126,-4.976073,1.137868,-24.233126,-50.814919,-24.739252
6.606250,-106.867996,-4.977746,3.199454,-24.289829,-52.504498,-24.863878
6.612500,-103.807587,-4.979578,4.814109,-24.321716,-52.387432,-25.000719
6.618750,-99.942719,-4.981534,5.792981,-24.321375,-50.648140,-25.137390
6.625000,-95.806267,-4.983731,8.090164,-24.293011,-47.629368,-25.272074
6.631250,-89.778519,-4.986614,8.294127,-24.241587,-43.717937,-25.401262
6.637500,-83.753822,-4.990494,8.461533,-24.172041,-39.299644,-25.519770
6.643750,-77.728386,-4.994930,8.484696,-24.088898,-34.780075,-25.621429
6.650000,-71.697044,-4.999182,8.281583,-23.993258,-30.554468,-25.695959
6.656250,-65.661446,-5.003083,7.777805,-23.886734,-27.002457,-25.730005
6.662500,-59.626461,-5.007170,6.903144,-23.770927,-24.480856,-25.695602
6.668750,-53.592304,-5.011508,5.615660,-23.645487,-23.353088,-25.630587
6.675000,-47.555786,-5.015619,3.891512,-23.510162,-21.993494,-25.513493
6.681250,-41.517513,-5.019608,1.743925,-23.356390,-21.664631,-25.343592
6.687500,-35.480793,-5.024041,-0.820164,-23.182840,-22.143192,-25.130651
6.693750,-29.445181,-5.029154,-1.661556,-22.991037,-23.053762,-24.882389
6.700000,-23.405609,-5.034153,-4.001134,-22.776905,-24.009777,-24.606239
6.706250,-17.358885,-5.038486,-5.714511,-22.546272,-24.688618,-24.322931
6.712500,-11.307881,-5.042170,-6.946170,-22.316431,-24.830189,-24.052927
6.718750,-5.256824,-5.045609,-7.814682,-22.099014,-24.141064,-23.810474
6.725000,0.793291,-5.049131,-8.454675,-21.915367,-22.417343,-23.613125
6.731250,6.843153,-5.052889,-9.056188,-21.828217,-19.557028,-23.479509
6.737500,12.894737,-5.056649,-9.663616,-21.739296,-15.520494,-23.420828
6.743750,18.950874,-5.059887,-10.083879,-21.705744,-10.328671,-23.433455
6.750000,25.011244,-5.062160,-12.882422,-21.758846,-4.080475,-23.498985
6.756250,31.073448,-5.063786,-14.274732,-21.908127,3.041916,-23.519941
6.762500,37.132900,-5.065292,-16.136280,-22.151066,11.330138,-23.679508
6.768750,43.189682,-5.066775,-18.421791,-22.477905,18.594397,-23.885530
6.775000,49.246529,-5.067722,-21.107800,-22.876657,25.809649,-24.108940
6.781250,55.304493,-5.068132,-24.145214,-23.331650,32.471718,-24.326178
6.787500,61.360256,-5.068098,-27.456253,-23.819319,40.276978,-24.515282
6.793750,67.413254,-5.067686,-30.943060,-24.310799,47.408997,-24.666143
6.800000,73.461678,-5.067194,-34.549358,-24.786369,52.064423,-24.772606
6.806250,79.504593,-5.067096,-38.258770,-25.233774,56.036926,-24.828442
6.812500,85.541679,-5.067851,-41.727917,-25.640366,58.988243,-24.831219
6.818750,91.577286,-5.069108,-44.599899,-25.993240,60.627399,-24.781921
6.825000,95.720741,-5.069894,-46.814445,-26.281315,60.739601,-24.683838
6.831250,99.592316,-5.070463,-48.343662,-26.496174,59.192299,-24.542978
6.837500,102.653984,-5.071541,-49.198582,-26.633484,55.932995,-24.367161
6.843750,104.412941,-5.073419,-49.416897,-26.691454,51.010506,-24.160688
6.850000,104.446587,-5.075746,-49.066044,-26.675028,44.552601,-23.926523
6.856250,102.415504,-5.078363,-48.241146,-26.588268,36.653297,-23.698574
6.862500,98.082031,-5.081443,-47.022869,-26.435535,27.526871,-23.499868
6.868750,91.326378,-5.084550,-45.581017,-26.240555,17.516701,-23.364328
6.875000,82.150993,-5.086919,-45.968208,-26.024965,7.017859,-23.360802
6.881250,70.674667,-5.088841,-44.475281,-25.806850,-3.191224,-23.370302
6.887500,57.128036,-5.091196,-43.060867,-25.601120,-14.408580,-23.459997
6.893750,41.850788,-5.094431,-41.767025,-25.415258,-24.806267,-23.645607
6.900000,25.276714,-5.097734,-40.619629,-25.250395,-34.271046,-23.919827
6.906250,7.901617,-5.100399,-39.640617,-25.094410,-42.707962,-24.260296
6.912500,-9.745111,-5.102561,-38.836380,-24.883259,-50.058182,-24.634823
6.918750,-27.122906,-5.104991,-38.399864,-24.727127,-56.328846,-25.011486
6.925000,-43.699661,-5.107983,-38.853096,-24.597757,-61.603809,-25.367031
6.931250,-58.980083,-5.111641,-37.614281,-24.487471,-65.982811,-25.677866
6.937500,-72.535835,-5.115928,-36.136913,-24.395132,-69.543716,-25.913696
6.943750,-84.023529,-5.120493,-35.714024,-24.280848,-72.400192,-26.048706
6.950000,-93.203247,-5.124699,-34.381760,-24.160074,-74.759842,-26.071594
6.956250,-99.954758,-5.128501,-32.467762,-24.042000,-76.863922,-25.979435
6.962500,-104.282883,-5.132514,-30.128839,-23.922825,-78.937698,-25.774694
6.968750,-106.309921,-5.137151,-27.555109,-23.798204,-81.222931,-25.473076
6.975000,-106.269424,-5.141789,-25.002510,-23.672934,-83.995926,-25.113741
6.981250,-104.498604,-5.145942,-22.730513,-23.549164,-85.377769,-24.747744
6.987500,-101.426895,-5.149936,-20.917192,-23.420433,-87.432755,-24.309660
6.993750,-97.549202,-5.153934,-17.567522,-23.278572,-87.746231,-23.877369
7.000000,-93.396736,-5.157519,-14.237310,-23.122324,-87.656891,-23.493149
7.006250,-87.345238,-5.160318,-12.511469,-22.953709,-86.629013,-23.184404
7.012500,-81.293068,-5.162512,-10.457411,-22.775848,-84.209091,-22.968384
7.018750,-75.245369,-5.165038,-8.320488,-22.590723,-80.041885,-22.850388
7.025000,-69.201950,-5.168167,-6.344199,-22.395622,-73.893211,-22.822094
7.031250,-63.158226,-5.171478,-4.776683,-22.184586,-65.721687,-22.883566
7.037500,-57.111015,-5.174579,-3.910924,-21.965490,-55.804733,-23.058208
7.043750,-51.061543,-5.177386,-4.111001,-21.772392,-44.370041,-23.323128
7.050000,-45.012260,-5.180187,-5.614837,-21.657360,-31.706532,-23.642921
7.056250,-38.964149,-5.183280,-6.279965,-21.537588,-18.244869,-23.938881
7.062500,-32.916451,-5.186703,-8.952047,-21.447733,-4.806838,-24.315180
7.068750,-26.867043,-5.190270,-12.187055,-21.429298,9.953559,-24.715494
7.075000,-20.813377,-5.193376,-15.940534,-21.502834,24.200239,-25.126518
7.081250,-14.755611,-5.195785,-20.134117,-21.680540,37.715363,-25.541912
7.087500,-8.697408,-5.197823,-24.660179,-21.967487,50.347973,-25.955709
7.093750,-2.640973,-5.199795,-29.379040,-22.358715,62.015259,-26.360846
7.100000,3.415589,-5.201360,-34.128834,-22.838800,70.810181,-26.750166
7.106250,9.474553,-5.202042,-38.740898,-23.382006,78.434883,-27.103701
7.112500,15.533465,-5.201939,-43.075443,-23.954479,84.491959,-27.403290
7.118750,21.588125,-5.201540,-47.042492,-24.524275,88.554993,-27.648415
7.125000,27.637163,-5.201199,-48.581264,-25.105011,90.313004,-27.842627
7.131250,33.682632,-5.200742,-50.879406,-25.665579,89.655777,-27.983368
7.137500,39.726032,-5.200103,-51.657509,-26.177429,86.636719,-28.063303
7.143750,45.766846,-5.199245,-51.041786,-26.625950,81.428268,-28.074734
7.150000,51.804100,-5.198205,-49.271141,-27.021381,74.315201,-28.004356
7.156250,57.836388,-5.197500,-46.672802,-27.356916,65.707031,-27.823833
7.162500,63.862675,-5.197755,-42.498646,-27.558521,56.129246,-27.498268
7.168750,69.884857,-5.198906,-38.173641,-27.679981,46.706867,-27.127396
7.175000,75.909401,-5.200095,-33.784634,-27.741850,35.775311,-26.683647
7.181250,81.939140,-5.200620,-29.521702,-27.757736,25.322691,-26.173979
7.187500,87.968979,-5.201141,-25.289715,-27.734957,15.662914,-25.617620
7.193750,93.993538,-5.202559,-21.014149,-27.680250,7.108235,-25.042709
7.200000,98.120613,-5.204810,-16.911219,-27.599691,-0.066410,-24.486649
7.206250,101.977837,-5.207083,-13.193547,-27.499296,-5.633538,-24.023100
7.212500,105.033760,-5.209146,-10.058350,-27.384911,-9.548484,-23.570171
7.218750,106.792305,-5.211532,-7.660204,-27.257359,-12.295358,-23.179216
7.225000,106.824081,-5.214609,-6.090542,-27.106565,-13.245094,-22.890005
7.231250,104.791504,-5.218105,-5.399628,-26.883827,-12.613477,-22.717752
7.237500,100.460091,-5.221720,-5.684063,-26.679405,-10.762422,-22.660093
7.243750,93.707329,-5.225485,-5.339285,-26.483343,-8.180091,-22.717505
7.250000,84.533012,-5.229170,-6.991601,-26.276224,-5.306078,-22.872543
7.256250,73.059959,-5.232289,-8.502962,-26.058708,-2.512234,-23.103363
7.262500,59.523537,-5.234937,-9.916738,-25.837620,-0.225283,-23.387253
7.268750,44.259766,-5.237622,-11.236319,-25.613895,1.175390,-23.695549
7.275000,27.694244,-5.241097,-12.453278,-25.389433,1.362852,-23.997726
7.281250,10.321881,-5.244937,-13.606662,-25.169666,2.211080,-24.262888
7.287500,-7.319532,-5.248389,-14.731968,-24.959867,2.093174,-24.475784
7.293750,-24.683788,-5.251132,-15.862341,-24.764488,1.285880,-24.630648
7.300000,-41.241337,-5.253156,-17.027863,-24.587198,0.198748,-24.711098
7.306250,-56.501141,-5.254586,-18.241144,-24.424398,-0.710866,-24.697767
7.312500,-70.041023,-5.255912,-17.320023,-24.264055,-1.093020,-24.588892
7.318750,-81.522049,-5.257919,-17.580059,-24.105064,-0.674838,-24.395281
7.325000,-90.706383,-5.260915,-16.960241,-23.942341,0.803575,-24.130478
7.331250,-97.467316,-5.264674,-15.528682,-23.745066,3.564793,-23.813553
7.337500,-101.800514,-5.268658,-13.334506,-23.500637,7.735838,-23.471266
7.343750,-103.827049,-5.272474,-11.738706,-23.284317,13.352793,-23.134743
7.350000,-103.784538,-5.276070,-9.977421,-23.057699,20.350779,-22.829336
7.356250,-102.016159,-5.279588,-8.495994,-22.820097,28.516388,-22.573195
7.362500,-98.950653,-5.283530,-7.633212,-22.577988,37.579720,-22.395412
7.368750,-95.080505,-5.287998,-5.478614,-22.335657,47.274490,-22.344378
7.375000,-90.935211,-5.292791,-3.589998,-22.101059,57.234699,-22.425205
7.381250,-84.890533,-5.297340,-3.567148,-21.890306,65.800064,-22.574053
7.387500,-78.839699,-5.301264,-3.463465,-21.718664,73.615677,-22.770916
7.393750,-72.785995,-5.304709,-3.466237,-21.595188,79.996590,-23.118198
7.400000,-66.732910,-5.307906,-3.740464,-21.523424,84.995544,-23.574606
7.406250,-60.679699,-5.310946,-4.454688,-21.504410,87.617470,-24.092798
7.412500,-54.626068,-5.313718,-5.780919,-21.535585,87.644676,-24.631815
7.418750,-48.571491,-5.316042,-7.898427,-21.619600,84.994476,-25.154415
7.425000,-42.515961,-5.317672,-11.027179,-21.775913,79.666656,-25.636345
7.431250,-36.461094,-5.318824,-13.260252,-21.999725,71.778496,-26.057108
7.437500,-30.410757,-5.320298,-16.489033,-22.251570,61.633667,-26.394150
7.443750,-24.366358,-5.322612,-20.142403,-22.558510,49.629814,-26.630402
7.450000,-18.322290,-5.325497,-23.875698,-22.931967,36.235664,-26.757431
7.456250,-12.273243,-5.327815,-27.563984,-23.375603,21.985683,-26.774731
7.462500,-6.218316,-5.329354,-31.101496,-23.884415,7.482274,-26.686544
7.468750,-0.163709,-5.330641,-34.416317,-24.452038,-6.633546,-26.498665
7.475000,5.888680,-5.331978,-37.443359,-25.065756,-19.716320,-26.213631
7.481250,11.940960,-5.333073,-40.096706,-25.698448,-31.190786,-25.847933
7.487500,17.993671,-5.333720,-42.334949,-26.329800,-40.650192,-25.438046
7.493750,24.046389,-5.334114,-44.269493,-26.962042,-47.700829,-25.015200
7.500000,30.097637,-5.334234,-45.646183,-27.587910,-51.981091,-24.604731
7.506250,36.148251,-5.333770,-46.150478,-28.192060,-53.266102,-24.230967
7.512500,42.197388,-5.332717,-45.742683,-28.751541,-51.450489,-23.905710
7.518750,48.240936,-5.331769,-44.449211,-29.249956,-48.445698,-23.634848
7.525000,54.277496,-5.331352,-42.370777,-29.674107,-42.823605,-23.423294
7.531250,60.309723,-5.331074,-39.604008,-30.009800,-35.379772,-23.273937
7.537500,66.340881,-5.330626,-36.264553,-30.242741,-26.874811,-23.192640
7.543750,72.367844,-5.330502,-32.497135,-30.358757,-18.083176,-23.164642
7.550000,78.387421,-5.331416,-28.502447,-30.356712,-9.838971,-23.143791
7.556250,84.402672,-5.333299,-24.538290,-30.244196,-2.911516,-23.116585
7.562500,90.418724,-5.335622,-18.621279,-30.025715,3.471664,-23.133200
7.568750,94.540672,-5.338426,-14.189035,-29.711769,7.908578,-23.148798
7.575000,98.389336,-5.341856,-9.308723,-29.317120,10.493305,-23.134687
7.581250,101.433731,-5.345727,-4.214487,-28.852160,11.314099,-23.088814
7.587500,103.184006,-5.349395,0.830058,-28.335957,10.491827,-23.023642
7.593750,103.213181,-5.352822,5.535631,-27.792389,8.327069,-22.951548
7.600000,101.176971,-5.356261,9.694389,-27.238657,5.240592,-22.888462
7.606250,96.837570,-5.359856,13.205946,-26.671993,1.718814,-22.853380
7.612500,90.074806,-5.363547,16.118927,-26.110041,-1.652995,-22.838717
7.618750,80.889313,-5.367279,18.943027,-25.608463,-6.118238,-22.840660
7.625000,69.402237,-5.371229,19.802443,-25.152864,-9.678109,-22.875467
7.631250,55.851322,-5.375053,20.497278,-24.741575,-12.436902,-22.949615
7.637500,40.579712,-5.378263,20.824509,-24.377012,-14.476193,-23.060497
7.643750,24.011717,-5.380883,20.645975,-24.058792,-15.915979,-23.198456
7.650000,6.635579,-5.383828,19.881546,-23.780443,-16.941505,-23.355291
7.656250,-11.018582,-5.387651,18.462654,-23.531620,-17.822891,-23.532038
7.662500,-28.400160,-5.392120,16.306067,-23.310190,-18.861933,-23.734243
7.668750,-44.971867,-5.396565,13.314966,-23.117620,-20.354279,-23.995090
7.675000,-60.240810,-5.400918,9.502618,-22.943518,-22.681025,-24.239136
7.681250,-73.783234,-5.405343,7.092651,-22.770088,-25.044617,-24.468002
7.687500,-85.258278,-5.409917,4.769315,-22.584686,-28.788366,-24.708553
7.693750,-94.427704,-5.414206,1.104892,-22.390871,-33.981388,-24.976246
7.700000,-101.169922,-5.417964,-1.856927,-22.196043,-38.563179,-25.279875
7.706250,-105.487465,-5.421498,-4.211288,-22.006800,-43.933666,-25.615919
7.712500,-107.504417,-5.425230,-6.084605,-21.830978,-49.573528,-25.979805
7.718750,-107.457123,-5.429219,-7.631835,-21.678755,-55.027042,-26.365023
7.725000,-105.683197,-5.433033,-9.032993,-21.564539,-59.906677,-26.764378
7.731250,-102.608192,-5.436416,-10.471347,-21.507486,-63.892189,-27.167166
7.737500,-98.727081,-5.439260,-12.081067,-21.514944,-66.727455,-27.554478
7.743750,-94.573959,-5.441843,-13.885388,-21.567671,-68.228615,-27.901674
7.750000,-88.528770,-5.444545,-13.864662,-21.673897,-68.332596,-28.188528
7.756250,-82.486221,-5.447527,-15.490415,-21.839542,-67.128090,-28.411280
7.762500,-76.444092,-5.450606,-16.757074,-22.071030,-64.727608,-28.559118
7.768750,-70.400299,-5.453480,-17.818726,-22.365408,-61.217010,-28.614405
7.775000,-64.354813,-5.455839,-18.790813,-22.707121,-56.769402,-28.561766
7.781250,-58.308647,-5.457830,-19.845699,-23.079828,-51.634811,-28.386631
7.787500,-52.265186,-5.460182,-21.225561,-23.465603,-46.117588,-28.073458
7.793750,-46.225887,-5.463259,-23.230928,-23.843512,-40.625931,-27.641846
7.800000,-40.185673,-5.466635,-26.222635,-24.193556,-33.514618,-27.119577
7.806250,-34.139874,-5.469356,-28.320894,-24.509178,-26.390289,-26.516994
7.812500,-28.089064,-5.471104,-31.125046,-24.790642,-19.049112,-25.856821
7.818750,-22.040100,-5.472828,-34.380447,-25.037216,-11.360062,-25.170963
7.825000,-15.996899,-5.475297,-37.852367,-25.249340,-3.191695,-24.497379
7.831250,-9.956713,-5.478411,-41.346344,-25.431456,3.701074,-23.870249
7.837500,-3.912231,-5.481417,-44.669918,-25.586727,11.175089,-23.290350
7.843750,2.137666,-5.483914,-47.622536,-25.711069,18.854193,-22.770945
7.850000,8.188677,-5.486351,-50.042648,-25.806963,26.273998,-22.289448
7.856250,14.239539,-5.488816,-51.848991,-25.881041,33.224876,-21.926025
7.862500,20.293037,-5.490924,-52.990360,-25.944721,38.246479,-21.689827
7.868750,26.349981,-5.492125,-53.458508,-26.011005,42.099487,-21.558191
7.875000,32.408573,-5.492813,-52.967487,-26.087919,44.533745,-21.517895
7.881250,38.465939,-5.492975,-51.237549,-26.175699,45.482952,-21.553041
7.887500,44.522663,-5.492321,-48.323151,-26.267714,45.025455,-21.647282
7.893750,50.579041,-5.490682,-44.346577,-26.358078,43.276829,-21.790869
7.900000,56.630486,-5.488746,-39.528641,-26.443361,40.470493,-21.972086
7.906250,62.672321,-5.487351,-34.105202,-26.515806,36.976070,-22.174505
7.912500,68.707169,-5.486490,-28.314026,-26.559828,33.233894,-22.381350
7.918750,74.739670,-5.486490,-22.449120,-26.559828,29.715364,-22.381350
7.925000,74.739670,-5.486490,-22.449120,-26.559828,29.715364,-22.381350
7.931250,74.739670,-5.486490,-22.449120,-26.559828,29.715364,-22.381350
7.937500,74.739670,-5.486490,-22.449120,-26.559828,29.715364,-22.381350
7.943750,74.739670,-5.486490,-22.449120,-26.559828,29.715364,-22.381350
7.950000,74.739670,-5.486490,-22.449120,-26.559828,29.715364,-22.381350
7.956250,74.739670,-5.486490,-22.449120,-26.559828,29.715364,-22.381350
7.962500,74.739670,-5.486490,-22.449120,-26.559828,29.715364,-22.381350
7.968750,74.739670,-5.486490,-22.449120,-26.559828,29.715364,-22.381350
7.975000,74.739670,-5.486490,-22.449120,-26.559828,29.715364,-22.381350
7.981250,74.739670,-5.486490,-22.449120,-26.559828,29.715364,-22.381350
7.987500,74.739670,-5.486490,-22.449120,-26.559828,29.715364,-22.381350
7.993750,74.739670,-5.486490,-22.449120,-26.559828,29.715364,-22.381350
8.000000,74.739670,-5.486490,-22.449120,-26.559828,29.715364,-22.381350
