Anritsu VNA Frequency[GHz],S21[deg],S21[dB],S11[deg],S11[dB],S22[deg],S22[dB]
1338058601.55,2012_05_26_19:56:41,+57.528,+144.36,+124.13,+144.63,+150.31,+152.54,+147.73,+149.49,141.866821,-6.621
3.006250,42.653740,-2.356194,67.350327,-27.239132,-79.231239,-28.141712
3.012500,42.653740,-2.356194,67.350327,-27.239132,-79.231239,-28.141712
3.018750,42.653740,-2.356194,67.350327,-27.239132,-79.231239,-28.141712
3.025000,42.653740,-2.356194,67.350327,-27.239132,-79.231239,-28.141712
3.031250,42.653740,-2.356194,67.350327,-27.239132,-79.231239,-28.141712
3.037500,42.653740,-2.356194,67.350327,-27.239132,-79.231239,-28.141712
3.043750,42.653740,-2.356194,67.350327,-27.239132,-79.231239,-28.141712
3.050000,42.653740,-2.356194,67.350327,-27.239132,-79.231239,-28.141712
3.056250,42.653740,-2.356194,67.350327,-27.239132,-79.231239,-28.141712
3.062500,42.653740,-2.356194,67.350327,-27.239132,-79.231239,-28.141712
3.068750,42.653740,-2.356194,67.350327,-27.239132,-79.231239,-28.141712
3.075000,42.653740,-2.356194,67.350327,-27.239132,-79.231239,-28.141712
3.081250,42.653740,-2.356194,67.350327,-27.239132,-79.231239,-28.141712
3.087500,42.653740,-2.356194,67.350327,-27.239132,-79.231239,-28.141712
3.093750,42.653740,-2.358332,67.350327,-27.050032,-79.231239,-27.950312
3.100000,48.581120,-2.360857,63.787884,-26.888620,-79.442909,-27.747263
3.106250,54.508137,-2.363488,59.344555,-26.780848,-78.805000,-27.533468
3.112500,60.436138,-2.366135,52.629009,-26.742321,-77.048454,-27.293427
3.118750,66.363853,-2.368960,45.776642,-26.779673,-73.950531,-26.989758
3.125000,72.290657,-2.371921,39.343113,-26.796801,-69.516541,-26.672548
3.131250,78.216850,-2.375009,33.138397,-26.837255,-63.817036,-26.328411
3.137500,84.142052,-2.378446,27.265749,-26.908146,-56.511280,-25.945761
3.143750,90.065811,-2.382420,22.006622,-27.006254,-47.667793,-25.532578
3.150000,95.989807,-2.386756,17.638792,-27.119478,-39.301636,-25.103645
3.156250,100.022003,-2.390931,14.394970,-27.233873,-29.938637,-24.678747
3.162500,103.783287,-2.394815,12.455177,-27.334986,-20.292261,-24.281757
3.168750,106.739410,-2.398769,11.955479,-27.409132,-11.046124,-23.946072
3.175000,108.396614,-2.402931,13.013704,-27.437819,-2.803477,-23.683392
3.181250,108.329483,-2.407203,13.934584,-27.405149,4.353868,-23.434649
3.187500,106.198853,-2.411317,16.409946,-27.322336,9.677009,-23.237619
3.193750,101.767471,-2.415194,19.750101,-27.196957,12.912790,-23.113291
3.200000,94.913544,-2.418793,23.371452,-27.034285,14.076924,-23.070526
3.206250,85.636848,-2.422028,26.788378,-26.842291,13.225415,-23.106253
3.212500,74.057777,-2.425036,29.563454,-26.633080,10.508510,-23.223894
3.218750,60.411797,-2.428164,31.331333,-26.418949,6.202673,-23.443233
3.225000,45.040081,-2.431222,33.997459,-26.202448,0.432420,-23.666271
3.231250,28.372171,-2.433859,36.034145,-25.982409,-6.564416,-23.909882
3.237500,10.899568,-2.436124,35.871677,-25.762959,-14.137526,-24.174671
3.243750,-6.848902,-2.438600,35.493805,-25.535091,-20.163895,-24.442877
3.250000,-24.328001,-2.441595,34.715805,-25.301191,-26.091694,-24.693134
3.256250,-41.001812,-2.444864,33.102882,-25.106005,-31.305937,-24.914028
3.262500,-56.374844,-2.447874,30.606297,-24.936386,-35.266178,-25.093847
3.268750,-70.021049,-2.450486,27.172548,-24.786594,-37.449589,-25.225046
3.275000,-81.603127,-2.453122,22.622324,-24.655790,-37.478786,-25.300323
3.281250,-90.885239,-2.456163,16.794153,-24.537315,-35.117374,-25.319506
3.287500,-97.744499,-2.459639,9.553487,-24.420740,-30.307310,-25.289831
3.293750,-102.178284,-2.463274,2.997970,-24.285002,-23.165533,-25.212656
3.300000,-104.307404,-2.466781,-4.263735,-24.102776,-13.926366,-25.087238
3.306250,-104.368324,-2.470091,-12.315023,-23.969543,-2.967119,-24.931700
3.312500,-102.702599,-2.473167,-20.472193,-23.851402,9.200783,-24.772238
3.318750,-99.738174,-2.476189,-28.265360,-23.747215,21.972713,-24.631880
3.325000,-95.967941,-2.479068,-35.428516,-23.668110,34.725071,-24.525799
3.331250,-91.923126,-2.481606,-41.723858,-23.630117,49.000782,-24.462030
3.337500,-85.982346,-2.483716,-46.978840,-23.665251,62.814495,-24.444736
3.343750,-80.040985,-2.485446,-51.075081,-23.860645,76.089272,-24.469614
3.350000,-74.100021,-2.486794,-54.646206,-24.023890,86.895454,-24.510483
3.356250,-68.159409,-2.487777,-57.321301,-24.275608,96.808388,-24.556849
3.362500,-62.220631,-2.488543,-57.218239,-24.652563,104.747437,-24.674822
3.368750,-56.283592,-2.488981,-56.113068,-25.150167,110.486404,-24.843857
3.375000,-50.346989,-2.488900,-53.897686,-25.747952,113.659073,-25.076145
3.381250,-44.412170,-2.488308,-50.606304,-26.415236,113.992836,-25.358818
3.387500,-38.482475,-2.487838,-46.356827,-27.116180,111.790733,-25.634035
3.393750,-32.558929,-2.487972,-41.328850,-27.808714,106.774597,-25.912485
3.400000,-26.638866,-2.488459,-35.749496,-28.448484,99.220436,-26.151613
3.406250,-20.718464,-2.488838,-29.922001,-29.004688,89.950668,-26.425283
3.412500,-14.798383,-2.489227,-24.189837,-29.452406,79.899956,-26.695536
3.418750,-8.882402,-2.490280,-18.524870,-29.765793,69.652458,-26.933514
3.425000,-2.970072,-2.492237,-12.917703,-29.931393,57.990974,-27.127748
3.431250,2.943737,-2.494494,-7.640495,-29.949821,47.247116,-27.276823
3.437500,8.861189,-2.496569,-2.907331,-29.821873,37.878056,-27.386675
3.443750,14.778976,-2.499137,1.253596,-29.528109,30.438042,-27.413877
3.450000,20.694893,-2.502685,4.635904,-29.099812,23.420355,-27.365973
3.456250,26.613123,-2.506626,7.115612,-28.572990,18.534197,-27.256153
3.462500,32.539021,-2.510103,8.790623,-27.987312,15.441687,-27.087942
3.468750,38.470638,-2.512932,9.875525,-27.385153,13.815503,-26.859278
3.475000,44.403107,-2.515558,10.630696,-26.814384,13.307080,-26.578724
3.481250,50.334648,-2.518205,11.375041,-26.302877,13.519769,-26.261883
3.487500,56.265263,-2.520991,10.886292,-25.823669,14.065615,-25.906755
3.493750,62.195065,-2.524208,10.920918,-25.426428,14.537176,-25.515657
3.500000,68.124344,-2.527759,11.230659,-25.131670,14.506551,-25.100204
3.506250,74.056206,-2.531286,11.742668,-24.939491,13.626495,-24.671339
3.512500,79.991692,-2.534128,12.386987,-24.834209,11.624184,-24.239580
3.518750,85.928352,-2.536684,13.111828,-24.772043,8.302684,-23.812037
3.525000,91.860191,-2.539940,13.865582,-24.632835,3.525120,-23.395235
3.531250,95.892296,-2.544256,15.370257,-24.592340,-0.654045,-23.001436
3.537500,99.652306,-2.549075,17.250996,-24.540546,-5.666011,-22.647528
3.543750,102.612206,-2.553540,19.526154,-24.455473,-11.044196,-22.350851
3.550000,104.277924,-2.558075,22.374636,-24.325575,-16.469261,-22.075405
3.556250,104.218033,-2.563138,24.138685,-24.133368,-21.655930,-21.800486
3.562500,102.094215,-2.568559,26.514149,-23.898703,-26.155787,-21.548880
3.568750,97.675140,-2.573447,28.981020,-23.647997,-30.346981,-21.389717
3.575000,90.840706,-2.577131,31.127274,-23.406437,-33.978256,-21.313784
3.581250,81.587105,-2.579691,32.576462,-23.205475,-37.178062,-21.345844
3.587500,70.030441,-2.581674,32.986889,-23.079689,-38.456730,-21.440634
3.593750,56.406975,-2.583276,32.137196,-23.040995,-40.106716,-21.599049
3.600000,41.060478,-2.584048,32.141422,-23.084225,-41.598873,-21.843700
3.606250,24.419235,-2.583496,31.413637,-23.225945,-42.880894,-22.171610
3.612500,6.971966,-2.581952,30.318169,-23.466059,-43.987820,-22.560600
3.618750,-10.752766,-2.580011,29.277557,-23.801739,-45.035168,-22.976847
3.625000,-28.208366,-2.577472,28.525518,-24.254496,-46.353218,-23.444633
3.631250,-44.860466,-2.574123,28.472683,-24.796839,-46.052048,-23.941286
3.637500,-60.218658,-2.570350,29.496992,-25.393625,-45.515659,-24.434086
3.643750,-73.860542,-2.566787,31.771774,-26.007496,-44.456600,-24.900473
3.650000,-85.445183,-2.563876,33.450550,-26.597403,-42.715862,-25.320065
3.656250,-94.732780,-2.561582,36.100101,-27.108974,-40.193039,-25.675400
3.662500,-101.600479,-2.559919,38.993347,-27.507656,-36.852612,-25.955099
3.668750,-106.047752,-2.559167,43.161514,-27.822397,-32.759689,-26.161127
3.675000,-108.194855,-2.559078,46.660912,-28.014288,-28.043869,-26.297249
3.681250,-108.276405,-2.559404,49.345119,-28.070021,-22.855536,-26.363249
3.687500,-106.633751,-2.560141,50.972118,-27.993389,-17.407440,-26.362577
3.693750,-103.696175,-2.561990,51.357803,-27.805511,-11.962967,-26.304020
3.700000,-99.955978,-2.565051,50.409760,-27.538055,-6.792871,-26.201727
3.706250,-95.939865,-2.568530,48.259277,-27.184065,-2.113303,-26.063656
3.712500,-90.023201,-2.571804,45.044903,-26.779909,1.963526,-25.884163
3.718750,-84.104439,-2.575184,38.877815,-26.366873,5.311117,-25.667025
3.725000,-78.186676,-2.579219,31.641720,-25.972069,7.852193,-25.413256
3.731250,-72.267982,-2.583413,23.122917,-25.623003,9.819172,-25.170683
3.737500,-66.344360,-2.587175,15.258934,-25.360308,11.574535,-24.961769
3.743750,-60.416889,-2.590500,6.671150,-25.188791,13.234674,-24.798901
3.750000,-54.489651,-2.593724,-2.024636,-25.097162,15.236271,-24.661287
3.756250,-48.563187,-2.596776,-10.339253,-25.079090,16.399757,-24.512960
3.762500,-42.636112,-2.599557,-17.844616,-25.119797,18.574957,-24.346102
3.768750,-36.708641,-2.602164,-24.091606,-25.188086,19.643141,-24.214056
3.775000,-30.782555,-2.604955,-28.744061,-25.271646,21.397297,-24.127377
3.781250,-24.857132,-2.607764,-31.683270,-25.373135,23.061472,-24.064770
3.787500,-18.930723,-2.610298,-32.618927,-25.469145,24.289665,-24.015650
3.793750,-13.004148,-2.612764,-33.261570,-25.553843,24.810617,-23.979439
3.800000,-7.079463,-2.615528,-31.954115,-25.628931,24.448038,-23.954716
3.806250,-1.156487,-2.618667,-28.894457,-25.604902,23.183657,-23.910807
3.812500,4.767199,-2.621946,-24.945675,-25.525799,21.037586,-23.839535
3.818750,10.691007,-2.625558,-20.855801,-25.410301,17.902233,-23.749537
3.825000,16.614260,-2.629655,-17.122784,-25.271645,13.882600,-23.644260
3.831250,22.540209,-2.633750,-12.021505,-25.122105,9.239212,-23.530191
3.837500,28.469135,-2.637448,-7.289474,-24.974516,4.304011,-23.422100
3.843750,34.399189,-2.641156,-2.705892,-24.834562,-0.550991,-23.346060
3.850000,40.326912,-2.645264,0.131897,-24.693523,-4.647042,-23.222052
3.856250,46.254372,-2.649463,3.074814,-24.556787,-9.537159,-23.090626
3.862500,52.184910,-2.653103,5.756463,-24.428593,-13.437263,-22.969416
3.868750,58.115997,-2.656545,7.907665,-24.302927,-16.438328,-22.860975
3.875000,64.041862,-2.660822,9.295762,-24.162651,-18.659918,-22.760187
3.881250,69.963554,-2.666302,9.702520,-23.983332,-20.266687,-22.653938
3.887500,75.887505,-2.672074,8.776450,-23.788969,-21.506407,-22.535496
3.893750,81.818077,-2.677394,6.251346,-23.568987,-22.740988,-22.412907
3.900000,87.751740,-2.682682,4.310572,-23.307320,-24.292192,-22.283411
3.906250,93.682831,-2.688837,1.486493,-22.999760,-26.441896,-22.144018
3.912500,97.717903,-2.696028,-1.817991,-22.647810,-29.522781,-21.991367
3.918750,101.484871,-2.703782,-5.214477,-22.256365,-31.966614,-21.818356
3.925000,104.453796,-2.711446,-8.402389,-21.842831,-35.707184,-21.609791
3.931250,106.133339,-2.718744,-11.155819,-21.432329,-40.543388,-21.385483
3.937500,106.094353,-2.725622,-13.240119,-21.047251,-44.359428,-21.191725
3.943750,103.995445,-2.732033,-14.450753,-20.709587,-48.084690,-21.030382
3.950000,99.600166,-2.737620,-14.676681,-20.440624,-50.932182,-20.910355
3.956250,92.787697,-2.741739,-13.903180,-20.258554,-52.270279,-20.844921
3.962500,83.556213,-2.744194,-12.184339,-20.175953,-51.566555,-20.845854
3.968750,72.023972,-2.745231,-9.611115,-20.195465,-48.392426,-20.922808
3.975000,58.424427,-2.744967,-6.042663,-20.302113,-42.460186,-21.083889
3.981250,43.096844,-2.743505,-1.395033,-20.472971,-35.540802,-21.364449
3.987500,26.467714,-2.740878,3.670386,-20.780861,-25.957722,-21.690731
3.993750,9.027374,-2.737380,9.170061,-21.160669,-14.194729,-22.103191
4.000000,-8.692554,-2.733178,14.843497,-21.600376,-1.379248,-22.614723
4.006250,-26.145533,-2.728227,20.253511,-22.090345,11.771484,-23.233959
4.012500,-42.800926,-2.722842,25.103674,-22.610287,24.473911,-23.969456
4.018750,-58.168449,-2.717729,29.157312,-23.133282,35.298695,-24.674166
4.025000,-71.821716,-2.713310,32.184326,-23.636877,45.820320,-25.352688
4.031250,-83.416557,-2.709456,34.209675,-24.114477,53.319302,-26.074890
4.037500,-92.713264,-2.706055,35.347652,-24.550592,59.650650,-26.791479
4.043750,-99.591911,-2.703634,35.551697,-24.929569,63.486828,-27.467741
4.050000,-104.051857,-2.702419,34.779575,-25.245909,65.238014,-28.080240
4.056250,-106.210075,-2.701743,33.050720,-25.496630,65.410286,-28.613237
4.062500,-106.300583,-2.700943,30.532009,-25.660309,62.735752,-29.046062
4.068750,-104.668007,-2.700654,27.420019,-25.738573,59.584690,-29.351494
4.075000,-101.745041,-2.702133,23.835619,-25.746489,56.095345,-29.525318
4.081250,-98.019943,-2.705117,20.071766,-25.696003,52.436981,-29.567867
4.087500,-94.016045,-2.708292,16.512751,-25.594130,48.896233,-29.478004
4.093750,-88.108078,-2.710884,11.689084,-25.446209,45.822132,-29.256546
4.100000,-82.199310,-2.713498,7.637356,-25.261181,41.398502,-28.915176
4.106250,-76.294579,-2.717007,4.251011,-25.046082,37.329166,-28.479450
4.112500,-70.391838,-2.721284,1.468192,-24.800041,33.467350,-27.961306
4.118750,-64.486473,-2.725993,-0.787173,-24.525972,29.924109,-27.340422
4.125000,-58.578484,-2.731215,-2.704798,-24.236351,26.380133,-26.663067
4.131250,-52.668705,-2.736977,-4.432018,-23.942682,22.668106,-25.965006
4.137500,-46.755074,-2.743002,-6.059246,-23.652233,18.784330,-25.273893
4.143750,-40.835777,-2.748917,-7.644259,-23.367361,14.766807,-24.611687
4.150000,-34.912758,-2.754772,-9.254850,-23.089775,10.657372,-23.994806
4.156250,-28.988569,-2.760966,-8.798925,-22.819359,6.499792,-23.431131
4.162500,-23.062838,-2.767507,-7.714458,-22.554459,4.506468,-22.898346
4.168750,-17.133812,-2.774265,-7.485075,-22.288216,3.193164,-22.479362
4.175000,-11.200999,-2.781175,-6.154510,-22.022999,1.165898,-22.120539
4.181250,-5.264517,-2.788088,-4.073690,-21.771416,0.511622,-21.831488
4.187500,0.676741,-2.794755,-1.547734,-21.540779,0.975616,-21.594448
4.193750,6.622590,-2.801042,1.107606,-21.338215,2.353953,-21.368868
4.200000,12.572386,-2.806836,3.565270,-21.171366,5.152715,-21.269245
4.206250,18.525223,-2.811834,5.508392,-21.047342,6.590611,-21.260525
4.212500,24.480915,-2.815778,8.829035,-20.969481,7.691413,-21.294144
4.218750,30.436571,-2.818910,11.964105,-20.929380,9.382038,-21.345530
4.225000,36.389141,-2.821625,15.229628,-20.918726,9.715961,-21.429781
4.231250,42.337334,-2.824151,16.978407,-20.928642,8.611373,-21.542713
4.237500,48.283257,-2.826408,19.057068,-20.948248,5.939590,-21.667572
4.243750,54.226948,-2.828285,21.029964,-20.991409,3.729485,-21.795397
4.250000,60.169453,-2.829797,22.468222,-21.054291,0.451788,-21.929642
4.256250,66.109779,-2.830765,23.094563,-21.118376,-3.395405,-22.057308
4.262500,72.046303,-2.831602,22.541853,-21.167650,-7.290076,-22.164684
4.268750,77.976273,-2.832913,20.454845,-21.190140,-10.783094,-22.237211
4.275000,83.899086,-2.835248,18.694933,-21.178783,-13.484517,-22.264229
4.281250,89.819572,-2.838260,15.631082,-21.124605,-15.058897,-22.233988
4.287500,95.741188,-2.841621,11.537022,-21.018898,-15.245831,-22.126043
4.293750,99.767624,-2.845880,6.639424,-20.869358,-13.952921,-21.943966
4.300000,103.519180,-2.851531,1.143233,-20.686115,-11.507567,-21.736151
4.306250,106.468666,-2.857798,-4.624377,-20.471521,-7.850404,-21.491503
4.312500,108.130119,-2.863579,-10.377631,-20.232288,-3.100632,-21.213146
4.318750,108.074402,-2.868844,-15.876427,-19.978443,2.441782,-20.910746
4.325000,105.953300,-2.874474,-20.926294,-19.726219,8.414351,-20.599823
4.331250,101.529190,-2.880774,-25.375830,-19.494236,14.418663,-20.296587
4.337500,94.686981,-2.886898,-29.095266,-19.304960,20.074987,-20.012337
4.343750,85.430069,-2.892075,-32.010632,-19.229795,25.025251,-19.740288
4.350000,73.876808,-2.896355,-33.470844,-19.123135,28.932520,-19.498629
4.356250,60.261074,-2.899823,-33.434593,-19.108559,33.226116,-19.340820
4.362500,44.923794,-2.901958,-32.196144,-19.202019,36.524998,-19.271732
4.368750,28.291330,-2.902825,-29.674887,-19.401455,39.166950,-19.313326
4.375000,10.850668,-2.902997,-25.943548,-19.698233,41.473202,-19.506102
4.381250,-6.867625,-2.902662,-21.154884,-20.076204,43.264668,-19.722071
4.387500,-24.313847,-2.901295,-15.515104,-20.511761,45.188961,-19.992867
4.393750,-40.955017,-2.898779,-9.309063,-20.982382,47.789188,-20.352062
4.400000,-56.305428,-2.896086,-2.893472,-21.472450,49.464874,-20.807964
4.406250,-69.939369,-2.893671,1.489438,-21.965311,51.505600,-21.323212
4.412500,-81.512070,-2.890957,7.333640,-22.442175,53.574776,-21.871439
4.418750,-90.784584,-2.887686,12.485246,-22.888514,55.442051,-22.431160
4.425000,-97.639076,-2.884662,16.766003,-23.272295,56.953999,-22.972666
4.431250,-102.078766,-2.882410,20.165409,-23.558462,58.089996,-23.449442
4.437500,-104.221039,-2.880643,22.491898,-23.751892,58.734192,-23.844994
4.443750,-104.300301,-2.879059,23.734154,-23.858593,58.788193,-24.148287
4.450000,-102.659111,-2.878331,24.063412,-23.879881,58.327938,-24.347847
4.456250,-99.727615,-2.879214,23.729753,-23.818214,57.505474,-24.436081
4.462500,-95.992798,-2.881253,23.048849,-23.680492,56.489170,-24.411970
4.468750,-91.981018,-2.883708,22.407640,-23.479883,55.485233,-24.283197
4.475000,-86.071503,-2.886731,20.336071,-23.236300,54.737873,-24.071964
4.481250,-80.162209,-2.890617,18.957281,-22.946737,52.745220,-23.747772
4.487500,-74.250603,-2.895025,18.211626,-22.626055,51.522636,-23.335701
4.493750,-68.333817,-2.899371,17.848358,-22.304031,50.541996,-22.875679
4.500000,-62.415565,-2.904356,17.731615,-22.002163,49.554836,-22.398163
4.506250,-56.498718,-2.910777,17.786669,-21.732250,48.373848,-21.926643
4.512500,-50.578014,-2.917893,17.949156,-21.495079,46.828148,-21.478876
4.518750,-44.645531,-2.924274,18.147129,-21.275583,44.742207,-21.069887
4.525000,-38.701534,-2.929446,18.294689,-20.991009,41.920319,-20.720812
4.531250,-32.755146,-2.934407,20.000877,-20.813330,38.089855,-20.481335
4.537500,-26.810699,-2.939809,21.704252,-20.679918,32.738338,-20.283585
4.543750,-20.862925,-2.945178,22.256533,-20.554766,27.595287,-20.155571
4.550000,-14.907591,-2.949659,23.509909,-20.445770,21.146355,-20.093220
4.556250,-8.946303,-2.953178,24.958509,-20.376402,13.712271,-20.053465
4.562500,-2.982595,-2.955981,26.244043,-20.366022,6.220925,-20.162086
4.568750,2.981738,-2.958359,27.051241,-20.436506,-1.145789,-20.389166
4.575000,8.947739,-2.960019,27.087900,-20.622005,-8.139461,-20.701330
4.581250,14.916924,-2.960589,26.113087,-20.949844,-14.867544,-21.047388
4.587500,20.886883,-2.959929,25.010828,-21.324131,-20.431999,-21.460035
4.593750,26.855499,-2.958260,23.220516,-21.804077,-24.587511,-21.938272
4.600000,32.820141,-2.955855,20.739149,-22.395336,-27.263382,-22.467049
4.606250,38.780178,-2.952635,17.602585,-23.118786,-28.532129,-23.034447
4.612500,44.735073,-2.948624,13.854470,-23.937840,-28.643196,-23.639990
4.618750,50.681694,-2.944462,9.925421,-24.818419,-27.780125,-24.260778
4.625000,56.617802,-2.940908,5.725067,-25.746828,-26.195393,-24.878662
4.631250,62.546791,-2.937667,1.429783,-26.693615,-24.238607,-25.479300
4.637500,68.473869,-2.933733,-2.735033,-27.620501,-22.307724,-26.051434
4.643750,74.397629,-2.929228,-8.434037,-28.481085,-20.824402,-26.567997
4.650000,80.310127,-2.925478,-13.836609,-29.223490,-20.234333,-26.988096
4.656250,86.207573,-2.923722,-17.157745,-29.798708,-20.920809,-27.277962
4.662500,92.096497,-2.923733,-20.239563,-30.191032,-21.209417,-27.471424
4.668750,97.984291,-2.924920,-23.072433,-30.385466,-23.007847,-27.562197
4.675000,101.977196,-2.927435,-25.501907,-30.365093,-25.951351,-27.535412
4.681250,105.696999,-2.931309,-27.473009,-30.126818,-29.866396,-27.386894
4.687500,108.613663,-2.936153,-29.014742,-29.687349,-34.591068,-27.123310
4.693750,110.235909,-2.941905,-30.208593,-29.080816,-39.932789,-26.756990
4.700000,110.134377,-2.949290,-31.163588,-28.356052,-45.628918,-26.296087
4.706250,107.968445,-2.958601,-32.135162,-27.517357,-51.371281,-25.741476
4.712500,103.510292,-2.968480,-33.535919,-26.593285,-56.821198,-25.079786
4.718750,96.644081,-2.977493,-35.372719,-25.638798,-61.326122,-24.420891
4.725000,87.364761,-2.985720,-35.897476,-24.730869,-66.572220,-23.777912
4.731250,75.785416,-2.994126,-36.888214,-23.909225,-71.047729,-23.183783
4.737500,62.144329,-3.002377,-38.052219,-23.192377,-74.868507,-22.654535
4.743750,46.787098,-3.009460,-39.228069,-22.593538,-78.517570,-22.145847
4.750000,30.139879,-3.015137,-40.281944,-22.113403,-81.853088,-21.676203
4.756250,12.686916,-3.020231,-41.075500,-21.724491,-84.899124,-21.278608
4.762500,-5.041108,-3.024882,-41.483940,-21.390043,-85.324638,-21.008633
4.768750,-22.493343,-3.028507,-40.157372,-21.200010,-85.382317,-20.833096
4.775000,-39.137760,-3.030910,-37.806618,-21.086020,-84.679634,-20.735430
4.781250,-54.486755,-3.032651,-35.894520,-21.013210,-82.793602,-20.705126
4.787500,-68.116470,-3.034235,-32.497868,-20.944111,-81.238129,-20.736404
4.793750,-79.685310,-3.035776,-27.996620,-20.876169,-77.997726,-20.785103
4.800000,-88.955025,-3.037441,-22.958910,-20.801495,-73.314079,-20.841000
4.806250,-95.802872,-3.039269,-17.740595,-20.711134,-67.728035,-20.901173
4.812500,-100.228340,-3.041150,-12.820024,-20.603218,-61.614017,-20.952850
4.818750,-102.351891,-3.043236,-8.642777,-20.477867,-55.301407,-20.976084
4.825000,-102.412262,-3.045942,-3.440914,-20.339737,-49.069057,-20.965446
4.831250,-100.749016,-3.049399,1.069634,-20.201389,-43.136753,-20.936073
4.837500,-97.783913,-3.052512,5.119468,-20.079042,-37.723927,-20.899864
4.843750,-94.006317,-3.054610,9.018282,-19.976347,-32.904076,-20.817348
4.850000,-89.955643,-3.056503,11.316803,-19.877932,-28.581968,-20.691442
4.856250,-84.016785,-3.059611,13.857864,-19.802658,-24.990192,-20.548107
4.862500,-78.081360,-3.063612,16.337944,-19.764078,-22.025742,-20.404152
4.868750,-72.138542,-3.066957,18.595554,-19.759430,-19.475708,-20.266100
4.875000,-66.187256,-3.069219,20.530973,-19.772793,-17.099512,-20.136963
4.881250,-60.235958,-3.071179,22.066343,-19.775558,-14.702500,-20.023233
4.887500,-54.289303,-3.073512,23.304808,-19.789064,-12.121063,-19.930750
4.893750,-48.344620,-3.076060,24.548145,-19.820826,-9.222449,-19.866585
4.900000,-42.398590,-3.078469,25.636709,-19.859520,-5.914781,-19.832325
4.906250,-36.451347,-3.080913,26.643179,-19.907022,-2.145381,-19.818253
4.912500,-30.503382,-3.083169,27.606482,-19.947441,2.083584,-19.801617
4.918750,-24.554726,-3.085250,28.507097,-19.977304,6.802581,-19.775446
4.925000,-18.606655,-3.087526,29.563580,-20.018465,12.471553,-19.798136
4.931250,-12.659323,-3.090117,30.825830,-20.088457,18.858561,-19.849596
4.937500,-6.709453,-3.092330,32.260239,-20.196133,25.855127,-19.925589
4.943750,-0.752100,-3.093232,33.792015,-20.347910,31.322845,-20.029142
4.950000,5.206534,-3.093203,35.336689,-20.542852,36.653580,-20.162497
4.956250,11.159715,-3.093366,36.821297,-20.774315,41.385155,-20.328716
4.962500,17.107910,-3.093699,38.426842,-21.030052,45.068821,-20.540663
4.968750,23.057753,-3.093329,40.330063,-21.287939,49.469944,-20.780525
4.975000,29.008453,-3.092367,42.332703,-21.560137,51.702362,-21.002583
4.981250,34.955509,-3.091438,44.172722,-21.841850,52.669640,-21.265673
4.987500,40.898983,-3.090323,45.830376,-22.116194,52.441895,-21.567677
4.993750,46.843597,-3.088281,47.149364,-22.377487,50.969055,-21.905790
5.000000,52.786427,-3.085491,47.985905,-22.618950,48.185692,-22.276804
5.006250,58.719738,-3.083358,48.258434,-22.830740,44.061211,-22.678181
5.012500,64.643257,-3.082301,47.918385,-22.999033,38.530148,-23.078901
5.018750,70.565346,-3.081406,46.954506,-23.102034,33.283478,-23.413967
5.025000,76.489067,-3.080158,43.434307,-23.139154,26.722328,-23.724463
5.031250,82.410255,-3.079123,40.962898,-23.139629,19.218544,-24.017740
5.037500,88.325172,-3.078680,37.760361,-23.102499,11.476017,-24.272757
5.043750,94.237183,-3.078709,33.972237,-23.044798,3.942419,-24.478014
5.050000,98.252335,-3.079337,29.679428,-23.043772,-2.998142,-24.626884
5.056250,101.991493,-3.080997,25.106010,-22.969578,-8.947593,-24.707655
5.062500,104.924515,-3.083274,21.018045,-22.902187,-13.519801,-24.709246
5.068750,106.564980,-3.085011,16.947115,-22.873602,-16.442915,-24.633444
5.075000,106.482964,-3.086355,11.396303,-22.891048,-17.491220,-24.484701
5.081250,104.329643,-3.088926,6.387369,-22.944397,-16.456436,-24.266417
5.087500,99.865974,-3.093262,1.772965,-23.010899,-13.174617,-23.987556
5.093750,92.981758,-3.098174,-2.500502,-23.092316,-7.584214,-23.665867
5.100000,83.682968,-3.102432,-6.399772,-23.184988,0.219248,-23.333069
5.106250,72.085678,-3.106711,-10.143483,-23.263876,9.869165,-22.962894
5.112500,58.419300,-3.112129,-13.839416,-23.305832,20.768219,-22.569553
5.118750,43.029369,-3.118116,-17.521906,-23.295267,32.772018,-22.187817
5.125000,26.348091,-3.123774,-21.221504,-23.223515,45.300930,-21.837700
5.131250,8.867424,-3.129183,-24.943882,-23.085310,57.652176,-21.529270
5.137500,-8.886051,-3.135145,-28.673553,-22.879251,69.106483,-21.263582
5.143750,-26.365788,-3.141642,-30.227219,-22.608955,78.975204,-21.023306
5.150000,-43.034550,-3.148067,-30.949366,-22.283335,86.657501,-20.821501
5.156250,-58.397793,-3.154024,-32.235752,-21.916927,92.943115,-20.695158
5.162500,-72.031044,-3.159617,-31.974745,-21.508459,97.140106,-20.592688
5.168750,-83.594498,-3.164778,-30.353855,-21.080845,98.992455,-20.528845
5.175000,-92.851669,-3.169120,-27.707619,-20.661255,98.822128,-20.504433
5.181250,-99.681328,-3.172613,-24.331167,-20.271240,97.139305,-20.509195
5.187500,-104.085342,-3.175310,-20.540556,-19.930882,94.565056,-20.524551
5.193750,-106.186348,-3.177322,-16.688023,-19.659941,91.855148,-20.557516
5.200000,-106.223442,-3.178774,-13.133342,-19.478296,87.839905,-20.665020
5.206250,-104.537880,-3.179965,-8.033855,-19.402933,84.596344,-20.783148
5.212500,-101.556793,-3.180937,-2.950568,-19.412735,81.042320,-20.887131
5.218750,-97.769417,-3.181371,0.556878,-19.499727,78.454712,-21.004616
5.225000,-93.707420,-3.180777,4.209875,-19.655226,76.662979,-21.140221
5.231250,-87.751854,-3.179345,7.710814,-19.795601,75.481873,-21.292019
5.237500,-81.801514,-3.177498,10.676116,-20.056881,74.638313,-21.466372
5.243750,-75.858337,-3.175731,12.123226,-20.380491,73.776924,-21.673304
5.250000,-69.922913,-3.174657,12.365471,-20.741919,72.578758,-21.910408
5.256250,-63.992893,-3.174345,13.138430,-21.123783,70.723999,-22.173147
5.262500,-58.062561,-3.173762,12.652246,-21.502050,67.912903,-22.457890
5.268750,-52.129322,-3.172247,11.135537,-21.870541,63.890793,-22.752535
5.275000,-46.201099,-3.170830,8.868052,-22.225912,58.412819,-23.040874
5.281250,-40.285332,-3.171211,6.052601,-22.561003,51.270061,-23.293129
5.287500,-34.377331,-3.173242,2.861117,-22.865879,42.526581,-23.541616
5.293750,-28.464140,-3.174986,-0.556134,-23.131771,32.567734,-23.783283
5.300000,-22.545042,-3.176109,-4.057996,-23.349443,21.333611,-23.990498
5.306250,-16.630919,-3.178161,-7.481482,-23.505939,9.137182,-24.144283
5.312500,-10.727063,-3.182360,-10.686781,-23.591999,-3.595623,-24.232658
5.318750,-4.823838,-3.187917,-13.571374,-23.601360,-16.406134,-24.246555
5.325000,1.087614,-3.193819,-16.038937,-23.528290,-28.811769,-24.175730
5.331250,7.005959,-3.200232,-18.047861,-23.376360,-40.374016,-24.008081
5.337500,12.928107,-3.207521,-17.454628,-23.178949,-50.783722,-23.810059
5.343750,18.858511,-3.214676,-17.587124,-22.925468,-59.720829,-23.532963
5.350000,24.799797,-3.220956,-15.982293,-22.629177,-66.884575,-23.227962
5.356250,30.747740,-3.227028,-13.181644,-22.332283,-72.233322,-22.931686
5.362500,36.697369,-3.233393,-9.336687,-22.063646,-75.683357,-22.682697
5.368750,42.654396,-3.239017,-4.635603,-21.844406,-77.303116,-22.499601
5.375000,48.622944,-3.242671,0.711396,-21.685406,-77.424217,-22.354767
5.381250,54.597275,-3.244764,6.457857,-21.588163,-76.232399,-22.238420
5.387500,60.569462,-3.246130,12.309498,-21.543581,-74.077095,-22.214081
5.393750,66.539978,-3.246396,15.973206,-21.572033,-70.057640,-22.310278
5.400000,72.512047,-3.244853,20.805910,-21.679878,-65.646851,-22.503979
5.406250,78.481163,-3.242091,24.782911,-21.849642,-61.100189,-22.788771
5.412500,84.439766,-3.239263,27.756426,-22.058626,-56.660622,-23.141386
5.418750,90.389198,-3.236235,29.628134,-22.279835,-52.338257,-23.495779
5.425000,96.334709,-3.232394,30.334394,-22.489590,-48.454731,-23.841587
5.431250,100.378914,-3.228366,29.902149,-22.664890,-45.211033,-24.160721
5.437500,104.137184,-3.225290,28.535336,-22.786413,-42.589359,-24.426779
5.443750,107.077827,-3.223715,26.624744,-22.849562,-40.527916,-24.611494
5.450000,108.715790,-3.223275,24.539536,-22.840036,-38.975513,-24.697973
5.456250,108.627495,-3.223810,22.641865,-22.745956,-37.816414,-24.674768
5.462500,106.472557,-3.225363,19.466906,-22.568727,-36.857338,-24.544388
5.468750,102.016418,-3.227439,17.078186,-22.319544,-35.902390,-24.341360
5.475000,95.137695,-3.230038,15.407489,-22.006432,-34.597939,-24.008671
5.481250,85.833542,-3.234014,14.403561,-21.635836,-32.448391,-23.586399
5.487500,74.225716,-3.239870,13.898717,-21.234175,-29.650331,-23.125637
5.493750,60.559147,-3.246391,13.700247,-20.832542,-25.930752,-22.663963
5.500000,45.182682,-3.251869,13.690072,-20.454544,-21.032331,-22.232859
5.506250,28.520164,-3.256332,13.791259,-20.115646,-14.750911,-21.856436
5.512500,11.053126,-3.261044,13.928726,-19.822515,-7.002125,-21.542023
5.518750,-6.686742,-3.265988,14.039513,-19.548283,2.051255,-21.246861
5.525000,-24.145588,-3.270013,14.277788,-19.339619,11.690786,-21.062975
5.531250,-40.789497,-3.272607,14.306245,-19.213949,22.010469,-20.972221
5.537500,-56.133186,-3.274443,14.388292,-19.153584,32.707363,-20.963678
5.543750,-69.752342,-3.275770,14.313957,-19.160040,43.244720,-21.020533
5.550000,-81.305321,-3.276236,13.850821,-19.238102,53.117329,-21.143429
5.556250,-90.554016,-3.275691,12.820770,-19.392054,62.099594,-21.390789
5.562500,-97.379738,-3.274404,11.083734,-19.630154,69.975754,-21.666739
5.568750,-101.783813,-3.272359,8.573996,-19.938269,76.658875,-21.978292
5.575000,-103.887527,-3.269454,7.534201,-20.297859,81.700516,-22.331841
5.581250,-103.930618,-3.266090,4.600474,-20.708370,85.249832,-22.717808
5.587500,-102.255989,-3.262761,1.897499,-21.163872,87.580322,-23.113665
5.593750,-99.289818,-3.259369,-0.598779,-21.660538,88.992226,-23.514227
5.600000,-95.522934,-3.255973,-2.898296,-22.186436,87.760414,-23.924059
5.606250,-91.489761,-3.253317,-4.918535,-22.714369,86.117485,-24.309805
5.612500,-85.570023,-3.251703,-6.655843,-23.227316,83.845421,-24.670261
5.618750,-79.651543,-3.250262,-8.140566,-23.711330,80.801857,-25.002853
5.625000,-73.729958,-3.248118,-9.374103,-24.152922,76.932526,-25.308075
5.631250,-67.813469,-3.246451,-10.335066,-24.535955,72.216057,-25.587345
5.637500,-61.909798,-3.246910,-12.888686,-24.842964,66.617714,-25.818619
5.643750,-56.011669,-3.249088,-13.233335,-25.055342,60.016010,-25.964727
5.650000,-50.107967,-3.251191,-13.260118,-25.150864,54.450623,-25.989542
5.656250,-44.198002,-3.253049,-13.046601,-25.126623,48.194527,-25.966137
5.662500,-38.291916,-3.256081,-12.776179,-24.997532,41.337421,-25.889713
5.668750,-32.392918,-3.260972,-12.516059,-24.765230,34.660568,-25.741192
5.675000,-26.492050,-3.266999,-12.324920,-24.438669,28.485905,-25.518791
5.681250,-20.582588,-3.273164,-12.336793,-24.035070,23.058456,-25.225346
5.687500,-14.666801,-3.279472,-12.677298,-23.579479,18.616301,-24.862617
5.693750,-8.746692,-3.285989,-13.509721,-23.117376,15.397345,-24.436447
5.700000,-2.821934,-3.292376,-15.132919,-22.621187,13.799997,-23.985004
5.706250,3.106167,-3.298971,-15.879293,-22.120548,12.311258,-23.525219
5.712500,9.035848,-3.306436,-16.979250,-21.666973,12.479059,-23.082958
5.718750,14.970323,-3.314157,-18.172886,-21.289322,13.833835,-22.687992
5.725000,20.916901,-3.320648,-19.253443,-21.000290,15.934817,-22.358229
5.731250,26.875908,-3.325371,-20.060429,-20.801962,20.104742,-22.066950
5.737500,32.837341,-3.329262,-20.482477,-20.685753,24.256603,-21.789637
5.743750,38.796654,-3.332877,-20.467638,-20.632662,28.312922,-21.619438
5.750000,44.757854,-3.335422,-20.056665,-20.639814,31.887741,-21.545742
5.756250,50.722980,-3.336398,-19.448832,-20.709301,35.161171,-21.549654
5.762500,56.687286,-3.336406,-16.486233,-20.819290,37.878719,-21.618507
5.768750,62.644218,-3.336222,-14.486966,-20.944765,39.768005,-21.741110
5.775000,68.595467,-3.335708,-11.471269,-21.061426,40.559738,-21.944790
5.781250,74.543739,-3.334618,-7.732430,-21.152132,42.202198,-22.116209
5.787500,80.485710,-3.333565,-3.658792,-21.211214,41.649242,-22.301510
5.793750,86.419136,-3.333359,0.384960,-21.230106,40.421497,-22.498608
5.800000,92.346054,-3.333981,4.054485,-21.200691,38.562672,-22.690653
5.806250,96.375328,-3.335068,7.007339,-21.119987,36.101875,-22.854387
5.812500,100.131340,-3.336387,8.916463,-20.990425,33.105412,-22.963423
5.818750,103.079979,-3.338039,11.679070,-20.818542,29.755268,-23.017105
5.825000,104.726433,-3.340494,13.717715,-20.620394,26.419519,-23.038750
5.831250,104.642471,-3.344746,15.366856,-20.426445,21.111338,-23.027229
5.837500,102.490463,-3.350888,17.027037,-20.260229,15.612848,-22.943148
5.843750,98.042427,-3.357687,17.471872,-20.085102,9.756384,-22.808016
5.850000,91.185120,-3.363344,18.594988,-19.946041,3.310242,-22.650799
5.856250,81.915924,-3.367315,20.077827,-19.867144,-3.704971,-22.492016
5.862500,70.344734,-3.370724,21.821432,-19.857315,-11.197803,-22.349449
5.868750,56.703869,-3.374361,23.722389,-19.911423,-19.091614,-22.239136
5.875000,41.337307,-3.377687,25.735373,-19.991879,-27.349470,-22.152708
5.881250,24.677275,-3.380203,27.987579,-20.139782,-36.085873,-22.088259
5.887500,7.214369,-3.381888,30.857773,-20.352776,-43.170483,-22.066296
5.893750,-10.521741,-3.382716,32.226910,-20.604231,-49.850597,-22.082783
5.900000,-27.984262,-3.382472,33.835804,-20.886820,-55.631569,-22.126093
5.906250,-44.643929,-3.381738,35.308243,-21.207392,-60.103428,-22.186630
5.912500,-60.011585,-3.381285,36.340034,-21.582230,-64.898727,-22.282385
5.918750,-73.657585,-3.380855,36.900288,-21.945948,-68.280647,-22.394939
5.925000,-85.235275,-3.379347,36.818119,-22.320362,-70.615173,-22.512665
5.931250,-94.510056,-3.377179,35.747593,-22.718510,-72.191978,-22.634911
5.937500,-101.368462,-3.375730,33.686630,-23.138840,-73.243607,-22.763414
5.943750,-105.811386,-3.375374,30.744463,-23.566702,-73.949554,-22.895613
5.950000,-107.950584,-3.374961,27.319298,-23.986132,-74.489220,-23.036713
5.956250,-108.020538,-3.374160,23.807493,-24.378304,-75.101418,-23.107639
5.962500,-106.368759,-3.374090,20.334421,-24.724815,-74.846794,-23.167749
5.968750,-103.424164,-3.375073,16.990494,-25.013206,-73.629303,-23.227089
5.975000,-99.671211,-3.375644,13.863286,-25.230667,-72.089676,-23.280312
5.981250,-95.639740,-3.375119,11.043703,-25.368774,-69.789680,-23.327021
5.987500,-89.717270,-3.375037,8.596650,-25.421175,-66.373299,-23.367897
5.993750,-83.807053,-3.376805,6.592604,-25.383455,-61.542439,-23.401924
6.000000,-77.900009,-3.379775,5.073868,-25.255411,-55.093487,-23.429409
6.006250,-71.986992,-3.382703,4.068666,-25.034763,-46.943016,-23.446754
6.012500,-66.069336,-3.385729,3.589405,-24.715317,-37.234901,-23.417196
6.018750,-60.152874,-3.389630,3.583831,-24.299448,-26.535803,-23.371061
6.025000,-54.234386,-3.393928,3.980227,-23.855434,-14.972810,-23.321693
6.031250,-48.309738,-3.397918,4.995281,-23.389568,-2.808197,-23.276079
6.037500,-42.380753,-3.401902,6.560310,-22.928930,9.397269,-23.243931
6.043750,-36.450771,-3.406388,8.449499,-22.510937,21.069117,-23.233603
6.050000,-30.517546,-3.410668,10.460896,-22.165716,31.755213,-23.216925
6.056250,-24.576391,-3.414004,12.510790,-21.895439,41.186146,-23.192783
6.062500,-18.632038,-3.416872,14.413449,-21.722982,49.012100,-23.199203
6.068750,-12.689475,-3.419891,14.013453,-21.667681,54.995728,-23.243053
6.075000,-6.745098,-3.422299,14.991206,-21.731161,59.081337,-23.321526
6.081250,-0.794285,-3.423092,15.410510,-21.898424,61.376991,-23.433458
6.087500,5.157076,-3.422765,15.274835,-22.130413,62.067112,-23.575392
6.093750,11.099325,-3.422845,14.591946,-22.369751,61.270905,-23.713156
6.100000,17.031954,-3.423683,13.088086,-22.651464,59.076954,-23.847673
6.106250,22.963108,-3.424591,10.669879,-22.928875,55.917393,-23.984007
6.112500,28.895340,-3.425183,7.544771,-23.163067,52.113293,-24.113747
6.118750,34.825127,-3.425964,3.692862,-23.328955,47.889671,-24.223145
6.125000,40.750252,-3.427393,-0.900067,-23.414263,43.440758,-24.295507
6.131250,46.671402,-3.429664,-4.041987,-23.415396,38.966099,-24.299229
6.137500,52.592777,-3.432848,-7.014118,-23.338112,34.757282,-24.230648
6.143750,58.515560,-3.436643,-11.071062,-23.181910,29.716181,-24.126656
6.150000,64.444786,-3.440133,-13.949640,-22.950987,25.117908,-23.960913
6.156250,70.380684,-3.442894,-15.731386,-22.671022,20.698950,-23.743681
6.162500,76.318153,-3.445625,-16.511469,-22.367472,16.428102,-23.490395
6.168750,82.252937,-3.449052,-16.346983,-22.059958,12.344457,-23.214104
6.175000,88.189354,-3.452612,-15.335814,-21.766773,8.510309,-22.928238
6.181250,94.132141,-3.455326,-13.629244,-21.504715,4.980053,-22.645477
6.187500,98.185974,-3.457175,-11.400365,-21.286814,1.846809,-22.382364
6.193750,101.965912,-3.458824,-8.865294,-21.128534,-0.690608,-22.185497
6.200000,104.938805,-3.460273,-6.259777,-21.048248,-3.383889,-21.998909
6.206250,106.613960,-3.461150,-3.453144,-21.020330,-5.324741,-21.879623
6.212500,106.564293,-3.461659,-0.344131,-21.053024,-6.784025,-21.847689
6.218750,104.445236,-3.462345,2.652527,-21.152081,-7.920862,-21.920603
6.225000,100.020592,-3.463226,5.333273,-21.306427,-8.927368,-22.092731
6.231250,93.171669,-3.464064,7.488841,-21.504297,-9.046825,-22.297224
6.237500,83.898712,-3.464781,8.814048,-21.754631,-9.612336,-22.595922
6.243750,72.323044,-3.465288,9.125231,-22.044909,-10.389973,-22.979317
6.250000,58.681953,-3.465350,10.529588,-22.357870,-11.325263,-23.428949
6.256250,43.314930,-3.465165,11.588444,-22.679945,-12.406075,-23.921652
6.262500,26.644968,-3.465452,10.847601,-23.003473,-13.607053,-24.430653
6.268750,9.165772,-3.466215,10.382552,-23.321245,-14.834427,-24.919977
6.275000,-8.584861,-3.466401,10.139801,-23.615000,-15.731326,-25.365253
6.281250,-26.058308,-3.465390,10.072449,-23.869209,-15.987584,-25.756168
6.287500,-42.730900,-3.464429,10.049777,-24.080402,-15.645657,-26.074106
6.293750,-58.117687,-3.465059,9.967839,-24.245157,-14.488618,-26.302711
6.300000,-71.785683,-3.466883,9.789894,-24.354765,-12.214134,-26.425943
6.306250,-83.383141,-3.468518,9.498377,-24.397820,-8.546906,-26.430979
6.312500,-92.673477,-3.469838,9.062394,-24.362423,-3.294033,-26.307579
6.318750,-99.543480,-3.471901,8.434875,-24.236767,3.613305,-26.057146
6.325000,-103.994438,-3.475136,9.663767,-24.036043,12.003860,-25.734524
6.331250,-106.142471,-3.479068,11.213350,-23.785830,21.592415,-25.350225
6.337500,-106.220863,-3.483489,11.731547,-23.482862,31.886988,-24.887465
6.343750,-104.572266,-3.488710,13.333957,-23.131542,42.709305,-24.402163
6.350000,-101.622963,-3.494345,15.717507,-22.758776,53.595402,-23.936684
6.356250,-97.860397,-3.499606,18.574108,-22.393761,63.891026,-23.526516
6.362500,-93.815994,-3.504095,21.647648,-22.061243,72.920952,-23.196663
6.368750,-87.874352,-3.508142,24.697529,-21.780565,80.030273,-22.945770
6.375000,-81.932152,-3.511881,27.492098,-21.566280,84.566856,-22.756859
6.381250,-75.987801,-3.514959,29.780130,-21.448975,87.206848,-22.722467
6.387500,-70.041245,-3.517415,33.351353,-21.405558,86.875397,-22.812977
6.393750,-64.095451,-3.519490,35.507904,-21.437494,83.738251,-23.013666
6.400000,-58.149681,-3.520914,37.490753,-21.566450,78.074974,-23.263535
6.406250,-52.203209,-3.521301,39.274277,-21.789551,70.232048,-23.528181
6.412500,-46.259258,-3.521252,40.778606,-22.094347,59.337257,-23.884172
6.418750,-40.322075,-3.521753,41.908089,-22.466206,46.754608,-24.267454
6.425000,-34.389565,-3.522590,42.561569,-22.882498,32.865559,-24.643343
6.431250,-28.455381,-3.522880,42.677906,-23.315079,18.196054,-24.981030
6.437500,-22.520290,-3.522624,42.177132,-23.736361,3.291382,-25.254505
6.443750,-16.590694,-3.522830,43.173962,-24.113586,-11.301717,-25.437693
6.450000,-10.668016,-3.524177,42.366299,-24.416229,-25.082787,-25.519775
6.456250,-4.746665,-3.526004,41.778744,-24.634806,-37.774891,-25.558672
6.462500,1.177825,-3.527912,41.225063,-24.767370,-49.160988,-25.497854
6.468750,7.103415,-3.530017,40.615646,-24.807856,-57.650330,-25.340046
6.475000,13.029553,-3.532283,39.864597,-24.755350,-64.196266,-25.131168
6.481250,18.958954,-3.534299,38.869854,-24.621613,-68.466400,-24.901762
6.487500,24.888876,-3.536251,37.505920,-24.434101,-70.281715,-24.679672
6.493750,30.817430,-3.538841,35.728672,-24.217926,-69.545311,-24.475796
6.500000,36.745327,-3.541714,33.627995,-23.978670,-68.078621,-24.278528
6.506250,42.678684,-3.543967,29.395226,-23.733044,-64.397606,-24.080286
6.512500,48.616016,-3.545614,24.655922,-23.499115,-59.215374,-23.898890
6.518750,54.550465,-3.547686,21.084875,-23.306067,-52.868511,-23.780167
6.525000,60.481346,-3.550447,16.864859,-23.177385,-46.174152,-23.703905
6.531250,66.415977,-3.552946,12.254307,-23.114817,-39.789185,-23.659021
6.537500,72.357544,-3.554439,7.506625,-23.114067,-34.211357,-23.637823
6.543750,78.299004,-3.555622,2.819470,-23.167946,-29.857666,-23.635916
6.550000,84.235687,-3.557268,-1.632795,-23.266600,-27.072247,-23.660858
6.556250,90.171242,-3.558982,-5.678203,-23.390432,-24.306906,-23.665913
6.562500,96.109055,-3.560246,-9.127551,-23.479795,-23.377527,-23.667004
6.568750,100.152855,-3.561260,-11.785865,-23.580019,-23.639570,-23.670902
6.575000,103.920959,-3.562280,-14.296415,-23.692553,-24.678638,-23.677549
6.581250,106.881493,-3.563127,-15.565224,-23.786266,-26.108294,-23.700163
6.587500,108.542412,-3.564080,-15.767882,-23.852139,-27.399578,-23.724323
6.593750,108.475113,-3.565667,-15.082154,-23.891376,-29.945036,-23.750610
6.600000,106.339905,-3.567627,-13.705236,-23.909103,-31.732643,-23.784019
6.606250,101.905197,-3.569018,-11.814412,-23.907852,-32.884796,-23.824934
6.612500,95.048714,-3.569806,-9.581332,-23.890425,-33.527737,-23.871771
6.618750,85.763359,-3.571026,-7.193767,-23.857981,-33.810059,-23.921062
6.625000,74.168655,-3.573543,-4.835979,-23.810141,-33.881222,-23.966532
6.631250,60.506344,-3.576611,-0.538080,-23.748962,-33.902401,-24.002508
6.637500,45.123276,-3.579576,2.253340,-23.675453,-34.024723,-24.028572
6.643750,28.444475,-3.582827,5.505966,-23.585392,-34.242401,-23.995159
6.650000,10.958691,-3.586828,9.003004,-23.466227,-35.333389,-23.941620
6.656250,-6.797908,-3.591029,12.479171,-23.312862,-37.183178,-23.867323
6.662500,-24.275696,-3.594598,15.577039,-23.129725,-39.969830,-23.768799
6.668750,-40.943783,-3.597755,18.018339,-22.909918,-43.818321,-23.638670
6.675000,-56.315567,-3.601083,19.563829,-22.648354,-48.842339,-23.480816
6.681250,-69.964241,-3.604887,19.901789,-22.365162,-53.067123,-23.321426
6.687500,-81.545746,-3.608806,20.941921,-22.072496,-57.909145,-23.170277
6.693750,-90.820984,-3.612658,21.227123,-21.785166,-62.844948,-23.035416
6.700000,-97.667839,-3.616089,21.120913,-21.547947,-67.447685,-22.933372
6.706250,-102.084770,-3.618535,20.889946,-21.328632,-71.296707,-22.886631
6.712500,-104.196045,-3.620127,20.265905,-21.135923,-73.905342,-22.885942
6.718750,-104.243759,-3.621519,20.009117,-21.018463,-74.907104,-22.939615
6.725000,-102.569984,-3.623196,20.205601,-20.996134,-74.199028,-23.050510
6.731250,-99.596909,-3.624619,20.836067,-21.076256,-71.589256,-23.195240
6.737500,-95.813278,-3.625020,21.821636,-21.253035,-68.880661,-23.417810
6.743750,-91.754662,-3.624586,23.047112,-21.517057,-64.367455,-23.698395
6.750000,-85.805153,-3.623826,24.293081,-21.871717,-58.714485,-24.001524
6.756250,-79.859161,-3.622973,27.543400,-22.298037,-52.356098,-24.293547
6.762500,-73.915909,-3.622149,29.589695,-22.738958,-45.739830,-24.551701
6.768750,-67.975922,-3.621540,32.216076,-23.198378,-39.432457,-24.772766
6.775000,-62.037128,-3.620758,35.060532,-23.665224,-31.714970,-24.942553
6.781250,-56.097424,-3.619348,37.907001,-24.122149,-24.334475,-25.051109
6.787500,-50.159649,-3.617537,40.534817,-24.549997,-17.161263,-25.092716
6.793750,-44.229015,-3.616366,42.727077,-24.931068,-10.048779,-25.065407
6.800000,-38.306995,-3.616407,44.277603,-25.249657,-2.834798,-24.969706
6.806250,-32.387444,-3.616918,45.014210,-25.493067,4.646668,-24.808107
6.812500,-26.465761,-3.617567,44.797749,-25.652868,12.558057,-24.581511
6.818750,-20.544647,-3.618851,45.695892,-25.726524,21.066166,-24.252472
6.825000,-14.626182,-3.620934,46.275696,-25.728067,30.348801,-23.920767
6.831250,-8.705709,-3.623297,45.111721,-25.667372,37.895142,-23.580870
6.837500,-2.781269,-3.625442,44.551876,-25.528585,45.863625,-23.262276
6.843750,3.142815,-3.628230,44.354874,-25.349638,53.560989,-23.016552
6.850000,9.064460,-3.632166,44.433193,-25.155642,60.328239,-22.842432
6.856250,14.989711,-3.636213,44.796101,-24.964102,67.148094,-22.730642
6.862500,20.925030,-3.638990,45.451717,-24.787281,72.256348,-22.716423
6.868750,26.865337,-3.640891,46.421986,-24.628534,75.793251,-22.804365
6.875000,32.801434,-3.643127,47.727036,-24.481565,77.899780,-22.985010
6.881250,38.732445,-3.646003,47.495472,-24.308411,78.783073,-23.233412
6.887500,44.664585,-3.648885,47.474915,-24.153797,78.683067,-23.511322
6.893750,50.600208,-3.651230,47.835693,-24.041901,77.730804,-23.815077
6.900000,56.537540,-3.653256,47.713501,-23.960335,76.132401,-24.119396
6.906250,62.474548,-3.654903,46.856335,-23.943258,74.382652,-24.384346
6.912500,68.410072,-3.656146,45.281219,-23.898840,72.885971,-24.577375
6.918750,74.341156,-3.657734,43.229191,-23.853254,70.071823,-24.681097
6.925000,80.266335,-3.660365,40.243702,-23.821302,67.842010,-24.687656
6.931250,86.190880,-3.663616,36.481949,-23.784609,65.942276,-24.592487
6.937500,92.119400,-3.666773,30.199554,-23.735813,64.101700,-24.399982
6.943750,96.156944,-3.669823,25.079140,-23.709795,61.991966,-24.138857
6.950000,99.922775,-3.673005,19.498337,-23.683769,59.253136,-23.858801
6.956250,102.883888,-3.675971,13.746487,-23.643002,57.221165,-23.498875
6.962500,104.551216,-3.678070,7.988641,-23.575102,53.921894,-23.113501
6.968750,104.493431,-3.679990,2.367133,-23.476147,49.841236,-22.742609
6.975000,102.363876,-3.682860,-3.020075,-23.349947,45.094341,-22.413523
6.981250,97.928886,-3.686466,-8.047722,-23.199284,39.777828,-22.142855
6.987500,91.075577,-3.689611,-12.583099,-23.027174,33.985466,-21.940121
6.993750,81.806007,-3.691424,-16.512995,-22.833206,27.800253,-21.803675
7.000000,70.234352,-3.692652,-19.746183,-22.610945,21.295916,-21.719381
7.006250,56.590588,-3.694390,-22.246239,-22.346613,14.426382,-21.704138
7.012500,41.216854,-3.696734,-21.924173,-22.055143,9.173724,-21.770693
7.018750,24.545687,-3.699431,-20.571983,-21.804548,4.266871,-21.897797
7.025000,7.071630,-3.702143,-19.539827,-21.584351,0.177632,-22.058184
7.031250,-10.672418,-3.704580,-16.446423,-21.351145,-2.609330,-22.283865
7.037500,-28.140734,-3.706788,-12.091750,-21.162102,-5.152692,-22.540016
7.043750,-44.802574,-3.709154,-6.978774,-21.054138,-6.185319,-22.842590
7.050000,-60.166245,-3.711849,-1.511060,-21.053244,-6.149685,-23.199556
7.056250,-73.801369,-3.714287,3.935440,-21.178219,-5.207264,-23.614122
7.062500,-85.363617,-3.715520,11.209136,-21.423038,-3.523049,-24.085501
7.068750,-94.619408,-3.715730,16.746346,-21.784843,-1.296152,-24.617401
7.075000,-101.453110,-3.715667,22.296339,-22.256979,1.296503,-25.192276
7.081250,-105.866425,-3.715486,27.538084,-22.810165,4.322721,-25.743876
7.087500,-107.977196,-3.714595,32.190460,-23.371199,5.444668,-26.285275
7.093750,-108.021744,-3.712811,35.795017,-24.002357,5.939094,-26.815565
7.100000,-106.344368,-3.710479,37.720325,-24.656313,7.330471,-27.318398
7.106250,-103.375099,-3.707964,38.149929,-25.291113,7.711210,-27.770754
7.112500,-99.606964,-3.705548,36.852047,-25.879622,7.107894,-28.148096
7.118750,-95.572060,-3.703449,35.801315,-26.448124,5.593540,-28.424084
7.125000,-89.648788,-3.701937,33.378376,-26.893547,3.310716,-28.561708
7.131250,-83.729065,-3.700584,29.693563,-27.221855,0.491595,-28.507460
7.137500,-77.810829,-3.699168,25.583569,-27.449413,-4.459168,-28.338619
7.143750,-71.897552,-3.698424,21.333433,-27.583549,-9.704128,-28.035793
7.150000,-65.992729,-3.699442,17.184328,-27.629370,-15.555955,-27.599386
7.156250,-60.092106,-3.701917,13.374675,-27.589998,-21.954294,-27.046326
7.162500,-54.184494,-3.704506,10.115650,-27.469120,-28.746233,-26.403818
7.168750,-48.268673,-3.706539,7.552463,-27.276688,-35.741753,-25.711828
7.175000,-42.351013,-3.708793,5.786131,-27.026171,-42.739262,-25.028324
7.181250,-36.435703,-3.711791,4.879457,-26.733288,-49.608360,-24.353201
7.187500,-30.517399,-3.715046,4.856707,-26.414694,-56.485916,-23.705059
7.193750,-24.592251,-3.717793,5.714935,-26.080580,-60.952518,-23.136858
7.200000,-18.662743,-3.720161,5.538155,-25.725107,-64.486160,-22.680622
7.206250,-12.732035,-3.722515,8.016789,-25.363958,-66.469101,-22.344528
7.212500,-6.799724,-3.724584,10.681293,-25.053488,-68.235268,-22.099962
7.218750,-0.864682,-3.726291,13.682612,-24.778015,-68.065445,-22.006968
7.225000,5.069340,-3.728251,16.824713,-24.538855,-66.257729,-22.038668
7.231250,11.001901,-3.730847,19.886442,-24.333733,-63.007656,-22.174889
7.237500,16.937399,-3.733186,22.632406,-24.159138,-58.733059,-22.390461
7.243750,22.879021,-3.734694,24.814596,-24.022453,-53.883720,-22.652418
7.250000,28.822035,-3.735672,28.363686,-23.923191,-48.942162,-22.915874
7.256250,34.761024,-3.736845,29.917837,-23.851830,-44.454117,-23.151995
7.262500,40.695663,-3.738515,31.469397,-23.805235,-41.253113,-23.391502
7.268750,46.628605,-3.740516,32.801937,-23.789085,-37.483524,-23.593245
7.275000,52.561684,-3.743015,33.756966,-23.793324,-34.713436,-23.712687
7.281250,58.494381,-3.746158,34.352516,-23.782354,-32.840008,-23.746965
7.287500,64.429977,-3.749208,34.365421,-23.761499,-31.785696,-23.701244
7.293750,70.371796,-3.751286,33.640732,-23.718447,-31.311304,-23.580534
7.300000,76.317238,-3.752279,32.229950,-23.608099,-31.150349,-23.395071
7.306250,82.260384,-3.752893,30.443857,-23.500469,-31.050209,-23.162235
7.312500,88.195770,-3.754035,28.906538,-23.381948,-30.775871,-22.906647
7.318750,94.125511,-3.756077,27.525372,-23.239424,-30.133083,-22.659035
7.325000,98.158623,-3.758815,24.777514,-23.081100,-29.001514,-22.446312
7.331250,101.922844,-3.761427,22.731783,-22.908628,-27.450790,-22.267412
7.337500,104.888153,-3.763144,21.362253,-22.712521,-25.503197,-22.150488
7.343750,106.557892,-3.764016,20.462160,-22.516014,-23.180576,-22.122826
7.350000,106.498978,-3.764941,19.802717,-22.339911,-20.711952,-22.185188
7.356250,104.368530,-3.766602,19.268133,-22.195082,-16.499859,-22.302691
7.362500,99.934044,-3.768765,18.759729,-22.086920,-12.342718,-22.501608
7.368750,93.077797,-3.770678,18.166174,-22.013317,-7.543026,-22.789955
7.375000,83.800407,-3.772232,17.363667,-21.968557,-4.280816,-23.127087
7.381250,72.220146,-3.773723,18.344303,-21.948290,-0.945849,-23.477285
7.387500,58.572914,-3.775272,19.540030,-21.953936,2.204416,-23.805826
7.393750,43.198612,-3.777471,21.121923,-22.010321,7.029749,-24.099609
7.400000,26.525337,-3.780219,23.095104,-22.077188,11.836140,-24.347857
7.406250,9.050142,-3.782858,25.549074,-22.160908,15.080446,-24.530077
7.412500,-8.692116,-3.784609,28.671787,-22.279036,18.664511,-24.634943
7.418750,-26.158432,-3.785632,32.331715,-22.441284,22.274931,-24.660023
7.425000,-42.822235,-3.786884,36.287834,-22.654993,25.593248,-24.610380
7.431250,-58.192459,-3.788773,40.261879,-22.924553,28.337275,-24.494957
7.437500,-71.836838,-3.790795,46.146061,-23.248940,30.289816,-24.320251
7.443750,-83.411377,-3.792382,50.421677,-23.622038,31.300528,-24.083870
7.450000,-92.680367,-3.793854,54.989330,-24.022320,31.234413,-23.795296
7.456250,-99.525459,-3.795234,59.522320,-24.442768,29.849548,-23.499844
7.462500,-103.942772,-3.795924,63.477177,-24.912043,27.116932,-23.219080
7.468750,-106.054436,-3.795649,66.575012,-25.425329,23.214718,-22.970137
7.475000,-106.101547,-3.794993,68.665672,-25.978056,18.334862,-22.769470
7.481250,-104.428802,-3.794465,69.677689,-26.531515,12.773923,-22.617735
7.487500,-101.460175,-3.793569,69.539001,-27.074593,6.891308,-22.514980
7.493750,-97.684761,-3.791847,66.192566,-27.604527,1.007171,-22.464922
7.500000,-93.639793,-3.789835,61.329552,-28.101189,-4.454933,-22.454933
7.506250,-87.708458,-3.788536,56.785004,-28.532846,-8.962907,-22.469204
7.512500,-81.784058,-3.787764,50.882450,-28.880373,-11.840472,-22.518801
7.518750,-75.860626,-3.786883,43.808105,-29.144848,-12.522152,-22.583561
7.525000,-69.939453,-3.786180,35.927578,-29.309301,-10.605248,-22.641697
7.531250,-64.025101,-3.786497,27.674215,-29.363615,-7.523206,-22.685760
7.537500,-58.115990,-3.787861,19.424988,-29.313778,-3.353592,-22.709961
7.543750,-52.207088,-3.789634,11.548694,-29.172947,3.112270,-22.692047
7.550000,-46.296650,-3.791769,4.523385,-28.924622,10.959684,-22.638487
7.556250,-40.387539,-3.794796,-1.285123,-28.591949,19.234375,-22.563652
7.562500,-34.478619,-3.798734,-7.609764,-28.204834,27.099783,-22.483130
7.568750,-28.565819,-3.802942,-12.515807,-27.776825,33.816170,-22.416525
7.575000,-22.645359,-3.806663,-16.206049,-27.311008,38.734112,-22.380409
7.581250,-16.719912,-3.809855,-18.716412,-26.863817,41.493984,-22.341721
7.587500,-10.791797,-3.812507,-20.114250,-26.439917,43.800003,-22.326555
7.593750,-4.862070,-3.814445,-20.790852,-26.040375,43.867939,-22.352818
7.600000,1.067087,-3.816031,-20.963562,-25.670954,42.130253,-22.423300
7.606250,6.992268,-3.817981,-20.777327,-25.336941,39.130512,-22.531540
7.612500,12.914925,-3.820324,-20.363455,-25.038214,35.444572,-22.664978
7.618750,18.839417,-3.822334,-19.828518,-24.769312,31.644060,-22.811701
7.625000,24.766811,-3.823854,-17.134253,-24.522978,28.223169,-22.975231
7.631250,30.692385,-3.825452,-15.703074,-24.294912,25.614782,-23.177488
7.637500,36.614040,-3.827813,-13.583714,-24.080591,24.239988,-23.396278
7.643750,42.533161,-3.830587,-11.020444,-23.872765,23.530912,-23.564472
7.650000,48.454449,-3.833627,-8.212619,-23.639938,24.386938,-23.720655
7.656250,54.376053,-3.837193,-5.455988,-23.364172,26.568703,-23.872696
7.662500,60.296551,-3.841858,-3.297961,-23.078640,29.628960,-24.030926
7.668750,66.218773,-3.847426,-2.158123,-22.792622,33.013187,-24.197941
7.675000,72.149361,-3.852892,-0.037743,-22.506735,36.202488,-24.372705
7.681250,78.089417,-3.857465,1.476066,-22.230833,38.638058,-24.558092
7.687500,84.036057,-3.861218,2.685434,-21.981508,39.705204,-24.757524
7.693750,89.983955,-3.864451,3.919888,-21.779055,40.690773,-24.975241
7.700000,95.930840,-3.867422,3.656116,-21.634687,39.426826,-25.217093
7.706250,99.983376,-3.869987,3.959038,-21.539742,36.009174,-25.493603
7.712500,103.763985,-3.871965,4.601377,-21.502178,30.998550,-25.757420
7.718750,106.738297,-3.873302,5.295744,-21.520655,25.106829,-25.993343
7.725000,108.413872,-3.873986,5.816949,-21.585463,18.234213,-26.235132
7.731250,108.361847,-3.874175,5.837555,-21.717772,10.735899,-26.474667
7.737500,106.238586,-3.874340,5.108103,-21.903967,3.116551,-26.691298
7.743750,101.806503,-3.874947,5.740577,-22.116926,-4.190970,-26.857674
7.750000,94.944931,-3.876402,6.185831,-22.336100,-10.816207,-26.940943
7.756250,85.657333,-3.878246,6.707649,-22.543987,-16.479965,-26.913471
7.762500,74.069176,-3.880099,7.516261,-22.727003,-21.175358,-26.807932
7.768750,60.416237,-3.882055,8.704732,-22.882429,-24.762693,-26.610855
7.775000,45.035675,-3.884904,10.332479,-23.004826,-27.027592,-26.316982
7.781250,28.355703,-3.888896,12.465588,-23.093182,-27.986446,-25.935034
7.787500,10.875026,-3.893194,15.080999,-23.155050,-27.746548,-25.486856
7.793750,-6.869097,-3.896726,18.085560,-23.197916,-26.444658,-24.999990
7.800000,-24.332472,-3.899495,21.334557,-23.233398,-24.230742,-24.503571
7.806250,-40.988697,-3.902026,24.661118,-23.270329,-21.184046,-23.989666
7.812500,-56.346569,-3.904379,28.197035,-23.306322,-17.415216,-23.449860
7.818750,-69.976166,-3.905972,32.032524,-23.347870,-15.109756,-22.923491
7.825000,-81.536728,-3.906788,35.895096,-23.403746,-11.771323,-22.497425
7.831250,-90.796120,-3.907213,39.513000,-23.496319,-8.587852,-22.150709
7.837500,-97.632767,-3.907455,42.626446,-23.644701,-5.826444,-21.884241
7.843750,-102.043892,-3.906816,45.110222,-23.865192,-3.617324,-21.694477
7.850000,-104.151749,-3.905253,46.916100,-24.134762,-1.983488,-21.582569
7.856250,-104.199242,-3.903613,48.144665,-24.432198,-0.951029,-21.549646
7.862500,-102.527992,-3.902483,48.532509,-24.766506,-0.469940,-21.589346
7.868750,-99.561089,-3.901062,46.136402,-25.128803,-0.377520,-21.690689
7.875000,-95.785446,-3.898763,42.646000,-25.496153,-2.590786,-21.835894
7.881250,-91.738525,-3.895769,39.784843,-25.848444,-5.452894,-22.000130
7.887500,-85.805321,-3.893109,35.701111,-26.185902,-9.155682,-22.146500
7.893750,-79.879936,-3.890966,30.601585,-26.490412,-11.781740,-22.297667
7.900000,-73.958168,-3.889104,24.813637,-26.745132,-15.020839,-22.446112
7.906250,-68.040710,-3.887888,18.668209,-26.928162,-18.071058,-22.548998
7.912500,-62.128704,-3.887867,12.539939,-27.020386,-20.596247,-22.611830
7.918750,-56.217964,-3.887867,6.694512,-27.020386,-22.284815,-22.611830
7.925000,-56.217964,-3.887867,6.694512,-27.020386,-22.284815,-22.611830
7.931250,-56.217964,-3.887867,6.694512,-27.020386,-22.284815,-22.611830
7.937500,-56.217964,-3.887867,6.694512,-27.020386,-22.284815,-22.611830
7.943750,-56.217964,-3.887867,6.694512,-27.020386,-22.284815,-22.611830
7.950000,-56.217964,-3.887867,6.694512,-27.020386,-22.284815,-22.611830
7.956250,-56.217964,-3.887867,6.694512,-27.020386,-22.284815,-22.611830
7.962500,-56.217964,-3.887867,6.694512,-27.020386,-22.284815,-22.611830
7.968750,-56.217964,-3.887867,6.694512,-27.020386,-22.284815,-22.611830
7.975000,-56.217964,-3.887867,6.694512,-27.020386,-22.284815,-22.611830
7.981250,-56.217964,-3.887867,6.694512,-27.020386,-22.284815,-22.611830
7.987500,-56.217964,-3.887867,6.694512,-27.020386,-22.284815,-22.611830
7.993750,-56.217964,-3.887867,6.694512,-27.020386,-22.284815,-22.611830
8.000000,-56.217964,-3.887867,6.694512,-27.020386,-22.284815,-22.611830
