Anritsu VNA Frequency[GHz],S21[deg],S21[dB],S11[deg],S11[dB],S22[deg],S22[dB]
1338040891.81,2012_05_26_15:01:31,+239.59,+287.69,+294.60,+288.06,+292.46,+293.22,+289.98,+290.01,239.238998,-5.711
3.006250,85.415100,-3.151363,7.094045,-28.796680,-41.321999,-29.884853
3.012500,85.415100,-3.151363,7.094045,-28.796680,-41.321999,-29.884853
3.018750,85.415100,-3.151363,7.094045,-28.796680,-41.321999,-29.884853
3.025000,85.415100,-3.151363,7.094045,-28.796680,-41.321999,-29.884853
3.031250,85.415100,-3.151363,7.094045,-28.796680,-41.321999,-29.884853
3.037500,85.415100,-3.151363,7.094045,-28.796680,-41.321999,-29.884853
3.043750,85.415100,-3.151363,7.094045,-28.796680,-41.321999,-29.884853
3.050000,85.415100,-3.151363,7.094045,-28.796680,-41.321999,-29.884853
3.056250,85.415100,-3.151363,7.094045,-28.796680,-41.321999,-29.884853
3.062500,85.415100,-3.151363,7.094045,-28.796680,-41.321999,-29.884853
3.068750,85.415100,-3.151363,7.094045,-28.796680,-41.321999,-29.884853
3.075000,85.415100,-3.151363,7.094045,-28.796680,-41.321999,-29.884853
3.081250,85.415100,-3.151363,7.094045,-28.796680,-41.321999,-29.884853
3.087500,85.415100,-3.151363,7.094045,-28.796680,-41.321999,-29.884853
3.093750,85.415100,-3.153853,7.094045,-28.687635,-41.321999,-30.033937
3.100000,91.431335,-3.156842,-1.035623,-28.544640,-42.238533,-30.092871
3.106250,95.550529,-3.160361,-10.060818,-28.381859,-42.756443,-30.062057
3.112500,99.397240,-3.164071,-17.797794,-28.215446,-42.662754,-29.941561
3.118750,102.440796,-3.167708,-24.240194,-28.062830,-41.713451,-29.729296
3.125000,104.186783,-3.171401,-29.426765,-27.943762,-39.687702,-29.422506
3.131250,104.206673,-3.175160,-33.352016,-27.836779,-36.424870,-29.028942
3.137500,102.159927,-3.179132,-35.842075,-27.728582,-31.820522,-28.561750
3.143750,97.809395,-3.183470,-37.198963,-27.643995,-25.742208,-28.030638
3.150000,91.033607,-3.188145,-37.528156,-27.593994,-20.017469,-27.450487
3.156250,81.834694,-3.193033,-36.875877,-27.577997,-13.060151,-26.845600
3.162500,70.335060,-3.197721,-35.323528,-27.590187,-5.488219,-26.244143
3.168750,56.771416,-3.202231,-32.974812,-27.618710,2.082193,-25.673510
3.175000,41.482719,-3.206824,-29.700031,-27.649002,9.071577,-25.160744
3.181250,24.894712,-3.211677,-25.399193,-27.655203,14.938307,-24.736338
3.187500,7.502092,-3.216588,-20.207180,-27.606827,19.258434,-24.405563
3.193750,-10.161931,-3.221463,-16.080584,-27.544109,21.966381,-24.105656
3.200000,-27.551645,-3.226297,-11.908066,-27.445662,22.722460,-23.845919
3.206250,-44.134430,-3.231057,-8.514209,-27.307167,21.778854,-23.701584
3.212500,-59.417770,-3.235620,-4.238394,-27.133688,19.109150,-23.648949
3.218750,-72.974953,-3.240036,-0.817161,-26.934263,14.852851,-23.684626
3.225000,-84.467049,-3.244567,1.989442,-26.720720,9.432242,-23.819004
3.231250,-93.656410,-3.249074,4.496398,-26.501398,3.325265,-24.034317
3.237500,-100.419563,-3.253241,5.166417,-26.279787,-3.786973,-24.248734
3.243750,-104.757347,-3.257074,5.963897,-26.060492,-10.789864,-24.498276
3.250000,-106.794777,-3.261072,6.658633,-25.846445,-17.454536,-24.776024
3.256250,-106.769241,-3.265570,7.031950,-25.634314,-23.650774,-25.064289
3.262500,-105.018677,-3.270198,6.838430,-25.429966,-29.317783,-25.341259
3.268750,-101.967293,-3.274431,5.746395,-25.254601,-34.472649,-25.588717
3.275000,-98.108635,-3.278219,3.598552,-25.105326,-39.222412,-25.797523
3.281250,-93.978981,-3.282103,0.279398,-24.973782,-43.679665,-25.955120
3.287500,-87.958038,-3.286544,-2.206786,-24.850548,-47.974308,-26.049314
3.293750,-81.938324,-3.291479,-5.389614,-24.726149,-52.322910,-26.074362
3.300000,-75.917038,-3.296547,-8.883502,-24.585649,-55.099461,-26.024147
3.306250,-69.892700,-3.301438,-12.321054,-24.406647,-58.195576,-25.896622
3.312500,-63.865948,-3.306221,-15.487234,-24.210869,-61.344212,-25.698669
3.318750,-57.838577,-3.311066,-18.433199,-24.019360,-64.319435,-25.444553
3.325000,-51.810879,-3.316059,-20.804274,-23.822083,-68.874077,-25.158941
3.331250,-45.781139,-3.321107,-22.490307,-23.620457,-71.103142,-24.861309
3.337500,-39.748199,-3.325707,-23.488029,-23.422007,-72.773552,-24.565689
3.343750,-33.711575,-3.329745,-23.862341,-23.241367,-73.828430,-24.286497
3.350000,-27.673435,-3.333358,-23.706570,-23.095840,-74.263794,-24.035145
3.356250,-21.634958,-3.336600,-20.968666,-23.010893,-74.106659,-23.819120
3.362500,-15.596148,-3.339451,-17.164106,-23.038530,-73.422043,-23.634226
3.368750,-9.557433,-3.341882,-13.580566,-23.083282,-72.329155,-23.480701
3.375000,-3.518759,-3.343741,-8.345754,-23.217039,-71.263718,-23.417204
3.381250,2.520262,-3.344901,-2.105241,-23.462454,-70.306007,-23.439621
3.387500,8.557509,-3.345445,4.914528,-23.815331,-69.527290,-23.551815
3.393750,14.590906,-3.345767,12.427949,-24.259493,-69.048912,-23.752775
3.400000,20.619287,-3.346294,20.104925,-24.769432,-68.891006,-24.010681
3.406250,26.644669,-3.346785,27.594601,-25.313461,-69.082756,-24.290083
3.412500,32.668518,-3.347092,32.625076,-25.862320,-69.676773,-24.585384
3.418750,38.690159,-3.347346,38.620556,-26.390596,-69.636177,-24.954809
3.425000,44.707211,-3.348122,43.386642,-26.873682,-69.296272,-25.342142
3.431250,50.720425,-3.349554,46.700550,-27.288506,-68.254898,-25.723164
3.437500,56.733795,-3.351058,48.424656,-27.616468,-66.054916,-26.080454
3.443750,62.748814,-3.352470,48.494514,-27.849770,-62.270184,-26.405682
3.450000,68.761879,-3.354312,46.976013,-27.974035,-56.507725,-26.686010
3.456250,74.771851,-3.357083,44.100170,-27.972519,-50.239388,-26.887543
3.462500,80.782730,-3.360272,40.057770,-27.859421,-41.642895,-27.008007
3.468750,86.798584,-3.363097,35.147205,-27.656759,-31.216463,-27.049927
3.475000,92.817970,-3.365483,29.848219,-27.387087,-19.376110,-27.011480
3.481250,96.941292,-3.367980,22.804094,-27.078255,-8.702316,-26.897104
3.487500,100.788475,-3.371082,16.185369,-26.764816,1.729439,-26.714334
3.493750,103.828224,-3.374688,10.071598,-26.457716,10.980407,-26.468256
3.500000,105.571281,-3.378499,4.805820,-26.138350,18.200897,-26.161888
3.506250,105.591393,-3.382538,0.235458,-25.848141,24.845526,-25.798925
3.512500,103.547699,-3.386391,-3.623703,-25.608551,28.978168,-25.392490
3.518750,99.203186,-3.389951,-6.645345,-25.428205,30.686243,-24.958576
3.525000,92.433289,-3.393681,-8.705513,-25.301088,30.231720,-24.510334
3.531250,83.235115,-3.398219,-9.734515,-25.212259,28.000008,-24.060341
3.537500,71.731377,-3.403777,-9.736754,-25.130033,24.448366,-23.619513
3.543750,58.164810,-3.409614,-8.775826,-24.983593,20.089302,-23.196680
3.550000,42.878334,-3.415236,-5.181057,-24.870874,15.420266,-22.813465
3.556250,26.297607,-3.420784,-2.594415,-24.748375,10.874416,-22.501244
3.562500,8.911123,-3.426718,1.106733,-24.594746,6.737025,-22.212250
3.568750,-8.747337,-3.432990,5.486094,-24.400320,3.154754,-21.950640
3.575000,-26.127325,-3.439048,9.989379,-24.176018,0.543816,-21.740360
3.581250,-42.694557,-3.444193,14.014852,-23.944218,-1.195223,-21.617414
3.587500,-57.959179,-3.448384,17.031364,-23.734390,-2.261467,-21.603531
3.593750,-71.498062,-3.452033,20.766323,-23.574844,-2.846186,-21.744137
3.600000,-82.971474,-3.455355,23.505724,-23.496561,-3.472095,-21.933285
3.606250,-92.140404,-3.457846,25.514307,-23.518141,-3.043515,-22.207355
3.612500,-98.881187,-3.459034,27.180218,-23.630379,-3.170666,-22.579327
3.618750,-103.197700,-3.459141,26.865458,-23.847828,-3.919653,-23.038488
3.625000,-105.214951,-3.458627,26.380859,-24.174099,-5.384858,-23.557650
3.631250,-105.169838,-3.457510,25.409714,-24.611336,-7.691343,-24.112188
3.637500,-103.402557,-3.455572,23.571932,-25.161543,-8.895545,-24.699890
3.643750,-100.341743,-3.453098,20.649475,-25.796280,-10.436761,-25.291176
3.650000,-96.482315,-3.450731,16.450840,-26.479248,-11.792706,-25.854078
3.656250,-92.357414,-3.448863,10.747990,-27.171486,-12.590200,-26.363529
3.662500,-86.343277,-3.447430,5.499345,-27.826162,-12.544353,-26.797539
3.668750,-80.332977,-3.446406,-0.822597,-28.385437,-11.449828,-27.135830
3.675000,-74.326393,-3.446020,-7.884968,-28.816925,-9.178304,-27.364292
3.681250,-68.324104,-3.446605,-15.652934,-29.132637,-5.707062,-27.482014
3.687500,-62.324226,-3.447901,-23.602747,-29.294424,-1.132568,-27.495186
3.693750,-56.325512,-3.450047,-31.330423,-29.285955,4.391577,-27.408472
3.700000,-50.328911,-3.453444,-38.562557,-29.109262,10.647903,-27.229767
3.706250,-44.333080,-3.458076,-45.077000,-28.784914,17.338137,-26.972994
3.712500,-38.333397,-3.463268,-50.688915,-28.351377,24.133146,-26.655870
3.718750,-32.327354,-3.468395,-55.249638,-27.911058,30.716145,-26.297180
3.725000,-26.318027,-3.473825,-58.677174,-27.360994,36.808773,-25.909662
3.731250,-20.307713,-3.479861,-61.895367,-26.800016,42.194454,-25.494137
3.737500,-14.294986,-3.486223,-61.955414,-26.283031,46.701225,-25.044909
3.743750,-8.275738,-3.492246,-60.631382,-25.850798,50.378868,-24.636189
3.750000,-2.250171,-3.497657,-57.935547,-25.537661,53.523521,-24.295067
3.756250,3.778586,-3.502436,-53.900799,-25.356173,56.092335,-24.031252
3.762500,9.808445,-3.506728,-48.587425,-25.301828,56.538029,-23.836885
3.768750,15.839114,-3.510512,-42.152805,-25.357738,57.068836,-23.676025
3.775000,21.870348,-3.513875,-34.830853,-25.498672,57.498039,-23.503702
3.781250,27.900137,-3.517090,-26.904408,-25.691130,57.956738,-23.431490
3.787500,33.929207,-3.520012,-20.610970,-25.903704,56.855591,-23.428417
3.793750,39.958252,-3.522427,-14.761590,-26.130341,55.346069,-23.469151
3.800000,45.987305,-3.524473,-8.025960,-26.340120,53.257645,-23.540560
3.806250,52.012737,-3.526602,-2.445772,-26.507458,50.501755,-23.632986
3.812500,58.033974,-3.529047,1.837631,-26.627121,47.061733,-23.737366
3.818750,64.053566,-3.531702,4.882802,-26.648602,43.023190,-23.828651
3.825000,70.071915,-3.534613,6.874159,-26.569813,38.532906,-23.888384
3.831250,76.089226,-3.537970,7.701773,-26.415657,33.634449,-23.917728
3.837500,82.105934,-3.541606,7.615357,-26.203184,28.505787,-23.916035
3.843750,88.123970,-3.545238,6.996423,-25.950457,23.443184,-23.883879
3.850000,94.143021,-3.548865,6.292873,-25.676531,18.793079,-23.828705
3.856250,98.266251,-3.552847,4.106446,-25.397612,14.919722,-23.761112
3.862500,102.115959,-3.556983,2.579365,-25.121710,12.242152,-23.660627
3.868750,105.161484,-3.560942,1.646271,-24.859711,9.285078,-23.526791
3.875000,106.909317,-3.564883,1.176930,-24.626240,7.815219,-23.378151
3.881250,106.928848,-3.569522,1.054885,-24.429407,7.527797,-23.225298
3.887500,104.879883,-3.575104,1.209119,-24.264402,8.147964,-23.070889
3.893750,100.530754,-3.580796,1.575435,-24.110451,9.363647,-22.913635
3.900000,93.762939,-3.586008,2.084005,-23.874065,10.810744,-22.748821
3.906250,84.572533,-3.591096,2.670783,-23.684273,12.073340,-22.577456
3.912500,73.075035,-3.597137,4.336194,-23.486423,12.687806,-22.407074
3.918750,59.508938,-3.604392,6.301487,-23.255409,12.248827,-22.236593
3.925000,44.220291,-3.612390,8.702871,-22.983158,10.401677,-22.060310
3.931250,27.641058,-3.620408,11.605515,-22.672800,6.785447,-21.871529
3.937500,10.263082,-3.628222,15.003812,-22.330889,1.071188,-21.656540
3.943750,-7.383554,-3.636099,18.837160,-21.971329,-4.895322,-21.427105
3.950000,-24.753557,-3.644153,23.004236,-21.613720,-12.905730,-21.219566
3.956250,-41.311989,-3.651935,27.388494,-21.277203,-22.493441,-21.034914
3.962500,-56.563923,-3.658691,31.813202,-20.979891,-33.183434,-20.879295
3.968750,-70.082664,-3.664113,36.339512,-20.738386,-44.568748,-20.762878
3.975000,-81.531075,-3.668278,41.011730,-20.563707,-56.236656,-20.696026
3.981250,-90.676521,-3.671482,45.589741,-20.461922,-67.776291,-20.689352
3.987500,-97.397812,-3.673714,49.840797,-20.429394,-78.792023,-20.754168
3.993750,-101.694611,-3.674782,53.535797,-20.450710,-88.923866,-20.917013
4.000000,-103.689034,-3.674734,56.346329,-20.562971,-97.745262,-21.118942
4.006250,-103.620155,-3.673694,57.946701,-20.758274,-104.924530,-21.397139
4.012500,-101.830215,-3.671626,58.436687,-21.017027,-110.553680,-21.765682
4.018750,-98.747009,-3.668613,57.691166,-21.332022,-114.439636,-22.223930
4.025000,-94.864914,-3.665111,55.672016,-21.692734,-116.511055,-22.770861
4.031250,-90.718941,-3.661649,50.542431,-22.081900,-116.858261,-23.404385
4.037500,-84.686684,-3.658412,46.193272,-22.481339,-115.977837,-24.018652
4.043750,-78.661407,-3.655478,40.836761,-22.882799,-114.326157,-24.650587
4.050000,-72.642235,-3.652997,34.640759,-23.276865,-110.149849,-25.304981
4.056250,-66.629005,-3.651116,27.876909,-23.650574,-105.332474,-25.956675
4.062500,-60.619560,-3.649648,20.847187,-23.996408,-100.067085,-26.581148
4.068750,-54.612579,-3.648226,13.863184,-24.315950,-94.633354,-27.156893
4.075000,-48.610432,-3.647535,7.314213,-24.590895,-89.315826,-27.663202
4.081250,-42.615261,-3.648281,1.680006,-24.804369,-84.357956,-28.077213
4.087500,-36.625149,-3.650548,-4.712860,-24.970484,-79.965317,-28.378410
4.093750,-30.630812,-3.653059,-9.962875,-25.097595,-76.324936,-28.556322
4.100000,-24.630779,-3.655197,-14.255114,-25.188135,-73.555855,-28.605774
4.106250,-18.630121,-3.657402,-17.781282,-25.241631,-71.671303,-28.526951
4.112500,-12.635129,-3.660787,-20.720415,-25.255928,-70.587982,-28.325628
4.118750,-6.643438,-3.665477,-23.235260,-25.232431,-70.146538,-28.020227
4.125000,-0.649036,-3.670692,-25.472216,-25.172068,-70.125122,-27.639956
4.131250,5.351024,-3.676025,-27.551895,-25.069267,-70.080490,-27.154915
4.137500,11.354613,-3.681591,-29.632290,-24.925051,-69.619919,-26.598679
4.143750,17.360106,-3.687483,-31.863400,-24.744957,-68.648880,-26.012259
4.150000,23.368134,-3.693581,-32.158775,-24.532951,-66.791344,-25.424553
4.156250,29.378439,-3.699888,-31.925808,-24.293676,-63.667904,-24.858345
4.162500,35.390900,-3.706514,-32.584919,-24.030172,-58.953430,-24.327980
4.168750,41.405636,-3.713431,-32.085499,-23.744925,-52.398891,-23.837614
4.175000,47.423439,-3.720589,-30.607359,-23.442276,-43.867779,-23.371183
4.181250,53.444061,-3.727889,-28.392632,-23.130308,-33.522312,-23.018652
4.187500,59.468159,-3.735212,-25.696255,-22.807623,-23.375088,-22.720961
4.193750,65.496559,-3.742371,-22.821049,-22.485510,-11.727153,-22.484787
4.200000,71.529366,-3.749169,-20.153522,-22.182154,0.433503,-22.313957
4.206250,77.565140,-3.755602,-18.005167,-21.911419,12.302121,-22.193415
4.212500,83.604073,-3.761539,-14.481783,-21.686943,23.174425,-22.093866
4.218750,89.645752,-3.766671,-11.176973,-21.520472,32.721676,-22.102867
4.225000,93.794838,-3.770970,-7.764977,-21.419016,40.496155,-22.247408
4.231250,97.669556,-3.774782,-5.803919,-21.379089,46.870476,-22.351707
4.237500,100.736809,-3.778396,-3.358787,-21.391191,50.848022,-22.494427
4.243750,102.505005,-3.781601,-0.743632,-21.444281,52.657902,-22.679768
4.250000,102.549110,-3.784268,1.702240,-21.519463,52.619164,-22.898165
4.256250,100.527992,-3.786255,3.582285,-21.617935,51.115379,-23.134607
4.262500,96.201752,-3.787833,4.401450,-21.745958,48.553303,-23.378069
4.268750,89.448212,-3.789248,6.088231,-21.881033,45.347855,-23.619881
4.275000,80.265228,-3.790992,7.045434,-22.002348,41.968269,-23.843277
4.281250,68.774643,-3.793436,7.492532,-22.097399,38.876572,-24.031826
4.287500,55.215412,-3.796530,7.629863,-22.156960,36.477619,-24.170542
4.293750,39.931107,-3.799940,7.637457,-22.171444,35.118359,-24.243805
4.300000,23.347212,-3.804032,7.643215,-22.134260,35.047554,-24.232613
4.306250,5.954488,-3.809479,7.725428,-22.042791,36.397045,-24.110964
4.312500,-11.711712,-3.815965,7.897073,-21.903292,39.009033,-23.925695
4.318750,-29.099031,-3.822512,8.154789,-21.722290,42.652035,-23.677744
4.325000,-45.674721,-3.828821,8.505177,-21.503502,47.354385,-23.362600
4.331250,-60.952465,-3.835706,8.903386,-21.255064,52.837040,-22.989195
4.337500,-74.507309,-3.843743,9.266265,-20.987675,58.728279,-22.572359
4.343750,-85.993279,-3.852308,11.670727,-20.713610,64.632950,-22.128889
4.350000,-95.167778,-3.860369,12.757692,-20.449213,70.140656,-21.677303
4.356250,-101.909294,-3.867703,14.545940,-20.215109,74.862968,-21.229319
4.362500,-106.222481,-3.874542,16.835556,-20.052681,78.439934,-20.794388
4.368750,-108.229393,-3.880811,19.772579,-19.887396,82.554718,-20.427536
4.375000,-108.165726,-3.886060,22.794382,-19.796993,83.717789,-20.140821
4.381250,-106.373352,-3.890372,25.664694,-19.800543,83.925102,-19.962288
4.387500,-103.282562,-3.893863,28.312384,-19.902422,82.988525,-19.940147
4.393750,-99.384529,-3.896153,30.656610,-20.096998,80.844147,-20.023733
4.400000,-95.211624,-3.896998,30.711155,-20.373213,78.280090,-20.179491
4.406250,-89.146049,-3.896857,30.002764,-20.714893,74.653519,-20.361448
4.412500,-83.086388,-3.896207,30.068945,-21.109661,69.234581,-20.725784
4.418750,-77.031982,-3.894828,28.966303,-21.545292,63.102535,-21.184397
4.425000,-70.979660,-3.892301,26.765385,-22.001417,56.449654,-21.704082
4.431250,-64.933052,-3.888962,23.598618,-22.458485,49.509430,-22.260077
4.437500,-58.896469,-3.885518,19.667759,-22.891989,42.557995,-22.826923
4.443750,-52.870407,-3.882197,15.289615,-23.266342,35.947098,-23.364195
4.450000,-46.851871,-3.878846,10.788019,-23.565262,30.036617,-23.838984
4.456250,-40.842373,-3.876068,6.456872,-23.783146,25.072210,-24.233112
4.462500,-34.844044,-3.874790,0.792971,-23.914276,21.335796,-24.530924
4.468750,-28.853460,-3.875003,-4.153353,-23.953878,19.106920,-24.718489
4.475000,-22.862827,-3.875761,-8.477818,-23.900015,16.738489,-24.785049
4.481250,-16.869730,-3.876705,-12.270607,-23.758793,16.036175,-24.728630
4.487500,-10.878427,-3.878587,-15.625628,-23.545076,16.581238,-24.560061
4.493750,-4.891300,-3.881801,-18.604885,-23.273520,17.946117,-24.293112
4.500000,1.095312,-3.886169,-21.212927,-22.949364,19.795731,-23.917183
4.506250,7.084713,-3.891661,-23.496527,-22.592648,21.687023,-23.461868
4.512500,13.077712,-3.898410,-25.579050,-22.231033,23.062504,-22.965425
4.518750,19.077118,-3.906067,-27.505945,-21.886635,23.561481,-22.460003
4.525000,25.087709,-3.913430,-29.280056,-21.573809,22.917671,-21.973110
4.531250,31.111313,-3.919836,-28.723385,-21.296064,20.929819,-21.526169
4.537500,37.140770,-3.925783,-29.091724,-21.039835,17.450567,-21.136478
4.543750,43.170689,-3.932158,-28.302732,-20.766335,12.345302,-20.830791
4.550000,49.202930,-3.938774,-27.056244,-20.594725,5.364646,-20.621943
4.556250,55.242317,-3.944851,-25.384371,-20.483406,-1.709984,-20.488638
4.562500,61.289684,-3.949988,-23.391525,-20.411413,-9.926082,-20.443039
4.568750,67.342743,-3.954384,-21.450100,-20.384171,-16.834650,-20.450933
4.575000,73.397583,-3.958220,-20.056234,-20.425655,-23.690104,-20.566574
4.581250,79.454842,-3.961384,-17.409533,-20.559813,-30.515413,-20.825102
4.587500,85.515121,-3.963510,-15.106289,-20.814302,-35.828484,-21.186665
4.593750,91.577919,-3.964399,-12.758035,-21.173933,-40.616158,-21.592968
4.600000,95.746330,-3.964053,-11.674061,-21.618954,-43.050377,-22.062260
4.606250,99.638115,-3.962828,-10.133420,-22.165876,-43.351593,-22.591476
4.612500,102.718666,-3.960956,-8.383529,-22.809345,-41.713299,-23.164694
4.618750,104.495354,-3.958598,-6.592084,-23.537876,-38.418503,-23.759737
4.625000,104.540665,-3.956061,-4.984762,-24.344398,-33.887367,-24.368126
4.631250,102.512611,-3.953712,-3.669167,-25.190207,-28.623768,-24.975052
4.637500,98.176033,-3.951417,-2.707252,-26.041742,-23.050915,-25.557215
4.643750,91.412178,-3.948465,-2.000906,-26.872921,-17.682177,-26.101603
4.650000,82.221115,-3.944688,-1.364503,-27.651649,-13.057343,-26.601236
4.656250,70.716530,-3.941322,-0.837772,-28.343750,-7.514928,-27.049454
4.662500,57.130558,-3.939822,-0.444561,-28.913301,-2.985707,-27.405279
4.668750,41.807270,-3.940271,-0.192932,-29.322168,0.570548,-27.646040
4.675000,25.183111,-3.942019,-0.119138,-29.542688,3.371788,-27.767370
4.681250,7.754392,-3.944736,-0.345477,-29.573566,5.334449,-27.798820
4.687500,-9.948009,-3.948651,-0.950595,-29.412338,6.411147,-27.737444
4.693750,-27.378500,-3.953936,-1.913020,-29.061556,6.711896,-27.576876
4.700000,-44.002533,-3.960431,-3.264624,-28.537729,6.230081,-27.319136
4.706250,-59.326488,-3.968374,-5.043353,-27.869799,4.970489,-26.969896
4.712500,-72.923355,-3.978057,-7.300182,-27.104305,2.970079,-26.539667
4.718750,-84.447693,-3.988837,-7.932360,-26.303970,0.310189,-26.036417
4.725000,-93.656647,-3.999564,-8.555127,-25.438902,-2.843245,-25.453888
4.731250,-100.428696,-4.009840,-8.829556,-24.565681,-6.192623,-24.824295
4.737500,-104.769470,-4.020128,-8.169485,-23.735125,-9.135497,-24.207071
4.743750,-106.802284,-4.030578,-6.472877,-22.998724,-11.544801,-23.619915
4.750000,-106.760376,-4.040195,-3.724351,-22.383442,-15.293282,-23.100487
4.756250,-104.982880,-4.048437,0.142034,-21.890808,-18.817146,-22.597126
4.762500,-101.901634,-4.055653,5.061208,-21.509388,-22.450762,-22.117935
4.768750,-98.013222,-4.062172,10.836561,-21.210550,-26.175301,-21.695587
4.775000,-93.849243,-4.067614,15.237307,-21.000046,-28.552885,-21.389223
4.781250,-87.786583,-4.071642,21.441069,-20.886122,-31.133558,-21.177868
4.787500,-81.724396,-4.074547,27.385960,-20.833599,-33.766769,-21.048805
4.793750,-75.666351,-4.076889,32.737164,-20.814297,-36.428871,-20.991081
4.800000,-69.613472,-4.078933,37.076782,-20.805950,-39.130039,-20.996836
4.806250,-63.563866,-4.080670,40.022099,-20.791775,-41.888206,-21.056089
4.812500,-57.517445,-4.082262,41.224163,-20.759579,-44.647068,-21.136803
4.818750,-51.474785,-4.083870,40.437065,-20.701126,-47.409622,-21.226351
4.825000,-45.434898,-4.085534,39.650692,-20.614897,-50.282486,-21.314272
4.831250,-39.398304,-4.087591,37.454044,-20.503212,-53.220852,-21.379147
4.837500,-33.364719,-4.090281,34.400028,-20.372025,-56.123997,-21.398565
4.843750,-27.331640,-4.093226,29.201839,-20.229649,-58.721481,-21.388531
4.850000,-21.294849,-4.095677,24.101175,-20.091473,-60.738926,-21.355003
4.856250,-15.255896,-4.097806,19.172815,-19.979322,-62.093830,-21.295061
4.862500,-9.221861,-4.100741,14.562046,-19.892673,-62.487869,-21.185488
4.868750,-3.191828,-4.104730,10.500510,-19.825253,-61.628273,-21.033861
4.875000,2.842152,-4.108598,6.956005,-19.797472,-59.425453,-20.862551
4.881250,8.884809,-4.111313,3.963993,-19.819328,-55.693439,-20.688963
4.887500,14.929987,-4.113337,1.624390,-19.889044,-50.283409,-20.528446
4.893750,20.970324,-4.115687,0.057258,-19.985218,-43.115524,-20.390097
4.900000,27.006002,-4.118561,-0.618082,-20.067820,-34.215637,-20.282755
4.906250,33.043278,-4.121237,-0.081964,-20.195389,-23.750099,-20.216990
4.912500,39.083073,-4.123305,1.897419,-20.349661,-12.001826,-20.198109
4.918750,45.122421,-4.125158,3.207274,-20.524685,0.643011,-20.219219
4.925000,51.158501,-4.127002,5.418566,-20.696831,13.752826,-20.259829
4.931250,57.191902,-4.129291,9.662803,-20.843941,26.932602,-20.287968
4.937500,63.223225,-4.132086,13.865433,-20.986204,39.955578,-20.362310
4.943750,69.256226,-4.134922,17.973959,-21.136127,52.643269,-20.470270
4.950000,75.293274,-4.137057,19.923880,-21.301935,64.369812,-20.595642
4.956250,81.333549,-4.138431,23.316767,-21.486050,74.874115,-20.732086
4.962500,87.370064,-4.139940,26.095623,-21.685724,84.029015,-20.876255
4.968750,93.401779,-4.142157,28.108093,-21.897251,91.789131,-21.027927
4.975000,97.538986,-4.144396,29.246359,-22.111479,98.200752,-21.184971
4.981250,101.407738,-4.145966,29.443533,-22.315962,103.385780,-21.350054
4.987500,104.471954,-4.147158,28.641027,-22.500698,107.506302,-21.537434
4.993750,106.235748,-4.148380,26.779392,-22.668886,109.070808,-21.693687
5.000000,106.273758,-4.149326,23.854235,-22.817343,109.847221,-21.859962
5.006250,104.247124,-4.149536,19.998421,-22.938885,109.472183,-22.049391
5.012500,99.915588,-4.149502,15.338683,-23.030907,107.843254,-22.266113
5.018750,93.153885,-4.150009,10.040561,-23.092854,104.882652,-22.516531
5.025000,83.964607,-4.150765,4.598642,-23.120634,100.549553,-22.811836
5.031250,72.474380,-4.150949,-0.467979,-23.106413,94.773216,-23.108315
5.037500,58.918312,-4.150571,-4.944702,-23.037674,89.120811,-23.367718
5.043750,43.632412,-4.150500,-8.703606,-22.924711,82.192123,-23.627014
5.050000,27.041824,-4.151076,-11.789519,-22.795898,74.462357,-23.891298
5.056250,9.643234,-4.152013,-14.047317,-22.656847,66.511375,-24.146360
5.062500,-8.029107,-4.153195,-15.393931,-22.524721,58.814629,-24.379045
5.068750,-25.429026,-4.154615,-15.865963,-22.449934,51.792847,-24.578264
5.075000,-42.023842,-4.155988,-15.465766,-22.378580,45.851521,-24.729431
5.081250,-57.321148,-4.157255,-15.631187,-22.327705,39.469742,-24.816917
5.087500,-70.898392,-4.159317,-15.407331,-22.329266,34.562935,-24.830288
5.093750,-82.416611,-4.163174,-15.310607,-22.383917,30.844227,-24.765718
5.100000,-91.632881,-4.168063,-13.616318,-22.469213,28.051432,-24.628551
5.106250,-98.416275,-4.172631,-12.005423,-22.582737,25.917770,-24.426992
5.112500,-102.768387,-4.176485,-12.230496,-22.731592,24.097237,-24.175127
5.118750,-104.818954,-4.180855,-12.845854,-22.885012,22.211824,-23.912203
5.125000,-104.809387,-4.186468,-14.152040,-23.015720,19.778536,-23.591328
5.131250,-103.073288,-4.192693,-14.148719,-23.102713,17.976385,-23.234571
5.137500,-100.032860,-4.198810,-14.300667,-23.131012,15.259934,-22.881985
5.143750,-96.182030,-4.205036,-14.153149,-23.091799,11.763720,-22.555370
5.150000,-92.057632,-4.211839,-15.151379,-22.981472,7.587978,-22.267120
5.156250,-86.035507,-4.218969,-15.247112,-22.799177,2.852318,-22.021343
5.162500,-80.006905,-4.225781,-14.600586,-22.547939,-2.311028,-21.811041
5.168750,-73.970970,-4.231987,-13.416615,-22.237188,-7.774601,-21.620289
5.175000,-67.931442,-4.237713,-11.932311,-21.883402,-11.506105,-21.512575
5.181250,-61.890228,-4.243045,-10.367001,-21.494797,-14.566920,-21.438393
5.187500,-55.846985,-4.248016,-8.940155,-21.086842,-18.198120,-21.401638
5.193750,-49.801598,-4.252673,-7.948927,-20.685562,-20.317263,-21.403341
5.200000,-43.754017,-4.256778,-7.628801,-20.314392,-20.974085,-21.432203
5.206250,-37.704277,-4.260211,-5.982815,-19.995022,-20.246693,-21.461189
5.212500,-31.653376,-4.263121,-4.496331,-19.748405,-18.168480,-21.518763
5.218750,-25.602116,-4.265686,-4.647374,-19.595766,-16.643200,-21.651440
5.225000,-19.549339,-4.267481,-4.394896,-19.554407,-14.541127,-21.778788
5.231250,-13.493855,-4.268044,-3.804785,-19.608290,-12.275143,-21.904137
5.237500,-7.439241,-4.267606,-2.948267,-19.749445,-10.691176,-22.044912
5.243750,-1.390521,-4.266911,-2.109458,-19.973623,-10.188385,-22.207727
5.250000,4.650534,-4.266531,-1.436466,-20.232567,-11.077462,-22.394827
5.256250,10.686568,-4.266482,-1.111753,-20.583309,-13.638381,-22.613533
5.262500,16.720449,-4.266510,0.287470,-21.023485,-15.949084,-22.876549
5.268750,22.753963,-4.266235,1.782496,-21.541693,-19.559887,-23.181166
5.275000,28.786715,-4.265168,3.689103,-22.115284,-24.100863,-23.517572
5.281250,34.816063,-4.263800,5.192729,-22.657722,-29.075970,-23.888288
5.287500,40.835087,-4.263313,7.449832,-23.206718,-34.006783,-24.285372
5.293750,46.843563,-4.264361,10.298261,-23.757374,-38.474659,-24.684719
5.300000,52.849590,-4.266008,13.591684,-24.294203,-42.152172,-25.037567
5.306250,58.858650,-4.267177,17.138815,-24.799969,-44.588818,-25.389601
5.312500,64.866455,-4.268572,20.734156,-25.254089,-47.171928,-25.725954
5.318750,70.864693,-4.271832,24.176474,-25.636826,-48.577652,-26.010714
5.325000,76.856102,-4.277033,27.262316,-25.929899,-48.988518,-26.221327
5.331250,82.852379,-4.282795,30.089325,-26.115267,-48.566784,-26.340118
5.337500,88.857010,-4.288544,32.751255,-26.181498,-47.516304,-26.355824
5.343750,92.970146,-4.294935,35.058983,-26.122156,-46.078304,-26.261232
5.350000,96.809067,-4.302507,36.838074,-25.934380,-44.513401,-26.052626
5.356250,99.847137,-4.310662,37.893780,-25.632202,-43.181652,-25.792442
5.362500,101.596077,-4.318901,38.009838,-25.252945,-42.543255,-25.445707
5.368750,101.627266,-4.327524,37.150345,-24.795734,-40.065445,-25.046352
5.375000,99.599335,-4.336143,35.372841,-24.288654,-37.891056,-24.647907
5.381250,95.279732,-4.343782,32.538021,-23.772100,-35.642353,-24.293512
5.387500,88.547363,-4.349881,28.717514,-23.280222,-32.960350,-24.038631
5.393750,79.395905,-4.354949,22.180590,-22.836775,-29.685547,-23.832472
5.400000,67.942505,-4.359367,16.953398,-22.451027,-25.898058,-23.666342
5.406250,54.426430,-4.362472,11.387768,-22.126421,-21.284668,-23.632263
5.412500,39.189800,-4.363829,5.641343,-21.893364,-16.224201,-23.736288
5.418750,22.654823,-4.363814,-0.135897,-21.767862,-10.628125,-23.960785
5.425000,5.308994,-4.362949,-5.563952,-21.744049,-4.783585,-24.290316
5.431250,-12.314444,-4.360970,-10.332961,-21.806112,1.029307,-24.691795
5.437500,-29.668831,-4.357809,-14.191172,-21.932701,6.634210,-25.110422
5.443750,-46.226913,-4.354475,-16.966223,-22.098207,11.759584,-25.510696
5.450000,-61.499168,-4.351672,-20.419132,-22.253860,16.233429,-25.867039
5.456250,-75.054214,-4.349267,-22.827629,-22.372425,20.089663,-26.155701
5.462500,-86.549126,-4.347007,-23.429922,-22.506453,23.330650,-26.339617
5.468750,-95.747261,-4.345300,-23.512823,-22.596382,25.982420,-26.395559
5.475000,-102.528893,-4.344737,-23.263086,-22.620146,28.127110,-26.314690
5.481250,-106.892715,-4.345315,-22.916719,-22.569315,29.966249,-26.098169
5.487500,-108.956123,-4.347178,-22.711042,-22.446909,31.718021,-25.769632
5.493750,-108.956314,-4.350736,-22.850981,-22.258886,33.661884,-25.325590
5.500000,-107.231186,-4.355841,-23.469116,-22.007942,34.379250,-24.773928
5.506250,-104.200806,-4.361482,-24.710211,-21.710749,35.441322,-24.174335
5.512500,-100.353485,-4.366773,-24.546158,-21.391846,36.500530,-23.574860
5.518750,-96.227043,-4.372216,-26.282511,-21.076508,37.310455,-23.019775
5.525000,-90.205231,-4.378566,-27.760395,-20.783678,37.650043,-22.550253
5.531250,-84.177628,-4.385163,-28.961325,-20.524643,37.308823,-22.200207
5.537500,-78.138321,-4.390819,-29.877836,-20.302065,37.765591,-21.870066
5.543750,-72.088425,-4.395294,-30.541512,-20.110966,36.990417,-21.675203
5.550000,-66.035164,-4.398955,-31.124357,-19.984917,34.949654,-21.628660
5.556250,-59.979950,-4.401923,-31.814713,-19.931149,32.378120,-21.710707
5.562500,-53.921841,-4.403831,-32.572651,-19.945324,29.385778,-21.898502
5.568750,-47.861614,-4.404601,-33.503761,-20.028629,26.097948,-22.147915
5.575000,-41.801910,-4.404436,-32.557335,-20.182220,22.857073,-22.506020
5.581250,-35.744530,-4.403246,-31.171804,-20.401182,20.428368,-22.918016
5.587500,-29.690071,-4.401080,-30.793102,-20.674088,16.897245,-23.354374
5.593750,-23.641850,-4.398461,-29.412577,-20.989986,14.084181,-23.801844
5.600000,-17.602386,-4.396028,-27.270405,-21.339430,11.848350,-24.242065
5.606250,-11.569962,-4.393779,-24.616722,-21.709417,10.073287,-24.652269
5.612500,-5.542513,-4.391571,-21.719540,-22.091633,8.598501,-25.026226
5.618750,0.479459,-4.389878,-18.855377,-22.478033,7.186141,-25.362127
5.625000,6.496430,-4.388763,-16.228840,-22.847380,5.841953,-25.627493
5.631250,12.510727,-4.387764,-11.866316,-23.185589,4.371747,-25.826344
5.637500,18.522749,-4.386839,-9.267274,-23.485407,2.571301,-25.965841
5.643750,24.529396,-4.386997,-6.488247,-23.741646,0.336965,-26.054825
5.650000,30.528076,-4.388845,-3.738141,-23.950418,-2.410772,-26.107958
5.656250,36.526051,-4.391500,-1.192815,-24.103838,-5.729207,-26.144653
5.662500,42.530853,-4.393842,0.995227,-24.193565,-9.743409,-26.136578
5.668750,48.537804,-4.396216,2.661727,-24.211718,-14.823195,-26.050350
5.675000,54.539577,-4.399837,3.660278,-24.151917,-20.863768,-25.932695
5.681250,60.537209,-4.404927,3.815640,-24.024193,-26.124859,-25.823294
5.687500,66.538734,-4.410421,2.992721,-23.837873,-31.981052,-25.712181
5.693750,72.547562,-4.415774,1.184200,-23.596020,-38.102406,-25.592018
5.700000,78.559830,-4.421163,0.560788,-23.308407,-44.241001,-25.455902
5.706250,84.572441,-4.427120,-0.235893,-22.992905,-50.162502,-25.290796
5.712500,90.585686,-4.433681,-0.676768,-22.677855,-55.590485,-25.070393
5.718750,94.706573,-4.440893,-0.318690,-22.391306,-62.142761,-24.865046
5.725000,98.558807,-4.448625,0.861729,-22.083889,-67.926758,-24.657846
5.731250,101.614136,-4.456029,3.281028,-21.812481,-73.383484,-24.450350
5.737500,103.381905,-4.462298,7.207784,-21.605350,-78.710106,-24.263849
5.743750,103.430962,-4.467535,12.592495,-21.472921,-84.040916,-24.107088
5.750000,101.414848,-4.472500,19.252054,-21.413752,-89.604317,-23.951105
5.756250,97.095024,-4.477116,26.890079,-21.417183,-95.486557,-23.803816
5.762500,90.354927,-4.480699,33.207317,-21.473696,-100.020569,-23.714344
5.768750,81.193596,-4.483124,41.494926,-21.577944,-102.954384,-23.685165
5.775000,69.726334,-4.485050,49.366665,-21.716631,-105.248322,-23.704348
5.781250,56.187500,-4.487003,56.383842,-21.869961,-106.185043,-23.760962
5.787500,40.920506,-4.488608,62.110779,-22.017689,-105.182404,-23.844297
5.793750,24.354530,-4.489727,66.150246,-22.138590,-101.782677,-23.946154
5.800000,6.978845,-4.490716,68.160431,-22.216721,-95.673782,-24.049767
5.806250,-10.677108,-4.492254,67.869102,-22.244081,-88.470596,-24.133675
5.812500,-28.064920,-4.494391,65.131409,-22.213451,-78.694298,-24.203640
5.818750,-44.648746,-4.496898,62.112133,-22.122314,-66.985130,-24.253658
5.825000,-59.935707,-4.499618,57.558289,-21.970810,-54.028175,-24.270660
5.831250,-73.498703,-4.502858,50.295509,-21.763680,-40.552990,-24.235415
5.837500,-84.998260,-4.507032,42.684090,-21.513010,-27.302446,-24.121395
5.843750,-94.196503,-4.512519,34.935680,-21.234392,-14.879461,-23.952095
5.850000,-100.966827,-4.518784,27.280760,-20.949440,-3.513507,-23.760429
5.856250,-105.301941,-4.524386,19.932505,-20.688953,6.151886,-23.531818
5.862500,-107.322823,-4.528288,13.177392,-20.452372,13.876482,-23.263193
5.868750,-107.273560,-4.531285,7.323618,-20.251703,19.479332,-22.981459
5.875000,-105.504601,-4.534551,2.403284,-20.116171,22.942204,-22.719643
5.881250,-102.441628,-4.538378,-1.442587,-20.058830,24.449341,-22.508057
5.887500,-98.569084,-4.541576,-4.028503,-20.078035,24.300890,-22.378836
5.893750,-94.417061,-4.543585,-7.109048,-20.154373,22.708763,-22.294432
5.900000,-88.368935,-4.544871,-8.908405,-20.259113,19.831617,-22.259333
5.906250,-82.324615,-4.545873,-9.442637,-20.451376,16.252502,-22.302326
5.912500,-76.283218,-4.546594,-9.225969,-20.694128,12.287910,-22.420610
5.918750,-70.243721,-4.547024,-8.771253,-20.968931,8.292343,-22.587761
5.925000,-64.207123,-4.547502,-8.394794,-21.273642,4.610025,-22.784979
5.931250,-58.172916,-4.547799,-8.340589,-21.608566,1.731428,-23.020428
5.937500,-52.138988,-4.547630,-8.706118,-21.949480,0.008962,-23.263052
5.943750,-46.109146,-4.547547,-7.391563,-22.286987,-2.510627,-23.490885
5.950000,-40.086502,-4.548394,-7.877342,-22.626143,-4.208408,-23.692223
5.956250,-34.067734,-4.550039,-8.089092,-22.965981,-5.306858,-23.859919
5.962500,-28.045719,-4.551295,-8.087383,-23.298697,-6.015944,-23.988340
5.968750,-22.020098,-4.551914,-7.913446,-23.610882,-6.530137,-24.072069
5.975000,-15.997791,-4.552765,-7.631853,-23.889109,-7.059887,-24.111147
5.981250,-9.981403,-4.554228,-7.321897,-24.118914,-7.865084,-24.112198
5.987500,-3.965473,-4.555494,-7.068123,-24.289328,-8.533514,-24.048758
5.993750,2.050653,-4.556498,-6.973876,-24.393185,-9.425536,-23.959120
6.000000,8.061359,-4.558489,-7.116300,-24.424519,-10.615298,-23.856506
6.006250,14.065169,-4.562080,-7.563595,-24.383406,-12.198221,-23.752037
6.012500,20.070454,-4.566106,-6.196805,-24.271067,-14.266920,-23.653736
6.018750,26.084358,-4.569590,-6.284807,-24.090338,-16.892464,-23.569147
6.025000,32.101929,-4.572942,-5.721784,-23.847622,-20.161915,-23.507935
6.031250,38.116558,-4.577086,-4.599734,-23.545662,-24.195068,-23.467325
6.037500,44.130207,-4.581935,-3.042627,-23.185696,-27.380997,-23.432491
6.043750,50.149742,-4.586743,-1.305914,-22.804550,-31.578184,-23.431662
6.050000,56.174927,-4.591307,0.311744,-22.426378,-36.224865,-23.473238
6.056250,62.203011,-4.595963,1.733317,-22.064768,-40.916676,-23.556700
6.062500,68.233795,-4.600488,2.766115,-21.742186,-45.356514,-23.673256
6.068750,74.269104,-4.604475,3.218836,-21.481670,-49.232098,-23.795488
6.075000,80.307671,-4.608068,3.248347,-21.295341,-52.056576,-23.943457
6.081250,86.347565,-4.611431,3.083705,-21.186697,-53.292706,-24.118706
6.087500,92.389755,-4.613989,2.621240,-21.165579,-53.003872,-24.310438
6.093750,96.540756,-4.615353,1.789269,-21.235357,-50.956764,-24.513084
6.100000,100.416092,-4.616129,0.608902,-21.384832,-46.901161,-24.723213
6.106250,103.478363,-4.617287,-0.861000,-21.588905,-40.690861,-24.948292
6.112500,105.236458,-4.618930,-2.571385,-21.813950,-32.403992,-25.155468
6.118750,105.268837,-4.620490,-4.583222,-22.053110,-22.523275,-25.323015
6.125000,103.236916,-4.621773,-6.994468,-22.292452,-11.067629,-25.471907
6.131250,98.899467,-4.623070,-7.512742,-22.503241,1.575948,-25.603352
6.137500,92.135033,-4.624699,-7.480285,-22.665499,14.816186,-25.712299
6.143750,82.943733,-4.626583,-8.308421,-22.765362,27.984941,-25.789122
6.150000,71.448814,-4.628775,-7.962121,-22.798637,40.397530,-25.820889
6.156250,57.887753,-4.631302,-6.637626,-22.767910,51.400261,-25.778032
6.162500,42.602528,-4.633881,-4.551812,-22.677586,60.428616,-25.647749
6.168750,26.021013,-4.636342,-1.934510,-22.529385,68.424225,-25.492632
6.175000,8.633940,-4.639119,0.949925,-22.334646,74.124207,-25.282980
6.181250,-9.027659,-4.642422,3.770340,-22.114994,77.663017,-25.026115
6.187500,-26.413666,-4.645783,6.246827,-21.891556,79.288002,-24.736139
6.193750,-42.988388,-4.648646,8.172647,-21.679482,79.394608,-24.426622
6.200000,-58.261925,-4.651060,11.543743,-21.493828,78.484077,-24.111469
6.206250,-71.811958,-4.653595,12.956762,-21.347734,77.130142,-23.809629
6.212500,-83.296722,-4.656196,14.442964,-21.249876,76.027374,-23.577112
6.218750,-92.477592,-4.658647,15.851441,-21.209122,72.297745,-23.334486
6.225000,-99.233063,-4.661090,17.039652,-21.225294,69.739334,-23.152836
6.231250,-103.565186,-4.663681,17.913231,-21.289368,67.624062,-23.058466
6.237500,-105.594612,-4.666281,18.290474,-21.405962,65.776932,-23.072445
6.243750,-105.555832,-4.668495,18.024839,-21.570223,64.076546,-23.236719
6.250000,-103.790138,-4.670264,17.062351,-21.769991,62.581547,-23.436569
6.256250,-100.727013,-4.671841,17.504877,-21.998848,61.385113,-23.727808
6.262500,-96.860344,-4.673096,16.027945,-22.251348,59.888477,-24.120581
6.268750,-92.721344,-4.674047,14.788668,-22.513554,58.203629,-24.595564
6.275000,-86.691254,-4.674938,13.749802,-22.771248,56.387970,-25.124002
6.281250,-80.664818,-4.676032,12.837800,-23.013952,54.468948,-25.669006
6.287500,-74.640251,-4.676969,11.970769,-23.234701,52.507217,-26.177443
6.293750,-68.616241,-4.677501,11.080584,-23.427591,50.705364,-26.636745
6.300000,-62.596924,-4.678517,10.134491,-23.582146,49.640911,-27.032063
6.306250,-56.584782,-4.680762,9.115980,-23.688322,47.372616,-27.323233
6.312500,-50.574478,-4.683722,7.953294,-23.748417,45.664265,-27.492220
6.318750,-44.559555,-4.686122,4.702681,-23.764584,44.259556,-27.528801
6.325000,-38.542030,-4.688201,3.161592,-23.736389,42.950237,-27.427387
6.331250,-32.530140,-4.691330,1.463887,-23.660507,41.542320,-27.187538
6.337500,-26.525063,-4.696087,-0.364258,-23.530827,39.834469,-26.814255
6.343750,-20.518904,-4.701774,-2.325234,-23.345291,37.596325,-26.331736
6.350000,-14.506207,-4.707678,-4.495970,-23.122723,34.526196,-25.799908
6.356250,-8.487032,-4.713576,-6.952023,-22.882553,30.392374,-25.274754
6.362500,-2.462920,-4.719406,-9.612016,-22.623634,26.232212,-24.690302
6.368750,3.565276,-4.724834,-12.400876,-22.350218,20.802935,-24.144947
6.375000,9.596680,-4.730046,-15.390068,-22.084518,14.378128,-23.690821
6.381250,15.628748,-4.735365,-18.603392,-21.849077,7.139496,-23.366169
6.387500,21.662712,-4.740585,-19.826447,-21.660755,-0.738666,-23.186525
6.393750,27.701004,-4.745216,-22.242855,-21.532389,-9.227886,-23.068186
6.400000,33.744190,-4.749047,-23.668621,-21.475834,-16.474009,-23.142817
6.406250,39.788280,-4.752192,-24.169363,-21.523960,-23.709930,-23.376333
6.412500,45.832481,-4.754761,-23.828203,-21.644848,-30.112360,-23.745098
6.418750,51.877327,-4.756586,-22.462795,-21.832161,-35.320557,-24.205500
6.425000,57.920708,-4.757963,-20.571585,-22.102140,-39.039856,-24.661160
6.431250,63.960701,-4.759404,-18.332708,-22.451361,-41.338387,-25.190702
6.437500,69.998306,-4.760511,-15.893576,-22.864981,-42.594814,-25.733130
6.443750,76.037376,-4.760670,-13.156295,-23.325480,-42.423286,-26.244516
6.450000,82.075607,-4.760128,-10.064232,-23.810186,-41.010548,-26.692781
6.456250,88.105827,-4.760011,-6.826736,-24.289850,-38.593544,-27.050415
6.462500,94.127731,-4.760931,-3.683712,-24.736111,-35.460182,-27.295540
6.468750,98.252464,-4.762155,-0.890847,-25.118792,-31.955963,-27.414427
6.475000,102.106247,-4.763166,1.299723,-25.412100,-28.482548,-27.416756
6.481250,105.155151,-4.764073,2.611324,-25.607430,-25.503763,-27.345268
6.487500,106.902740,-4.765152,2.789847,-25.704563,-20.822577,-27.124617
6.493750,106.922493,-4.766645,1.726064,-25.700020,-18.182337,-26.819849
6.500000,104.873405,-4.768891,1.524303,-25.600393,-15.843404,-26.470095
6.506250,100.519951,-4.772161,0.797972,-25.422827,-13.979124,-26.108801
6.512500,93.743935,-4.775864,-1.806679,-25.194647,-12.710859,-25.764107
6.518750,84.549728,-4.779222,-4.081884,-24.938686,-12.080808,-25.450573
6.525000,73.057236,-4.782238,-5.931579,-24.668543,-12.061094,-25.170576
6.531250,59.498966,-4.785670,-7.313827,-24.402151,-12.633801,-24.913395
6.537500,44.215191,-4.789631,-8.249877,-24.156578,-13.701741,-24.657543
6.543750,27.637863,-4.793135,-8.786377,-23.957891,-16.429625,-24.509909
6.550000,10.261511,-4.795683,-8.994158,-23.824780,-19.633280,-24.419851
6.556250,-7.386702,-4.797751,-8.836748,-23.758102,-23.415480,-24.370178
6.562500,-24.765728,-4.800037,-8.317597,-23.751768,-27.738445,-24.347151
6.568750,-41.339832,-4.802220,-7.485183,-23.794840,-32.477390,-24.358086
6.575000,-56.613823,-4.803754,-6.151876,-23.874586,-37.339294,-24.379387
6.581250,-70.163261,-4.804898,-4.151181,-23.966919,-40.957680,-24.390198
6.587500,-81.650986,-4.806292,-1.606812,-24.021221,-44.153248,-24.406750
6.593750,-90.839714,-4.807974,1.187448,-24.073381,-46.408150,-24.428291
6.600000,-97.605110,-4.809663,3.612911,-24.128014,-47.237526,-24.456320
6.606250,-101.946518,-4.811421,5.778062,-24.161819,-48.121140,-24.493578
6.612500,-103.986961,-4.813282,7.482042,-24.162373,-47.039150,-24.527117
6.618750,-103.962547,-4.815123,8.494775,-24.129248,-44.265385,-24.556538
6.625000,-102.214554,-4.817201,10.753901,-24.070333,-40.214935,-24.585144
6.631250,-99.173340,-4.820035,10.873541,-23.991556,-35.306198,-24.613525
6.637500,-95.329697,-4.823945,10.921985,-23.898748,-29.971958,-24.639929
6.643750,-91.210770,-4.828212,10.805488,-23.795906,-24.664988,-24.660543
6.650000,-85.191528,-4.832188,10.450667,-23.684126,-19.821268,-24.665445
6.656250,-79.168617,-4.836009,9.786370,-23.566010,-15.859421,-24.637720
6.662500,-73.147285,-4.840082,8.748387,-23.442698,-13.173385,-24.555254
6.668750,-67.126114,-4.844306,7.302165,-23.314266,-12.489249,-24.478601
6.675000,-61.102184,-4.848238,5.436402,-23.174458,-11.541685,-24.358814
6.681250,-55.077435,-4.852238,3.172690,-23.014709,-12.020072,-24.206020
6.687500,-49.054707,-4.856878,0.473268,-22.837208,-13.600641,-24.027020
6.693750,-43.031986,-4.862072,-0.509716,-22.638891,-15.865135,-23.826532
6.700000,-37.004009,-4.867063,-3.015823,-22.421001,-18.402840,-23.616545
6.706250,-30.968969,-4.871334,-4.972133,-22.199240,-20.865023,-23.417189
6.712500,-24.929937,-4.875018,-6.482520,-21.985023,-22.866949,-23.238935
6.718750,-18.890676,-4.878388,-7.627784,-21.792181,-24.038956,-23.093193
6.725000,-12.852047,-4.881797,-8.584886,-21.658899,-24.122953,-22.996128
6.731250,-6.813490,-4.885334,-9.555785,-21.576069,-22.936747,-22.961052
6.737500,-0.773173,-4.888809,-9.942662,-21.511786,-20.358164,-22.987024
6.743750,5.271957,-4.891618,-10.684868,-21.520254,-16.336103,-23.061632
6.750000,11.321086,-4.893367,-11.784310,-21.617680,-10.945254,-23.142172
6.756250,17.370441,-4.894549,-12.950048,-21.807140,-4.293677,-23.274828
6.762500,23.416563,-4.895600,-13.910072,-22.083080,2.293237,-23.474962
6.768750,29.459969,-4.896489,-14.684345,-22.437094,9.390162,-23.702267
6.775000,35.503399,-4.896833,-15.322765,-22.856730,16.511576,-23.932400
6.781250,41.546318,-4.896767,-15.861972,-23.322359,23.182320,-24.142046
6.787500,47.586025,-4.896308,-16.322933,-23.800390,31.100838,-24.312601
6.793750,53.622921,-4.895481,-16.780615,-24.271448,38.424168,-24.440458
6.800000,59.654774,-4.894632,-17.409760,-24.726620,43.370632,-24.519096
6.806250,65.679810,-4.894440,-18.293976,-25.152950,47.742920,-24.543873
6.812500,71.699036,-4.895232,-17.291872,-25.536079,51.190136,-24.513987
6.818750,77.718147,-4.896341,-17.679970,-25.863058,53.409924,-24.431900
6.825000,83.740379,-4.896970,-17.351313,-26.123478,54.167305,-24.302979
6.831250,89.762772,-4.897664,-16.403395,-26.309958,53.305653,-24.135796
6.837500,93.885353,-4.899053,-14.966326,-26.419283,50.753670,-23.939070
6.843750,97.731537,-4.901205,-13.187207,-26.450891,46.543736,-23.711552
6.850000,100.773392,-4.903708,-11.224682,-26.408123,40.797882,-23.466797
6.856250,102.518593,-4.906596,-9.245521,-26.293535,33.453087,-23.245361
6.862500,102.539322,-4.909908,-7.424383,-26.123919,24.814617,-23.073418
6.868750,100.497894,-4.913040,-5.954313,-25.921005,15.221880,-22.994501
6.875000,96.159149,-4.915335,-6.830482,-25.703093,5.134969,-22.982216
6.881250,89.396484,-4.917234,-6.304463,-25.485235,-4.416507,-23.022243
6.887500,80.204041,-4.919847,-6.277530,-25.279289,-15.342356,-23.147007
6.893750,68.704620,-4.923228,-6.712286,-25.089123,-25.390671,-23.358881
6.900000,55.142166,-4.926386,-7.542258,-24.909880,-34.457047,-23.642563
6.906250,39.859562,-4.928790,-8.673126,-24.710016,-42.466408,-23.970818
6.912500,23.278666,-4.930883,-9.992247,-24.504425,-49.397724,-24.310419
6.918750,5.887217,-4.933320,-12.311543,-24.347260,-55.300434,-24.637718
6.925000,-11.781828,-4.936255,-14.899224,-24.212133,-60.283863,-24.931976
6.931250,-29.179728,-4.939949,-17.786682,-24.105259,-64.421906,-25.167448
6.937500,-45.772282,-4.944353,-18.735344,-23.994331,-67.803673,-25.315996
6.943750,-61.064358,-4.949006,-20.816338,-23.870317,-70.595665,-25.360725
6.950000,-74.625320,-4.953185,-22.111950,-23.749557,-73.036926,-25.297218
6.956250,-86.117737,-4.957125,-22.675058,-23.630716,-75.363014,-25.126392
6.962500,-95.308525,-4.961390,-22.533587,-23.506174,-77.798492,-24.857302
6.968750,-102.075829,-4.966098,-21.834497,-23.384207,-80.606720,-24.518700
6.975000,-106.415840,-4.970625,-20.767126,-23.267721,-84.065247,-24.168583
6.981250,-108.448456,-4.974755,-19.434996,-23.149332,-86.335823,-23.771313
6.987500,-108.414070,-4.978876,-17.989639,-23.020891,-87.578720,-23.355415
6.993750,-106.653954,-4.983037,-16.629650,-22.877148,-88.662689,-22.973482
7.000000,-103.592064,-4.986533,-13.421909,-22.720638,-88.952263,-22.658577
7.006250,-99.720215,-4.989086,-11.841249,-22.554012,-87.920525,-22.430365
7.012500,-95.575882,-4.991141,-9.943456,-22.380289,-85.136948,-22.297256
7.018750,-89.542061,-4.993715,-7.966609,-22.199156,-80.292953,-22.254990
7.025000,-83.511665,-4.996831,-6.152479,-22.005598,-73.236778,-22.289856
7.031250,-77.479897,-4.999922,-4.773950,-21.798273,-64.122757,-22.426077
7.037500,-71.444641,-5.002740,-4.174199,-21.600103,-53.239494,-22.654863
7.043750,-65.407616,-5.005361,-4.695878,-21.447195,-40.783707,-22.943115
7.050000,-59.370781,-5.008013,-6.536227,-21.358149,-27.168867,-23.243294
7.056250,-53.335110,-5.010938,-6.792500,-21.251768,-12.940389,-23.565876
7.062500,-47.299599,-5.014252,-9.717818,-21.202177,0.680469,-23.924278
7.068750,-41.261402,-5.017567,-13.083465,-21.238070,15.542020,-24.294321
7.075000,-35.217899,-5.020114,-16.804707,-21.374178,29.528200,-24.667028
7.081250,-29.170895,-5.021943,-20.786270,-21.620127,42.463196,-25.037552
7.087500,-23.124962,-5.023554,-24.923742,-21.976170,54.241470,-25.401690
7.093750,-17.080914,-5.025099,-29.073750,-22.430548,64.844063,-25.755379
7.100000,-11.035889,-5.026011,-33.093578,-22.962019,72.443192,-26.086330
7.106250,-4.988750,-5.026000,-36.865711,-23.541685,78.836891,-26.372976
7.112500,1.056686,-5.025301,-40.299034,-24.128817,83.620003,-26.611551
7.118750,7.096533,-5.024460,-43.416725,-24.726057,86.422722,-26.808134
7.125000,13.131062,-5.023661,-44.208107,-25.320875,87.059814,-26.962942
7.131250,19.161955,-5.022794,-45.717239,-25.879438,85.515350,-27.071486
7.137500,25.190128,-5.021793,-45.815220,-26.381552,81.895500,-27.125380
7.143750,31.215418,-5.020656,-44.699677,-26.827436,76.409554,-27.114883
7.150000,37.236832,-5.019424,-42.663723,-27.232401,69.376297,-27.019066
7.156250,43.252129,-5.018759,-38.767441,-27.488878,61.228821,-26.790848
7.162500,49.260975,-5.019347,-34.651295,-27.656630,52.574577,-26.489796
7.168750,55.267307,-5.020824,-30.263353,-27.754625,42.385670,-26.128923
7.175000,61.277447,-5.022159,-25.765001,-27.795717,32.259327,-25.700449
7.181250,67.292763,-5.022815,-21.348175,-27.787119,22.451616,-25.215935
7.187500,73.307030,-5.023794,-16.928503,-27.734694,13.273107,-24.697220
7.193750,79.316154,-5.025840,-12.452717,-27.644932,5.032386,-24.175024
7.200000,85.324402,-5.028399,-8.150085,-27.524582,-1.998004,-23.699757
7.206250,91.337898,-5.030744,-4.240603,-27.380417,-7.615289,-23.272974
7.212500,95.460335,-5.033007,-0.923464,-27.218328,-12.373254,-22.867441
7.218750,99.309067,-5.035752,1.652978,-27.035788,-15.512226,-22.541018
7.225000,102.351410,-5.039076,3.408027,-26.811922,-17.128523,-22.318127
7.231250,104.098358,-5.042566,4.309970,-26.532413,-17.464399,-22.204077
7.237500,104.123795,-5.046177,3.365413,-26.295521,-16.871807,-22.202162
7.243750,102.086105,-5.049970,3.582699,-26.053755,-15.740304,-22.301544
7.250000,97.749374,-5.053432,1.659325,-25.801664,-14.372753,-22.483376
7.256250,90.992180,-5.056133,-0.281929,-25.545807,-13.134665,-22.728247
7.262500,81.811737,-5.058520,-2.259322,-25.291161,-12.370231,-23.012897
7.268750,70.324295,-5.061198,-4.232716,-25.037811,-12.379130,-23.307289
7.275000,56.767418,-5.064732,-6.192653,-24.791702,-13.433654,-23.579899
7.281250,41.485619,-5.068509,-8.154010,-24.559855,-13.632047,-23.809298
7.287500,24.910183,-5.071865,-10.102001,-24.345261,-14.601737,-23.989395
7.293750,7.532548,-5.074567,-12.031963,-24.152937,-15.967739,-24.109413
7.300000,-10.117106,-5.076555,-13.946774,-23.984354,-17.266472,-24.147625
7.306250,-27.494503,-5.078008,-15.796453,-23.827738,-18.073658,-24.092382
7.312500,-44.071266,-5.079504,-15.397615,-23.675663,-18.115337,-23.951197
7.318750,-59.356514,-5.081708,-16.075060,-23.523996,-17.129210,-23.737030
7.325000,-72.922401,-5.084881,-15.695748,-23.350496,-14.878460,-23.464499
7.331250,-84.422264,-5.088755,-14.267696,-23.115116,-11.200373,-23.156830
7.337500,-93.614967,-5.092804,-13.295296,-22.920052,-6.035131,-22.842388
7.343750,-100.378662,-5.096553,-11.763455,-22.718409,0.591561,-22.550053
7.350000,-104.714462,-5.099895,-10.215667,-22.505617,8.535276,-22.301826
7.356250,-106.746521,-5.103055,-9.030473,-22.290047,17.511198,-22.118847
7.362500,-106.714470,-5.106700,-8.501594,-22.076876,27.219908,-22.040344
7.368750,-104.958824,-5.110887,-6.673018,-21.868065,37.330181,-22.130205
7.375000,-101.903000,-5.115217,-5.136015,-21.679173,47.948849,-22.262535
7.381250,-98.035759,-5.119196,-5.476440,-21.526628,56.496204,-22.475172
7.387500,-93.890221,-5.122465,-5.700507,-21.421509,64.131592,-22.790024
7.393750,-87.848259,-5.125333,-5.971880,-21.368336,70.980011,-23.245478
7.400000,-81.807747,-5.127978,-6.448637,-21.367943,75.907562,-23.781013
7.406250,-75.767914,-5.130513,-7.312098,-21.417967,78.566132,-24.352598
7.412500,-69.728195,-5.132892,-8.751721,-21.516073,78.756310,-24.917559
7.418750,-63.687847,-5.134839,-11.009864,-21.667788,76.366234,-25.443560
7.425000,-57.646439,-5.136012,-14.415179,-21.869709,71.363411,-25.909510
7.431250,-51.606838,-5.136871,-17.194613,-22.102787,63.893597,-26.291208
7.437500,-45.573166,-5.138385,-20.848803,-22.377409,54.246033,-26.568916
7.443750,-39.545097,-5.140821,-25.021246,-22.700262,42.783276,-26.730001
7.450000,-33.515251,-5.143617,-29.489107,-23.075348,29.953234,-26.771688
7.456250,-27.479729,-5.145651,-34.095055,-23.503225,16.275984,-26.698353
7.462500,-21.439508,-5.147085,-38.676918,-23.979921,2.350441,-26.516254
7.468750,-15.400562,-5.148417,-43.085880,-24.498796,-11.182546,-26.230501
7.475000,-9.363092,-5.149752,-47.166908,-25.041746,-23.704477,-25.848984
7.481250,-3.324655,-5.150657,-50.756176,-25.583469,-34.719120,-25.404673
7.487500,2.714492,-5.151102,-53.867653,-26.129745,-43.826786,-24.937582
7.493750,8.752843,-5.151267,-56.517456,-26.680536,-50.563587,-24.475508
7.500000,14.789661,-5.151052,-58.313465,-27.225683,-54.566540,-24.044649
7.506250,20.826649,-5.150089,-58.877098,-27.746861,-55.604252,-23.664640
7.512500,26.860809,-5.148661,-58.168301,-28.222748,-55.443226,-23.343382
7.518750,32.887737,-5.147549,-56.249142,-28.642706,-52.512829,-23.090168
7.525000,38.907768,-5.146919,-53.233696,-28.993649,-47.519962,-22.907475
7.531250,44.924988,-5.146262,-49.234486,-29.259300,-41.164764,-22.796034
7.537500,50.940701,-5.145529,-44.418510,-29.422478,-34.112720,-22.751617
7.543750,56.950275,-5.145447,-39.023457,-29.474510,-27.077206,-22.739317
7.550000,62.952637,-5.146523,-33.375172,-29.422012,-20.783432,-22.683498
7.556250,68.952347,-5.148473,-27.769472,-29.267696,-16.473177,-22.702209
7.562500,74.953644,-5.150890,-20.284584,-29.016035,-12.339535,-22.727127
7.568750,80.955025,-5.154018,-14.455377,-28.678928,-10.028743,-22.726444
7.575000,86.956657,-5.157920,-8.399831,-28.265509,-9.414831,-22.689152
7.581250,92.961601,-5.162135,-2.412262,-27.788532,-10.382586,-22.624210
7.587500,97.077499,-5.166028,3.170247,-27.271357,-12.664686,-22.545721
7.593750,100.924423,-5.169651,8.077371,-26.731808,-15.859825,-22.468416
7.600000,103.966324,-5.173288,12.173630,-26.179457,-19.492344,-22.411695
7.606250,105.710274,-5.176958,15.479929,-25.636618,-23.022381,-22.387358
7.612500,105.730782,-5.180643,18.269289,-25.136797,-25.790836,-22.376472
7.618750,103.686691,-5.184486,20.691639,-24.681688,-29.219398,-22.394751
7.625000,99.340515,-5.188486,21.051224,-24.271410,-31.341421,-22.455051
7.631250,92.573296,-5.192089,21.274317,-23.909859,-32.285015,-22.557877
7.637500,83.386024,-5.194931,21.195316,-23.597290,-32.227543,-22.695936
7.643750,71.895706,-5.197342,20.699680,-23.328243,-31.418062,-22.858799
7.650000,58.335060,-5.200332,19.696503,-23.093262,-30.205965,-23.043352
7.656250,43.044498,-5.204241,18.082331,-22.886240,-29.008877,-23.253077
7.662500,26.456631,-5.208682,15.734855,-22.709690,-28.241732,-23.494772
7.668750,9.067010,-5.212990,12.620060,-22.552481,-28.378292,-23.779034
7.675000,-8.592491,-5.217463,8.747857,-22.401510,-28.310106,-24.033718
7.681250,-25.978300,-5.222133,6.306015,-22.239246,-30.129349,-24.287146
7.687500,-42.555927,-5.226941,3.900172,-22.063068,-33.666134,-24.556742
7.693750,-57.831272,-5.231299,0.077706,-21.883692,-36.876499,-24.858482
7.700000,-71.378304,-5.235050,-3.080798,-21.707312,-41.198521,-25.195442
7.706250,-82.859505,-5.238631,-5.648645,-21.541471,-46.162365,-25.563787
7.712500,-92.040016,-5.242426,-7.753531,-21.396141,-51.325344,-25.957335
7.718750,-98.797058,-5.246296,-9.552210,-21.285315,-56.309998,-26.368559
7.725000,-103.127045,-5.249758,-11.209291,-21.227386,-60.779839,-26.787777
7.731250,-105.150970,-5.252596,-12.880165,-21.239193,-64.448517,-27.199594
7.737500,-105.109344,-5.254892,-14.592982,-21.300760,-67.077835,-27.579668
7.743750,-103.345169,-5.256913,-16.423609,-21.412157,-68.512589,-27.902569
7.750000,-100.286072,-5.259118,-16.476234,-21.584023,-68.751556,-28.162298
7.756250,-96.424080,-5.261542,-18.149231,-21.821356,-67.872658,-28.350779
7.762500,-92.289413,-5.264047,-19.408810,-22.124640,-65.883942,-28.452173
7.768750,-86.258751,-5.266313,-20.375547,-22.480394,-62.866489,-28.449284
7.775000,-80.226898,-5.268034,-21.191879,-22.869156,-58.976433,-28.326506
7.781250,-74.195946,-5.269609,-22.095043,-23.272236,-54.436150,-28.068007
7.787500,-68.168915,-5.271843,-23.386024,-23.667761,-49.548489,-27.669891
7.793750,-62.146275,-5.274957,-25.436886,-24.034348,-44.786251,-27.170929
7.800000,-56.121059,-5.278237,-28.609138,-24.359896,-38.323460,-26.583750
7.806250,-50.089050,-5.280678,-31.022318,-24.641163,-31.734253,-25.924019
7.812500,-44.053276,-5.282350,-34.313992,-24.876753,-24.833838,-25.220860
7.818750,-38.020634,-5.284297,-38.239372,-25.066664,-17.461763,-24.511805
7.825000,-31.993208,-5.287107,-42.557884,-25.213734,-9.449921,-23.836538
7.831250,-25.965925,-5.290270,-47.036011,-25.324129,-2.473757,-23.210094
7.837500,-19.932699,-5.293036,-51.418232,-25.398615,5.364209,-22.637964
7.843750,-13.895291,-5.295358,-55.454662,-25.436853,13.578818,-22.134579
7.850000,-7.857831,-5.297813,-58.965370,-25.449043,21.859381,-21.693275
7.856250,-1.819900,-5.300088,-61.800800,-25.444870,28.197334,-21.390173
7.862500,4.222192,-5.301856,-63.855240,-25.441698,33.906116,-21.205107
7.868750,10.267308,-5.302737,-65.052063,-25.453936,38.364594,-21.124285
7.875000,16.313124,-5.303170,-65.033844,-25.487103,41.341736,-21.130726
7.881250,22.358084,-5.303016,-63.470337,-25.537193,42.768864,-21.204712
7.887500,28.402863,-5.301814,-60.414352,-25.597824,42.679821,-21.334419
7.893750,34.446301,-5.299654,-56.026417,-25.668123,41.204369,-21.509220
7.900000,40.482773,-5.297518,-50.533249,-25.741686,38.627705,-21.713675
7.906250,46.509182,-5.296095,-44.170567,-25.803112,35.341396,-21.929844
7.912500,52.529198,-5.295167,-37.227909,-25.834143,31.785545,-22.141335
7.918750,58.547611,-5.295167,-30.149723,-25.834143,28.416752,-22.141335
7.925000,58.547611,-5.295167,-30.149723,-25.834143,28.416752,-22.141335
7.931250,58.547611,-5.295167,-30.149723,-25.834143,28.416752,-22.141335
7.937500,58.547611,-5.295167,-30.149723,-25.834143,28.416752,-22.141335
7.943750,58.547611,-5.295167,-30.149723,-25.834143,28.416752,-22.141335
7.950000,58.547611,-5.295167,-30.149723,-25.834143,28.416752,-22.141335
7.956250,58.547611,-5.295167,-30.149723,-25.834143,28.416752,-22.141335
7.962500,58.547611,-5.295167,-30.149723,-25.834143,28.416752,-22.141335
7.968750,58.547611,-5.295167,-30.149723,-25.834143,28.416752,-22.141335
7.975000,58.547611,-5.295167,-30.149723,-25.834143,28.416752,-22.141335
7.981250,58.547611,-5.295167,-30.149723,-25.834143,28.416752,-22.141335
7.987500,58.547611,-5.295167,-30.149723,-25.834143,28.416752,-22.141335
7.993750,58.547611,-5.295167,-30.149723,-25.834143,28.416752,-22.141335
8.000000,58.547611,-5.295167,-30.149723,-25.834143,28.416752,-22.141335
