Anritsu VNA Frequency[GHz],S21[deg],S21[dB],S11[deg],S11[dB],S22[deg],S22[dB]
1338075294.94,2012_05_27_00:34:54,+41.053,+10.329,+56.047,+10.346,+13.970,+13.782,+14.078,+13.833,10.449697,-18.036
3.006250,34.078804,-1.752461,59.364571,-26.641563,-80.133751,-27.444298
3.012500,34.078804,-1.752461,59.364571,-26.641563,-80.133751,-27.444298
3.018750,34.078804,-1.752461,59.364571,-26.641563,-80.133751,-27.444298
3.025000,34.078804,-1.752461,59.364571,-26.641563,-80.133751,-27.444298
3.031250,34.078804,-1.752461,59.364571,-26.641563,-80.133751,-27.444298
3.037500,34.078804,-1.752461,59.364571,-26.641563,-80.133751,-27.444298
3.043750,34.078804,-1.752461,59.364571,-26.641563,-80.133751,-27.444298
3.050000,34.078804,-1.752461,59.364571,-26.641563,-80.133751,-27.444298
3.056250,34.078804,-1.752461,59.364571,-26.641563,-80.133751,-27.444298
3.062500,34.078804,-1.752461,59.364571,-26.641563,-80.133751,-27.444298
3.068750,34.078804,-1.752461,59.364571,-26.641563,-80.133751,-27.444298
3.075000,34.078804,-1.752461,59.364571,-26.641563,-80.133751,-27.444298
3.081250,34.078804,-1.752461,59.364571,-26.641563,-80.133751,-27.444298
3.087500,34.078804,-1.752461,59.364571,-26.641563,-80.133751,-27.444298
3.093750,34.078804,-1.754382,59.364571,-26.440489,-80.133751,-27.195168
3.100000,39.985329,-1.756684,56.686199,-26.288074,-82.157738,-26.964035
3.106250,45.892132,-1.758982,53.123573,-26.207361,-82.560707,-26.752174
3.112500,51.799252,-1.761366,49.042202,-26.218416,-80.981750,-26.533550
3.118750,57.705708,-1.763962,43.038101,-26.262121,-79.262672,-26.234852
3.125000,63.610794,-1.766665,38.230091,-26.306004,-75.222275,-25.975965
3.131250,69.515717,-1.769495,33.836052,-26.376431,-69.051949,-25.689957
3.137500,75.419449,-1.772623,30.111044,-26.474966,-61.159496,-25.367535
3.143750,81.321785,-1.776296,27.263407,-26.593424,-51.729980,-25.016432
3.150000,87.224777,-1.780237,25.475992,-26.717388,-40.921570,-24.649092
3.156250,93.130653,-1.783874,24.865295,-26.832247,-28.905621,-24.283701
3.162500,97.144341,-1.787257,25.500038,-26.925018,-15.885239,-23.944193
3.168750,100.884674,-1.790715,27.397142,-26.987938,-2.069653,-23.679703
3.175000,103.818748,-1.794389,30.603033,-26.998941,10.482873,-23.434608
3.181250,105.455696,-1.798141,33.358704,-26.945461,23.809368,-23.211996
3.187500,105.370514,-1.801660,37.132053,-26.845047,36.589764,-23.043537
3.193750,103.221802,-1.804929,41.220245,-26.709585,48.327236,-22.944929
3.200000,98.772179,-1.807873,45.051445,-26.546711,58.603786,-22.919451
3.206250,91.899704,-1.810405,48.141884,-26.366957,67.038727,-22.967621
3.212500,82.602859,-1.812758,50.074730,-26.184265,73.318634,-23.097759
3.218750,71.001625,-1.815328,50.538769,-26.008720,77.223152,-23.291998
3.225000,57.334579,-1.817725,51.532898,-25.834627,78.375305,-23.495485
3.231250,41.944542,-1.819582,51.595123,-25.662003,76.944420,-23.716642
3.237500,25.256945,-1.821150,49.233395,-25.490700,74.937904,-23.947596
3.243750,7.759817,-1.823009,46.555332,-25.298635,70.773071,-24.165201
3.250000,-10.014336,-1.825469,43.434471,-25.126675,65.054642,-24.350626
3.256250,-27.514908,-1.828083,39.518478,-24.986162,58.333927,-24.502611
3.262500,-44.207279,-1.830314,35.036003,-24.861004,51.240967,-24.610218
3.268750,-59.600372,-1.832266,29.930319,-24.747686,44.472244,-24.664793
3.275000,-73.270309,-1.834325,24.079752,-24.644958,38.611034,-24.666527
3.281250,-84.877441,-1.836786,17.375181,-24.543808,34.162472,-24.622660
3.287500,-94.182732,-1.839639,9.728290,-24.431547,31.511082,-24.546574
3.293750,-101.062119,-1.842596,1.099867,-24.270100,30.912687,-24.439503
3.300000,-105.515533,-1.845452,-6.329132,-24.103159,32.525043,-24.302637
3.306250,-107.663635,-1.848053,-14.982934,-23.969795,36.326714,-24.162386
3.312500,-107.744446,-1.850363,-23.638781,-23.849937,42.139111,-24.049847
3.318750,-106.099495,-1.852625,-32.005985,-23.751331,49.701244,-23.986185
3.325000,-103.156334,-1.854639,-39.822701,-23.691189,58.665546,-23.982100
3.331250,-99.406204,-1.856300,-46.828972,-23.693821,68.601242,-24.040646
3.337500,-95.382118,-1.857569,-52.842548,-23.827341,78.995155,-24.160036
3.343750,-89.463188,-1.858425,-57.871525,-23.988110,89.308388,-24.325283
3.350000,-83.544754,-1.858907,-62.294296,-24.209576,97.144699,-24.480867
3.356250,-77.626968,-1.859082,-65.724258,-24.534307,105.734421,-24.680454
3.362500,-71.711151,-1.859062,-66.439026,-24.984339,111.978546,-24.931377
3.368750,-65.797302,-1.858770,-66.081596,-25.540941,116.006126,-25.222431
3.375000,-59.883919,-1.857887,-64.531937,-26.177284,117.418015,-25.599192
3.381250,-53.972443,-1.856604,-61.804962,-26.859369,116.042023,-25.935444
3.387500,-48.067616,-1.855722,-57.992104,-27.548729,112.517517,-26.259190
3.393750,-42.168777,-1.855659,-53.254898,-28.200474,106.278572,-26.563078
3.400000,-36.272144,-1.855920,-47.814568,-28.772108,97.887550,-26.839581
3.406250,-30.374691,-1.856009,-42.002811,-29.242409,88.349037,-27.119516
3.412500,-24.477423,-1.856290,-36.150948,-29.586302,78.331161,-27.368998
3.418750,-18.585081,-1.857436,-28.319878,-29.782200,66.471298,-27.566498
3.425000,-12.695592,-1.859572,-22.053289,-29.825665,55.056858,-27.706160
3.431250,-6.803133,-1.861839,-15.500542,-29.732075,44.519588,-27.793699
3.437500,-0.906734,-1.864012,-8.918328,-29.485722,35.313652,-27.832474
3.443750,4.989544,-1.866846,-2.327960,-29.084345,28.124363,-27.771889
3.450000,10.884299,-1.870611,3.755587,-28.573584,21.227947,-27.640213
3.456250,16.783094,-1.874611,9.164644,-27.992617,16.404594,-27.450672
3.462500,22.690407,-1.877982,13.896696,-27.384901,13.360772,-27.205303
3.468750,28.602802,-1.880709,18.034369,-26.796265,11.780610,-26.901983
3.475000,34.515430,-1.883201,21.685820,-26.292471,11.313432,-26.555792
3.481250,40.427521,-1.885545,25.107397,-25.826096,11.565849,-26.182009
3.487500,46.338932,-1.887968,27.044106,-25.426832,12.174736,-25.775124
3.493750,52.248543,-1.890796,28.874542,-25.131042,12.701885,-25.342768
3.500000,58.157207,-1.894037,30.428904,-24.943769,12.710984,-24.896832
3.506250,64.068817,-1.897050,31.607254,-24.850637,11.872762,-24.447678
3.512500,69.984299,-1.899253,32.314690,-24.818943,9.916980,-24.004538
3.518750,75.899841,-1.901246,32.526196,-24.754820,6.640175,-23.572651
3.525000,81.809097,-1.904120,32.405231,-24.739267,1.891089,-23.158445
3.531250,87.713852,-1.908097,32.520081,-24.726767,-2.307205,-22.776203
3.537500,93.621033,-1.912307,32.524147,-24.681684,-7.409896,-22.442352
3.543750,97.639236,-1.916218,32.660824,-24.593805,-12.994073,-22.152647
3.550000,101.386940,-1.920323,33.265522,-24.436586,-18.775015,-21.870899
3.556250,104.328003,-1.925139,32.784271,-24.211327,-24.276432,-21.543777
3.562500,105.974060,-1.930263,32.923328,-23.947165,-29.203659,-21.302162
3.568750,105.904793,-1.934583,33.337254,-23.670870,-32.351929,-21.131954
3.575000,103.779289,-1.937519,33.750771,-23.409668,-34.715290,-21.033255
3.581250,99.354515,-1.939435,33.877007,-23.197821,-36.030151,-21.020292
3.587500,92.504646,-1.940915,33.459747,-23.071312,-36.312531,-21.052898
3.593750,83.229446,-1.941989,32.390335,-23.019579,-35.438511,-21.153578
3.600000,71.654724,-1.942026,30.604481,-23.055170,-33.252670,-21.337025
3.606250,58.017399,-1.940716,29.953781,-23.191454,-29.911547,-21.596853
3.612500,42.653217,-1.938506,28.984905,-23.414053,-25.690258,-21.906940
3.618750,25.985935,-1.935909,28.105219,-23.740068,-20.985722,-22.242859
3.625000,8.509337,-1.932673,27.424974,-24.180887,-16.584171,-22.645510
3.631250,-9.242914,-1.928599,27.549955,-24.699020,-10.684690,-23.077995
3.637500,-26.727251,-1.924188,28.787836,-25.259094,-5.010021,-23.512480
3.643750,-43.415432,-1.920116,31.276806,-25.823858,0.412499,-23.928844
3.650000,-58.814289,-1.916736,33.153290,-26.348652,5.497507,-24.309895
3.656250,-72.493370,-1.913920,35.978218,-26.757896,10.157934,-24.638691
3.662500,-84.111183,-1.911876,38.930065,-27.097162,14.295997,-24.910706
3.668750,-93.430252,-1.910751,42.919991,-27.344896,17.770224,-25.132610
3.675000,-100.326653,-1.910259,46.278313,-27.472712,20.495312,-25.303001
3.681250,-104.798050,-1.909902,48.730145,-27.477856,22.417168,-25.420052
3.687500,-106.967926,-1.910064,50.032631,-27.373112,23.459568,-25.486916
3.693750,-107.076141,-1.911462,50.038841,-27.184422,23.569515,-25.512636
3.700000,-105.461685,-1.913985,48.755276,-26.917044,22.751974,-25.508364
3.706250,-102.545113,-1.916726,46.328014,-26.589396,21.143433,-25.466587
3.712500,-98.817001,-1.919192,42.751812,-26.239895,18.958279,-25.381054
3.718750,-94.815300,-1.921960,36.317066,-25.896128,16.346230,-25.256342
3.725000,-88.920326,-1.925367,28.947485,-25.574181,13.642256,-25.108969
3.731250,-83.023262,-1.928812,20.373928,-25.318350,11.449854,-24.976484
3.737500,-77.121300,-1.931796,12.536947,-25.151695,10.182622,-24.870941
3.743750,-71.216927,-1.934484,4.182071,-25.060673,10.250056,-24.816015
3.750000,-65.313675,-1.937235,-4.133224,-25.033205,10.240278,-24.725525
3.756250,-59.411869,-1.939945,-12.013963,-25.064724,10.149867,-24.620337
3.762500,-53.508820,-1.942396,-19.035324,-25.134487,11.298761,-24.500448
3.768750,-47.605846,-1.944875,-24.762041,-25.206772,13.422635,-24.415131
3.775000,-41.704460,-1.947641,-28.961107,-25.293066,16.068275,-24.352961
3.781250,-35.803192,-1.950461,-31.523134,-25.379982,18.634586,-24.298523
3.787500,-29.900646,-1.952987,-32.097389,-25.447607,20.759426,-24.244999
3.793750,-23.997942,-1.955618,-30.597837,-25.510469,22.133137,-24.195984
3.800000,-18.096943,-1.958629,-28.945765,-25.513573,22.561962,-24.143822
3.806250,-12.196705,-1.961979,-24.790007,-25.429924,22.061518,-24.052570
3.812500,-6.294924,-1.965502,-19.647753,-25.299683,20.497984,-23.930550
3.818750,-0.392630,-1.969342,-14.059424,-25.140200,17.760948,-23.787594
3.825000,5.510308,-1.973492,-8.565593,-24.965385,13.981688,-23.631174
3.831250,11.417564,-1.977330,-1.513893,-24.789774,9.427146,-23.472179
3.837500,17.328291,-1.980632,5.280927,-24.627171,4.420375,-23.347685
3.843750,23.238838,-1.984038,11.971845,-24.472744,-0.697507,-23.211691
3.850000,29.146431,-1.987941,16.875298,-24.320501,-6.617971,-23.046370
3.856250,35.055130,-1.991626,21.667179,-24.179861,-12.143344,-22.891127
3.862500,40.967850,-1.994582,25.927946,-24.048883,-17.255995,-22.754982
3.868750,46.880085,-1.997393,29.326706,-23.914553,-21.935835,-22.634789
3.875000,52.785660,-2.001283,31.544636,-23.754864,-26.208206,-22.519590
3.881250,58.687084,-2.006400,32.224358,-23.575550,-30.143042,-22.393358
3.887500,64.592148,-2.011655,30.976498,-23.378239,-33.928967,-22.260540
3.893750,70.503761,-2.016423,27.721766,-23.145615,-37.821182,-22.126297
3.900000,76.417076,-2.021456,24.537619,-22.867279,-41.951389,-21.982954
3.906250,82.327217,-2.027586,19.975878,-22.543060,-44.626678,-21.828598
3.912500,88.237511,-2.034702,14.507872,-22.174423,-47.715813,-21.658779
3.918750,94.154549,-2.042210,8.594424,-21.769140,-50.928089,-21.461084
3.925000,98.185097,-2.049522,2.606390,-21.354668,-54.021511,-21.207537
3.931250,101.950592,-2.056429,-3.114664,-20.956163,-57.050179,-20.987675
3.937500,104.917015,-2.062887,-8.143006,-20.594208,-57.830624,-20.798037
3.943750,106.591522,-2.068684,-12.152259,-20.291840,-57.433834,-20.647238
3.950000,106.548332,-2.073356,-14.920548,-20.070921,-55.392654,-20.548672
3.956250,104.446259,-2.076329,-16.323860,-19.949736,-51.349960,-20.518112
3.962500,100.045288,-2.077580,-16.305561,-19.938389,-45.056252,-20.567738
3.968750,93.220612,-2.077377,-14.860560,-20.034456,-36.373619,-20.705969
3.975000,83.969215,-2.075835,-13.939098,-20.204220,-25.305412,-20.943569
3.981250,72.411613,-2.073026,-9.851984,-20.496750,-12.014331,-21.309927
3.987500,58.783699,-2.069084,-5.508272,-20.897217,1.892542,-21.717508
3.993750,43.423923,-2.064307,-0.231671,-21.361443,17.065125,-22.228060
4.000000,26.758772,-2.058893,5.335875,-21.884926,32.699856,-22.849291
4.006250,9.280770,-2.052844,10.844902,-22.451563,47.939564,-23.611677
4.012500,-8.479897,-2.046634,16.026808,-23.033321,61.722599,-24.373272
4.018750,-25.978897,-2.041163,20.631475,-23.597380,74.697662,-25.109491
4.025000,-42.682720,-2.036581,24.373882,-24.128696,84.933128,-25.855961
4.031250,-58.094193,-2.032461,29.117197,-24.617136,93.339165,-26.616747
4.037500,-71.784874,-2.028944,31.492725,-25.041763,99.037346,-27.337839
4.043750,-83.416756,-2.026673,33.543026,-25.390024,102.311691,-27.989271
4.050000,-92.751213,-2.025792,35.121433,-25.661695,103.558685,-28.553926
4.056250,-99.660683,-2.025273,36.159817,-25.847057,103.303391,-29.022497
4.062500,-104.142212,-2.024524,36.732632,-25.928339,100.348145,-29.361469
4.068750,-106.324097,-2.024503,36.786766,-25.922487,97.093231,-29.557367
4.075000,-106.448402,-2.026439,36.340015,-25.846670,93.595589,-29.617792
4.081250,-104.848785,-2.029634,35.572151,-25.714186,90.082642,-29.547094
4.087500,-101.942886,-2.032672,34.739616,-25.534033,84.717514,-29.346270
4.093750,-98.222687,-2.035061,34.145164,-25.315050,79.227654,-29.021526
4.100000,-94.230133,-2.037683,32.207687,-25.071850,73.468704,-28.593355
4.106250,-88.346825,-2.041145,30.921730,-24.808649,67.343086,-28.100653
4.112500,-82.463905,-2.045178,30.189995,-24.517950,60.932140,-27.502279
4.118750,-76.577942,-2.049519,29.755394,-24.215548,54.409889,-26.833624
4.125000,-70.690216,-2.054519,29.326084,-23.916826,47.512924,-26.135160
4.131250,-64.801376,-2.060124,28.733177,-23.630947,40.390774,-25.437338
4.137500,-58.907887,-2.065832,27.862810,-23.361666,33.239941,-24.763411
4.143750,-53.007919,-2.071259,26.630192,-23.107885,26.275238,-24.131046
4.150000,-47.105339,-2.076703,24.949411,-22.868402,19.687981,-23.553343
4.156250,-41.202450,-2.082599,24.915625,-22.639788,13.651849,-23.030567
4.162500,-35.298004,-2.088857,25.120983,-22.410995,8.311896,-22.575521
4.168750,-29.390276,-2.095241,24.142151,-22.171904,5.364350,-22.191475
4.175000,-23.478355,-2.101745,23.848993,-21.940763,2.265875,-21.876499
4.181250,-17.562529,-2.108205,24.043432,-21.722551,0.724241,-21.623728
4.187500,-11.642293,-2.114359,24.526983,-21.522079,0.614813,-21.373449
4.193750,-5.717431,-2.120151,25.075594,-21.345510,1.976589,-21.234209
4.200000,0.211242,-2.125333,25.459785,-21.200775,2.929075,-21.179367
4.206250,6.143288,-2.129583,25.464771,-21.094870,4.132071,-21.186766
4.212500,12.077653,-2.132738,24.925505,-21.025023,6.616150,-21.213284
4.218750,18.010965,-2.135133,25.903639,-20.980679,8.152010,-21.263533
4.225000,23.940378,-2.137233,24.990736,-20.957163,8.734624,-21.337671
4.231250,29.865662,-2.139179,24.167091,-20.943130,8.216928,-21.421627
4.237500,35.788567,-2.140853,23.223087,-20.938335,6.432403,-21.492273
4.243750,41.708778,-2.142242,21.824493,-20.958899,5.297053,-21.559238
4.250000,47.627666,-2.143258,19.810633,-20.989973,3.191414,-21.621603
4.256250,53.544628,-2.143849,17.037605,-21.013979,0.641246,-21.662954
4.262500,59.457073,-2.144516,13.275245,-21.016626,-1.940779,-21.672041
4.268750,65.362434,-2.145905,8.323015,-20.987139,-4.200516,-21.638807
4.275000,71.261269,-2.148440,2.001405,-20.918364,-5.825044,-21.556150
4.281250,77.159569,-2.151585,-3.684205,-20.797665,-6.544160,-21.411928
4.287500,83.060150,-2.155170,-10.263371,-20.622725,-6.158039,-21.177551
4.293750,88.960205,-2.159906,-17.479677,-20.416168,-4.761235,-20.923109
4.300000,94.860054,-2.165977,-24.959532,-20.179855,-2.632706,-20.651203
4.306250,98.871918,-2.172234,-32.259838,-19.917091,0.423119,-20.359215
4.312500,102.622520,-2.177649,-39.063934,-19.638731,4.200345,-20.056929
4.318750,105.574493,-2.182574,-45.102245,-19.359228,8.432984,-19.757843
4.325000,107.227394,-2.187981,-50.172371,-19.099707,12.815410,-19.479824
4.331250,107.156624,-2.193772,-54.128635,-18.883144,17.038273,-19.237654
4.337500,105.028343,-2.198864,-56.872528,-18.754862,20.829321,-19.034237
4.343750,100.606316,-2.202759,-58.414654,-18.631866,23.967148,-18.812054
4.350000,93.764595,-2.205733,-57.781578,-18.577827,25.987135,-18.694012
4.356250,84.500946,-2.207621,-55.843380,-18.630571,28.542292,-18.661625
4.362500,72.937363,-2.207923,-52.405064,-18.788992,30.398243,-18.724852
4.368750,59.308525,-2.207041,-47.556606,-19.045425,31.909262,-18.910263
4.375000,43.948696,-2.205728,-41.501415,-19.386589,33.329258,-19.158949
4.381250,27.285326,-2.203938,-34.514629,-19.791388,34.698528,-19.451288
4.387500,9.814975,-2.201023,-26.919813,-20.233469,36.826233,-19.795132
4.393750,-7.931098,-2.197241,-19.130116,-20.696409,38.038242,-20.218454
4.400000,-25.413740,-2.193789,-11.602327,-21.167364,39.893013,-20.696623
4.406250,-42.099762,-2.190806,-2.539454,-21.628660,41.970722,-21.203255
4.412500,-57.491096,-2.187453,4.475171,-22.066702,43.979382,-21.719713
4.418750,-71.159912,-2.183853,11.286316,-22.475590,45.701939,-22.232630
4.425000,-82.770645,-2.180898,17.717985,-22.794821,47.053944,-22.694176
4.431250,-92.087456,-2.179023,23.603802,-23.023182,48.046101,-23.076097
4.437500,-98.982819,-2.177518,28.555058,-23.172480,48.445885,-23.375006
4.443750,-103.454369,-2.176205,32.520618,-23.250044,48.250656,-23.584032
4.450000,-105.628029,-2.175962,35.567047,-23.257635,47.588291,-23.695757
4.456250,-105.741806,-2.177222,37.823715,-23.200186,46.628582,-23.708891
4.462500,-104.130058,-2.179242,39.492134,-23.087641,45.553284,-23.629442
4.468750,-101.215599,-2.181575,40.861881,-22.939409,44.583298,-23.479961
4.475000,-97.493927,-2.184657,40.417000,-22.754292,44.016907,-23.245836
4.481250,-93.499306,-2.188606,40.319344,-22.525391,42.580093,-22.913702
4.487500,-87.604439,-2.192554,40.234695,-22.284765,41.804237,-22.529898
4.493750,-81.704308,-2.196174,39.970791,-22.053883,41.389561,-22.124504
4.500000,-75.805191,-2.200665,39.461647,-21.843662,41.119926,-21.718895
4.506250,-69.908943,-2.206757,38.681446,-21.654753,40.788197,-21.327717
4.512500,-64.007553,-2.215270,37.623024,-21.474945,40.176025,-20.960430
4.518750,-58.080063,-2.220671,36.284748,-21.252035,39.038239,-20.626760
4.525000,-52.157291,-2.225129,34.681187,-21.064800,37.058189,-20.362022
4.531250,-46.235382,-2.229874,33.935131,-20.927149,33.786823,-20.155045
4.537500,-40.315540,-2.235202,33.511753,-20.793909,30.588150,-19.982996
4.543750,-34.390049,-2.240317,32.004536,-20.654144,25.957367,-19.857023
4.550000,-28.456087,-2.244368,31.142183,-20.534216,20.222620,-19.753500
4.556250,-22.516876,-2.247530,30.633957,-20.456850,13.778296,-19.730835
4.562500,-16.576092,-2.250176,30.263643,-20.441099,7.347370,-19.807096
4.568750,-10.634391,-2.252306,29.805391,-20.512993,0.899636,-19.980108
4.575000,-4.690039,-2.253589,29.030357,-20.727011,-5.379325,-20.195807
4.581250,1.257932,-2.253690,27.750711,-21.009817,-11.182735,-20.465948
4.587500,7.206229,-2.252518,24.712263,-21.376190,-15.998215,-20.802784
4.593750,13.152870,-2.250384,22.772348,-21.846655,-19.643303,-21.199427
4.600000,19.095726,-2.247465,20.066626,-22.426107,-22.069349,-21.635645
4.606250,25.034822,-2.243521,16.472532,-23.182812,-23.419146,-22.122461
4.612500,30.969231,-2.238603,12.916828,-23.974527,-23.964342,-22.650917
4.618750,36.893909,-2.233758,8.742911,-24.839455,-23.771355,-23.198412
4.625000,42.806664,-2.229685,4.304733,-25.758631,-23.123306,-23.749407
4.631250,48.713078,-2.225824,-0.111785,-26.698111,-22.342049,-24.290823
4.637500,54.618603,-2.221144,-4.242223,-27.614473,-21.787848,-24.805849
4.643750,60.518974,-2.216187,-7.840487,-28.454981,-21.825939,-25.259449
4.650000,66.406105,-2.212507,-12.600277,-29.158268,-22.805937,-25.603100
4.656250,72.278496,-2.210915,-14.658601,-29.695766,-25.111183,-25.844700
4.662500,78.145226,-2.210947,-16.059034,-30.058947,-27.313017,-26.005934
4.668750,84.010910,-2.212256,-16.672863,-30.216972,-30.790295,-26.060095
4.675000,89.876343,-2.215088,-16.522749,-30.156929,-35.306488,-25.998711
4.681250,93.847427,-2.219276,-15.739700,-29.881214,-40.655647,-25.822491
4.687500,97.549942,-2.224187,-14.524637,-29.413187,-46.614937,-25.542511
4.693750,100.450287,-2.230088,-13.123617,-28.790825,-52.917191,-25.170401
4.700000,102.052696,-2.237958,-11.829597,-28.042322,-59.219555,-24.708126
4.706250,101.933022,-2.247555,-11.127625,-27.171865,-65.152145,-24.148163
4.712500,99.761925,-2.257046,-11.265682,-26.221279,-70.277473,-23.543041
4.718750,95.305992,-2.265262,-12.586038,-25.266636,-76.008598,-22.949804
4.725000,88.433960,-2.272865,-13.513578,-24.369778,-80.866127,-22.388510
4.731250,79.138802,-2.280778,-15.604140,-23.553909,-85.004967,-21.894693
4.737500,67.545929,-2.288201,-18.602543,-22.838179,-88.642891,-21.432922
4.743750,53.897907,-2.294033,-22.292398,-22.236328,-92.064247,-21.010035
4.750000,38.530800,-2.298618,-26.422499,-21.744926,-93.198868,-20.633192
4.756250,21.863590,-2.302842,-30.694473,-21.311708,-93.603386,-20.360971
4.762500,4.388845,-2.306429,-34.819794,-21.009541,-92.810020,-20.186762
4.768750,-13.355430,-2.308793,-37.280048,-20.823870,-90.680092,-20.091236
4.775000,-30.826107,-2.310046,-38.489220,-20.716764,-86.912117,-20.061062
4.781250,-47.495846,-2.310864,-37.856468,-20.650486,-81.257927,-20.094776
4.787500,-62.874153,-2.311680,-36.711418,-20.553307,-73.515427,-20.167301
4.793750,-76.532242,-2.312555,-33.920109,-20.500380,-65.191330,-20.229567
4.800000,-88.128181,-2.313609,-29.121824,-20.445509,-54.975353,-20.297934
4.806250,-97.423599,-2.314833,-22.970346,-20.380960,-43.510628,-20.365561
4.812500,-104.296021,-2.315943,-16.018698,-20.305031,-31.398033,-20.418999
4.818750,-108.745934,-2.317418,-8.825237,-20.217606,-19.228439,-20.444656
4.825000,-110.896782,-2.319838,-1.950500,-20.125252,-7.551388,-20.447834
4.831250,-110.983330,-2.322958,6.217483,-20.044575,3.108566,-20.452488
4.837500,-109.338058,-2.325350,13.858109,-19.988068,12.341427,-20.435656
4.843750,-106.388535,-2.326608,19.343699,-19.923271,20.235777,-20.362350
4.850000,-102.636253,-2.328201,24.422718,-19.868135,26.190239,-20.270172
4.856250,-98.618889,-2.331331,28.593134,-19.837845,30.166222,-20.174484
4.862500,-92.707626,-2.335113,31.592649,-19.836233,32.322823,-20.083166
4.868750,-86.787117,-2.337976,33.286133,-19.850332,32.929798,-19.993937
4.875000,-80.859772,-2.339942,33.631596,-19.857790,32.310204,-19.905739
4.881250,-74.934990,-2.342055,32.694923,-19.850237,30.772123,-19.824520
4.887500,-69.014183,-2.344673,30.843184,-19.849718,28.654470,-19.754513
4.893750,-63.093506,-2.347501,28.249197,-19.847368,26.323690,-19.698856
4.900000,-57.171497,-2.350389,25.080479,-19.842731,24.124697,-19.654070
4.906250,-51.247665,-2.353384,21.632324,-19.835615,22.371799,-19.607931
4.912500,-45.322102,-2.356198,18.104210,-19.810596,21.348923,-19.537209
4.918750,-39.393845,-2.358798,14.813206,-19.784693,21.502851,-19.487896
4.925000,-33.465588,-2.361647,12.123960,-19.780909,23.330189,-19.468550
4.931250,-27.536598,-2.364604,10.218027,-19.815512,24.596819,-19.476500
4.937500,-21.602716,-2.366710,9.204713,-19.898035,26.811714,-19.515715
4.943750,-15.661016,-2.367293,9.123601,-20.035347,29.616096,-19.594229
4.950000,-9.720120,-2.367128,9.974570,-20.225592,32.656456,-19.717079
4.956250,-3.785067,-2.367144,11.720516,-20.460365,35.589062,-19.894526
4.962500,2.147135,-2.366792,12.365443,-20.719091,38.049210,-20.195810
4.968750,8.081928,-2.365348,15.546102,-20.993275,38.930054,-20.409994
4.975000,14.015126,-2.363430,18.936247,-21.303444,40.064781,-20.699846
4.981250,19.942183,-2.361583,22.454182,-21.625086,39.925526,-21.055473
4.987500,25.866817,-2.359134,25.903387,-21.946627,38.549828,-21.465067
4.993750,31.792488,-2.355488,29.020565,-22.261318,35.878063,-21.919390
5.000000,37.712692,-2.351459,31.596575,-22.557518,31.876701,-22.406603
5.006250,43.619888,-2.348588,33.479061,-22.818638,28.430605,-22.904406
5.012500,49.518036,-2.346732,34.546391,-23.020266,23.830627,-23.344965
5.018750,55.416637,-2.344837,34.696663,-23.138071,18.555799,-23.721119
5.025000,61.316357,-2.342802,33.937305,-23.210909,12.740864,-24.071257
5.031250,67.211594,-2.341331,32.442684,-23.236212,7.171124,-24.363846
5.037500,73.100708,-2.340523,30.349903,-23.216885,2.227989,-24.583508
5.043750,78.988411,-2.340149,27.640570,-23.196386,-1.843318,-24.725380
5.050000,84.873337,-2.340761,24.276220,-23.137100,-4.820263,-24.783827
5.056250,90.754730,-2.342788,21.390747,-23.039490,-6.459977,-24.745937
5.062500,96.638680,-2.345169,18.093800,-22.951813,-6.622994,-24.615902
5.068750,100.635826,-2.346693,14.795942,-22.891802,-5.261658,-24.404434
5.075000,104.360985,-2.348077,11.886822,-22.859711,-2.311427,-24.121624
5.081250,107.272400,-2.351153,7.861377,-22.841925,2.276992,-23.776999
5.087500,108.880196,-2.355886,4.741874,-22.826780,8.499187,-23.387047
5.093750,108.770317,-2.360576,2.482837,-22.826826,16.250809,-22.977095
5.100000,106.604248,-2.364563,0.912110,-22.826975,25.248978,-22.555620
5.106250,102.135788,-2.369108,-0.259972,-22.807535,34.931843,-22.114027
5.112500,95.239212,-2.374873,-1.220232,-22.752649,45.074696,-21.686974
5.118750,85.923088,-2.380771,-2.133941,-22.654428,55.305645,-21.297192
5.125000,74.312996,-2.385906,-3.161556,-22.509048,65.068031,-20.957998
5.131250,60.641357,-2.391020,-4.424623,-22.313635,73.783318,-20.673302
5.137500,45.242828,-2.396849,-6.026236,-22.069447,80.904861,-20.432472
5.143750,28.548031,-2.402984,-5.893276,-21.783058,85.964806,-20.146189
5.150000,11.054357,-2.408709,-5.462733,-21.468956,89.447578,-20.030756
5.156250,-6.705733,-2.413976,-6.141507,-21.119280,91.517212,-19.911079
5.162500,-24.188902,-2.419023,-5.851247,-20.749266,91.601303,-19.825544
5.168750,-40.862537,-2.423517,-4.905718,-20.385145,90.097755,-19.780186
5.175000,-56.233276,-2.427022,-3.520671,-20.046671,87.583359,-19.770914
5.181250,-69.876343,-2.429623,-1.902412,-19.749298,84.719963,-19.785194
5.187500,-81.452927,-2.431346,-0.287110,-19.508965,80.062027,-19.814964
5.193750,-90.727104,-2.432353,1.075587,-19.342695,75.811783,-19.895277
5.200000,-97.579536,-2.432883,1.953991,-19.268925,72.239258,-20.059204
5.206250,-102.011284,-2.433354,4.372508,-19.278002,68.646614,-20.177969
5.212500,-104.143021,-2.433719,5.098556,-19.342657,65.804276,-20.313570
5.218750,-104.208321,-2.433569,5.989870,-19.465521,63.703896,-20.473408
5.225000,-102.547028,-2.432491,6.846537,-19.602865,62.207043,-20.651955
5.231250,-99.588997,-2.430570,7.615015,-19.794140,61.094898,-20.846266
5.237500,-95.830086,-2.428257,6.962752,-20.052923,60.031055,-21.067324
5.243750,-91.806046,-2.426221,5.630726,-20.342482,58.696392,-21.312849
5.250000,-85.896400,-2.425247,3.251994,-20.645227,56.817539,-21.574810
5.256250,-79.991478,-2.425105,-0.507263,-20.946630,54.099422,-21.847307
5.262500,-74.083458,-2.424355,-3.766768,-21.234871,50.296986,-22.119955
5.268750,-68.172791,-2.422651,-8.076915,-21.503525,45.185459,-22.378002
5.275000,-62.269966,-2.421758,-13.087795,-21.747658,38.556847,-22.603189
5.281250,-56.380749,-2.423142,-18.489147,-21.962013,30.374294,-22.797514
5.287500,-50.494823,-2.425698,-23.997622,-22.141514,20.956991,-22.984560
5.293750,-44.599758,-2.427427,-29.354349,-22.282747,10.371707,-23.142342
5.300000,-38.699963,-2.428660,-34.312183,-22.378685,-1.180065,-23.254787
5.306250,-32.808781,-2.431524,-38.637123,-22.420887,-13.315974,-23.310398
5.312500,-26.925970,-2.436435,-42.165146,-22.406086,-25.606773,-23.303324
5.318750,-21.039421,-2.442108,-44.783390,-22.331015,-37.606915,-23.227461
5.325000,-15.143332,-2.447990,-46.421753,-22.194052,-48.869568,-23.070908
5.331250,-9.242027,-2.454689,-47.114590,-22.016010,-59.019772,-22.896244
5.337500,-3.335693,-2.461946,-44.878323,-21.812119,-68.164337,-22.642382
5.343750,2.583083,-2.468246,-42.566010,-21.565834,-75.461182,-22.367989
5.350000,8.513015,-2.473376,-38.704281,-21.326614,-81.149742,-22.109079
5.356250,14.445553,-2.478497,-33.469498,-21.119179,-85.114502,-21.896561
5.362500,20.379387,-2.483720,-27.112123,-20.963570,-87.353058,-21.758015
5.368750,26.322361,-2.487596,-19.941946,-20.871231,-88.069588,-21.676828
5.375000,32.275864,-2.489299,-12.286593,-20.841650,-87.541069,-21.635612
5.381250,38.230873,-2.489807,-4.518105,-20.863930,-85.916428,-21.609631
5.387500,44.180851,-2.489682,2.914781,-20.942881,-82.669395,-21.726492
5.393750,50.130196,-2.488105,9.694210,-21.100296,-78.762733,-21.930853
5.400000,56.080040,-2.484672,15.825788,-21.319210,-74.567993,-22.215130
5.406250,62.021759,-2.480666,21.078581,-21.577721,-70.374092,-22.588644
5.412500,67.949791,-2.477202,25.242712,-21.847353,-66.213043,-22.949070
5.418750,73.870010,-2.473483,28.148069,-22.107164,-62.228748,-23.301044
5.425000,79.787010,-2.469040,29.697790,-22.337893,-58.841248,-23.632368
5.431250,85.695473,-2.464931,29.952747,-22.521563,-56.054623,-23.921196
5.437500,91.589996,-2.462279,29.139153,-22.642290,-53.815365,-24.139683
5.443750,97.474152,-2.461246,27.597210,-22.688564,-52.076920,-24.267939
5.450000,101.461052,-2.461510,25.680540,-22.650330,-50.766270,-24.294420
5.456250,105.174652,-2.462938,23.793848,-22.524902,-49.721569,-24.214800
5.462500,108.083656,-2.465254,22.375372,-22.323734,-48.777355,-24.058329
5.468750,109.699463,-2.467788,20.008497,-22.059320,-47.745087,-23.797829
5.475000,109.593475,-2.470781,18.874584,-21.724056,-45.739101,-23.422285
5.481250,107.419411,-2.475489,18.829241,-21.344204,-43.258511,-22.996088
5.487500,102.943848,-2.481907,19.598103,-20.952271,-40.001183,-22.556557
5.493750,96.055374,-2.488138,21.007326,-20.574690,-35.669556,-22.134792
5.500000,86.759956,-2.492801,22.903278,-20.227909,-30.033560,-21.753534
5.506250,75.169884,-2.496734,25.138506,-19.918715,-22.943985,-21.419477
5.512500,61.512604,-2.501182,27.541786,-19.629496,-14.429312,-21.053743
5.518750,46.132843,-2.505466,29.937464,-19.382381,-5.064082,-20.808712
5.525000,29.464911,-2.508270,31.722240,-19.220900,4.860071,-20.636786
5.531250,11.998307,-2.509768,33.469967,-19.120770,15.353388,-20.532207
5.537500,-5.742597,-2.510828,34.864647,-19.080853,25.889866,-20.485527
5.543750,-23.211792,-2.511345,35.587513,-19.108418,35.933517,-20.490065
5.550000,-39.873672,-2.510879,35.383884,-19.209339,45.094547,-20.593229
5.556250,-55.236988,-2.509476,34.069534,-19.390671,53.103664,-20.776114
5.562500,-68.878418,-2.507430,31.522726,-19.659723,60.300014,-20.979776
5.568750,-80.456993,-2.504685,27.787413,-19.983917,65.808899,-21.236694
5.575000,-89.736076,-2.501226,25.093586,-20.361280,69.758453,-21.545753
5.581250,-96.596916,-2.497579,20.119287,-20.791300,72.416962,-21.889917
5.587500,-101.040161,-2.493991,15.110292,-21.273392,74.120445,-22.231131
5.593750,-103.185600,-2.490108,10.149431,-21.807819,75.021042,-22.630474
5.600000,-103.271065,-2.486367,5.439167,-22.362038,73.648331,-23.027170
5.606250,-101.640190,-2.483744,1.178789,-22.916319,72.156120,-23.415930
5.612500,-98.718658,-2.482152,-2.599180,-23.458830,70.274315,-23.794231
5.618750,-94.989372,-2.480126,-5.785657,-23.973963,67.876190,-24.157719
5.625000,-90.984177,-2.477366,-8.262974,-24.444719,64.858910,-24.503849
5.631250,-85.094269,-2.475892,-9.921157,-24.850042,61.111958,-24.814142
5.637500,-79.218658,-2.476975,-10.682805,-25.166779,56.485405,-25.050734
5.643750,-73.343605,-2.479166,-12.412426,-25.367189,52.856518,-25.171614
5.650000,-67.459579,-2.480742,-11.363490,-25.429634,48.614326,-25.203243
5.656250,-61.572811,-2.482559,-9.673614,-25.375446,43.393974,-25.181463
5.662500,-55.693455,-2.486135,-7.545908,-25.205311,38.148769,-25.074795
5.668750,-49.819660,-2.491565,-5.059587,-24.917999,33.141750,-24.874094
5.675000,-43.940342,-2.497729,-2.458637,-24.529203,28.557514,-24.583590
5.681250,-38.051491,-2.504082,-0.023326,-24.062220,24.572208,-24.210630
5.687500,-32.156967,-2.510730,1.967826,-23.552649,21.395374,-23.766689
5.693750,-26.256750,-2.517327,3.147747,-23.010389,19.316648,-23.280045
5.700000,-20.349997,-2.523506,2.880488,-22.430468,18.778851,-22.771975
5.706250,-14.440434,-2.530100,3.213299,-21.874950,17.948261,-22.273834
5.712500,-8.530105,-2.537655,2.523509,-21.382494,18.475161,-21.821978
5.718750,-2.612114,-2.544965,1.020455,-20.974474,19.963324,-21.443476
5.725000,3.321082,-2.550505,-1.094392,-20.660530,23.822075,-21.129566
5.731250,9.264256,-2.554286,-3.629315,-20.440178,27.916010,-20.851379
5.737500,15.206724,-2.557623,-6.394505,-20.300474,32.427250,-20.641220
5.743750,21.147089,-2.560559,-9.238598,-20.222513,36.496712,-20.559004
5.750000,27.092106,-2.561910,-12.148956,-20.224405,40.608704,-20.567873
5.756250,33.040154,-2.561688,-15.102208,-20.293039,44.469780,-20.651995
5.762500,38.983936,-2.560888,-15.707358,-20.404135,47.732891,-20.798033
5.768750,44.919174,-2.559886,-17.127306,-20.528440,50.049946,-21.008181
5.775000,50.849998,-2.558276,-17.228689,-20.639885,50.964928,-21.213463
5.781250,56.777084,-2.556125,-16.209467,-20.735563,51.428371,-21.419489
5.787500,62.695087,-2.554451,-14.326618,-20.806627,50.475582,-21.630638
5.793750,68.603424,-2.553819,-11.782925,-20.841038,48.273861,-21.831434
5.800000,74.506317,-2.553972,-8.859344,-20.830622,44.904633,-22.000494
5.806250,80.407784,-2.554538,-5.876348,-20.772945,40.492390,-22.114998
5.812500,86.309006,-2.555264,-3.172682,-20.671009,35.264431,-22.169104
5.818750,92.208595,-2.556365,-1.068365,-20.534580,29.612400,-22.184174
5.825000,96.208504,-2.558583,2.292083,-20.389648,21.713293,-22.182360
5.831250,99.930176,-2.562895,5.276444,-20.294472,13.437362,-22.102993
5.837500,102.845695,-2.569106,6.585979,-20.154388,4.875512,-21.971186
5.843750,104.473938,-2.575552,8.258731,-20.035118,-4.220524,-21.820110
5.850000,104.394653,-2.580507,9.738610,-19.969332,-13.706264,-21.672775
5.856250,102.261314,-2.584059,10.960142,-19.965689,-23.351730,-21.543421
5.862500,97.824425,-2.587424,11.871997,-20.022270,-32.935917,-21.444002
5.868750,90.961464,-2.590934,12.446335,-20.117344,-42.312172,-21.374487
5.875000,81.676308,-2.593897,12.805513,-20.250134,-51.443649,-21.324257
5.881250,70.093216,-2.596186,13.419775,-20.450428,-60.444897,-21.312157
5.887500,56.446655,-2.597752,14.260089,-20.690481,-67.078804,-21.337187
5.893750,41.076382,-2.598294,15.498246,-20.956362,-72.660492,-21.385679
5.900000,24.409304,-2.597681,15.485160,-21.252735,-76.804878,-21.447624
5.906250,6.931417,-2.596874,16.112991,-21.613508,-81.257889,-21.534302
5.912500,-10.826866,-2.596591,17.197332,-21.964752,-84.209930,-21.637651
5.918750,-28.313353,-2.595842,18.956749,-22.319637,-86.031776,-21.745047
5.925000,-44.990540,-2.593693,20.616703,-22.698116,-87.111053,-21.853870
5.931250,-60.373688,-2.591334,22.070076,-23.104097,-87.727623,-21.967932
5.937500,-74.043396,-2.590091,23.238453,-23.527422,-88.118958,-22.088858
5.943750,-85.654358,-2.589501,24.078671,-23.949137,-88.471146,-22.216595
5.950000,-94.959633,-2.588349,24.787241,-24.351963,-89.018356,-22.309902
5.956250,-101.840431,-2.587101,25.546358,-24.717102,-90.268990,-22.363312
5.962500,-106.305405,-2.587242,26.251286,-25.029228,-89.489815,-22.425703
5.968750,-108.471558,-2.588129,26.774229,-25.277649,-88.920570,-22.486834
5.975000,-108.565582,-2.587918,27.023237,-25.451235,-88.112473,-22.542852
5.981250,-106.931000,-2.586722,26.920570,-25.543257,-86.632713,-22.593376
5.987500,-104.008049,-2.586704,26.404394,-25.548031,-84.097450,-22.636726
5.993750,-100.291878,-2.588689,25.452196,-25.462036,-80.174820,-22.668867
6.000000,-96.301567,-2.591315,24.057039,-25.283373,-74.643387,-22.682610
6.006250,-90.409492,-2.593816,22.254642,-25.002611,-67.445023,-22.634859
6.012500,-84.516785,-2.597002,20.100901,-24.582058,-58.965710,-22.567047
6.018750,-78.625061,-2.601142,19.522499,-24.145552,-49.500706,-22.485041
6.025000,-72.727669,-2.605223,17.198488,-23.672796,-39.003586,-22.390326
6.031250,-66.822830,-2.608852,15.565804,-23.189117,-27.931030,-22.297264
6.037500,-60.915890,-2.612839,14.481185,-22.737104,-16.821110,-22.221779
6.043750,-55.008392,-2.617322,13.872359,-22.362438,-6.129839,-22.150085
6.050000,-49.094425,-2.621134,13.800763,-22.055506,3.885890,-22.064945
6.056250,-43.172028,-2.623906,14.274671,-21.843937,12.766369,-22.003325
6.062500,-37.249180,-2.626601,15.006740,-21.757402,20.268843,-21.986622
6.068750,-31.328520,-2.629512,14.039632,-21.803413,26.244776,-22.016155
6.075000,-25.402765,-2.631196,12.975383,-21.970036,30.695435,-22.089180
6.081250,-19.469995,-2.631000,13.437948,-22.225040,33.696411,-22.200907
6.087500,-13.541407,-2.630291,13.540997,-22.490574,35.322315,-22.329962
6.093750,-7.624716,-2.630486,13.200712,-22.802645,35.555225,-22.462713
6.100000,-1.715491,-2.631226,11.808230,-23.125872,34.571827,-22.603559
6.106250,4.195514,-2.631710,9.813415,-23.410978,32.666615,-22.744402
6.112500,10.106624,-2.631962,7.122700,-23.627100,30.012056,-22.870848
6.118750,16.013006,-2.632641,3.652455,-23.755827,26.745985,-22.965681
6.125000,21.914814,-2.634061,-0.642251,-23.791849,23.014851,-23.006435
6.131250,27.813257,-2.636462,-3.587822,-23.740053,19.067640,-22.988977
6.137500,33.711514,-2.639901,-6.448929,-23.599640,15.737884,-22.930590
6.143750,39.613548,-2.643666,-10.418182,-23.369406,11.144086,-22.812845
6.150000,45.524456,-2.646737,-13.374612,-23.076330,6.714272,-22.648975
6.156250,51.441185,-2.648993,-15.364236,-22.747879,2.412945,-22.453024
6.162500,57.356720,-2.651555,-16.403349,-22.407785,-1.724837,-22.238615
6.168750,63.268986,-2.654819,-16.519266,-22.074585,-5.630646,-22.015856
6.175000,69.185707,-2.657772,-15.795126,-21.767143,-9.237647,-21.796694
6.181250,75.109703,-2.659566,-14.371065,-21.501688,-12.474987,-21.595490
6.187500,81.035713,-2.660729,-12.409108,-21.292028,-15.211936,-21.492016
6.193750,86.959183,-2.661892,-10.124442,-21.162203,-17.706240,-21.361988
6.200000,92.881821,-2.662654,-7.708151,-21.094753,-19.783865,-21.294462
6.206250,96.910454,-2.662713,-4.873595,-21.080336,-21.315033,-21.307629
6.212500,100.664474,-2.662568,-1.878811,-21.139338,-22.470592,-21.411777
6.218750,103.607368,-2.662698,1.088835,-21.259064,-23.419510,-21.644062
6.225000,105.249329,-2.662977,3.851728,-21.415054,-22.727564,-21.881943
6.231250,105.165230,-2.663235,6.050944,-21.635078,-22.957811,-22.198147
6.237500,103.015190,-2.663482,7.369212,-21.904253,-23.202894,-22.590183
6.243750,98.562408,-2.663376,7.793824,-22.203981,-23.383356,-23.043756
6.250000,91.685837,-2.662659,9.324008,-22.521122,-23.529091,-23.539740
6.256250,82.382172,-2.661971,10.484424,-22.848957,-23.666405,-24.058386
6.262500,70.768463,-2.662216,9.813926,-23.182886,-23.775946,-24.579823
6.268750,57.087414,-2.662691,9.430092,-23.506275,-23.615171,-25.045658
6.275000,41.686779,-2.662000,9.312261,-23.799358,-22.865814,-25.461363
6.281250,24.992174,-2.660199,9.329380,-24.057384,-21.635088,-25.817823
6.287500,7.482799,-2.659111,9.367135,-24.276005,-19.783978,-26.098013
6.293750,-10.312220,-2.659906,9.374415,-24.445707,-17.064589,-26.285290
6.300000,-27.834713,-2.661415,9.337680,-24.551601,-13.218715,-26.362335
6.306250,-44.543900,-2.662464,9.226691,-24.577028,-8.050429,-26.312422
6.312500,-59.952271,-2.663720,8.986582,-24.504631,-1.469387,-26.121017
6.318750,-73.639328,-2.666239,8.492535,-24.341963,6.362544,-25.843096
6.325000,-85.261185,-2.669659,9.671719,-24.123272,15.059337,-25.485308
6.331250,-94.575310,-2.673283,9.286945,-23.840666,24.389271,-25.037546
6.337500,-101.460503,-2.677474,9.583697,-23.489319,34.118347,-24.540842
6.343750,-105.920395,-2.682691,10.270878,-23.100832,43.817307,-24.034626
6.350000,-108.072365,-2.688150,11.114843,-22.705612,52.920784,-23.553196
6.356250,-108.148544,-2.692889,11.957534,-22.330751,60.830933,-23.124496
6.362500,-106.491585,-2.696815,12.671693,-21.997522,66.975075,-22.759796
6.368750,-103.535042,-2.700341,13.139019,-21.721336,70.842125,-22.397123
6.375000,-99.772301,-2.703276,13.237642,-21.512238,72.553490,-22.203726
6.381250,-95.734596,-2.705452,12.705768,-21.388655,71.811905,-22.127607
6.387500,-89.802780,-2.707255,12.678303,-21.333794,68.461334,-22.171066
6.393750,-83.874168,-2.708759,12.281704,-21.364895,62.819866,-22.288027
6.400000,-77.945549,-2.709436,11.785070,-21.483757,55.287018,-22.398500
6.406250,-72.017395,-2.709088,11.252946,-21.681826,44.182453,-22.629786
6.412500,-66.095001,-2.708831,10.713622,-21.946405,32.002209,-22.926695
6.418750,-60.181538,-2.709412,10.160463,-22.260292,18.516397,-23.252501
6.425000,-54.271019,-2.710142,9.588081,-22.598978,4.208606,-23.575630
6.431250,-48.358261,-2.710286,8.991964,-22.936131,-10.374762,-23.866249
6.437500,-42.447468,-2.710436,8.313029,-23.244537,-24.705198,-24.094484
6.443750,-36.543629,-2.711588,9.659084,-23.493443,-38.289944,-24.228977
6.450000,-30.643549,-2.713682,11.549002,-23.671036,-50.867928,-24.316425
6.456250,-24.741055,-2.715944,12.381900,-23.781231,-62.332722,-24.346359
6.462500,-18.835489,-2.718269,14.156884,-23.819372,-70.736824,-24.275139
6.468750,-12.929979,-2.720962,16.676107,-23.783010,-77.427940,-24.140135
6.475000,-7.021999,-2.723514,19.666384,-23.680626,-81.932251,-23.970615
6.481250,-1.109353,-2.725479,22.804935,-23.536617,-84.031639,-23.794121
6.487500,4.803037,-2.727600,25.786253,-23.379864,-83.623550,-23.627632
6.493750,10.713309,-2.730283,28.454996,-23.212456,-80.587257,-23.450090
6.500000,16.625177,-2.732625,30.701031,-23.041822,-76.900345,-23.262445
6.506250,22.543535,-2.733859,30.380526,-22.882393,-71.135086,-23.091187
6.512500,28.462208,-2.734730,31.122944,-22.759924,-63.790977,-22.968399
6.518750,34.374470,-2.736417,30.836216,-22.702324,-55.643055,-22.885839
6.525000,40.284737,-2.738528,29.626854,-22.704096,-47.407207,-22.835564
6.531250,46.200893,-2.739890,27.589588,-22.757957,-39.691719,-22.812202
6.537500,52.121769,-2.740288,24.785484,-22.855005,-33.038757,-22.812700
6.543750,58.038521,-2.740907,21.295315,-22.984648,-27.918835,-22.837465
6.550000,63.949997,-2.742119,17.235767,-23.132980,-22.871923,-22.861507
6.556250,69.862556,-2.743237,12.788945,-23.265980,-19.903149,-22.875090
6.562500,75.777275,-2.744004,8.283171,-23.376741,-18.459986,-22.888781
6.568750,81.691345,-2.744749,4.674009,-23.500471,-18.172886,-22.900784
6.575000,87.603928,-2.745430,0.084438,-23.603947,-18.741732,-22.932800
6.581250,93.515602,-2.745850,-3.468277,-23.678143,-19.720644,-22.964060
6.587500,97.530083,-2.746708,-6.056553,-23.727272,-20.570971,-22.994547
6.593750,101.267418,-2.748543,-7.717641,-23.756416,-22.819311,-23.030098
6.600000,104.199257,-2.750397,-8.482696,-23.770597,-24.412931,-23.073618
6.606250,105.839310,-2.751289,-8.386587,-23.770079,-25.460100,-23.123070
6.612500,105.755234,-2.751804,-7.502370,-23.756781,-26.085594,-23.176596
6.618750,103.598381,-2.753270,-5.945899,-23.730154,-26.431311,-23.230257
6.625000,99.133522,-2.755822,-3.858768,-23.690351,-24.741924,-23.280634
6.631250,92.246590,-2.758440,-1.429437,-23.639965,-22.792614,-23.339727
6.637500,82.939735,-2.760754,3.326221,-23.575794,-20.263744,-23.324717
6.643750,71.328766,-2.763762,6.997363,-23.478184,-18.996662,-23.293430
6.650000,57.650204,-2.767675,11.488761,-23.342875,-17.003403,-23.245323
6.656250,42.251503,-2.771443,16.376875,-23.173883,-14.687323,-23.171120
6.662500,25.561913,-2.774396,21.291895,-22.965952,-12.415206,-23.059061
6.668750,8.068627,-2.777004,25.886801,-22.708029,-10.594130,-22.903984
6.675000,-9.700670,-2.779815,29.715076,-22.417419,-9.767307,-22.737379
6.681250,-27.197836,-2.782898,32.302570,-22.111671,-8.210087,-22.571899
6.687500,-43.888290,-2.786160,35.547176,-21.800879,-7.574864,-22.415962
6.693750,-59.278336,-2.789566,37.768955,-21.518847,-7.727655,-22.286488
6.700000,-72.938828,-2.792475,39.058605,-21.247946,-8.541158,-22.228369
6.706250,-84.526947,-2.794167,39.298340,-20.994827,-9.702017,-22.205107
6.712500,-93.811165,-2.794998,38.963634,-20.805969,-10.598713,-22.234528
6.718750,-100.675247,-2.795970,38.187233,-20.704435,-11.464937,-22.344093
6.725000,-105.118774,-2.797260,37.033703,-20.698648,-11.966436,-22.523783
6.731250,-107.257370,-2.797982,35.526299,-20.788298,-13.825331,-22.786543
6.737500,-107.326347,-2.797661,33.679073,-20.962482,-15.071712,-23.134439
6.743750,-105.671753,-2.796728,31.455212,-21.224577,-15.978950,-23.531582
6.750000,-102.724731,-2.795601,28.732100,-21.606319,-16.707691,-23.938614
6.756250,-98.976318,-2.794381,26.216034,-21.978630,-17.325199,-24.316956
6.762500,-94.958664,-2.793311,23.900925,-22.387934,-18.037563,-24.664133
6.768750,-89.050720,-2.792591,21.623055,-22.827324,-18.981951,-24.961384
6.775000,-83.144302,-2.791487,19.466619,-23.278812,-18.017120,-25.190672
6.781250,-77.236862,-2.789672,17.462551,-23.722708,-16.575474,-25.340483
6.787500,-71.333839,-2.787802,15.623109,-24.139252,-14.220634,-25.402748
6.793750,-65.439171,-2.786838,13.944398,-24.510227,-10.549848,-25.373590
6.800000,-59.551109,-2.786829,12.408734,-24.819344,-5.215934,-25.250830
6.806250,-53.661865,-2.787040,10.989704,-25.053110,-0.105070,-25.033689
6.812500,-47.771679,-2.787655,9.639873,-25.203550,6.362521,-24.700443
6.818750,-41.882881,-2.789379,8.279510,-25.279528,14.063053,-24.333559
6.825000,-35.993080,-2.791813,8.943007,-25.322485,21.504410,-23.928160
6.831250,-30.095913,-2.793862,8.669113,-25.255947,29.398718,-23.522158
6.837500,-24.193001,-2.795662,9.351595,-25.141457,36.957752,-23.163404
6.843750,-18.292068,-2.798626,10.759105,-25.006552,43.502541,-22.874596
6.850000,-12.391543,-2.802714,12.859793,-24.866734,50.181007,-22.651148
6.856250,-6.481947,-2.806249,15.592023,-24.732838,55.021015,-22.524876
6.862500,-0.560909,-2.808338,18.866476,-24.608969,58.225166,-22.504419
6.868750,5.362432,-2.809973,22.604660,-24.486074,59.982845,-22.580177
6.875000,11.279667,-2.812209,26.729710,-24.338842,60.556377,-22.732819
6.881250,17.193792,-2.814776,31.284290,-24.199871,60.272846,-22.904831
6.887500,23.109659,-2.817123,34.725986,-24.091921,59.334843,-23.122637
6.893750,29.027431,-2.819163,38.404781,-24.009464,57.595806,-23.367554
6.900000,34.944427,-2.820966,41.808292,-23.998503,55.844185,-23.587988
6.906250,40.860817,-2.822190,44.476055,-23.957537,54.455502,-23.748764
6.912500,46.775192,-2.823031,47.086124,-23.914520,51.812473,-23.833057
6.918750,52.682217,-2.824519,48.431664,-23.888416,49.795444,-23.833548
6.925000,58.582523,-2.827030,48.528587,-23.862377,48.122929,-23.745590
6.931250,64.483459,-2.829839,47.440823,-23.781338,46.515480,-23.568514
6.937500,70.388130,-2.832469,46.867207,-23.754728,44.624142,-23.327108
6.943750,76.294083,-2.835371,43.805088,-23.729446,43.926643,-23.061531
6.950000,82.201073,-2.838324,40.651016,-23.686340,42.311943,-22.733709
6.956250,88.112602,-2.840421,37.420887,-23.613070,39.918587,-22.376719
6.962500,94.028549,-2.841516,34.119026,-23.505791,37.142624,-22.026180
6.968750,98.045700,-2.843026,30.724539,-23.370687,34.062222,-21.707926
6.975000,101.781723,-2.845982,27.249144,-23.214472,30.687365,-21.438799
6.981250,104.713699,-2.849359,23.766363,-23.038954,27.026281,-21.226265
6.987500,106.356674,-2.851623,20.353252,-22.845245,23.058771,-21.069000
6.993750,106.281891,-2.852711,17.083828,-22.627880,18.742163,-20.950651
7.000000,104.137764,-2.853840,14.030882,-22.368629,13.957932,-20.880713
7.006250,99.684067,-2.855778,11.205558,-22.043474,10.510942,-20.883093
7.012500,92.804504,-2.858283,10.263520,-21.773037,7.058292,-20.935709
7.018750,83.502998,-2.861032,9.961574,-21.542091,4.026595,-21.019585
7.025000,71.902420,-2.863715,9.406566,-21.281414,1.789028,-21.170198
7.031250,58.239731,-2.866026,10.182540,-21.053917,-1.232927,-21.367878
7.037500,42.854561,-2.868154,11.896770,-20.899691,-2.898901,-21.596846
7.043750,26.171953,-2.870544,14.292927,-20.851755,-4.165711,-21.887415
7.050000,8.684475,-2.873130,17.138090,-20.934418,-5.164161,-22.250942
7.056250,-9.070230,-2.874890,20.263210,-21.138258,-5.983488,-22.691668
7.062500,-26.544060,-2.875196,21.600700,-21.460098,-6.716640,-23.218876
7.068750,-43.211105,-2.874636,24.582375,-21.902468,-7.465526,-23.875319
7.075000,-58.584320,-2.873949,27.123707,-22.441256,-7.660297,-24.485867
7.081250,-72.234871,-2.872893,29.143656,-22.989882,-9.799670,-25.119816
7.087500,-83.819031,-2.870859,30.629839,-23.621185,-12.422990,-25.780642
7.093750,-93.101456,-2.868023,30.368570,-24.286983,-13.804494,-26.446806
7.100000,-99.965019,-2.864798,29.139177,-24.939554,-15.682981,-27.088017
7.106250,-104.410599,-2.861449,26.730013,-25.553205,-17.907082,-27.671476
7.112500,-106.560486,-2.858320,22.970579,-26.119150,-20.306936,-28.161333
7.118750,-106.652824,-2.855962,17.630817,-26.579334,-22.686354,-28.514706
7.125000,-105.026291,-2.854284,12.607253,-26.910555,-26.960844,-28.681427
7.131250,-102.103516,-2.852628,6.729402,-27.123711,-31.297628,-28.700830
7.137500,-98.376244,-2.851077,0.393954,-27.229847,-35.763340,-28.563091
7.143750,-94.383209,-2.850791,-6.034690,-27.233610,-40.667187,-28.261322
7.150000,-88.504135,-2.852567,-12.193632,-27.139771,-46.012054,-27.807148
7.156250,-82.624756,-2.855380,-17.763695,-26.954599,-51.708290,-27.223671
7.162500,-76.735832,-2.857816,-22.481344,-26.690254,-57.615406,-26.546576
7.168750,-70.840797,-2.860056,-26.153145,-26.365408,-63.586624,-25.829832
7.175000,-64.947205,-2.862996,-28.633503,-26.000675,-69.521141,-25.090561
7.181250,-59.053444,-2.866499,-29.827524,-25.618029,-75.567749,-24.342558
7.187500,-53.152996,-2.869634,-29.691360,-25.235750,-79.408005,-23.646858
7.193750,-47.245586,-2.872146,-28.223604,-24.855692,-82.502007,-23.046434
7.200000,-41.336441,-2.874501,-27.372904,-24.478888,-84.251465,-22.570425
7.206250,-35.425999,-2.876631,-23.922628,-24.177320,-84.045242,-22.177971
7.212500,-29.512131,-2.878091,-19.686111,-23.931826,-83.268814,-21.911655
7.218750,-23.596834,-2.879276,-14.948563,-23.748972,-80.806541,-21.802073
7.225000,-17.684927,-2.881096,-9.979727,-23.618069,-76.469589,-21.821817
7.231250,-11.773923,-2.883357,-5.070265,-23.527460,-70.698822,-21.949049
7.237500,-5.857526,-2.884949,-0.615533,-23.487484,-64.013931,-22.154541
7.243750,0.063829,-2.885726,5.176251,-23.493971,-56.955181,-22.390558
7.250000,5.983855,-2.886424,10.776677,-23.528751,-50.091957,-22.562675
7.256250,11.899095,-2.887465,16.450300,-23.580868,-44.756615,-22.809826
7.262500,17.812418,-2.888728,20.505535,-23.655415,-38.902714,-23.040253
7.268750,23.724739,-2.890229,24.779919,-23.750919,-34.193493,-23.194557
7.275000,29.635237,-2.892598,29.241684,-23.799309,-30.683342,-23.270193
7.281250,35.544491,-2.895808,33.414585,-23.822683,-28.411947,-23.272186
7.287500,41.459141,-2.898655,36.904118,-23.815128,-27.213594,-23.202703
7.293750,47.381748,-2.900198,39.613762,-23.748863,-26.844822,-23.067022
7.300000,53.307434,-2.900630,41.639477,-23.654251,-27.070009,-22.880478
7.306250,59.229340,-2.900853,43.289959,-23.539919,-27.654678,-22.664625
7.312500,65.142998,-2.901726,44.482647,-23.395874,-28.361450,-22.443563
7.318750,71.051285,-2.903476,45.426601,-23.232216,-29.031792,-22.234152
7.325000,76.959198,-2.905751,44.559113,-23.050001,-29.629917,-22.042225
7.331250,82.872757,-2.907564,44.020245,-22.834763,-30.039259,-21.893951
7.337500,88.792374,-2.908315,43.505516,-22.614786,-30.207239,-21.811958
7.343750,94.711967,-2.908501,42.769287,-22.413754,-30.231205,-21.801517
7.350000,98.731110,-2.909129,41.717491,-22.243052,-28.371981,-21.838669
7.356250,102.471680,-2.910535,40.302345,-22.105700,-26.338364,-21.932133
7.362500,105.406761,-2.912220,38.475002,-21.999830,-23.364094,-22.102184
7.368750,107.046455,-2.913686,36.181610,-21.917053,-21.459736,-22.314213
7.375000,106.962418,-2.915002,33.356018,-21.847795,-18.953556,-22.536079
7.381250,104.811569,-2.916513,32.029343,-21.789923,-16.042641,-22.734625
7.387500,100.356262,-2.918462,30.597992,-21.773796,-13.022518,-22.904560
7.393750,93.474983,-2.921294,29.235668,-21.773754,-8.123959,-23.046776
7.400000,84.170258,-2.924676,28.173603,-21.779139,-2.863903,-23.141817
7.406250,72.569496,-2.927553,27.782810,-21.809755,1.147991,-23.181093
7.412500,58.910431,-2.929281,28.115734,-21.879587,5.723739,-23.166080
7.418750,43.527420,-2.930641,29.100803,-21.999180,10.490775,-23.102783
7.425000,26.842577,-2.932393,30.599562,-22.176531,15.086539,-23.002779
7.431250,9.350061,-2.934367,32.451633,-22.414932,19.190241,-22.874052
7.437500,-8.412139,-2.935952,34.491066,-22.709534,22.553314,-22.708380
7.443750,-25.898296,-2.937184,38.718925,-23.039766,24.947453,-22.506651
7.450000,-42.577354,-2.938466,41.681759,-23.387316,25.940973,-22.320568
7.456250,-57.957542,-2.939270,44.963287,-23.813522,25.384157,-22.165861
7.462500,-71.606514,-2.938840,48.348152,-24.306036,23.352301,-22.054657
7.468750,-83.188744,-2.937474,51.673157,-24.872740,19.946014,-21.996691
7.475000,-92.472679,-2.936184,54.837040,-25.443136,15.384420,-21.986401
7.481250,-99.336655,-2.934922,57.660114,-26.025469,9.977029,-22.016270
7.487500,-103.776131,-2.932908,57.802593,-26.619841,4.025869,-22.085274
7.493750,-105.912132,-2.930119,56.809662,-27.206646,-2.044154,-22.181536
7.500000,-105.988724,-2.927783,54.166439,-27.745724,-7.622308,-22.293161
7.506250,-104.349220,-2.926425,51.547283,-28.215118,-11.984296,-22.422588
7.512500,-101.414627,-2.925272,46.994408,-28.617302,-14.536933,-22.549509
7.518750,-97.673424,-2.923936,40.814636,-28.922663,-14.734317,-22.654057
7.525000,-93.663246,-2.923299,33.349941,-29.115538,-12.036195,-22.731766
7.531250,-87.765564,-2.924017,24.912603,-29.197111,-8.074028,-22.776627
7.537500,-81.869431,-2.925431,15.874962,-29.181639,-2.826532,-22.760572
7.543750,-75.971214,-2.926981,6.796025,-29.037758,5.010800,-22.699108
7.550000,-70.072952,-2.929126,-1.845058,-28.789677,14.441887,-22.608854
7.556250,-64.177551,-2.932392,-9.788673,-28.470982,24.571442,-22.508738
7.562500,-58.280853,-2.936229,-18.443346,-28.099253,34.520241,-22.420925
7.568750,-52.378578,-2.939916,-25.638691,-27.681381,43.487560,-22.364637
7.575000,-46.470631,-2.943079,-31.273479,-27.259100,50.956100,-22.296442
7.581250,-40.559910,-2.945783,-35.168961,-26.846895,56.168133,-22.252003
7.587500,-34.647785,-2.947702,-37.581589,-26.448931,60.613770,-22.250210
7.593750,-28.734987,-2.948909,-38.694157,-26.076370,62.621986,-22.294901
7.600000,-22.825794,-2.950013,-38.598465,-25.735043,62.561405,-22.379519
7.606250,-16.922590,-2.951684,-37.398209,-25.428106,60.870705,-22.490664
7.612500,-11.021569,-2.953491,-35.235947,-25.151415,58.026478,-22.612638
7.618750,-5.117923,-2.954792,-32.296791,-24.898575,54.484035,-22.746483
7.625000,0.785546,-2.955904,-28.847637,-24.666197,50.632900,-22.918182
7.631250,6.683399,-2.957724,-23.017958,-24.451157,46.887386,-23.088596
7.637500,12.578148,-2.960242,-18.361000,-24.244843,43.107094,-23.211327
7.643750,18.473116,-2.962837,-12.984092,-24.006914,40.028164,-23.311110
7.650000,24.370274,-2.965645,-7.239830,-23.699568,37.697277,-23.392626
7.656250,30.264736,-2.969427,-1.932516,-23.394918,35.900753,-23.470381
7.662500,36.157173,-2.974539,2.312259,-23.088945,34.326534,-23.549683
7.668750,42.054119,-2.980086,7.480905,-22.777277,32.704876,-23.627140
7.675000,47.961586,-2.985110,11.814550,-22.469334,32.608368,-23.707905
7.681250,53.876949,-2.989104,15.455776,-22.184021,32.022053,-23.801363
7.687500,59.796200,-2.992454,18.611555,-21.944208,31.053270,-23.916960
7.693750,65.715645,-2.995378,21.566185,-21.759457,29.781321,-24.067156
7.700000,71.635254,-2.997777,22.826702,-21.620598,28.258125,-24.283005
7.706250,77.555779,-2.999572,24.242136,-21.541664,26.478910,-24.505238
7.712500,83.476196,-3.000731,25.503733,-21.519985,23.601168,-24.705006
7.718750,89.394554,-3.001410,26.389730,-21.538731,22.263823,-24.944490
7.725000,95.312065,-3.001470,26.517149,-21.631346,20.807913,-25.215897
7.731250,99.332581,-3.000973,25.618895,-21.780548,19.528450,-25.496662
7.737500,103.074097,-3.000632,23.689692,-21.956482,18.553553,-25.756390
7.743750,106.002907,-3.001100,22.731768,-22.134132,17.970739,-25.954117
7.750000,107.629631,-3.002504,21.182262,-22.293873,17.765423,-26.054188
7.756250,107.531891,-3.004224,19.327482,-22.424202,17.605461,-26.095644
7.762500,105.372108,-3.005843,17.383280,-22.526114,17.459923,-26.049545
7.768750,100.910500,-3.007978,15.542779,-22.597387,17.375547,-25.905109
7.775000,94.022430,-3.011178,14.048141,-22.634405,17.215464,-25.663603
7.781250,84.711975,-3.015274,13.054606,-22.645649,16.837921,-25.340487
7.787500,73.107628,-3.019043,12.621171,-22.643925,16.125957,-24.961035
7.793750,59.447792,-3.021916,12.764045,-22.641991,15.039253,-24.550476
7.800000,44.067986,-3.024334,13.468856,-22.650663,13.683184,-24.097605
7.806250,27.391237,-3.026496,14.711286,-22.670910,12.198629,-23.591953
7.812500,9.911699,-3.027962,14.536287,-22.702606,10.635545,-23.090767
7.818750,-7.837181,-3.028377,16.539482,-22.759628,7.939834,-22.663528
7.825000,-25.312977,-3.028309,18.606495,-22.869856,5.687753,-22.302172
7.831250,-41.987125,-3.028173,20.525967,-23.055727,3.820093,-22.011929
7.837500,-57.363010,-3.027395,22.230539,-23.349512,2.415248,-21.791416
7.843750,-71.011711,-3.025372,23.639467,-23.689005,1.627418,-21.641130
7.850000,-82.598007,-3.022946,25.307373,-24.063189,1.549134,-21.570896
7.856250,-91.891441,-3.021158,26.426769,-24.491961,0.113748,-21.579187
7.862500,-98.766136,-3.019934,27.065691,-24.960260,-1.156924,-21.654837
7.868750,-103.215424,-3.018096,25.382959,-25.438797,-2.578232,-21.781420
7.875000,-105.358978,-3.015397,23.011150,-25.905302,-4.405131,-21.932564
7.881250,-105.441132,-3.012755,21.476915,-26.357832,-6.828469,-22.054424
7.887500,-103.806870,-3.010753,18.998260,-26.770929,-9.931296,-22.184990
7.893750,-100.878380,-3.008979,15.764862,-27.125240,-12.778685,-22.326740
7.900000,-97.144669,-3.007321,11.968962,-27.392467,-15.716033,-22.417973
7.906250,-93.142685,-3.006689,7.902989,-27.547119,-18.616093,-22.467400
7.912500,-87.250443,-3.007404,3.684750,-27.596781,-21.202255,-22.486744
7.918750,-81.354927,-3.007404,-0.484126,-27.596781,-23.074139,-22.486744
7.925000,-81.354927,-3.007404,-0.484126,-27.596781,-23.074139,-22.486744
7.931250,-81.354927,-3.007404,-0.484126,-27.596781,-23.074139,-22.486744
7.937500,-81.354927,-3.007404,-0.484126,-27.596781,-23.074139,-22.486744
7.943750,-81.354927,-3.007404,-0.484126,-27.596781,-23.074139,-22.486744
7.950000,-81.354927,-3.007404,-0.484126,-27.596781,-23.074139,-22.486744
7.956250,-81.354927,-3.007404,-0.484126,-27.596781,-23.074139,-22.486744
7.962500,-81.354927,-3.007404,-0.484126,-27.596781,-23.074139,-22.486744
7.968750,-81.354927,-3.007404,-0.484126,-27.596781,-23.074139,-22.486744
7.975000,-81.354927,-3.007404,-0.484126,-27.596781,-23.074139,-22.486744
7.981250,-81.354927,-3.007404,-0.484126,-27.596781,-23.074139,-22.486744
7.987500,-81.354927,-3.007404,-0.484126,-27.596781,-23.074139,-22.486744
7.993750,-81.354927,-3.007404,-0.484126,-27.596781,-23.074139,-22.486744
8.000000,-81.354927,-3.007404,-0.484126,-27.596781,-23.074139,-22.486744
