Anritsu VNA Frequency[GHz],S21[deg],S21[dB],S11[deg],S11[dB],S22[deg],S22[dB]
1338060241.46,2012_05_26_20:24:01,+55.614,+132.55,+111.11,+132.80,+138.29,+140.42,+135.86,+137.53,133.524063,-7.369
3.006250,41.720509,-2.308161,66.319298,-27.161594,-79.815948,-28.075480
3.012500,41.720509,-2.308161,66.319298,-27.161594,-79.815948,-28.075480
3.018750,41.720509,-2.308161,66.319298,-27.161594,-79.815948,-28.075480
3.025000,41.720509,-2.308161,66.319298,-27.161594,-79.815948,-28.075480
3.031250,41.720509,-2.308161,66.319298,-27.161594,-79.815948,-28.075480
3.037500,41.720509,-2.308161,66.319298,-27.161594,-79.815948,-28.075480
3.043750,41.720509,-2.308161,66.319298,-27.161594,-79.815948,-28.075480
3.050000,41.720509,-2.308161,66.319298,-27.161594,-79.815948,-28.075480
3.056250,41.720509,-2.308161,66.319298,-27.161594,-79.815948,-28.075480
3.062500,41.720509,-2.308161,66.319298,-27.161594,-79.815948,-28.075480
3.068750,41.720509,-2.308161,66.319298,-27.161594,-79.815948,-28.075480
3.075000,41.720509,-2.308161,66.319298,-27.161594,-79.815948,-28.075480
3.081250,41.720509,-2.308161,66.319298,-27.161594,-79.815948,-28.075480
3.087500,41.720509,-2.308161,66.319298,-27.161594,-79.815948,-28.075480
3.093750,41.720509,-2.310433,66.319298,-26.969809,-79.815948,-27.871870
3.100000,47.645527,-2.313105,62.865002,-26.806915,-79.996468,-27.661003
3.106250,53.570297,-2.315869,58.532818,-26.701448,-79.316811,-27.443619
3.112500,59.495979,-2.318743,51.924057,-26.667982,-77.510292,-27.203060
3.118750,65.421188,-2.321748,45.165421,-26.707762,-74.357414,-26.895649
3.125000,71.345566,-2.324883,38.866261,-26.728127,-69.870712,-26.583363
3.131250,77.269249,-2.328161,32.749340,-26.773075,-64.134598,-26.245197
3.137500,83.192078,-2.331756,26.962690,-26.848833,-56.780693,-25.868736
3.143750,89.113419,-2.335932,21.784611,-26.951321,-47.889687,-25.462461
3.150000,95.035202,-2.340385,17.494492,-27.068472,-39.482010,-25.040438
3.156250,99.065269,-2.344711,14.322358,-27.186041,-30.086140,-24.622835
3.162500,102.824165,-2.348721,12.446891,-27.289392,-20.416338,-24.233349
3.168750,105.777939,-2.352775,12.004217,-27.365355,-11.157739,-23.906557
3.175000,107.432838,-2.357062,13.118713,-27.394981,-2.912047,-23.646179
3.181250,107.363022,-2.361421,14.093965,-27.362244,4.269824,-23.402000
3.187500,105.230133,-2.365608,16.602320,-27.279919,9.590836,-23.209198
3.193750,100.796135,-2.369569,19.963745,-27.155020,12.817498,-23.088829
3.200000,93.939613,-2.373232,23.597359,-26.993078,13.969800,-23.048218
3.206250,84.659889,-2.376534,27.021469,-26.802252,13.102243,-23.085213
3.212500,73.077774,-2.379566,29.797022,-26.595039,10.373668,-23.204144
3.218750,59.428581,-2.382743,31.557890,-26.383629,6.053913,-23.420681
3.225000,44.053848,-2.385808,34.215744,-26.169811,0.251011,-23.640785
3.231250,27.382811,-2.388419,36.238876,-25.952578,-6.758007,-23.881166
3.237500,9.907067,-2.390692,36.057674,-25.735771,-14.355166,-24.141481
3.243750,-7.844571,-2.393075,35.656559,-25.509497,-20.414309,-24.404003
3.250000,-25.326653,-2.395996,34.847500,-25.279974,-26.387812,-24.647600
3.256250,-42.003067,-2.399130,33.186588,-25.089201,-31.661337,-24.861536
3.262500,-57.378571,-2.402002,30.650764,-24.923880,-35.690868,-25.036684
3.268750,-71.027237,-2.404453,27.176071,-24.778057,-37.952850,-25.161764
3.275000,-82.611420,-2.406922,22.583427,-24.651653,-38.062901,-25.232111
3.281250,-91.895668,-2.409753,16.707796,-24.537476,-35.787121,-25.248417
3.287500,-98.756737,-2.412989,9.419711,-24.424963,-31.061911,-25.218098
3.293750,-103.192108,-2.416373,2.818788,-24.290714,-24.003021,-25.142372
3.300000,-105.322510,-2.419645,-4.484702,-24.113811,-14.842678,-25.021940
3.306250,-105.384964,-2.422727,-12.627852,-23.986530,-3.950147,-24.874214
3.312500,-103.720818,-2.425542,-20.847692,-23.874119,8.159998,-24.725899
3.318750,-100.758072,-2.428301,-28.706648,-23.776388,20.888439,-24.600496
3.325000,-96.989250,-2.430892,-35.939644,-23.705055,33.615757,-24.511784
3.331250,-92.946091,-2.433232,-42.307320,-23.677624,47.885975,-24.467392
3.337500,-87.007156,-2.435157,-47.631252,-23.727715,61.715717,-24.470451
3.343750,-81.067909,-2.436707,-51.800724,-23.894154,75.026260,-24.515684
3.350000,-75.129234,-2.437927,-55.549702,-24.060404,85.891937,-24.573553
3.356250,-69.191040,-2.438777,-58.303326,-24.309616,95.883888,-24.640654
3.362500,-63.254364,-2.439457,-58.306179,-24.674845,103.882973,-24.775698
3.368750,-57.319614,-2.439888,-57.320221,-25.151001,109.704826,-24.959322
3.375000,-51.385452,-2.439800,-55.238564,-25.718239,112.966377,-25.205467
3.381250,-45.453407,-2.439265,-52.089813,-26.347311,113.389969,-25.493151
3.387500,-39.526154,-2.438865,-47.985401,-27.004322,111.296173,-25.771421
3.393750,-33.605038,-2.439126,-43.098873,-27.648819,106.365959,-26.048248
3.400000,-27.687206,-2.439773,-37.647011,-28.238779,98.893250,-26.284809
3.406250,-21.769220,-2.440313,-31.934713,-28.746338,89.723747,-26.551315
3.412500,-15.851279,-2.440861,-26.294582,-29.148668,79.747459,-26.810341
3.418750,-9.937540,-2.442107,-20.692919,-29.422106,69.571785,-27.034100
3.425000,-4.027238,-2.444283,-15.119061,-29.555414,57.975430,-27.212204
3.431250,1.884510,-2.446694,-9.843598,-29.551195,47.289734,-27.344212
3.437500,7.800392,-2.448949,-5.078043,-29.409853,37.967823,-27.436840
3.443750,13.716058,-2.451643,-0.848825,-29.112625,30.569115,-27.445166
3.450000,19.629883,-2.455282,2.624723,-28.692678,23.580378,-27.380463
3.456250,25.546146,-2.459291,5.219928,-28.184738,18.702337,-27.255751
3.462500,31.470385,-2.462782,7.031096,-27.628092,15.610032,-27.074589
3.468750,37.400158,-2.465653,8.269491,-27.063492,13.969821,-26.835054
3.475000,43.330635,-2.468276,9.189811,-26.538662,13.441062,-26.546665
3.481250,49.260017,-2.470902,10.107544,-26.071857,13.629182,-26.223791
3.487500,55.188583,-2.473632,9.815320,-25.639717,14.145203,-25.864910
3.493750,61.115974,-2.476732,10.014023,-25.288525,14.585394,-25.472691
3.500000,67.042931,-2.480276,10.473835,-25.035656,14.520406,-25.057775
3.506250,72.972168,-2.483789,11.121448,-24.877436,13.606431,-24.631275
3.512500,78.905380,-2.486613,11.878923,-24.794353,11.575401,-24.203005
3.518750,84.839172,-2.489147,12.688399,-24.738226,8.230309,-23.779255
3.525000,90.768127,-2.492469,13.504467,-24.642303,3.434162,-23.366205
3.531250,96.692245,-2.496861,15.165751,-24.607332,-0.762957,-22.976538
3.537500,100.722816,-2.501723,17.089546,-24.555950,-5.795384,-22.626619
3.543750,104.485786,-2.506310,19.403641,-24.469669,-11.199975,-22.332096
3.550000,107.446945,-2.510953,22.287048,-24.335800,-16.663240,-22.056208
3.556250,109.109467,-2.516131,24.086040,-24.138666,-21.881086,-21.777643
3.562500,109.049088,-2.521690,26.481607,-23.899336,-26.425285,-21.526983
3.568750,106.930664,-2.526658,28.959267,-23.643896,-30.700258,-21.365978
3.575000,102.518723,-2.530396,31.112055,-23.398613,-34.420498,-21.287487
3.581250,95.687576,-2.533007,32.559803,-23.195530,-37.723770,-21.316792
3.587500,86.431923,-2.535018,32.964520,-23.069180,-39.143036,-21.405931
3.593750,74.872520,-2.536622,32.109947,-23.029762,-40.934334,-21.559639
3.600000,61.249886,-2.537312,32.119659,-23.073208,-42.574928,-21.800438
3.606250,45.905342,-2.536681,31.387651,-23.216618,-44.012440,-22.124477
3.612500,29.262529,-2.535020,30.289936,-23.459076,-45.278458,-22.509302
3.618750,11.809347,-2.532910,29.249434,-23.798326,-46.479515,-22.921509
3.625000,-5.920763,-2.530219,28.494839,-24.255917,-47.949696,-23.387583
3.631250,-23.379971,-2.526721,28.453608,-24.802559,-47.788731,-23.882387
3.637500,-40.037830,-2.522764,29.496986,-25.402962,-47.366581,-24.374323
3.643750,-55.406376,-2.519057,31.798080,-26.019108,-46.403595,-24.840530
3.650000,-69.058762,-2.515985,33.506039,-26.609310,-44.730721,-25.260481
3.656250,-80.651337,-2.513556,36.187378,-27.117207,-42.255196,-25.616993
3.662500,-89.945549,-2.511769,39.106209,-27.515503,-38.938160,-25.898766
3.668750,-96.819626,-2.510853,43.264832,-27.828424,-34.849270,-26.109074
3.675000,-101.271873,-2.510728,46.767292,-28.017483,-30.117933,-26.250372
3.681250,-103.421562,-2.510924,49.445400,-28.070131,-24.895063,-26.322701
3.687500,-103.506577,-2.511546,51.052483,-27.991451,-19.395935,-26.328831
3.693750,-101.870155,-2.513332,51.408234,-27.802950,-13.890128,-26.278019
3.700000,-98.938667,-2.516348,50.427307,-27.534239,-8.649910,-26.184191
3.706250,-95.198433,-2.519681,48.262470,-27.179340,-3.891031,-26.053978
3.712500,-91.179100,-2.522824,45.009205,-26.776737,0.274250,-25.880909
3.718750,-85.263077,-2.526150,38.809315,-26.366102,3.709959,-25.669882
3.725000,-79.348236,-2.530068,31.552830,-25.973570,6.343760,-25.423044
3.731250,-73.432304,-2.534139,23.026251,-25.628099,8.422364,-25.187996
3.737500,-67.510986,-2.537771,15.159751,-25.369320,10.280932,-24.985790
3.743750,-61.585857,-2.540981,6.592710,-25.200272,12.046200,-24.830202
3.750000,-55.660702,-2.544106,-2.064715,-25.109898,14.159354,-24.694452
3.756250,-49.736584,-2.547084,-10.332623,-25.091732,15.449005,-24.547451
3.762500,-43.811569,-2.549756,-17.783701,-25.130196,17.731579,-24.380751
3.768750,-37.886078,-2.552299,-23.970249,-25.194231,18.927650,-24.250757
3.775000,-31.961966,-2.555037,-28.566128,-25.273466,20.796917,-24.164448
3.781250,-26.038515,-2.557811,-31.466248,-25.369972,22.569511,-24.100443
3.787500,-20.113802,-2.560242,-32.363533,-25.460388,23.902340,-24.049059
3.793750,-14.189165,-2.562653,-31.086327,-25.540394,24.522446,-24.009960
3.800000,-8.266409,-2.565362,-29.498985,-25.609020,24.247570,-23.980894
3.806250,-2.345293,-2.568400,-25.596148,-25.577816,23.068926,-23.931208
3.812500,3.576286,-2.571607,-20.364525,-25.493851,20.989094,-23.854198
3.818750,9.498047,-2.575161,-14.579156,-25.375597,17.900463,-23.758089
3.825000,15.419075,-2.579141,-8.815211,-25.236303,13.913105,-23.646820
3.831250,21.342800,-2.583110,-1.448234,-25.088058,9.283664,-23.527754
3.837500,27.269543,-2.586668,5.672165,-24.943615,4.349772,-23.416950
3.843750,33.196842,-2.590241,12.651927,-24.807491,-0.517490,-23.338676
3.850000,39.121696,-2.594305,17.777374,-24.670443,-4.578793,-23.209818
3.856250,45.046505,-2.598418,22.774513,-24.538315,-9.486732,-23.076580
3.862500,50.974281,-2.602010,27.179306,-24.414549,-13.405072,-22.955189
3.868750,56.902454,-2.605454,30.638985,-24.291857,-16.416330,-22.847773
3.875000,62.825386,-2.609746,32.854504,-24.152334,-18.636757,-22.747992
3.881250,68.744171,-2.615281,33.557652,-23.973757,-20.233498,-22.642494
3.887500,74.665314,-2.621192,32.358925,-23.779760,-21.457155,-22.525118
3.893750,80.593285,-2.626640,29.048283,-23.557377,-22.676386,-22.404343
3.900000,86.524445,-2.632066,25.822739,-23.291576,-24.206297,-22.275835
3.906250,92.453262,-2.638418,21.273563,-22.979025,-26.334517,-22.136862
3.912500,96.486450,-2.645764,15.885552,-22.620985,-29.398165,-21.984264
3.918750,100.252014,-2.653668,10.150145,-22.223372,-31.832684,-21.810120
3.925000,103.219612,-2.661443,4.480214,-21.804319,-35.577141,-21.597578
3.931250,104.898048,-2.668824,-0.776873,-21.390062,-40.435684,-21.373102
3.937500,104.858223,-2.675783,-5.260688,-21.002716,-44.306492,-21.179518
3.943750,102.758446,-2.682185,-8.647638,-20.664557,-48.089924,-21.018147
3.950000,98.362701,-2.687689,-10.717989,-20.397287,-51.014793,-20.899090
3.956250,91.549614,-2.691689,-11.368973,-20.219513,-52.448673,-20.835419
3.962500,82.317276,-2.693970,-10.582141,-20.143265,-51.853634,-20.839693
3.968750,70.783737,-2.694837,-8.402264,-20.170830,-48.798923,-20.920736
3.975000,57.182751,-2.694363,-6.833958,-20.285231,-42.993332,-21.087595
3.981250,41.853737,-2.692649,-2.266830,-20.467770,-36.201538,-21.378878
3.987500,25.222939,-2.689822,2.696034,-20.788055,-26.733734,-21.712517
3.993750,7.780636,-2.686097,8.163868,-21.178608,-15.088446,-22.135319
4.000000,-9.941444,-2.681640,13.819449,-21.629169,-2.370939,-22.659521
4.006250,-27.397297,-2.676508,19.238052,-22.128992,10.700583,-23.295158
4.012500,-44.055485,-2.670930,24.129585,-22.656824,23.346863,-24.032129
4.018750,-59.425945,-2.665698,28.251223,-23.185106,34.103127,-24.742889
4.025000,-73.081963,-2.661234,31.371027,-23.692068,44.615498,-25.425901
4.031250,-84.679802,-2.657294,33.503056,-24.170881,52.047737,-26.152023
4.037500,-93.979347,-2.653842,34.768208,-24.605497,58.355911,-26.866634
4.043750,-100.860916,-2.651432,35.109596,-24.980629,62.168720,-27.535629
4.050000,-105.323860,-2.650253,34.477825,-25.291286,63.890514,-28.136707
4.056250,-107.484825,-2.649635,32.886974,-25.534685,64.029678,-28.655083
4.062500,-107.577919,-2.648895,30.506012,-25.688509,61.320728,-29.069422
4.068750,-105.948082,-2.648696,27.510632,-25.756790,58.141060,-29.353960
4.075000,-103.027946,-2.650296,24.022346,-25.755325,54.622112,-29.506252
4.081250,-99.305466,-2.653414,20.336737,-25.695686,50.937511,-29.527838
4.087500,-95.303886,-2.656727,16.836325,-25.585241,47.382797,-29.418106
4.093750,-89.398422,-2.659476,12.050647,-25.429834,44.308941,-29.178608
4.100000,-83.492332,-2.662261,8.018999,-25.238125,39.903965,-28.821911
4.106250,-77.590034,-2.665911,4.634808,-25.018169,35.873653,-28.375866
4.112500,-71.690041,-2.670351,1.840732,-24.767700,32.074215,-27.847729
4.118750,-65.787010,-2.675203,-0.438747,-24.490429,28.624712,-27.221155
4.125000,-59.881645,-2.680546,-2.395659,-24.199732,25.172804,-26.543228
4.131250,-53.974720,-2.686463,-4.171875,-23.906549,21.567776,-25.848347
4.137500,-48.064095,-2.692603,-5.850344,-23.617762,17.805588,-25.164196
4.143750,-42.147511,-2.698555,-7.485489,-23.335636,13.917349,-24.511377
4.150000,-36.227440,-2.704419,-9.140645,-23.061468,9.939904,-23.906389
4.156250,-30.305964,-2.710601,-8.722812,-22.794872,5.911210,-23.355627
4.162500,-24.383310,-2.717095,-7.668021,-22.533400,4.037577,-22.834736
4.168750,-18.457592,-2.723718,-7.457533,-22.268904,2.819885,-22.425856
4.175000,-12.527960,-2.730459,-6.152239,-22.006889,0.891527,-22.076683
4.181250,-6.594647,-2.737166,-4.089412,-21.758413,0.294208,-21.794777
4.187500,-0.656675,-2.743550,-1.575630,-21.530529,0.793164,-21.558517
4.193750,5.286145,-2.749596,1.072398,-21.330450,2.186848,-21.346258
4.200000,11.232859,-2.755075,3.530112,-21.165359,5.023091,-21.251574
4.206250,17.182735,-2.759756,5.477077,-21.042763,6.441744,-21.245829
4.212500,23.135553,-2.763409,8.806338,-20.965286,7.490731,-21.276712
4.218750,29.088335,-2.766236,11.955303,-20.924047,9.137834,-21.326761
4.225000,35.038033,-2.768693,15.235481,-20.911133,9.419372,-21.409369
4.231250,40.983860,-2.771033,16.997589,-20.917557,8.245252,-21.518970
4.237500,46.927452,-2.773165,19.085371,-20.932795,5.487474,-21.638454
4.243750,52.868858,-2.774972,21.052908,-20.972469,3.176852,-21.760208
4.250000,58.809109,-2.776426,22.485813,-21.030764,-0.218773,-21.887726
4.256250,64.747520,-2.777449,23.101883,-21.089172,-4.187270,-22.007793
4.262500,70.681793,-2.778414,22.527977,-21.132217,-8.201303,-22.106417
4.268750,76.610100,-2.779893,20.410492,-21.148130,-11.811928,-22.169716
4.275000,82.530930,-2.782404,18.609486,-21.129984,-14.622809,-22.187473
4.281250,88.449608,-2.785633,15.491759,-21.069141,-16.297331,-22.147785
4.287500,94.369591,-2.789251,11.331995,-20.956526,-16.567820,-22.029158
4.293750,98.394577,-2.793759,6.352195,-20.801601,-15.349675,-21.841379
4.300000,102.144432,-2.799632,0.761310,-20.613997,-12.978668,-21.629120
4.306250,105.092506,-2.806071,-5.104637,-20.396008,-9.362513,-21.381409
4.312500,106.752602,-2.811951,-10.959823,-20.154671,-4.634626,-21.102009
4.318750,106.695534,-2.817245,-16.561090,-19.900238,0.903083,-20.800747
4.325000,104.572823,-2.822912,-21.711159,-19.649296,6.886793,-20.493494
4.331250,100.147514,-2.829166,-26.255051,-19.420933,12.919375,-20.196342
4.337500,93.303787,-2.835165,-30.058134,-19.238226,18.619841,-19.919920
4.343750,84.045456,-2.840154,-33.044662,-19.162539,23.630074,-19.653252
4.350000,72.490700,-2.844244,-34.417698,-19.061905,27.601664,-19.424101
4.356250,58.873337,-2.847453,-34.416893,-19.055536,31.946159,-19.279222
4.362500,43.534199,-2.849320,-33.145851,-19.157040,35.312752,-19.223692
4.368750,26.899925,-2.849919,-30.535427,-19.363285,38.020733,-19.281038
4.375000,9.457017,-2.849819,-26.664310,-19.665434,40.377033,-19.476133
4.381250,-8.263680,-2.849283,-21.693224,-20.047060,42.174156,-19.700481
4.387500,-25.712385,-2.847681,-15.839230,-20.483944,44.143539,-19.976133
4.393750,-42.356323,-2.844952,-9.398017,-20.954443,46.789314,-20.341078
4.400000,-57.709652,-2.842159,-2.742785,-21.443195,48.471748,-20.796762
4.406250,-71.346588,-2.839652,1.877743,-21.933313,50.495987,-21.307356
4.412500,-82.922401,-2.836827,7.944981,-22.406769,52.535946,-21.847635
4.418750,-92.198051,-2.833497,13.296661,-22.849316,54.363689,-22.396940
4.425000,-99.055725,-2.830422,17.749182,-23.226868,55.831932,-22.924982
4.431250,-103.498489,-2.828203,21.285475,-23.507187,56.929585,-23.386089
4.437500,-105.643806,-2.826442,23.693258,-23.695772,57.527405,-23.765839
4.443750,-105.725441,-2.824814,24.971853,-23.799171,57.536133,-24.054405
4.450000,-104.087189,-2.824087,25.292639,-23.818687,57.041378,-24.240574
4.456250,-101.157883,-2.824962,24.910076,-23.756762,56.195957,-24.317566
4.462500,-97.425148,-2.826962,24.143852,-23.620501,55.173054,-24.285374
4.468750,-93.415314,-2.829341,23.387215,-23.423889,54.178276,-24.152586
4.475000,-87.507835,-2.832341,21.180141,-23.185638,53.460659,-23.941553
4.481250,-81.600578,-2.836196,19.664045,-22.900921,51.540012,-23.617540
4.487500,-75.690468,-2.840532,18.775372,-22.586905,50.388382,-23.211010
4.493750,-69.775665,-2.844782,18.267693,-22.272909,49.491287,-22.760740
4.500000,-63.859364,-2.849716,18.023191,-21.979330,48.605175,-22.296011
4.506250,-57.944946,-2.856142,17.977875,-21.717020,47.540024,-21.839008
4.512500,-52.026276,-2.863211,18.075020,-21.485294,46.117535,-21.406338
4.518750,-46.095734,-2.869528,18.245440,-21.267160,44.154652,-21.011654
4.525000,-40.154476,-2.874704,18.404150,-20.990227,41.445717,-20.677853
4.531250,-34.211170,-2.879695,19.987642,-20.817745,37.696892,-20.449526
4.537500,-28.269926,-2.885166,21.717548,-20.685562,34.255005,-20.259045
4.543750,-22.325108,-2.890550,22.308317,-20.558897,29.411562,-20.135536
4.550000,-16.372484,-2.895085,23.580671,-20.449480,23.747118,-20.071686
4.556250,-10.413916,-2.898638,25.038759,-20.380060,17.548317,-20.040747
4.562500,-4.453125,-2.901520,26.330456,-20.369469,11.713688,-20.148479
4.568750,1.508322,-2.903916,27.142372,-20.439789,6.258142,-20.374123
4.575000,7.471648,-2.905597,27.181259,-20.626240,1.366767,-20.677210
4.581250,13.438384,-2.906196,26.198639,-20.945181,-3.139452,-21.017441
4.587500,19.406126,-2.905563,25.124439,-21.316290,-6.492081,-21.423706
4.593750,25.372715,-2.903921,23.327652,-21.790672,-8.567990,-21.894978
4.600000,31.335619,-2.901531,20.835142,-22.374317,-9.400697,-22.415648
4.606250,37.293831,-2.898331,17.673191,-23.094517,-9.160531,-22.975750
4.612500,43.247391,-2.894307,13.908023,-23.902756,-8.175653,-23.574278
4.618750,49.192944,-2.890188,9.973820,-24.773251,-6.678355,-24.188854
4.625000,55.127518,-2.886719,5.754370,-25.691904,-4.955051,-24.800920
4.631250,61.055424,-2.883549,1.442462,-26.629564,-3.366156,-25.397377
4.637500,66.981316,-2.879672,-2.734908,-27.547840,-2.297501,-25.965870
4.643750,72.904068,-2.875228,-8.438575,-28.400034,-2.127795,-26.478344
4.650000,78.815208,-2.871670,-13.838575,-29.133852,-3.234588,-26.893959
4.656250,84.711235,-2.870080,-17.152363,-29.701118,-5.919325,-27.179281
4.662500,90.598755,-2.870216,-20.235739,-30.089016,-8.443302,-27.372541
4.668750,96.484955,-2.871534,-23.069881,-30.280216,-12.564971,-27.462223
4.675000,100.476509,-2.874165,-25.495010,-30.257998,-17.817589,-27.434196
4.681250,104.194832,-2.878155,-27.464489,-30.019840,-23.920536,-27.284489
4.687500,107.110016,-2.883042,-29.011684,-29.582769,-30.602350,-27.020294
4.693750,108.730156,-2.888837,-30.220280,-28.981312,-37.571575,-26.653708
4.700000,108.626831,-2.896260,-31.202549,-28.262373,-44.481068,-26.192781
4.706250,106.459442,-2.905543,-32.231602,-27.428038,-50.960014,-25.636463
4.712500,101.999634,-2.915317,-33.686798,-26.509727,-56.626072,-24.977037
4.718750,95.132355,-2.924115,-35.594479,-25.563374,-62.932674,-24.322887
4.725000,85.851730,-2.932209,-36.230572,-24.665197,-68.139267,-23.685919
4.731250,74.271141,-2.940462,-37.339657,-23.851561,-72.579010,-23.099846
4.737500,60.628483,-2.948529,-38.632362,-23.140886,-76.378326,-22.573032
4.743750,45.270046,-2.955333,-39.944901,-22.546680,-80.020500,-22.069946
4.750000,28.621250,-2.960794,-41.138588,-22.069128,-83.327415,-21.604538
4.756250,11.166902,-2.965722,-42.066444,-21.679207,-84.437386,-21.217638
4.762500,-6.562593,-2.970167,-42.587601,-21.352304,-84.574944,-20.954168
4.768750,-24.016699,-2.973603,-41.396896,-21.163340,-83.826385,-20.783867
4.775000,-40.663345,-2.975847,-39.130646,-21.050549,-81.830139,-20.690014
4.781250,-56.015255,-2.977472,-37.274700,-20.979082,-78.230988,-20.662752
4.787500,-69.647751,-2.978960,-33.897083,-20.907091,-74.626549,-20.696337
4.793750,-81.219635,-2.980460,-29.392170,-20.840185,-69.095329,-20.743887
4.800000,-90.492928,-2.982033,-24.332638,-20.766737,-62.005936,-20.798304
4.806250,-97.344223,-2.983793,-19.061586,-20.678274,-54.022064,-20.857155
4.812500,-101.773491,-2.985610,-14.063635,-20.578676,-45.628632,-20.906717
4.818750,-103.900764,-2.987617,-9.828426,-20.455652,-37.259789,-20.928055
4.825000,-103.965080,-2.990336,-4.511529,-20.320581,-29.295053,-20.917057
4.831250,-102.305885,-2.993762,0.122993,-20.186230,-22.044630,-20.889290
4.837500,-99.344238,-2.996780,4.302225,-20.069458,-15.792449,-20.856613
4.843750,-95.569916,-2.998770,8.336745,-19.969746,-10.623650,-20.773687
4.850000,-91.522835,-3.000639,10.775609,-19.874184,-6.492634,-20.650957
4.856250,-85.587692,-3.003746,13.431183,-19.802649,-3.615890,-20.512962
4.862500,-79.655312,-3.007741,16.011456,-19.767611,-1.838905,-20.375513
4.868750,-73.715294,-3.011061,18.357119,-19.764826,-0.888351,-20.244146
4.875000,-67.766365,-3.013313,20.367134,-19.777964,-0.444109,-20.121275
4.881250,-61.818127,-3.015301,21.963625,-19.778542,-0.217922,-20.012880
4.887500,-55.874649,-3.017697,23.271280,-19.791433,0.060380,-19.925043
4.893750,-49.932186,-3.020325,24.551607,-19.820162,0.638407,-19.864176
4.900000,-43.988686,-3.022906,25.655682,-19.854927,1.721638,-19.831078
4.906250,-38.043663,-3.025466,26.659664,-19.898348,3.473219,-19.815449
4.912500,-32.098244,-3.027842,27.595831,-19.933607,5.991449,-19.793882
4.918750,-26.151512,-3.030036,28.453012,-19.959173,9.406513,-19.767855
4.925000,-20.205168,-3.032421,29.452700,-19.997944,14.246882,-19.787659
4.931250,-14.259391,-3.035125,30.637741,-20.067120,20.288761,-19.836020
4.937500,-8.310678,-3.037400,31.976353,-20.175753,25.296350,-19.909550
4.943750,-2.354945,-3.038308,33.397530,-20.330154,30.654253,-20.011683
4.950000,3.602307,-3.038279,34.821896,-20.529099,35.868828,-20.145065
4.956250,9.554211,-3.038423,36.183147,-20.765841,40.481831,-20.313272
4.962500,15.501514,-3.038694,37.666882,-21.027397,44.052361,-20.531956
4.968750,21.450529,-3.038240,39.458244,-21.291761,48.351742,-20.763578
4.975000,27.400059,-3.037165,41.351620,-21.572758,50.481007,-20.990046
4.981250,33.345737,-3.036161,43.102207,-21.863106,51.356674,-21.257681
4.987500,39.287815,-3.034892,44.699139,-22.146349,51.061295,-21.563231
4.993750,45.231064,-3.032645,45.982040,-22.416559,49.538647,-21.903435
5.000000,51.172085,-3.029802,46.813572,-22.666088,46.724396,-22.274961
5.006250,57.103222,-3.027618,47.114532,-22.884508,42.580887,-22.674173
5.012500,63.024464,-3.026512,46.835197,-23.057024,38.929867,-23.065365
5.018750,68.944221,-3.025568,45.960793,-23.160784,33.950077,-23.388006
5.025000,74.865517,-3.024298,42.544029,-23.199299,28.175032,-23.689966
5.031250,80.784119,-3.023274,40.177803,-23.199873,21.949541,-23.971344
5.037500,86.696442,-3.022855,37.101749,-23.160732,15.911379,-24.212231
5.043750,92.605751,-3.022930,33.439701,-23.100941,10.409688,-24.402233
5.050000,96.618233,-3.023613,29.261377,-23.125248,5.727528,-24.535667
5.056250,100.354309,-3.025371,24.860952,-23.046509,2.153466,-24.600677
5.062500,103.284492,-3.027719,20.868904,-22.985346,-0.046836,-24.587700
5.068750,104.922531,-3.029547,16.884468,-22.971107,-0.721116,-24.499567
5.075000,104.837929,-3.030960,11.410136,-23.008986,0.247862,-24.341091
5.081250,102.681351,-3.033656,6.466949,-23.086855,2.973044,-24.116131
5.087500,98.214653,-3.038112,1.908817,-23.180735,7.536562,-23.834120
5.093750,91.327728,-3.043048,-2.312036,-23.292469,13.933759,-23.513123
5.100000,82.026222,-3.047338,-6.169757,-23.415373,22.023565,-23.184105
5.106250,70.425545,-3.051714,-9.887460,-23.522141,31.400318,-22.816668
5.112500,56.755726,-3.057206,-13.565969,-23.588615,41.527042,-22.430822
5.118750,41.362125,-3.063191,-17.239790,-23.597996,52.275105,-22.058771
5.125000,24.677914,-3.068769,-20.938086,-23.540663,63.115654,-21.719175
5.131250,7.193969,-3.074158,-24.663868,-23.410360,73.427376,-21.421141
5.137500,-10.563078,-3.080058,-28.402218,-23.205063,82.592834,-21.164219
5.143750,-28.046467,-3.086432,-29.968220,-22.928280,90.037895,-20.926968
5.150000,-44.718533,-3.092629,-30.707195,-22.589664,95.278084,-20.746744
5.156250,-60.085018,-3.098341,-32.011475,-22.203007,99.250618,-20.624264
5.162500,-73.721664,-3.103648,-31.761097,-21.768040,101.362221,-20.527950
5.168750,-85.288399,-3.108540,-30.163666,-21.310650,101.451241,-20.470856
5.175000,-94.548309,-3.112623,-27.544783,-20.858694,99.947601,-20.452787
5.181250,-101.380745,-3.115803,-24.191372,-20.435322,97.430382,-20.462921
5.187500,-105.787529,-3.118166,-20.420073,-20.062151,94.571678,-20.482664
5.193750,-107.891167,-3.119883,-16.582764,-19.760801,89.983551,-20.524048
5.200000,-107.930649,-3.121030,-13.041564,-19.553038,86.005180,-20.644430
5.206250,-106.247414,-3.122020,-7.947355,-19.456406,82.815536,-20.763426
5.212500,-103.268486,-3.122898,-2.848247,-19.448147,79.344749,-20.872076
5.218750,-99.483170,-3.123259,0.673000,-19.524487,76.850212,-20.995615
5.225000,-95.423035,-3.122613,4.342649,-19.675060,75.167244,-21.137297
5.231250,-89.469154,-3.121158,7.872498,-19.784584,74.105034,-21.294638
5.237500,-83.520386,-3.119352,10.791910,-20.047506,73.378700,-21.474760
5.243750,-77.578590,-3.117704,12.244471,-20.369089,72.627411,-21.686489
5.250000,-71.644806,-3.116812,12.477864,-20.726631,71.525665,-21.926783
5.256250,-65.716522,-3.116696,13.223611,-21.101957,69.749352,-22.191072
5.262500,-59.787445,-3.116274,12.688084,-21.473158,66.995544,-22.474842
5.268750,-53.855499,-3.114896,11.110057,-21.833921,63.010818,-22.765427
5.275000,-47.928745,-3.113710,8.762723,-22.180605,57.536228,-23.047058
5.281250,-42.014606,-3.114386,5.846087,-22.506241,50.373077,-23.290279
5.287500,-36.108067,-3.116593,2.534117,-22.801189,41.621429,-23.532272
5.293750,-30.196188,-3.118450,-1.017461,-23.057173,31.619560,-23.763920
5.300000,-24.278198,-3.119609,-4.659697,-23.265005,20.332853,-23.959585
5.306250,-18.366070,-3.121791,-8.222903,-23.411949,8.087082,-24.101210
5.312500,-12.463748,-3.126047,-11.562797,-23.489471,-4.688970,-24.177427
5.318750,-6.562149,-3.131613,-14.570773,-23.491575,-17.532982,-24.179817
5.325000,-0.651969,-3.137422,-17.146315,-23.412617,-29.961634,-24.098469
5.331250,5.264725,-3.143780,-19.244720,-23.257812,-41.531834,-23.919228
5.337500,11.185118,-3.150943,-18.726830,-23.066410,-51.960777,-23.710943
5.343750,17.114271,-3.157897,-18.893648,-22.812080,-60.859917,-23.428574
5.350000,23.054424,-3.163968,-17.304714,-22.522274,-68.013405,-23.121222
5.356250,29.000525,-3.169814,-14.497230,-22.236464,-73.339859,-22.825159
5.362500,34.948170,-3.175923,-10.614821,-21.982073,-76.753250,-22.578449
5.368750,40.903557,-3.181299,-5.845655,-21.779175,-78.333359,-22.395632
5.375000,46.870281,-3.184654,-0.402019,-21.637033,-78.421082,-22.251116
5.381250,52.842396,-3.186581,5.465601,-21.555824,-77.177933,-22.129345
5.387500,58.812111,-3.187774,11.451620,-21.526039,-74.987007,-22.110159
5.393750,64.779976,-3.187871,15.242313,-21.570803,-70.956116,-22.208092
5.400000,70.749443,-3.186162,20.206448,-21.692333,-66.543861,-22.401993
5.406250,76.715233,-3.183318,24.318291,-21.872713,-62.015121,-22.687368
5.412500,82.670349,-3.180510,27.419882,-22.088715,-57.605850,-23.035858
5.418750,88.616478,-3.177533,29.406347,-22.313421,-53.303486,-23.385189
5.425000,94.558495,-3.173759,30.207319,-22.523703,-49.475365,-23.726795
5.431250,98.599243,-3.169789,29.852890,-22.696587,-46.287449,-24.042072
5.437500,102.353966,-3.166904,28.551081,-22.814535,-43.714508,-24.304281
5.443750,105.291290,-3.165496,26.694233,-22.871664,-41.696220,-24.486015
5.450000,106.926109,-3.165246,24.641825,-22.854265,-40.184471,-24.571188
5.456250,106.834915,-3.165970,22.759787,-22.751465,-39.051292,-24.547949
5.462500,104.677078,-3.167643,19.587160,-22.565874,-38.105949,-24.420565
5.468750,100.218666,-3.169861,17.190504,-22.309464,-37.153160,-24.227203
5.475000,93.338310,-3.172517,15.506662,-21.988970,-35.793415,-23.897650
5.481250,84.032143,-3.176596,14.488457,-21.612204,-33.607361,-23.484926
5.487500,72.423065,-3.182534,13.956918,-21.207140,-30.764692,-23.037434
5.493750,58.755432,-3.189043,13.727079,-20.804661,-26.982407,-22.591757
5.500000,43.378639,-3.194419,13.688879,-20.427561,-22.005459,-22.177605
5.506250,26.715427,-3.198766,13.771252,-20.090885,-15.634413,-21.817345
5.512500,9.247331,-3.203422,13.898674,-19.798946,-7.800229,-21.513077
5.518750,-8.493197,-3.208246,14.010658,-19.520157,1.313016,-21.235003
5.525000,-25.952419,-3.212129,14.221957,-19.317997,10.962061,-21.063313
5.531250,-42.596867,-3.214561,14.242445,-19.195162,21.309343,-20.981241
5.537500,-57.941242,-3.216270,14.326547,-19.136683,31.998072,-20.977818
5.543750,-71.561325,-3.217466,14.250579,-19.145012,42.484962,-21.036009
5.550000,-83.115356,-3.217792,13.782689,-19.225327,52.277634,-21.161558
5.556250,-92.365250,-3.217162,12.746841,-19.382286,61.166656,-21.411694
5.562500,-99.192314,-3.215778,11.000386,-19.623798,68.960304,-21.681128
5.568750,-103.598381,-3.213673,8.493139,-19.934345,75.513336,-21.987679
5.575000,-105.704300,-3.210706,7.452398,-20.296543,80.433022,-22.336065
5.581250,-105.749947,-3.207309,4.516040,-20.710260,83.878807,-22.716370
5.587500,-104.077591,-3.203978,1.806988,-21.169306,86.131500,-23.105404
5.593750,-101.114151,-3.200606,-0.695948,-21.670839,87.489403,-23.503649
5.600000,-97.350388,-3.197223,-2.997195,-22.201239,86.216248,-23.909201
5.606250,-93.320442,-3.194619,-5.011977,-22.732941,84.580559,-24.292011
5.612500,-87.404083,-3.193067,-6.740129,-23.249598,82.336967,-24.651525
5.618750,-81.489082,-3.191611,-8.213348,-23.737164,79.345795,-24.985054
5.625000,-75.570862,-3.189469,-9.430604,-24.181793,75.551010,-25.293140
5.631250,-69.658081,-3.187901,-10.368846,-24.566750,70.924553,-25.576551
5.637500,-63.758499,-3.188483,-12.893309,-24.874437,65.415359,-25.808714
5.643750,-57.864059,-3.190712,-13.203041,-25.085121,58.908634,-25.954725
5.650000,-51.963402,-3.192770,-13.192549,-25.176586,53.444519,-25.973995
5.656250,-46.056755,-3.194659,-12.947585,-25.148026,47.221142,-25.952951
5.662500,-40.154205,-3.197818,-12.658385,-25.014112,40.391022,-25.874098
5.668750,-34.258747,-3.202800,-12.380363,-24.775673,33.711281,-25.720201
5.675000,-28.360901,-3.208828,-12.178346,-24.442318,27.491302,-25.489624
5.681250,-22.454283,-3.214973,-12.190162,-24.032051,21.979307,-25.186066
5.687500,-16.541103,-3.221335,-12.545446,-23.571135,17.420963,-24.811541
5.693750,-10.623457,-3.227828,-13.412165,-23.105669,14.070656,-24.374664
5.700000,-4.700766,-3.234164,-15.125851,-22.601023,12.356480,-23.913910
5.706250,1.225224,-3.240691,-15.954618,-22.096806,10.733892,-23.445141
5.712500,7.152807,-3.248087,-17.161972,-21.642733,10.767706,-22.996675
5.718750,13.085340,-3.255654,-18.488317,-21.266087,12.012073,-22.598286
5.725000,19.030607,-3.262004,-19.721878,-20.978985,14.025863,-22.265884
5.731250,24.988169,-3.266540,-20.698418,-20.782848,18.137798,-21.972488
5.737500,30.948238,-3.270274,-21.300182,-20.668583,22.276941,-21.692432
5.743750,36.905575,-3.273771,-21.465839,-20.616758,26.300867,-21.527859
5.750000,42.865814,-3.276133,-21.243116,-20.626307,29.898598,-21.458637
5.756250,48.829575,-3.276927,-20.811623,-20.698162,33.208302,-21.467112
5.762500,54.792583,-3.276853,-18.002701,-20.809784,35.969044,-21.540476
5.768750,60.747768,-3.276573,-16.126629,-20.936146,37.904785,-21.668285
5.775000,66.697426,-3.275951,-13.202444,-21.052279,38.736824,-21.896246
5.781250,72.644089,-3.274768,-9.523812,-21.142258,40.476444,-22.071577
5.787500,78.584152,-3.273669,-5.474144,-21.200716,39.952106,-22.268999
5.793750,84.515129,-3.273454,-1.417867,-21.218828,38.758278,-22.483334
5.800000,90.439995,-3.274061,2.303297,-21.188555,36.938782,-22.696114
5.806250,96.361580,-3.275141,5.342139,-21.107079,34.521210,-22.882788
5.812500,100.387817,-3.276390,7.366380,-20.977127,31.572765,-23.015877
5.818750,104.139229,-3.277959,10.267562,-20.805489,28.288868,-23.098167
5.825000,107.080521,-3.280390,12.460569,-20.609312,25.026974,-23.149981
5.831250,108.718163,-3.284596,14.271633,-20.420355,19.793531,-23.164972
5.837500,108.627808,-3.290673,16.104343,-20.255619,14.409126,-23.103296
5.843750,106.479019,-3.297324,16.758652,-20.082695,8.651093,-22.989651
5.850000,102.042664,-3.302830,18.035076,-19.948345,2.309332,-22.851131
5.856250,95.193954,-3.306653,19.660812,-19.874849,-4.588857,-22.706718
5.862500,85.921638,-3.309978,21.535625,-19.869858,-11.957513,-22.573078
5.868750,74.342873,-3.313506,23.551945,-19.926592,-19.727530,-22.464510
5.875000,60.698006,-3.316716,25.666248,-20.006258,-27.876211,-22.371834
5.881250,45.332642,-3.319126,28.042303,-20.158066,-36.530701,-22.295753
5.887500,28.672377,-3.320751,30.992294,-20.371931,-43.556789,-22.256813
5.893750,11.206742,-3.321535,32.421326,-20.622284,-50.201763,-22.250376
5.900000,-6.530400,-3.321315,34.075859,-20.903513,-55.986443,-22.266144
5.906250,-23.996925,-3.320548,35.579391,-21.224609,-60.490181,-22.298035
5.912500,-40.663441,-3.320177,36.631691,-21.597263,-65.338333,-22.364199
5.918750,-56.034531,-3.319786,37.251987,-21.957550,-68.804550,-22.447264
5.925000,-69.676559,-3.318251,37.179749,-22.331079,-71.246552,-22.538271
5.931250,-81.252350,-3.316094,36.115013,-22.729607,-72.943069,-22.638229
5.937500,-90.532181,-3.314751,34.067074,-23.150600,-74.114494,-22.750359
5.943750,-97.395348,-3.314422,31.146919,-23.578737,-74.927979,-22.873388
5.950000,-101.832253,-3.313999,27.748230,-23.998022,-75.561630,-23.014210
5.956250,-103.962013,-3.313125,24.267300,-24.389473,-76.266014,-23.053532
5.962500,-104.029396,-3.313046,20.826893,-24.734821,-76.174706,-23.109968
5.968750,-102.376366,-3.313998,17.514132,-25.021437,-75.011108,-23.170866
5.975000,-99.421822,-3.314471,14.414972,-25.236830,-73.544846,-23.224775
5.981250,-95.656372,-3.313864,11.619009,-25.372633,-71.323997,-23.271276
5.987500,-91.621689,-3.313720,9.192854,-25.422379,-67.989670,-23.311069
5.993750,-85.705078,-3.315492,7.204960,-25.381432,-63.240906,-23.342810
6.000000,-79.791870,-3.318427,5.697274,-25.249395,-56.872555,-23.366699
6.006250,-73.873085,-3.321316,4.696744,-25.023434,-48.800579,-23.376410
6.012500,-67.951027,-3.324419,4.216024,-24.696081,-39.194874,-23.337324
6.018750,-62.030769,-3.328451,4.191135,-24.276497,-28.623049,-23.284840
6.025000,-56.109417,-3.332871,4.510497,-23.830210,-17.162163,-23.228119
6.031250,-50.182499,-3.336946,5.474868,-23.362801,-5.103686,-23.175303
6.037500,-44.252052,-3.341074,6.973889,-22.902855,6.987654,-23.137089
6.043750,-38.321938,-3.345747,8.782758,-22.488522,18.542889,-23.121567
6.050000,-32.389069,-3.350230,10.715476,-22.148485,29.136137,-23.096777
6.056250,-26.448425,-3.353715,12.699076,-21.884163,38.489269,-23.069201
6.062500,-20.505352,-3.356745,14.534570,-21.720985,46.251480,-23.075056
6.068750,-14.564164,-3.359915,14.073949,-21.676573,52.197559,-23.120033
6.075000,-8.621008,-3.362453,15.011123,-21.751749,56.280708,-23.200897
6.081250,-2.672199,-3.363261,15.417489,-21.929377,58.610809,-23.316591
6.087500,3.276621,-3.362999,15.296664,-22.167553,59.363083,-23.461250
6.093750,9.216209,-3.363173,14.652083,-22.413429,58.643303,-23.601318
6.100000,15.146207,-3.364036,13.147328,-22.700981,56.547638,-23.739483
6.106250,21.075388,-3.364927,10.776418,-22.980179,53.498142,-23.879126
6.112500,27.005415,-3.365532,7.704405,-23.212894,49.802330,-24.010899
6.118750,32.932686,-3.366288,3.899423,-23.375044,45.676182,-24.120480
6.125000,38.855091,-3.367688,-0.656844,-23.454935,41.301456,-24.190001
6.131250,44.772900,-3.369914,-3.773094,-23.449675,36.882351,-24.185802
6.137500,50.690781,-3.373126,-6.734726,-23.365425,32.734791,-24.122232
6.143750,56.610325,-3.376906,-10.785077,-23.200562,27.768568,-24.014360
6.150000,62.535770,-3.380358,-13.671530,-22.962004,23.196280,-23.845661
6.156250,68.467392,-3.383092,-15.479418,-22.675877,18.794003,-23.627697
6.162500,74.399635,-3.385779,-16.294781,-22.367500,14.541588,-23.375847
6.168750,80.327843,-3.389149,-16.170918,-22.056364,10.483646,-23.102654
6.175000,86.257477,-3.392657,-15.200932,-21.761038,6.681477,-22.821466
6.181250,92.192780,-3.395262,-13.534566,-21.497963,3.190854,-22.544643
6.187500,96.237686,-3.397016,-11.344297,-21.280174,0.105745,-22.291739
6.193750,100.008163,-3.398581,-8.845437,-21.124115,-2.358169,-22.095018
6.200000,102.970604,-3.399905,-6.272324,-21.048409,-4.954718,-21.916794
6.206250,104.635086,-3.400625,-3.470436,-21.021067,-6.817995,-21.805153
6.212500,104.574112,-3.401023,-0.376029,-21.056574,-8.192415,-21.779697
6.218750,102.443375,-3.401587,2.612175,-21.158646,-9.241129,-21.858490
6.225000,98.007576,-3.402339,5.297819,-21.315058,-10.165764,-22.020327
6.231250,91.147331,-3.402978,7.459236,-21.515139,-10.232753,-22.223267
6.237500,81.863457,-3.403483,8.783630,-21.769024,-10.754442,-22.516394
6.243750,70.277702,-3.403840,9.102814,-22.061575,-11.506617,-22.890471
6.250000,56.626911,-3.403735,10.521867,-22.375944,-12.442763,-23.327612
6.256250,41.251175,-3.403347,11.595534,-22.698967,-13.553555,-23.805672
6.262500,24.573343,-3.403482,10.864167,-23.023792,-14.807487,-24.298861
6.268750,7.087274,-3.404115,10.408229,-23.342773,-16.094481,-24.771353
6.275000,-10.669229,-3.404052,10.180485,-23.636190,-17.027939,-25.200840
6.281250,-28.147554,-3.402820,10.125783,-23.889906,-17.345932,-25.578390
6.287500,-44.824947,-3.401706,10.110161,-24.100920,-17.066303,-25.885958
6.293750,-60.215904,-3.402204,10.038103,-24.265181,-15.950951,-26.107595
6.300000,-73.887367,-3.403868,9.876258,-24.373226,-13.692833,-26.227325
6.306250,-85.488037,-3.405326,9.605710,-24.413280,-10.013395,-26.232073
6.312500,-94.780586,-3.406528,9.191907,-24.372829,-4.722223,-26.110369
6.318750,-101.653152,-3.408530,8.586464,-24.240822,2.237826,-25.866814
6.325000,-106.106674,-3.411691,9.817805,-24.035389,10.663899,-25.558641
6.331250,-108.256416,-3.415524,11.362636,-23.780407,20.282820,-25.182760
6.337500,-108.336517,-3.419805,11.884583,-23.470642,30.595749,-24.733866
6.343750,-106.689911,-3.424938,13.482704,-23.113123,41.445900,-24.264442
6.350000,-103.742111,-3.430563,15.845594,-22.736301,52.323357,-23.815269
6.356250,-99.980904,-3.435683,18.672241,-22.368910,62.571938,-23.420082
6.362500,-95.937912,-3.440039,21.713160,-22.035870,71.517189,-23.102037
6.368750,-89.997437,-3.443980,24.730640,-21.756151,78.504494,-22.855333
6.375000,-84.056587,-3.447603,27.493309,-21.543716,82.885719,-22.681293
6.381250,-78.113480,-3.450541,29.748852,-21.437927,85.320473,-22.652229
6.387500,-72.168243,-3.452861,33.232128,-21.393717,84.788445,-22.746105
6.393750,-66.224129,-3.454814,35.342537,-21.431818,81.446747,-22.945759
6.400000,-60.279877,-3.456126,37.268021,-21.569218,75.592407,-23.186319
6.406250,-54.335335,-3.456416,38.981983,-21.801413,67.566643,-23.454124
6.412500,-48.393253,-3.456327,40.408707,-22.115366,56.511131,-23.806868
6.418750,-42.458542,-3.456859,41.450558,-22.495300,43.798626,-24.186674
6.425000,-36.528500,-3.457735,42.013168,-22.917801,29.835146,-24.558985
6.431250,-30.596687,-3.458081,42.039570,-23.354021,15.144878,-24.893223
6.437500,-24.664696,-3.457936,41.452427,-23.775768,0.274233,-25.163216
6.443750,-18.738649,-3.458338,42.369877,-24.149893,-14.231755,-25.342360
6.450000,-12.819552,-3.459861,41.489437,-24.446375,-27.888060,-25.423792
6.456250,-6.901210,-3.461891,40.826920,-24.657967,-40.448452,-25.469501
6.462500,-0.979872,-3.464000,40.209232,-24.781986,-51.709877,-25.406433
6.468750,4.942207,-3.466327,39.553619,-24.812975,-60.020985,-25.252316
6.475000,10.865081,-3.468766,38.773979,-24.750763,-66.405586,-25.050476
6.481250,16.791254,-3.470879,37.764717,-24.608179,-70.542465,-24.830435
6.487500,22.718256,-3.472924,36.397800,-24.414112,-72.256859,-24.619347
6.493750,28.643843,-3.475579,34.648952,-24.192274,-71.445381,-24.425089
6.500000,34.568920,-3.478425,32.609776,-23.947481,-69.927185,-24.234715
6.506250,40.500248,-3.480601,28.457634,-23.698494,-66.231117,-24.040878
6.512500,46.435310,-3.482116,23.810093,-23.463175,-61.038887,-23.871563
6.518750,52.367126,-3.484087,20.339457,-23.272556,-54.678459,-23.760677
6.525000,58.295811,-3.486750,16.236046,-23.147938,-47.999741,-23.689875
6.531250,64.228508,-3.489029,11.759689,-23.089500,-41.622860,-23.648497
6.537500,70.167969,-3.490357,7.150971,-23.093096,-36.041534,-23.629070
6.543750,76.107285,-3.491434,2.596744,-23.151159,-31.675001,-23.629017
6.550000,82.041672,-3.492983,-1.735856,-23.253891,-28.866011,-23.652908
6.556250,87.975006,-3.494595,-5.679157,-23.379824,-26.088602,-23.654623
6.562500,93.910919,-3.495804,-9.042459,-23.458670,-25.112745,-23.653141
6.568750,97.952423,-3.496770,-11.604630,-23.565186,-25.332335,-23.653217
6.575000,101.718437,-3.497746,-14.066059,-23.676981,-26.342026,-23.657009
6.581250,104.676910,-3.498583,-15.300315,-23.767876,-27.757158,-23.677206
6.587500,106.335876,-3.499509,-15.480425,-23.830597,-29.034910,-23.697861
6.593750,106.266190,-3.501088,-14.789817,-23.866953,-31.589497,-23.721886
6.600000,104.129028,-3.503020,-13.416465,-23.882059,-33.397797,-23.753902
6.606250,99.692619,-3.504311,-11.533854,-23.878616,-34.582123,-23.794310
6.612500,92.834267,-3.504982,-9.311264,-23.859245,-35.264996,-23.841623
6.618750,83.546837,-3.506124,-6.935438,-23.825171,-35.589931,-23.892370
6.625000,71.949638,-3.508493,-4.589012,-23.776028,-35.705109,-23.940212
6.631250,58.285629,-3.511384,-0.302870,-23.714165,-35.768955,-23.980072
6.637500,42.900642,-3.514117,2.479707,-23.640497,-35.928272,-24.030127
6.643750,26.219734,-3.517135,5.728888,-23.549793,-36.121349,-24.001183
6.650000,8.731753,-3.520979,9.232083,-23.427975,-37.209545,-23.960943
6.656250,-9.027122,-3.524989,12.708503,-23.272591,-39.043468,-23.905935
6.662500,-26.506523,-3.528379,15.803277,-23.087275,-41.794556,-23.830931
6.668750,-43.176399,-3.531397,18.246836,-22.864109,-45.589565,-23.727158
6.675000,-58.550121,-3.534615,19.783997,-22.599390,-50.559505,-23.598980
6.681250,-72.200005,-3.538320,20.096392,-22.314976,-54.738544,-23.471567
6.687500,-83.782944,-3.542211,21.104086,-22.021154,-59.529827,-23.352139
6.693750,-93.059418,-3.546095,21.350580,-21.735331,-64.423149,-23.247686
6.700000,-99.907272,-3.549634,21.184259,-21.505939,-69.001305,-23.174753
6.706250,-104.324997,-3.552153,20.822569,-21.281363,-72.836235,-23.154305
6.712500,-106.436821,-3.553839,20.091166,-21.092384,-75.423279,-23.171749
6.718750,-106.485207,-3.555407,19.701241,-20.982098,-76.425049,-23.239525
6.725000,-104.812294,-3.557286,19.733393,-20.968073,-75.737373,-23.357962
6.731250,-101.840187,-3.558862,20.176376,-21.056381,-73.145119,-23.506342
6.737500,-98.057625,-3.559364,20.958311,-21.240402,-70.409439,-23.728712
6.743750,-94.000565,-3.559020,21.965361,-21.510489,-65.876427,-24.000532
6.750000,-88.052917,-3.558386,22.986568,-21.871916,-60.183395,-24.288088
6.756250,-82.109039,-3.557632,26.021521,-22.299681,-53.759827,-24.557289
6.762500,-76.168472,-3.556863,27.894493,-22.740139,-47.062393,-24.789082
6.768750,-70.231583,-3.556265,30.336983,-23.198742,-40.665985,-24.981539
6.775000,-64.295738,-3.555483,33.034187,-23.663506,-32.839283,-25.121078
6.781250,-58.359539,-3.554032,35.775631,-24.117008,-25.345007,-25.199476
6.787500,-52.425556,-3.552160,38.344856,-24.540194,-18.055092,-25.212734
6.793750,-46.499050,-3.550928,40.526787,-24.915262,-10.826420,-25.160326
6.800000,-40.581059,-3.550858,42.115875,-25.227102,-3.504932,-25.043489
6.806250,-34.664864,-3.551274,42.936028,-25.463053,4.073093,-24.865725
6.812500,-28.746841,-3.551808,42.843437,-25.614918,12.068163,-24.627087
6.818750,-22.829367,-3.553065,43.895424,-25.681545,20.649817,-24.263340
6.825000,-16.914425,-3.555134,44.650806,-25.680384,28.102499,-23.926859
6.831250,-10.996943,-3.557367,43.675343,-25.613419,35.408524,-23.581186
6.837500,-5.074887,-3.559407,43.336823,-25.471622,42.579758,-23.259840
6.843750,0.846496,-3.562115,43.332939,-25.293222,48.963226,-23.014141
6.850000,6.765507,-3.565976,43.594131,-25.102316,53.942478,-22.833176
6.856250,12.688704,-3.569935,44.126846,-24.915638,58.647923,-22.720716
6.862500,18.621843,-3.572624,44.933670,-24.744497,61.393223,-22.707123
6.868750,24.560011,-3.574436,46.031124,-24.591393,62.421501,-22.794540
6.875000,30.493698,-3.576633,47.437233,-24.447052,62.002842,-22.972446
6.881250,36.422321,-3.579428,47.282589,-24.269020,60.473770,-23.214560
6.887500,42.352177,-3.582219,47.367805,-24.123793,58.184311,-23.482695
6.893750,48.285370,-3.584549,47.770180,-24.015322,55.351631,-23.778507
6.900000,54.219940,-3.586532,47.666145,-23.937391,52.302910,-24.072269
6.906250,60.154308,-3.588104,46.814541,-23.933054,49.617104,-24.323872
6.912500,66.087158,-3.589295,45.310226,-23.886507,45.835377,-24.502226
6.918750,72.015472,-3.590867,43.265888,-23.844891,42.913048,-24.591574
6.925000,77.937843,-3.593460,40.289394,-23.819595,40.592796,-24.585039
6.931250,83.859604,-3.596679,36.548771,-23.789186,38.625031,-24.478106
6.937500,89.785385,-3.599730,32.181065,-23.752050,36.741695,-24.276932
6.943750,95.715042,-3.602699,27.328175,-23.739460,34.604752,-24.013050
6.950000,99.751190,-3.605837,22.577597,-23.726576,31.848755,-23.728510
6.956250,103.515480,-3.608663,18.150812,-23.698225,29.745884,-23.366465
6.962500,106.478409,-3.610576,14.146287,-23.641520,26.455137,-22.984371
6.968750,108.142845,-3.612372,10.611865,-23.552628,22.370293,-22.619844
6.975000,108.075974,-3.615164,7.541359,-23.435675,17.593878,-22.298624
6.981250,105.940865,-3.618731,4.948645,-23.292425,12.222186,-22.036394
6.987500,101.509155,-3.621764,2.849476,-23.124996,6.349558,-21.841253
6.993750,94.661278,-3.623481,1.232671,-22.932457,0.056749,-21.710163
7.000000,85.388992,-3.624648,0.079760,-22.706705,-6.581930,-21.629179
7.006250,73.807770,-3.626417,-0.685710,-22.432127,-11.464152,-21.619608
7.012500,60.156288,-3.628826,0.927861,-22.135193,-16.113987,-21.688753
7.018750,44.780270,-3.631575,3.038015,-21.879181,-19.933075,-21.814846
7.025000,28.109350,-3.634398,4.319563,-21.641367,-22.514446,-21.973415
7.031250,10.636062,-3.636965,7.123460,-21.394167,-23.412848,-22.203352
7.037500,-7.107730,-3.639257,10.610129,-21.193356,-23.809231,-22.459715
7.043750,-24.577446,-3.641733,14.353322,-21.075924,-22.593397,-22.764534
7.050000,-41.240971,-3.644564,18.026197,-21.068905,-20.271515,-23.126429
7.056250,-56.602890,-3.647043,21.341696,-21.189499,-17.119610,-23.548849
7.062500,-70.232224,-3.648307,26.273092,-21.430332,-13.416708,-24.031055
7.068750,-81.792160,-3.648536,29.353367,-21.790960,-9.463264,-24.578995
7.075000,-91.051849,-3.648522,32.461014,-22.264357,-5.515404,-25.164450
7.081250,-97.890800,-3.648348,35.406422,-22.818062,-1.529323,-25.727552
7.087500,-102.305527,-3.647427,38.031384,-23.369196,0.012632,-26.283699
7.093750,-104.416840,-3.645579,39.891556,-24.004700,2.581608,-26.829514
7.100000,-104.466087,-3.643231,40.566952,-24.657978,4.190670,-27.346630
7.106250,-102.796379,-3.640705,40.248852,-25.289869,4.818190,-27.810846
7.112500,-99.835335,-3.638252,38.734280,-25.882633,4.480083,-28.196760
7.118750,-96.074974,-3.636172,35.834286,-26.446503,3.235316,-28.476631
7.125000,-92.048042,-3.634688,33.355988,-26.878603,1.220843,-28.610800
7.131250,-86.129311,-3.633352,29.667707,-27.195629,-1.332231,-28.554565
7.137500,-80.212372,-3.631952,25.504580,-27.413248,-5.957380,-28.381966
7.143750,-74.300301,-3.631270,21.147064,-27.538549,-10.960214,-28.071138
7.150000,-68.396774,-3.632389,16.842558,-27.576326,-16.588860,-27.624977
7.156250,-62.497288,-3.634966,12.837271,-27.529167,-22.783394,-27.061527
7.162500,-56.590401,-3.637539,9.347009,-27.401667,-29.396793,-26.409336
7.168750,-50.675472,-3.639525,6.526401,-27.203957,-36.249153,-25.710512
7.175000,-44.759735,-3.641848,4.489238,-26.950289,-43.143200,-25.026228
7.181250,-38.845646,-3.644890,3.310795,-26.656630,-49.994263,-24.342005
7.187500,-32.928848,-3.648093,3.032228,-26.339567,-56.886204,-23.691771
7.193750,-27.005363,-3.650774,3.664584,-26.008257,-61.397842,-23.126173
7.200000,-21.077932,-3.653099,3.305885,-25.654453,-65.029083,-22.675905
7.206250,-15.149493,-3.655354,5.641850,-25.304777,-67.149666,-22.345797
7.212500,-9.219587,-3.657284,8.212174,-25.003342,-69.082664,-22.108479
7.218750,-3.287412,-3.658874,11.204361,-24.738316,-69.148300,-22.024744
7.225000,2.643680,-3.660757,14.399462,-24.509045,-67.569412,-22.065697
7.231250,8.572782,-3.663237,17.578058,-24.312632,-64.552338,-22.210320
7.237500,14.505046,-3.665478,20.502058,-24.145826,-60.495926,-22.432451
7.243750,20.443546,-3.666842,22.892441,-24.017574,-55.834202,-22.697557
7.250000,26.383204,-3.667753,26.688765,-23.924690,-51.039181,-22.957571
7.256250,32.318649,-3.668856,28.514389,-23.857758,-46.658100,-23.194422
7.262500,38.250179,-3.670478,30.341349,-23.814337,-43.574001,-23.433641
7.268750,44.180298,-3.672414,31.933744,-23.801830,-39.827526,-23.629433
7.275000,50.110645,-3.674923,33.130116,-23.804899,-37.018562,-23.740093
7.281250,56.040592,-3.678076,33.954308,-23.790857,-35.081947,-23.765545
7.287500,61.973801,-3.681144,34.124268,-23.767193,-33.928013,-23.710815
7.293750,67.913498,-3.683167,33.509361,-23.719572,-33.319832,-23.581245
7.300000,73.857132,-3.684159,32.166950,-23.602098,-32.998608,-23.387657
7.306250,79.798355,-3.684771,30.497431,-23.494286,-32.723942,-23.148729
7.312500,85.731827,-3.685913,28.972992,-23.373960,-32.277004,-22.889456
7.318750,91.659859,-3.687965,27.586525,-23.229729,-31.470158,-22.641573
7.325000,95.691368,-3.690662,24.821047,-23.071646,-30.211802,-22.427839
7.331250,99.454010,-3.693205,22.762459,-22.896538,-28.598053,-22.248064
7.337500,102.417656,-3.694790,21.390987,-22.699322,-26.619072,-22.133490
7.343750,104.085457,-3.695566,20.468121,-22.504251,-24.323116,-22.109276
7.350000,104.024513,-3.696452,19.791054,-22.331078,-21.955683,-22.171928
7.356250,101.891884,-3.698040,19.254526,-22.189253,-17.914530,-22.283426
7.362500,97.454910,-3.700119,18.759394,-22.083014,-13.943901,-22.484898
7.368750,90.596489,-3.701988,18.191208,-22.009241,-9.390401,-22.769205
7.375000,81.316704,-3.703486,17.422930,-21.962162,-6.420340,-23.096964
7.381250,69.733978,-3.704987,18.437784,-21.936827,-3.390851,-23.432951
7.387500,56.083649,-3.706650,19.655447,-21.938972,-0.538442,-23.743610
7.393750,40.706520,-3.708959,21.224781,-21.989128,3.994558,-24.019400
7.400000,24.030607,-3.711875,23.144512,-22.045944,8.541562,-24.248711
7.406250,6.552925,-3.714657,25.545835,-22.120790,11.577078,-24.411606
7.412500,-11.191501,-3.716560,28.580984,-22.230646,15.008580,-24.498295
7.418750,-28.660006,-3.717747,32.112095,-22.385466,18.525837,-24.507486
7.425000,-45.326145,-3.719209,35.900078,-22.592590,21.817469,-24.445463
7.431250,-60.698395,-3.721288,39.673389,-22.856012,24.603619,-24.321678
7.437500,-74.344521,-3.723441,45.338627,-23.175138,26.668554,-24.141893
7.443750,-85.920586,-3.725090,49.388821,-23.542601,27.857744,-23.902683
7.450000,-95.191513,-3.726673,53.737202,-23.935528,28.015804,-23.618528
7.456250,-102.038460,-3.728068,58.051300,-24.352318,26.874649,-23.333456
7.462500,-106.457405,-3.728698,61.768234,-24.822224,24.428432,-23.067434
7.468750,-108.570602,-3.728268,64.678902,-25.339434,20.832449,-22.837549
7.475000,-108.619820,-3.727521,66.626129,-25.896086,16.266996,-22.657915
7.481250,-106.949181,-3.726822,67.577370,-26.451122,11.020466,-22.527031
7.487500,-103.982552,-3.725671,67.398102,-26.998276,5.429451,-22.445057
7.493750,-100.209534,-3.723599,64.056885,-27.533888,-0.194018,-22.414026
7.500000,-96.167290,-3.721315,59.257442,-28.035856,-5.426849,-22.418940
7.506250,-90.239120,-3.719763,54.830456,-28.470423,-9.724955,-22.447271
7.512500,-84.317520,-3.718672,49.079277,-28.823954,-12.393252,-22.509233
7.518750,-78.396790,-3.717428,42.171604,-29.094103,-12.913327,-22.581339
7.525000,-72.478661,-3.716377,34.497688,-29.262373,-10.870723,-22.643282
7.531250,-66.567909,-3.716467,26.462973,-29.320431,-7.684662,-22.690041
7.537500,-60.661625,-3.717548,18.426495,-29.275059,-3.427912,-22.711908
7.543750,-54.755318,-3.719055,10.751912,-29.137522,3.111011,-22.689505
7.550000,-48.847771,-3.720940,3.927897,-28.890125,10.998799,-22.632051
7.556250,-42.941711,-3.723877,-1.726604,-28.560539,19.291245,-22.554682
7.562500,-37.035816,-3.727701,-7.932962,-28.177628,27.162960,-22.473478
7.568750,-31.125240,-3.731793,-12.749949,-27.752544,33.873348,-22.408726
7.575000,-25.207338,-3.735482,-16.363152,-27.292404,38.786335,-22.371927
7.581250,-19.284210,-3.738697,-18.781836,-26.852669,41.570625,-22.332413
7.587500,-13.358550,-3.741364,-20.122662,-26.434078,43.857754,-22.319290
7.593750,-7.431023,-3.743351,-20.754591,-26.039345,43.908081,-22.348743
7.600000,-1.504248,-3.745052,-20.892914,-25.674488,42.163136,-22.421942
7.606250,4.418281,-3.747133,-20.675030,-25.344538,39.165386,-22.531937
7.612500,10.338572,-3.749583,-20.226177,-25.049242,35.490147,-22.665190
7.618750,16.261202,-3.751706,-19.658926,-24.782436,31.699749,-22.810598
7.625000,22.186554,-3.753303,-16.936018,-24.537298,28.282356,-22.973953
7.631250,28.109842,-3.755002,-15.483711,-24.309984,25.667673,-23.182426
7.637500,34.029045,-3.757465,-13.347006,-24.096809,24.277290,-23.385963
7.643750,39.946346,-3.760294,-10.758439,-23.887749,23.525091,-23.547533
7.650000,45.866112,-3.763350,-7.915336,-23.647757,24.325258,-23.696924
7.656250,51.785789,-3.766963,-5.139287,-23.365250,26.413885,-23.841805
7.662500,57.704300,-3.771683,-3.019419,-23.077591,29.333750,-23.992296
7.668750,63.624664,-3.777277,-1.906165,-22.789387,32.540848,-24.150423
7.675000,69.554016,-3.782740,0.188861,-22.501713,35.520885,-24.315273
7.681250,75.492767,-3.787258,1.671381,-22.224667,37.719585,-24.490128
7.687500,81.437660,-3.790966,2.843601,-21.976519,38.517944,-24.679520
7.693750,87.383553,-3.794220,4.043208,-21.776957,39.211208,-24.887457
7.700000,93.328583,-3.797197,3.755606,-21.633852,37.639923,-25.122652
7.706250,97.379356,-3.799779,4.053813,-21.540972,33.912251,-25.396057
7.712500,101.158073,-3.801692,4.684151,-21.504776,28.629854,-25.650368
7.718750,104.130241,-3.803021,5.376658,-21.523514,22.491972,-25.883165
7.725000,105.803642,-3.803678,5.906037,-21.587818,15.370501,-26.126255
7.731250,105.749420,-3.803878,5.919577,-21.720695,7.685433,-26.369926
7.737500,103.624138,-3.804009,5.203057,-21.904133,-0.055064,-26.592127
7.743750,99.189781,-3.804621,5.853265,-22.111074,-7.414308,-26.764454
7.750000,92.326126,-3.806095,6.308459,-22.321516,-14.021668,-26.852293
7.756250,83.036690,-3.807940,6.819418,-22.518297,-19.609993,-26.833673
7.762500,71.446686,-3.809754,7.586493,-22.689800,-24.214428,-26.739738
7.768750,57.792004,-3.811750,8.693867,-22.834103,-27.626104,-26.553505
7.775000,42.409660,-3.814624,10.206659,-22.945456,-29.673162,-26.270174
7.781250,25.728205,-3.818644,12.197753,-23.024599,-30.389059,-25.899483
7.787500,8.246684,-3.822935,14.635980,-23.079464,-29.891943,-25.463076
7.793750,-9.498390,-3.826430,17.431829,-23.118261,-28.328531,-24.988819
7.800000,-26.963318,-3.829169,20.448380,-23.152420,-25.850607,-24.503197
7.806250,-43.621403,-3.831706,23.531481,-23.190063,-22.535357,-23.994404
7.812500,-58.981174,-3.834049,26.826643,-23.228363,-18.529766,-23.450058
7.818750,-72.612358,-3.835584,30.422998,-23.274633,-16.018095,-22.938995
7.825000,-84.175415,-3.836333,34.057526,-23.337400,-12.485470,-22.518709
7.831250,-93.437981,-3.836762,37.459667,-23.441622,-9.138023,-22.175112
7.837500,-100.277603,-3.836957,40.390141,-23.604984,-6.229860,-21.909647
7.843750,-104.691971,-3.836213,42.740257,-23.843298,-3.890407,-21.720053
7.850000,-106.803085,-3.834584,44.481159,-24.124363,-2.142755,-21.607368
7.856250,-106.854652,-3.832970,45.715584,-24.435059,-1.018727,-21.573601
7.862500,-105.187607,-3.834023,46.131161,-24.783375,-0.468415,-21.612307
7.868750,-102.207458,-3.832556,43.817432,-25.157949,-0.316048,-21.712191
7.875000,-98.434273,-3.830124,40.459888,-25.534920,-2.476825,-21.855745
7.881250,-94.389404,-3.827100,37.766636,-25.897318,-5.288080,-22.015444
7.887500,-88.458344,-3.824425,33.872768,-26.242752,-8.943210,-22.153728
7.893750,-82.534386,-3.822293,29.001114,-26.553663,-11.554847,-22.303661
7.900000,-76.613350,-3.820375,23.459663,-26.811052,-14.791340,-22.445854
7.906250,-70.696556,-3.819179,17.573023,-26.992208,-17.822994,-22.542511
7.912500,-64.785316,-3.819181,11.698208,-27.080980,-20.361721,-22.600433
7.918750,-58.874985,-3.819181,6.073846,-27.080980,-22.077303,-22.600433
7.925000,-58.874985,-3.819181,6.073846,-27.080980,-22.077303,-22.600433
7.931250,-58.874985,-3.819181,6.073846,-27.080980,-22.077303,-22.600433
7.937500,-58.874985,-3.819181,6.073846,-27.080980,-22.077303,-22.600433
7.943750,-58.874985,-3.819181,6.073846,-27.080980,-22.077303,-22.600433
7.950000,-58.874985,-3.819181,6.073846,-27.080980,-22.077303,-22.600433
7.956250,-58.874985,-3.819181,6.073846,-27.080980,-22.077303,-22.600433
7.962500,-58.874985,-3.819181,6.073846,-27.080980,-22.077303,-22.600433
7.968750,-58.874985,-3.819181,6.073846,-27.080980,-22.077303,-22.600433
7.975000,-58.874985,-3.819181,6.073846,-27.080980,-22.077303,-22.600433
7.981250,-58.874985,-3.819181,6.073846,-27.080980,-22.077303,-22.600433
7.987500,-58.874985,-3.819181,6.073846,-27.080980,-22.077303,-22.600433
7.993750,-58.874985,-3.819181,6.073846,-27.080980,-22.077303,-22.600433
8.000000,-58.874985,-3.819181,6.073846,-27.080980,-22.077303,-22.600433
