Anritsu VNA Frequency[GHz],S21[deg],S21[dB],S11[deg],S11[dB],S22[deg],S22[dB]
1338086410.35,2012_05_27_03:40:10,+40.645,+10.324,+55.076,+10.334,+13.932,+13.744,+14.036,+13.788,10.407832,-16.715
3.006250,33.606407,-1.746742,58.836342,-26.667755,-80.761703,-27.448174
3.012500,33.606407,-1.746742,58.836342,-26.667755,-80.761703,-27.448174
3.018750,33.606407,-1.746742,58.836342,-26.667755,-80.761703,-27.448174
3.025000,33.606407,-1.746742,58.836342,-26.667755,-80.761703,-27.448174
3.031250,33.606407,-1.746742,58.836342,-26.667755,-80.761703,-27.448174
3.037500,33.606407,-1.746742,58.836342,-26.667755,-80.761703,-27.448174
3.043750,33.606407,-1.746742,58.836342,-26.667755,-80.761703,-27.448174
3.050000,33.606407,-1.746742,58.836342,-26.667755,-80.761703,-27.448174
3.056250,33.606407,-1.746742,58.836342,-26.667755,-80.761703,-27.448174
3.062500,33.606407,-1.746742,58.836342,-26.667755,-80.761703,-27.448174
3.068750,33.606407,-1.746742,58.836342,-26.667755,-80.761703,-27.448174
3.075000,33.606407,-1.746742,58.836342,-26.667755,-80.761703,-27.448174
3.081250,33.606407,-1.746742,58.836342,-26.667755,-80.761703,-27.448174
3.087500,33.606407,-1.746742,58.836342,-26.667755,-80.761703,-27.448174
3.093750,33.606407,-1.748422,58.836342,-26.466476,-80.761703,-27.194899
3.100000,39.511726,-1.750420,56.170959,-26.316065,-82.744987,-26.959845
3.106250,45.417397,-1.752394,52.627983,-26.238194,-83.119514,-26.744463
3.112500,51.323566,-1.754452,48.564056,-26.252176,-81.527115,-26.521486
3.118750,57.228767,-1.756702,42.579300,-26.297361,-79.809685,-26.216829
3.125000,63.133072,-1.759096,37.794739,-26.343346,-75.730827,-25.955029
3.131250,69.037102,-1.761583,33.423351,-26.416214,-69.569466,-25.665777
3.137500,74.940056,-1.764457,29.724834,-26.517044,-61.684242,-25.340221
3.143750,80.841705,-1.767880,26.904036,-26.636902,-52.258827,-24.986490
3.150000,86.744011,-1.771653,25.139597,-26.761345,-41.453484,-24.617256
3.156250,92.649666,-1.775192,24.551231,-26.875822,-29.440279,-24.250765
3.162500,96.662804,-1.778452,25.203701,-26.966970,-16.417091,-23.910793
3.168750,100.402985,-1.781889,27.120085,-27.027687,-2.595226,-23.647318
3.175000,103.336517,-1.785655,30.344032,-27.036203,9.966948,-23.402124
3.181250,104.973320,-1.789489,33.114681,-26.980331,23.304697,-23.180378
3.187500,104.887596,-1.793191,36.898537,-26.876980,36.093136,-23.013777
3.193750,102.738258,-1.796672,40.990063,-26.738148,47.842655,-22.917519
3.200000,98.287933,-1.799810,44.820621,-26.572035,58.136406,-22.894548
3.206250,91.414680,-1.802608,47.909576,-26.389368,66.587227,-22.945456
3.212500,82.117226,-1.805259,49.837975,-26.204285,72.883575,-23.077814
3.218750,70.515175,-1.808132,50.295059,-26.026997,76.798470,-23.274672
3.225000,56.847168,-1.810831,51.279354,-25.851582,77.958313,-23.480350
3.231250,41.456459,-1.812989,51.327267,-25.678219,76.535713,-23.703716
3.237500,24.768280,-1.814848,48.950043,-25.506811,74.534698,-23.936102
3.243750,7.270496,-1.816960,46.259087,-25.314966,70.372894,-24.155302
3.250000,-10.503982,-1.819630,43.118725,-25.142015,64.650429,-24.341955
3.256250,-28.004866,-1.822420,39.178288,-25.001310,57.924580,-24.495111
3.262500,-44.697147,-1.824809,34.675152,-24.875980,50.824303,-24.603611
3.268750,-60.090347,-1.826817,29.550707,-24.762110,44.044552,-24.658855
3.275000,-73.760422,-1.828935,23.684196,-24.658846,38.172859,-24.660910
3.281250,-85.367615,-1.831398,16.965221,-24.557108,33.713337,-24.616777
3.287500,-94.672974,-1.834199,9.301197,-24.443859,31.050144,-24.541122
3.293750,-101.552620,-1.837048,0.657222,-24.280535,30.440905,-24.434122
3.300000,-106.006340,-1.839778,-6.788768,-24.113386,32.046692,-24.296413
3.306250,-108.155098,-1.842229,-15.459784,-23.979076,35.846722,-24.155172
3.312500,-108.236755,-1.844429,-24.128904,-23.858559,41.660328,-24.041958
3.318750,-106.592819,-1.846478,-32.509277,-23.759640,49.223862,-23.977619
3.325000,-103.650887,-1.848356,-40.340973,-23.699900,58.194366,-23.972548
3.331250,-99.902092,-1.849878,-47.362232,-23.704449,68.141197,-24.029419
3.337500,-95.879654,-1.850999,-53.395283,-23.833195,78.549469,-24.146988
3.343750,-89.962379,-1.851792,-58.413284,-23.994913,88.877960,-24.310936
3.350000,-84.045692,-1.852237,-62.850838,-24.216375,96.729065,-24.464037
3.356250,-78.129532,-1.852345,-66.285583,-24.540312,105.334564,-24.662315
3.362500,-72.215683,-1.852366,-67.005196,-24.988224,111.595093,-24.911171
3.368750,-66.303711,-1.852111,-66.644341,-25.541780,115.636566,-25.200758
3.375000,-60.391872,-1.851313,-65.087410,-26.174244,117.062027,-25.575674
3.381250,-54.482235,-1.850147,-62.348804,-26.851690,115.690727,-25.910084
3.387500,-48.578667,-1.849377,-58.523335,-27.535931,112.168900,-26.232161
3.393750,-42.681503,-1.849425,-53.772667,-28.182354,105.929535,-26.534365
3.400000,-36.786697,-1.849861,-48.317669,-28.748657,97.538261,-26.808924
3.406250,-30.890434,-1.850117,-42.493809,-29.214117,87.998543,-27.087267
3.412500,-24.994570,-1.850536,-36.629684,-29.553810,77.972031,-27.334780
3.418750,-19.103624,-1.851824,-28.789223,-29.746132,66.100906,-27.530748
3.425000,-13.215394,-1.854091,-22.516123,-29.787039,54.673965,-27.669020
3.431250,-7.324362,-1.856475,-15.956387,-29.691656,44.124184,-27.755289
3.437500,-1.429139,-1.858757,-9.366294,-29.445019,34.905613,-27.794065
3.443750,4.465807,-1.861667,-2.769545,-29.044527,27.699209,-27.732412
3.450000,10.359259,-1.865499,3.315990,-28.536037,20.788492,-27.600538
3.456250,16.256756,-1.869497,8.727376,-27.958122,15.950689,-27.411413
3.462500,22.162992,-1.872841,13.461452,-27.353718,12.890434,-27.167704
3.468750,28.074154,-1.875558,17.604692,-26.769400,11.296863,-26.865646
3.475000,33.985645,-1.878004,21.265743,-26.269886,10.818396,-26.521299
3.481250,39.896893,-1.880291,24.703497,-25.807959,11.058478,-26.150513
3.487500,45.807102,-1.882614,26.648548,-25.413235,11.654449,-25.746899
3.493750,51.715858,-1.885327,28.493286,-25.121334,12.172049,-25.317513
3.500000,57.623882,-1.888484,30.061342,-24.937222,12.175922,-24.874744
3.506250,63.534565,-1.891362,31.254301,-24.845863,11.333905,-24.428656
3.512500,69.449684,-1.893432,31.976362,-24.813293,9.375647,-23.988873
3.518750,75.364532,-1.895301,32.207954,-24.754663,6.099946,-23.559902
3.525000,81.273247,-1.898111,32.071568,-24.738735,1.354646,-23.147604
3.531250,87.177650,-1.901971,32.191128,-24.725752,-2.834054,-22.766945
3.537500,93.084206,-1.906112,32.190807,-24.680300,-7.929429,-22.434357
3.543750,97.101845,-1.909940,32.323074,-24.592628,-13.505416,-22.145859
3.550000,100.849106,-1.913979,32.918068,-24.435276,-19.279455,-21.863768
3.556250,103.789360,-1.918734,32.423943,-24.209648,-24.773975,-21.536140
3.562500,105.434837,-1.923827,32.545204,-23.945740,-29.694181,-21.294079
3.568750,105.364494,-1.928113,32.942898,-23.670042,-32.837261,-21.122890
3.575000,103.237572,-1.931044,33.339825,-23.409208,-35.200882,-21.023731
3.581250,98.811783,-1.932926,33.453625,-23.197998,-36.522434,-21.010098
3.587500,91.960266,-1.934410,33.022900,-23.072412,-36.821217,-21.041719
3.593750,82.683243,-1.935506,31.941992,-23.021414,-35.960384,-21.142262
3.600000,71.106689,-1.935567,30.150219,-23.057535,-33.792038,-21.325575
3.606250,57.467384,-1.934239,29.492628,-23.194515,-30.472904,-21.585884
3.612500,42.101322,-1.932102,28.517765,-23.418659,-26.280252,-21.896740
3.618750,25.431772,-1.929557,27.625938,-23.746031,-21.606327,-22.233120
3.625000,7.952935,-1.926351,26.926823,-24.187735,-17.234819,-22.637918
3.631250,-9.801082,-1.922339,27.030542,-24.705980,-11.363001,-23.072716
3.637500,-27.287338,-1.917962,28.244530,-25.266058,-5.711525,-23.508778
3.643750,-43.977280,-1.913967,30.708260,-25.831020,-0.305833,-23.926905
3.650000,-59.377522,-1.910606,32.555908,-26.355486,4.764200,-24.309992
3.656250,-73.057930,-1.907837,35.348080,-26.764820,9.414048,-24.640755
3.662500,-84.677010,-1.905789,38.261936,-27.103884,13.549987,-24.914364
3.668750,-93.996803,-1.904653,42.223244,-27.351278,17.029255,-25.137203
3.675000,-100.893906,-1.904086,45.551517,-27.478592,19.765841,-25.308144
3.681250,-105.366005,-1.903630,47.978649,-27.483047,21.702833,-25.425255
3.687500,-107.535858,-1.903660,49.264214,-27.377800,22.762743,-25.491789
3.693750,-107.644524,-1.904911,49.260914,-27.188932,22.893507,-25.516609
3.700000,-106.030281,-1.907259,47.975754,-26.921949,22.098816,-25.510769
3.706250,-103.114014,-1.909761,45.561863,-26.594612,20.511040,-25.466965
3.712500,-99.386330,-1.911987,42.004730,-26.246145,18.344530,-25.378832
3.718750,-95.384857,-1.914515,35.598362,-25.903475,15.752725,-25.251598
3.725000,-89.490250,-1.917683,28.263931,-25.582434,13.065035,-25.101263
3.731250,-83.593834,-1.920884,19.729462,-25.328011,10.886473,-24.966772
3.737500,-77.692268,-1.923614,11.932268,-25.163181,9.628555,-24.860073
3.743750,-71.788612,-1.926056,3.620123,-25.073551,9.704481,-24.802687
3.750000,-65.886429,-1.928609,-4.655744,-25.047205,9.713828,-24.710707
3.756250,-59.985371,-1.931152,-12.500468,-25.079889,9.631519,-24.603861
3.762500,-54.083321,-1.933468,-19.494930,-25.150423,10.789898,-24.483158
3.768750,-48.181324,-1.935839,-25.196573,-25.222687,12.934340,-24.397549
3.775000,-42.280754,-1.938518,-29.376923,-25.308546,15.596707,-24.335051
3.781250,-36.380688,-1.941296,-31.931328,-25.394663,18.183319,-24.280586
3.787500,-30.479084,-1.943804,-32.502247,-25.460585,20.331228,-24.227022
3.793750,-24.577585,-1.946408,-31.010107,-25.519934,21.733433,-24.178152
3.800000,-18.677765,-1.949453,-29.371294,-25.519485,22.192558,-24.125935
3.806250,-12.778431,-1.952838,-25.230484,-25.432081,21.725994,-24.033821
3.812500,-6.877903,-1.957391,-20.105471,-25.297873,20.191175,-23.910986
3.818750,-0.985389,-1.961243,-14.539876,-25.133776,17.477182,-23.767944
3.825000,4.915792,-1.965458,-9.073220,-24.954102,13.715807,-23.611080
3.831250,10.820888,-1.969275,-2.049426,-24.773245,9.177637,-23.451376
3.837500,16.729542,-1.972534,4.716359,-24.605574,4.181166,-23.326233
3.843750,22.637600,-1.975913,11.380569,-24.446661,-0.930630,-23.188593
3.850000,28.542988,-1.979722,16.260008,-24.290373,-6.851804,-23.022390
3.856250,34.449261,-1.983352,21.031168,-24.146593,-12.386543,-22.866455
3.862500,40.359783,-1.986196,25.273159,-24.013742,-17.513496,-22.729448
3.868750,46.269646,-1.988905,28.656385,-23.878639,-22.211449,-22.608124
3.875000,52.173096,-1.992723,30.862566,-23.719366,-26.506552,-22.491600
3.881250,58.072552,-1.997682,31.533934,-23.541122,-30.468388,-22.364202
3.887500,63.975819,-2.002781,30.276192,-23.346275,-34.281029,-22.230463
3.893750,69.885788,-2.007452,27.016382,-23.116550,-38.199810,-22.095587
3.900000,75.797363,-2.012362,23.830393,-22.841730,-42.357491,-21.951641
3.906250,81.705910,-2.018378,19.268482,-22.521627,-45.056602,-21.797091
3.912500,87.614891,-2.025434,13.801334,-22.158035,-48.164722,-21.627054
3.918750,93.530289,-2.032840,7.892380,-21.758474,-51.393250,-21.428217
3.925000,97.559311,-2.040069,1.905167,-21.349558,-54.501156,-21.175140
3.931250,101.323677,-2.046928,-3.816941,-20.956364,-57.553185,-20.955988
3.937500,104.288887,-2.053410,-8.847320,-20.599403,-58.347389,-20.767023
3.943750,105.962456,-2.059206,-12.856965,-20.301493,-57.963169,-20.616732
3.950000,105.918236,-2.063843,-15.625894,-20.084743,-55.932137,-20.519030
3.956250,103.815048,-2.066828,-17.030134,-19.967354,-51.902649,-20.489384
3.962500,99.413254,-2.068113,-17.012445,-19.959013,-45.623325,-20.539833
3.968750,92.587578,-2.067933,-15.569729,-20.057386,-36.954136,-20.679098
3.975000,83.334740,-2.066432,-14.649559,-20.229851,-25.901949,-20.917730
3.981250,71.776337,-2.063658,-10.561183,-20.524691,-12.627510,-21.281254
3.987500,58.147507,-2.059741,-6.220376,-20.925707,1.268778,-21.688892
3.993750,42.786720,-2.055013,-0.943785,-21.390747,16.422852,-22.198547
4.000000,26.120695,-2.049682,4.627227,-21.914747,32.045784,-22.818213
4.006250,8.641479,-2.043644,10.137582,-22.481585,47.275578,-23.578741
4.012500,-9.120336,-2.037465,15.320233,-23.063641,61.041161,-24.336239
4.018750,-26.620546,-2.032032,19.924397,-23.627903,74.013428,-25.068068
4.025000,-43.325504,-2.027497,23.664236,-24.158983,84.248459,-25.810846
4.031250,-58.738365,-2.023485,28.403309,-24.646809,92.655609,-26.567101
4.037500,-72.430115,-2.020014,30.772745,-25.070471,98.356033,-27.283564
4.043750,-84.063210,-2.017843,32.815758,-25.417389,101.633400,-27.930447
4.050000,-93.398804,-2.017062,34.386597,-25.687170,102.885193,-28.490858
4.056250,-100.309288,-2.016633,35.415646,-25.870325,102.636696,-28.955217
4.062500,-104.791801,-2.016004,35.981506,-25.949043,99.689598,-29.290911
4.068750,-106.974754,-2.016124,36.029858,-25.940445,96.441994,-29.484037
4.075000,-107.099823,-2.018260,35.579319,-25.861673,92.951424,-29.542194
4.081250,-105.501213,-2.021631,34.811359,-25.726707,89.445465,-29.469877
4.087500,-102.595741,-2.024821,33.980145,-25.543901,84.085960,-29.268265
4.093750,-98.876228,-2.027374,33.387249,-25.322212,78.600403,-28.943459
4.100000,-94.884209,-2.030173,31.452320,-25.075972,72.844940,-28.516556
4.106250,-89.001106,-2.033857,30.173822,-24.810387,66.725014,-28.026163
4.112500,-83.118576,-2.038036,29.450508,-24.517801,60.322224,-27.430191
4.118750,-77.232765,-2.042490,29.029902,-24.213987,53.804829,-26.764894
4.125000,-71.345139,-2.047555,28.613758,-23.914722,46.913410,-26.070583
4.131250,-65.456436,-2.053274,28.032894,-23.628950,39.795464,-25.377396
4.137500,-59.562836,-2.059020,27.172642,-23.360048,32.652821,-24.708263
4.143750,-53.663109,-2.064434,25.946844,-23.107353,25.698296,-24.080835
4.150000,-47.760651,-2.069892,24.269732,-22.869831,19.122047,-23.507601
4.156250,-41.857784,-2.075746,24.236322,-22.643677,13.099246,-22.988979
4.162500,-35.953781,-2.081927,24.436880,-22.417000,7.773750,-22.541222
4.168750,-30.046413,-2.088231,23.459690,-22.181173,4.849744,-22.161234
4.175000,-24.135033,-2.094644,23.163809,-21.953037,1.768477,-21.850435
4.181250,-18.219936,-2.100936,23.350258,-21.738388,0.239606,-21.601337
4.187500,-12.300369,-2.106946,23.826590,-21.541861,0.146933,-21.353752
4.193750,-6.376338,-2.112614,24.368603,-21.369396,1.539623,-21.218298
4.200000,-0.448656,-2.117645,24.747940,-21.228590,2.516916,-21.166082
4.206250,5.482230,-2.121764,24.747723,-21.126652,3.743073,-21.175352
4.212500,11.415734,-2.124762,24.203981,-21.060772,6.251379,-21.203419
4.218750,17.348042,-2.127065,25.180168,-21.019724,7.809582,-21.254692
4.225000,23.276468,-2.129079,24.266666,-20.999147,8.414003,-21.329315
4.231250,29.200874,-2.130981,23.443632,-20.987646,7.913616,-21.413437
4.237500,35.122925,-2.132619,22.503212,-20.984785,6.140991,-21.484415
4.243750,41.042526,-2.134027,21.109686,-21.007011,5.010791,-21.551201
4.250000,46.960987,-2.135077,19.103874,-21.039356,2.904714,-21.613340
4.256250,52.877296,-2.135741,16.340765,-21.064289,0.346770,-21.654596
4.262500,58.789459,-2.136485,12.586287,-21.067028,-2.248755,-21.663763
4.268750,64.693977,-2.138042,7.642429,-21.037144,-4.528381,-21.630381
4.275000,70.592255,-2.140755,1.328914,-20.967209,-6.176617,-21.547504
4.281250,76.489861,-2.144106,-4.349224,-20.845047,-6.922679,-21.403118
4.287500,82.389587,-2.147857,-10.921455,-20.668135,-6.566887,-21.168550
4.293750,88.288979,-2.152806,-18.129583,-20.459232,-5.207174,-20.914028
4.300000,94.187782,-2.159119,-25.604406,-20.220381,-3.112399,-20.641834
4.306250,98.198471,-2.165587,-32.901764,-19.954834,-0.088264,-20.349468
4.312500,101.947861,-2.171175,-39.705143,-19.673439,3.658656,-20.046623
4.318750,104.898361,-2.176249,-45.743790,-19.390924,7.865079,-19.746712
4.325000,106.549896,-2.181852,-50.814800,-19.128511,12.227382,-19.467659
4.331250,106.477745,-2.187752,-54.772301,-18.909418,16.435556,-19.223782
4.337500,104.348145,-2.192906,-57.518669,-18.783295,20.219517,-19.018200
4.343750,99.925011,-2.196866,-59.069393,-18.655069,23.355526,-18.793329
4.350000,93.082413,-2.199876,-58.431530,-18.599665,25.359043,-18.673103
4.356250,83.817749,-2.201736,-56.491703,-18.652285,27.914019,-18.638048
4.362500,72.253311,-2.202007,-53.051750,-18.811689,29.772785,-18.698593
4.368750,58.623848,-2.201024,-48.198498,-19.069593,31.283600,-18.881477
4.375000,43.263428,-2.199602,-42.137074,-19.412663,32.697063,-19.126211
4.381250,26.599562,-2.197715,-35.140858,-19.819510,34.061138,-19.415174
4.387500,9.129129,-2.194664,-27.532843,-20.263592,36.184212,-19.756063
4.393750,-8.617348,-2.190736,-19.727638,-20.728344,37.383896,-20.176233
4.400000,-26.100412,-2.187156,-12.183332,-21.201237,39.222660,-20.651510
4.406250,-42.786755,-2.184036,-3.103872,-21.664160,41.279884,-21.155630
4.412500,-58.178593,-2.180538,3.926115,-22.103636,43.265518,-21.670002
4.418750,-71.847893,-2.176791,10.750615,-22.513746,44.964115,-22.180834
4.425000,-83.459358,-2.173711,17.197973,-22.832895,46.294785,-22.640125
4.431250,-92.777138,-2.171748,23.096670,-23.060730,47.265091,-23.020395
4.437500,-99.673515,-2.170142,28.054667,-23.209063,47.646069,-23.318045
4.443750,-104.146317,-2.168749,32.026360,-23.285295,47.436733,-23.526100
4.450000,-106.321274,-2.168436,35.078762,-23.291561,46.766571,-23.637121
4.456250,-106.436600,-2.169613,37.340836,-23.232542,45.803581,-23.650185
4.462500,-104.826126,-2.171537,39.013329,-23.118599,44.731407,-23.570984
4.468750,-101.913307,-2.173780,40.386173,-22.969086,43.770653,-23.421824
4.475000,-98.193596,-2.176805,39.942570,-22.782690,43.218788,-23.187811
4.481250,-94.200645,-2.180650,39.849663,-22.553013,41.801918,-22.856735
4.487500,-88.307602,-2.184472,39.767185,-22.312046,41.048355,-22.474340
4.493750,-82.408958,-2.187963,39.506050,-22.081493,40.658634,-22.070454
4.500000,-76.511368,-2.192365,38.998653,-21.872389,40.415382,-21.666656
4.506250,-70.616760,-2.198339,38.219593,-21.685251,40.109028,-21.277391
4.512500,-64.716675,-2.204722,37.162945,-21.507267,39.519863,-20.912470
4.518750,-58.803562,-2.210067,35.827969,-21.281155,38.399845,-20.581192
4.525000,-52.881676,-2.214442,34.235889,-21.098078,36.432964,-20.319853
4.531250,-46.960587,-2.219096,33.484222,-20.962515,33.167061,-20.115271
4.537500,-41.041241,-2.224412,33.056824,-20.830467,29.965107,-19.946152
4.543750,-35.116070,-2.229500,31.552851,-20.691774,25.328981,-19.823231
4.550000,-29.182619,-2.233621,30.687073,-20.572989,19.585081,-19.722534
4.556250,-23.243429,-2.236843,30.174625,-20.496872,13.132102,-19.704081
4.562500,-17.302900,-2.239578,29.796162,-20.482656,6.684155,-19.784420
4.568750,-11.361317,-2.241859,29.330097,-20.556068,0.215569,-19.961269
4.575000,-5.417230,-2.243376,28.548754,-20.776196,-6.090486,-20.180445
4.581250,0.530207,-2.243665,27.270576,-21.059959,-11.913878,-20.454178
4.587500,6.478279,-2.242691,24.222393,-21.428295,-16.748144,-20.795008
4.593750,12.424389,-2.240813,22.280886,-21.902180,-20.410423,-21.195116
4.600000,18.366617,-2.238120,19.575541,-22.484127,-22.851242,-21.634205
4.606250,24.304888,-2.234424,15.978943,-23.239056,-24.213268,-22.123917
4.612500,30.238401,-2.229747,12.414368,-24.030987,-24.766598,-22.654421
4.618750,36.161968,-2.225077,8.248023,-24.895008,-24.580589,-23.203236
4.625000,42.073456,-2.221219,3.815322,-25.810747,-23.934706,-23.754868
4.631250,47.978729,-2.217458,-0.594992,-26.744705,-23.150551,-24.296091
4.637500,53.882965,-2.212849,-4.718292,-27.653732,-22.591757,-24.809574
4.643750,59.782024,-2.207973,-8.307971,-28.484894,-22.622934,-25.260256
4.650000,65.667587,-2.204331,-13.059895,-29.177446,-23.594469,-25.600561
4.656250,71.538910,-2.202755,-15.109258,-29.703491,-25.888321,-25.838575
4.662500,77.404671,-2.202736,-16.505581,-30.054867,-28.078003,-25.995115
4.668750,83.269592,-2.204010,-17.115673,-30.201408,-31.543583,-26.044088
4.675000,89.134239,-2.206795,-16.964880,-30.130630,-36.050236,-25.977394
4.681250,94.999557,-2.210936,-16.184010,-29.845482,-41.392147,-25.795921
4.687500,98.974487,-2.215816,-14.975711,-29.369635,-47.347000,-25.510950
4.693750,102.679893,-2.221667,-13.583430,-28.741770,-53.646179,-25.134148
4.700000,105.579727,-2.229490,-12.302131,-27.990030,-59.944305,-24.667763
4.706250,107.184784,-2.239048,-11.622355,-27.117901,-65.877411,-24.104143
4.712500,107.078873,-2.248533,-11.784756,-26.167299,-71.000008,-23.497181
4.718750,104.924767,-2.256717,-13.132787,-25.215250,-76.723358,-22.902657
4.725000,100.475861,-2.264317,-14.099197,-24.322178,-81.576378,-22.340771
4.731250,93.603897,-2.272222,-16.226774,-23.511408,-85.709618,-21.846691
4.737500,84.312241,-2.279663,-19.263052,-22.801462,-89.343987,-21.384665
4.743750,72.728363,-2.285513,-22.987841,-22.205652,-92.758293,-20.962107
4.750000,59.084351,-2.290099,-27.151548,-21.720716,-93.885498,-20.585766
4.756250,43.713047,-2.294263,-31.454477,-21.288568,-94.275215,-20.314560
4.762500,27.042353,-2.297848,-35.615738,-20.991730,-93.473137,-20.141232
4.768750,9.569060,-2.300210,-38.094986,-20.809917,-91.336342,-20.045835
4.775000,-8.176772,-2.301430,-39.322601,-20.704014,-87.562630,-20.015688
4.781250,-25.653893,-2.302241,-38.701591,-20.638134,-81.905418,-20.049788
4.787500,-42.331608,-2.303011,-37.560890,-20.544914,-74.164207,-20.121861
4.793750,-57.716015,-2.303841,-34.757656,-20.492861,-65.838959,-20.184153
4.800000,-71.378281,-2.304844,-29.953367,-20.438421,-55.628235,-20.252766
4.806250,-82.976936,-2.305931,-23.787802,-20.374807,-44.170025,-20.320381
4.812500,-92.274231,-2.307023,-16.817188,-20.300179,-32.067192,-20.374121
4.818750,-99.148613,-2.308450,-9.599938,-20.214302,-19.904884,-20.400658
4.825000,-103.602333,-2.310825,-2.699382,-20.123835,-8.234312,-20.405373
4.831250,-105.753922,-2.313898,5.497190,-20.045317,2.422205,-20.411535
4.837500,-105.833481,-2.316252,13.166295,-19.991032,11.655793,-20.395575
4.843750,-104.181839,-2.317494,18.682890,-19.927870,19.551329,-20.323790
4.850000,-101.235397,-2.319088,23.790129,-19.874580,25.508932,-20.233662
4.856250,-97.491486,-2.322247,27.985239,-19.845985,29.493280,-20.139999
4.862500,-93.475494,-2.326051,31.006830,-19.845913,31.661940,-20.050644
4.868750,-87.555473,-2.328961,32.721607,-19.861204,32.285011,-19.963181
4.875000,-81.628922,-2.330978,33.082195,-19.869038,31.682673,-19.876669
4.881250,-75.705223,-2.333116,32.156929,-19.861292,30.159767,-19.796995
4.887500,-69.785782,-2.335799,30.319567,-19.861109,28.059046,-19.728144
4.893750,-63.866711,-2.338633,27.734152,-19.859304,25.742374,-19.673588
4.900000,-57.946068,-2.341506,24.568985,-19.855495,23.551918,-19.629745
4.906250,-52.023823,-2.344474,21.117216,-19.848278,21.804092,-19.584364
4.912500,-46.099678,-2.347221,17.572405,-19.822645,20.782148,-19.514219
4.918750,-40.172821,-2.349703,14.267090,-19.796499,20.942083,-19.465672
4.925000,-34.246120,-2.352433,11.559079,-19.792660,22.769913,-19.446774
4.931250,-28.318588,-2.355239,9.629115,-19.826880,24.032946,-19.455065
4.937500,-22.385481,-2.357181,8.586992,-19.909170,26.242990,-19.494547
4.943750,-16.444799,-2.357571,8.472430,-20.045778,29.044525,-19.573042
4.950000,-10.504809,-2.357271,9.290054,-20.234896,32.084450,-19.696102
4.956250,-4.570569,-2.357156,11.001186,-20.468176,35.017719,-19.873846
4.962500,1.360911,-2.356698,11.614535,-20.725170,37.482643,-20.164291
4.968750,7.295172,-2.355211,14.765758,-20.997725,38.292652,-20.376608
4.975000,13.227871,-2.353286,18.131411,-21.305992,39.416878,-20.662182
4.981250,19.154316,-2.351491,21.634354,-21.625919,39.252857,-21.011009
4.987500,25.078287,-2.349173,25.075378,-21.946188,37.829777,-21.411989
4.993750,31.003498,-2.345625,28.191130,-22.259842,35.092354,-21.856064
5.000000,36.923229,-2.341794,30.772459,-22.555449,31.009703,-22.331734
5.006250,42.829849,-2.339142,32.668076,-22.816374,27.468481,-22.817219
5.012500,48.727108,-2.337551,33.755070,-23.017857,22.763372,-23.245039
5.018750,54.624916,-2.335838,33.932083,-23.135920,17.374710,-23.610115
5.025000,60.523811,-2.334037,33.197906,-23.209963,11.447911,-23.950083
5.031250,66.417992,-2.332766,31.732821,-23.236469,5.773007,-24.233799
5.037500,72.305885,-2.332123,29.673229,-23.219305,0.732373,-24.446920
5.043750,78.192375,-2.331898,26.996540,-23.203438,-3.423288,-24.584396
5.050000,84.076164,-2.332569,23.655046,-23.144131,-6.466203,-24.640808
5.056250,89.956184,-2.334655,20.793776,-23.049112,-8.148058,-24.603382
5.062500,95.838486,-2.337077,17.520285,-22.964817,-8.331066,-24.476345
5.068750,99.834106,-2.338549,14.237870,-22.908167,-6.964778,-24.270458
5.075000,103.557793,-2.339938,11.337778,-22.878822,-3.983109,-23.995220
5.081250,106.467598,-2.342974,7.315933,-22.862598,0.662441,-23.659809
5.087500,108.073944,-2.347680,4.197884,-22.849150,6.964527,-23.280384
5.093750,107.962753,-2.352301,1.946758,-22.850945,14.813655,-22.881836
5.100000,105.795433,-2.356219,0.373946,-22.851950,23.915499,-22.471758
5.106250,101.325966,-2.360693,-0.803864,-22.832697,33.708546,-22.041500
5.112500,94.428658,-2.366427,-1.771819,-22.777605,43.963020,-21.624907
5.118750,85.111649,-2.372265,-2.695275,-22.678398,54.298702,-21.244335
5.125000,73.500977,-2.377381,-3.732752,-22.531857,64.150780,-20.912649
5.131250,59.828926,-2.382449,-5.007584,-22.334845,72.935883,-20.632790
5.137500,44.429832,-2.388243,-6.620233,-22.089052,80.105232,-20.393850
5.143750,27.734734,-2.394337,-6.497848,-21.800699,85.186150,-20.119730
5.150000,10.240858,-2.399996,-6.076035,-21.485266,88.752144,-20.004274
5.156250,-7.519534,-2.405191,-6.766447,-21.134020,90.828804,-19.886032
5.162500,-25.003122,-2.410107,-6.484782,-20.762733,90.911308,-19.801825
5.168750,-41.676998,-2.414504,-5.549238,-20.397938,89.403877,-19.757584
5.175000,-57.048222,-2.417892,-4.172955,-20.059292,86.883217,-19.749056
5.181250,-70.691635,-2.420334,-2.562197,-19.762363,84.012825,-19.764002
5.187500,-82.268753,-2.421925,-0.953087,-19.523140,79.349998,-19.794300
5.193750,-91.543503,-2.422776,0.403972,-19.358528,75.098129,-19.875854
5.200000,-98.396271,-2.423183,1.277471,-19.287035,71.529320,-20.037642
5.206250,-102.828430,-2.423486,3.692629,-19.298660,67.929077,-20.156219
5.212500,-104.960587,-2.423685,4.417011,-19.365908,65.088493,-20.291466
5.218750,-105.026123,-2.423390,5.303899,-19.490900,62.994022,-20.450342
5.225000,-103.365273,-2.422159,6.155069,-19.627607,61.501888,-20.627680
5.231250,-100.407768,-2.420151,6.925491,-19.823132,60.392090,-20.820978
5.237500,-96.649567,-2.417722,6.271677,-20.084181,59.325584,-21.040869
5.243750,-92.625946,-2.415568,4.931683,-20.375080,57.987385,-21.285351
5.250000,-86.716774,-2.414564,2.542877,-20.677715,56.103260,-21.545931
5.256250,-80.812500,-2.414347,-1.228047,-20.978861,53.382038,-21.817631
5.262500,-74.905586,-2.413537,-4.495047,-21.266933,49.567787,-22.089521
5.268750,-68.995880,-2.411820,-8.813113,-21.535297,44.444893,-22.347122
5.275000,-63.094456,-2.410919,-13.838088,-21.778605,37.804821,-22.572189
5.281250,-57.207016,-2.412347,-19.257355,-21.991730,29.611647,-22.767178
5.287500,-51.322617,-2.414928,-24.785728,-22.169628,20.187244,-22.954693
5.293750,-45.429146,-2.416662,-30.163712,-22.308887,9.595178,-23.112837
5.300000,-39.531326,-2.417967,-35.143177,-22.402714,-1.958794,-23.225653
5.306250,-33.642147,-2.420905,-39.489204,-22.442591,-14.092684,-23.281536
5.312500,-27.761467,-2.425920,-43.037128,-22.425741,-26.377085,-23.274622
5.318750,-21.876499,-2.431672,-45.673374,-22.348623,-38.366062,-23.198694
5.325000,-15.981908,-2.437649,-47.327732,-22.210032,-49.613815,-23.041470
5.331250,-10.082296,-2.444417,-48.034573,-22.031086,-59.748573,-22.869194
5.337500,-4.177225,-2.451733,-45.809174,-21.825445,-68.837685,-22.615307
5.343750,1.740475,-2.458101,-43.496807,-21.578585,-76.113243,-22.341715
5.350000,7.669536,-2.463260,-39.635895,-21.339653,-81.769989,-22.084427
5.356250,13.601344,-2.468428,-34.398010,-21.133205,-85.692879,-21.874384
5.362500,19.534470,-2.473696,-28.032681,-20.979223,-87.887550,-21.738247
5.368750,25.477007,-2.477545,-20.848156,-20.888882,-88.562241,-21.659418
5.375000,31.430500,-2.479184,-13.173632,-20.861965,-87.986099,-21.620447
5.381250,37.385082,-2.479632,-5.382020,-20.886963,-86.320427,-21.600275
5.387500,43.334702,-2.479437,2.077815,-20.969038,-83.027893,-21.721209
5.393750,49.283829,-2.477788,8.884338,-21.129740,-79.090668,-21.929739
5.400000,55.233433,-2.474229,15.043485,-21.351980,-74.878334,-22.218657
5.406250,61.174648,-2.470176,20.323637,-21.613230,-70.676773,-22.596050
5.412500,67.102119,-2.466594,24.514307,-21.884821,-66.505623,-22.958668
5.418750,73.021927,-2.462788,27.441967,-22.145836,-62.531342,-23.312784
5.425000,78.938530,-2.458299,29.012909,-22.377132,-59.162674,-23.645403
5.431250,84.845818,-2.454123,29.289911,-22.561472,-56.401192,-23.934948
5.437500,90.739212,-2.451477,28.496864,-22.681896,-54.197491,-24.152822
5.443750,96.622658,-2.450498,26.967518,-22.726709,-52.493393,-24.279696
5.450000,100.608452,-2.450762,25.058065,-22.686209,-51.222973,-24.303844
5.456250,104.320770,-2.452259,23.175774,-22.558010,-50.220444,-24.221445
5.462500,107.228867,-2.454640,21.760191,-22.353992,-49.318024,-24.062181
5.468750,108.843529,-2.457256,19.393181,-22.086678,-48.321167,-23.797707
5.475000,108.736008,-2.460352,18.257696,-21.748508,-46.349308,-23.418953
5.481250,106.560760,-2.465235,18.208271,-21.366127,-43.898724,-22.990213
5.487500,102.083710,-2.471727,18.969131,-20.972296,-40.664021,-22.548710
5.493750,95.194038,-2.478000,20.367496,-20.593180,-36.347328,-22.125479
5.500000,85.897423,-2.482702,22.252720,-20.245531,-30.718296,-21.743389
5.506250,74.306007,-2.486697,24.477581,-19.935751,-23.627497,-21.408846
5.512500,60.647301,-2.491213,26.871359,-19.645393,-15.106287,-21.042429
5.518750,45.266350,-2.495469,29.264071,-19.399666,-5.777382,-20.798260
5.525000,28.597233,-2.498292,31.035105,-19.239635,4.149152,-20.627310
5.531250,11.129327,-2.499813,32.775291,-19.140966,14.638570,-20.523966
5.537500,-6.612882,-2.500873,34.165367,-19.103266,25.162506,-20.478533
5.543750,-24.083191,-2.501396,34.885117,-19.133734,35.191883,-20.485476
5.550000,-40.746086,-2.500950,34.677708,-19.238178,44.339100,-20.592993
5.556250,-56.110668,-2.499599,33.360641,-19.423677,52.328938,-20.776445
5.562500,-69.752800,-2.497603,30.809624,-19.697922,59.503082,-20.983238
5.568750,-81.332199,-2.494942,27.075312,-20.027271,64.996468,-21.243761
5.575000,-90.611931,-2.491575,24.383436,-20.409908,68.933434,-21.556488
5.581250,-97.473671,-2.488047,19.408403,-20.846004,71.584473,-21.903898
5.587500,-101.917389,-2.484526,14.400560,-21.334999,73.287712,-22.248669
5.593750,-104.063461,-2.480750,9.440427,-21.876284,74.181641,-22.651348
5.600000,-104.149429,-2.477093,4.735843,-22.437422,72.822083,-23.050915
5.606250,-102.519730,-2.474545,0.479205,-22.998274,71.341843,-23.442053
5.612500,-99.598770,-2.472970,-3.295645,-23.546753,69.476845,-23.822130
5.618750,-95.869926,-2.470886,-6.478302,-24.066902,67.101044,-24.186703
5.625000,-91.866066,-2.468068,-8.951589,-24.541487,64.108696,-24.533152
5.631250,-85.977463,-2.466542,-10.606043,-24.949118,60.386982,-24.842218
5.637500,-80.103157,-2.467541,-11.362209,-25.266520,55.784996,-25.076395
5.643750,-74.229652,-2.469570,-13.086651,-25.465656,52.183994,-25.193619
5.650000,-68.347084,-2.470997,-12.031944,-25.525007,47.960999,-25.222212
5.656250,-62.461754,-2.472677,-10.338758,-25.466518,42.756950,-25.196455
5.662500,-56.584236,-2.476049,-8.209654,-25.290710,37.522251,-25.084858
5.668750,-50.711960,-2.481355,-5.721073,-24.996746,32.518951,-24.879055
5.675000,-44.833942,-2.487406,-3.119012,-24.600864,27.930725,-24.583704
5.681250,-38.946453,-2.493673,-0.684795,-24.126867,23.935751,-24.206230
5.687500,-33.053062,-2.500249,1.301923,-23.610369,20.744465,-23.757948
5.693750,-27.153696,-2.506783,2.468223,-23.059311,18.651499,-23.267553
5.700000,-21.247751,-2.513003,2.190269,-22.472853,18.098669,-22.756874
5.706250,-15.338894,-2.519653,2.510005,-21.911951,17.247360,-22.257755
5.712500,-9.429357,-2.527279,1.802083,-21.415468,17.754290,-21.805582
5.718750,-3.511714,-2.534644,0.275454,-21.004225,19.222332,-21.427856
5.725000,2.420943,-2.540277,-1.865912,-20.687651,23.062222,-21.113815
5.731250,8.363473,-2.544177,-4.430148,-20.465488,27.140829,-20.834471
5.737500,14.305012,-2.547641,-7.223176,-20.324448,31.639446,-20.627678
5.743750,20.244493,-2.550704,-10.092163,-20.244959,35.698742,-20.547148
5.750000,26.188437,-2.552142,-13.029221,-20.246044,39.799206,-20.557520
5.756250,32.135075,-2.552028,-16.007202,-20.314964,43.649014,-20.642996
5.762500,38.077484,-2.551311,-16.628933,-20.425421,46.900127,-20.789845
5.768750,44.011177,-2.550384,-18.072847,-20.549213,49.202999,-21.000854
5.775000,49.940399,-2.548800,-18.179173,-20.660604,50.096760,-21.206108
5.781250,55.865799,-2.546685,-17.160379,-20.756493,50.538227,-21.412369
5.787500,61.782330,-2.544998,-15.269717,-20.827837,49.565212,-21.623426
5.793750,67.689049,-2.544364,-12.710185,-20.862993,47.341000,-21.823854
5.800000,73.590103,-2.544500,-9.764780,-20.853771,43.946903,-21.992222
5.806250,79.490120,-2.545004,-6.757415,-20.797808,39.509670,-22.105715
5.812500,85.390038,-2.545663,-4.025911,-20.698084,34.259018,-22.159344
5.818750,91.288292,-2.546700,-1.894300,-20.564304,28.589727,-22.174328
5.825000,95.287041,-2.548890,1.491328,-20.422285,20.673206,-22.172562
5.831250,99.007324,-2.553151,4.496824,-20.332937,12.396976,-22.092543
5.837500,101.921455,-2.559290,5.833301,-20.196545,3.833312,-21.960979
5.843750,103.548615,-2.565685,7.522062,-20.081427,-5.256722,-21.810947
5.850000,103.468201,-2.570591,9.010719,-20.020351,-14.729126,-21.665207
5.856250,101.333397,-2.574075,10.235645,-20.021557,-24.351049,-21.537670
5.862500,96.895027,-2.577424,11.145928,-20.082645,-33.906261,-21.440210
5.868750,90.030556,-2.580912,11.715998,-20.181963,-43.251514,-21.372814
5.875000,80.744072,-2.583909,12.075710,-20.321171,-52.354126,-21.325659
5.881250,69.159622,-2.586192,12.682999,-20.526552,-61.329494,-21.316628
5.887500,55.511635,-2.587786,13.512665,-20.771177,-67.935951,-21.344141
5.893750,40.140320,-2.588353,14.741529,-21.041206,-73.495483,-21.395147
5.900000,23.471907,-2.587830,14.720528,-21.342365,-77.620155,-21.459047
5.906250,5.992879,-2.587094,15.333663,-21.710024,-82.058044,-21.548279
5.912500,-11.766508,-2.586891,16.407993,-22.067823,-84.995750,-21.653746
5.918750,-29.253944,-2.586183,18.153250,-22.428570,-86.810814,-21.762573
5.925000,-45.932007,-2.584056,19.799324,-22.813692,-87.885391,-21.872894
5.931250,-61.316132,-2.581770,21.233185,-23.227034,-88.500084,-21.988188
5.937500,-74.986710,-2.580562,22.378683,-23.657770,-88.888695,-22.110228
5.943750,-86.598244,-2.579987,23.195606,-24.086885,-89.238762,-22.238926
5.950000,-95.904350,-2.578784,23.879856,-24.496439,-89.786095,-22.330166
5.956250,-102.785965,-2.577501,24.612801,-24.867275,-91.031662,-22.383919
5.962500,-107.251831,-2.577531,25.293362,-25.183451,-90.249298,-22.446039
5.968750,-109.418800,-2.578315,25.796154,-25.434340,-89.680138,-22.506430
5.975000,-109.513527,-2.577935,26.028704,-25.608358,-88.873047,-22.561255
5.981250,-107.879692,-2.576624,25.916571,-25.698990,-87.398186,-22.610142
5.987500,-104.957726,-2.576458,25.398230,-25.700491,-84.870575,-22.651400
5.993750,-101.242325,-2.578304,24.452578,-25.609495,-80.957886,-22.681427
6.000000,-97.252777,-2.580781,23.072136,-25.424429,-75.440262,-22.692184
6.006250,-91.361366,-2.583142,21.292150,-25.136475,-68.259331,-22.640827
6.012500,-85.469200,-2.586208,19.169378,-24.705431,-59.812397,-22.570187
6.018750,-79.578072,-2.590276,18.614223,-24.260330,-50.371815,-22.485411
6.025000,-73.681252,-2.594274,16.322756,-23.779215,-39.899391,-22.388243
6.031250,-67.777107,-2.597834,14.720502,-23.287207,-28.852245,-22.292913
6.037500,-61.870880,-2.601810,13.664616,-22.828167,-17.768892,-22.216375
6.043750,-55.963963,-2.606271,13.078630,-22.447987,-7.097929,-22.142818
6.050000,-50.050781,-2.610052,13.029099,-22.136637,2.902767,-22.057255
6.056250,-44.129147,-2.612795,13.512774,-21.922901,11.775783,-21.996038
6.062500,-38.207409,-2.615507,14.248322,-21.835821,19.281260,-21.980629
6.068750,-32.287483,-2.618358,13.278579,-21.882582,25.269642,-22.012066
6.075000,-26.362764,-2.619990,12.205315,-22.051130,29.743139,-22.087427
6.081250,-20.431215,-2.619705,12.653086,-22.307970,32.775299,-22.201973
6.087500,-14.503907,-2.618928,12.746194,-22.573238,34.438206,-22.333652
6.093750,-8.588449,-2.619018,12.391222,-22.884806,34.705666,-22.468899
6.100000,-2.680083,-2.619667,10.986677,-23.207605,33.759876,-22.612503
6.106250,3.229918,-2.620065,8.978974,-23.491047,31.890989,-22.755266
6.112500,9.140037,-2.620203,6.280700,-23.704227,29.267326,-22.882776
6.118750,15.045652,-2.620821,2.807643,-23.828959,26.023798,-22.977640
6.125000,20.946342,-2.622159,-1.486904,-23.860033,22.307020,-23.017263
6.131250,26.844395,-2.624541,-4.429861,-23.802982,18.370209,-23.000256
6.137500,32.742065,-2.627960,-7.283124,-23.656731,15.047022,-22.940229
6.143750,38.643448,-2.631753,-11.239239,-23.420177,10.444143,-22.820324
6.150000,44.554028,-2.634830,-14.183200,-23.121283,6.002236,-22.654390
6.156250,50.470139,-2.637146,-16.159204,-22.787848,1.685900,-22.456373
6.162500,56.384670,-2.639769,-17.183424,-22.443661,-2.468292,-22.239908
6.168750,62.296169,-2.643130,-17.281303,-22.107279,-6.390180,-22.015358
6.175000,68.211975,-2.646172,-16.539963,-21.797895,-10.012080,-21.794750
6.181250,74.135086,-2.648068,-15.097681,-21.531565,-13.263490,-21.593672
6.187500,80.059654,-2.649356,-13.117100,-21.321947,-16.008677,-21.488968
6.193750,85.981346,-2.650642,-10.815768,-21.194304,-18.535397,-21.359781
6.200000,91.902214,-2.651508,-8.382991,-21.128340,-20.618313,-21.293161
6.206250,95.928993,-2.651667,-5.528320,-21.116291,-22.157972,-21.307970
6.212500,99.680702,-2.651624,-2.521489,-21.178881,-23.324839,-21.413731
6.218750,102.621475,-2.651814,0.457343,-21.302896,-24.289864,-21.654722
6.225000,104.261139,-2.652205,3.231331,-21.463242,-23.652836,-21.894522
6.231250,104.174850,-2.652571,5.432244,-21.688583,-23.914362,-22.215515
6.237500,102.022430,-2.652876,6.758642,-21.963078,-24.198025,-22.614405
6.243750,97.567642,-2.652827,7.188623,-22.267830,-24.426592,-23.076078
6.250000,90.688995,-2.652178,8.720792,-22.590202,-24.626022,-23.581079
6.256250,81.383423,-2.651557,9.882349,-22.922998,-24.823322,-24.109274
6.262500,69.768333,-2.651822,9.212211,-23.261316,-24.995813,-24.640303
6.268750,56.086666,-2.652346,8.827287,-23.588095,-24.894209,-25.115387
6.275000,40.685326,-2.651658,8.709504,-23.883373,-24.191936,-25.540136
6.281250,23.990158,-2.649834,8.724662,-24.142456,-23.003532,-25.904612
6.287500,6.480593,-2.648758,8.763290,-24.361219,-21.184097,-26.191586
6.293750,-11.314050,-2.649524,8.774231,-24.529701,-18.480707,-26.384281
6.300000,-28.835939,-2.650884,8.743294,-24.633265,-14.636224,-26.464743
6.306250,-45.543968,-2.651804,8.640247,-24.655260,-9.454121,-26.416470
6.312500,-60.951595,-2.652931,8.409792,-24.578295,-2.846401,-26.224503
6.318750,-74.637924,-2.655243,7.925911,-24.410440,5.016527,-25.944300
6.325000,-86.258888,-2.658435,9.109015,-24.187056,13.754125,-25.581837
6.331250,-95.572456,-2.661796,8.730618,-23.899143,23.138123,-25.128479
6.337500,-102.457596,-2.665722,9.030314,-23.542608,32.922153,-24.624880
6.343750,-106.917580,-2.670646,9.716213,-23.149429,42.674244,-24.111061
6.350000,-109.069901,-2.675881,10.554960,-22.750538,51.824211,-23.621260
6.356250,-109.146950,-2.680354,11.389320,-22.372765,59.773224,-23.183937
6.362500,-107.491745,-2.684048,12.091568,-22.037781,65.947441,-22.810040
6.368750,-104.536926,-2.687369,12.543877,-21.761328,69.831902,-22.441080
6.375000,-100.775993,-2.690177,12.623673,-21.552126,71.580635,-22.241596
6.381250,-96.740585,-2.692244,12.072531,-21.429363,70.845871,-22.161093
6.387500,-90.811150,-2.693948,12.012856,-21.375591,67.498901,-22.201334
6.393750,-84.884850,-2.695430,11.586244,-21.408699,61.853828,-22.315813
6.400000,-78.958664,-2.696159,11.058568,-21.529083,54.304928,-22.417284
6.406250,-73.032738,-2.695828,10.494677,-21.728956,43.217316,-22.649023
6.412500,-67.112541,-2.695616,9.923683,-21.993500,31.030697,-22.944704
6.418750,-61.201126,-2.696277,9.334907,-22.308052,17.545227,-23.268795
6.425000,-55.292198,-2.697061,8.730929,-22.646824,3.244787,-23.589581
6.431250,-49.381126,-2.697265,8.108393,-22.983171,-11.325969,-23.877529
6.437500,-43.471542,-2.697436,7.406648,-23.290089,-25.636620,-24.102781
6.443750,-37.568714,-2.698670,8.734650,-23.536877,-39.195675,-24.234041
6.450000,-31.670116,-2.700768,10.610180,-23.712118,-51.746807,-24.319002
6.456250,-25.768471,-2.703010,11.432734,-23.819962,-63.188065,-24.345139
6.462500,-19.863659,-2.705323,13.202917,-23.855652,-71.566879,-24.271473
6.468750,-13.958850,-2.708015,15.722931,-23.817133,-78.232101,-24.134186
6.475000,-8.051482,-2.710499,18.719370,-23.713388,-82.716812,-23.962767
6.481250,-2.139373,-2.712515,21.865396,-23.569071,-84.802742,-23.784725
6.487500,3.772243,-2.714698,24.857151,-23.413725,-84.383041,-23.616690
6.493750,9.681840,-2.717396,27.539099,-23.248470,-81.341270,-23.437372
6.500000,15.593407,-2.719742,29.806545,-23.081051,-77.655350,-23.248571
6.506250,21.511272,-2.721030,29.505527,-22.926161,-71.890709,-23.077097
6.512500,27.429268,-2.722005,30.262775,-22.810001,-64.554207,-22.953608
6.518750,33.340969,-2.723840,29.992237,-22.759878,-56.414337,-22.870401
6.525000,39.250763,-2.726100,28.797768,-22.769701,-48.186798,-22.819181
6.531250,45.166210,-2.727516,26.773502,-22.831635,-40.478699,-22.795250
6.537500,51.086151,-2.728081,23.977402,-22.936554,-33.832119,-22.794950
6.543750,57.002079,-2.728860,20.491461,-23.073505,-28.717119,-22.818295
6.550000,62.912666,-2.730186,16.431356,-23.227386,-23.670811,-22.841267
6.556250,68.824211,-2.731364,11.981737,-23.364388,-20.698160,-22.854031
6.562500,74.737999,-2.732225,7.465007,-23.479002,-19.248714,-22.867237
6.568750,80.650642,-2.733038,3.845103,-23.605751,-18.963833,-22.878172
6.575000,86.562111,-2.733709,-0.748246,-23.708609,-19.530670,-22.909714
6.581250,92.472900,-2.734087,-4.311116,-23.781940,-20.498114,-22.940371
6.587500,96.486107,-2.734903,-6.914579,-23.828926,-21.342682,-22.970663
6.593750,100.222252,-2.736633,-8.588196,-23.855352,-23.582846,-23.006422
6.600000,103.153671,-2.738361,-9.361051,-23.865847,-25.167196,-23.050089
6.606250,104.792862,-2.739044,-9.268839,-23.861267,-26.202887,-23.099722
6.612500,104.708145,-2.739360,-8.384488,-23.843472,-26.815880,-23.153574
6.618750,102.550293,-2.740611,-6.824192,-23.812279,-27.148472,-23.207319
6.625000,98.084732,-2.742972,-4.728969,-23.767847,-25.444977,-23.257595
6.631250,91.197083,-2.745334,-2.287637,-23.713207,-23.483545,-23.316423
6.637500,81.889603,-2.747436,2.481134,-23.644857,-20.955236,-23.302267
6.643750,70.278175,-2.750278,6.169903,-23.543613,-19.670353,-23.271019
6.650000,56.598949,-2.754022,10.677151,-23.404743,-17.670675,-23.223627
6.656250,41.199238,-2.757701,15.577270,-23.232534,-15.354459,-23.150229
6.662500,24.508526,-2.760544,20.504662,-23.021507,-13.087276,-23.039352
6.668750,7.014195,-2.763079,25.111021,-22.760000,-11.283886,-22.885979
6.675000,-10.756354,-2.765891,28.948942,-22.466238,-10.481401,-22.722122
6.681250,-28.254959,-2.769061,31.534206,-22.158033,-8.951641,-22.559986
6.687500,-44.946728,-2.772412,34.775497,-21.844645,-8.349861,-22.407070
6.693750,-60.338371,-2.775908,36.992344,-21.559752,-8.544158,-22.280472
6.700000,-74.000450,-2.778918,38.269386,-21.286369,-9.400451,-22.219973
6.706250,-85.590385,-2.780771,38.492809,-21.031174,-10.585001,-22.196539
6.712500,-94.876373,-2.781808,38.137936,-20.840279,-11.552701,-22.225266
6.718750,-101.742386,-2.782978,37.336742,-20.736990,-12.463475,-22.331099
6.725000,-106.187691,-2.784462,36.155556,-20.729727,-13.002182,-22.504963
6.731250,-108.327988,-2.785400,34.620674,-20.818314,-14.892694,-22.759331
6.737500,-108.399124,-2.785289,32.746387,-20.990891,-16.164677,-23.096189
6.743750,-106.746582,-2.784538,30.501728,-21.251690,-17.096687,-23.479874
6.750000,-103.801094,-2.783626,27.757542,-21.629959,-17.837351,-23.872135
6.756250,-100.054039,-2.782605,25.223370,-22.001198,-18.465580,-24.236139
6.762500,-96.037888,-2.781747,22.893080,-22.408657,-19.187426,-24.569496
6.768750,-90.130989,-2.781195,20.604910,-22.846104,-20.129143,-24.853579
6.775000,-84.225357,-2.780287,18.443064,-23.295088,-19.155739,-25.071526
6.781250,-78.318817,-2.778608,16.438190,-23.736427,-17.702127,-25.212233
6.787500,-72.416206,-2.776890,14.601310,-24.150185,-15.329930,-25.268448
6.793750,-66.521805,-2.776055,12.930139,-24.518436,-11.638370,-25.236115
6.800000,-60.633621,-2.776173,11.407067,-24.824869,-6.282558,-25.113544
6.806250,-54.744301,-2.776468,10.003647,-25.056412,-1.150171,-24.899544
6.812500,-48.853786,-2.777173,8.672565,-25.204683,5.343905,-24.572830
6.818750,-42.964920,-2.778986,7.333780,-25.279190,13.091725,-24.215361
6.825000,-37.075184,-2.781476,8.016283,-25.321136,20.564440,-23.822248
6.831250,-31.178251,-2.783532,7.764822,-25.253614,28.492102,-23.430569
6.837500,-25.275793,-2.785363,8.464764,-25.138929,36.088810,-23.088676
6.843750,-19.375553,-2.788363,9.888726,-25.003904,42.666008,-22.815546
6.850000,-13.476143,-2.792447,12.005395,-24.864340,49.367046,-22.607897
6.856250,-7.567898,-2.795972,14.750643,-24.730955,54.240601,-22.497171
6.862500,-1.648365,-2.798024,18.037657,-24.607615,57.472927,-22.490892
6.868750,4.272866,-2.799614,21.787704,-24.485521,59.249168,-22.579220
6.875000,10.187694,-2.801870,25.922895,-24.339849,59.834427,-22.741882
6.881250,16.099525,-2.804437,30.489672,-24.202234,59.548920,-22.926655
6.887500,22.013144,-2.806713,33.939575,-24.095921,58.577038,-23.152498
6.893750,27.928793,-2.808764,37.621658,-24.015989,56.843105,-23.401878
6.900000,33.843761,-2.810524,41.025715,-24.009438,55.070057,-23.625422
6.906250,39.758453,-2.811702,43.660397,-23.970387,53.656471,-23.787548
6.912500,45.670895,-2.812503,46.274113,-23.930494,50.988411,-23.873026
6.918750,51.576824,-2.813964,47.604836,-23.908516,48.937153,-23.871889
6.925000,57.476612,-2.816435,47.674484,-23.886389,47.241562,-23.781197
6.931250,63.376961,-2.819142,46.553280,-23.811125,45.613045,-23.600845
6.937500,69.281166,-2.821718,45.932861,-23.789660,43.704063,-23.355564
6.943750,75.186935,-2.824507,42.819553,-23.769741,42.992306,-23.085102
6.950000,81.093857,-2.827333,39.613842,-23.731691,41.364925,-22.752207
6.956250,87.005486,-2.829252,36.331451,-23.663380,38.969162,-22.390873
6.962500,92.921318,-2.830127,32.975735,-23.560379,36.191841,-22.036779
6.968750,96.938118,-2.831449,29.532049,-23.428921,33.109035,-21.715612
6.975000,100.673630,-2.834159,26.011484,-23.275396,29.732439,-21.444357
6.981250,103.604927,-2.837259,22.491196,-23.101635,26.071632,-21.230415
6.987500,105.247047,-2.839199,19.049364,-22.908398,22.105682,-21.072937
6.993750,105.171074,-2.840011,15.761164,-22.690453,17.789951,-20.954380
7.000000,103.025604,-2.840832,12.699584,-22.429380,13.000803,-20.885323
7.006250,98.570160,-2.842454,9.876546,-22.101683,9.544063,-20.888582
7.012500,91.688904,-2.844688,8.940619,-21.828665,6.082577,-20.940891
7.018750,82.385788,-2.847187,8.656110,-21.594255,3.041197,-21.023729
7.025000,70.783592,-2.849584,8.132942,-21.329641,0.808678,-21.172508
7.031250,57.119286,-2.851692,8.938267,-21.098860,-2.165704,-21.367229
7.037500,41.732361,-2.853597,10.683719,-20.942039,-3.838525,-21.592161
7.043750,25.048061,-2.855861,13.114595,-20.892832,-5.084251,-21.877176
7.050000,7.558980,-2.858352,15.989491,-20.976427,-6.043038,-22.233364
7.056250,-10.196649,-2.859996,19.145786,-21.182459,-6.805396,-22.666115
7.062500,-27.671684,-2.860252,20.514961,-21.507240,-7.464162,-23.184551
7.068750,-44.339855,-2.859725,23.518623,-21.954916,-8.125940,-23.821741
7.075000,-59.714134,-2.859072,26.076637,-22.500572,-8.205243,-24.420586
7.081250,-73.365639,-2.858066,28.107346,-23.055693,-10.247281,-25.041677
7.087500,-84.950729,-2.856093,29.633060,-23.697088,-12.764582,-25.688812
7.093750,-94.234108,-2.853338,29.365902,-24.372862,-14.038013,-26.340979
7.100000,-101.098648,-2.850248,28.135565,-25.034767,-15.808912,-26.968256
7.106250,-105.545700,-2.847007,25.720284,-25.656878,-17.932467,-27.538296
7.112500,-107.696938,-2.844054,21.946459,-26.227661,-20.244686,-28.015718
7.118750,-107.790634,-2.841788,16.585337,-26.692751,-22.552515,-28.358156
7.125000,-106.165192,-2.840212,11.556140,-27.027628,-26.770357,-28.516731
7.131250,-103.243492,-2.838657,5.657642,-27.241674,-31.068987,-28.530867
7.137500,-99.517288,-2.837162,-0.707927,-27.345636,-35.523937,-28.390167
7.143750,-95.525475,-2.836922,-7.169037,-27.344685,-40.436230,-28.088188
7.150000,-89.647385,-2.838753,-13.361731,-27.243820,-45.807110,-27.636488
7.156250,-83.768669,-2.841594,-18.963995,-27.049936,-51.548473,-27.058060
7.162500,-77.880173,-2.844034,-23.711864,-26.775410,-57.515491,-26.388477
7.168750,-71.985245,-2.846274,-27.409248,-26.439407,-63.559055,-25.681232
7.175000,-66.091530,-2.849172,-29.913780,-26.063105,-69.580803,-24.952051
7.181250,-60.197521,-2.852701,-31.126486,-25.669195,-75.706970,-24.216019
7.187500,-54.296387,-2.855848,-31.006596,-25.276358,-79.630356,-23.533442
7.193750,-48.388683,-2.858379,-29.549356,-24.886463,-82.804962,-22.946972
7.200000,-42.479271,-2.860785,-28.704369,-24.501850,-84.626526,-22.482941
7.206250,-36.568909,-2.862993,-25.270910,-24.193987,-84.491325,-22.102812
7.212500,-30.654928,-2.864553,-21.044533,-23.943777,-83.811188,-21.848991
7.218750,-24.739758,-2.865863,-16.316105,-23.757734,-81.389290,-21.750078
7.225000,-18.828432,-2.867822,-11.360457,-23.624891,-77.091164,-21.778135
7.231250,-12.918183,-2.870211,-6.460343,-23.532272,-71.348648,-21.911749
7.237500,-7.002997,-2.871962,-2.021180,-23.491032,-64.681366,-22.120132
7.243750,-1.083042,-2.872867,3.749204,-23.497883,-57.630760,-22.355856
7.250000,4.835294,-2.873689,9.332696,-23.532822,-50.768883,-22.536228
7.256250,10.748582,-2.874832,14.991065,-23.584644,-45.447281,-22.783068
7.262500,16.659552,-2.876171,19.032757,-23.658678,-39.577541,-23.012791
7.268750,22.569643,-2.877772,23.295013,-23.752623,-34.854271,-23.166222
7.275000,28.477919,-2.880204,27.747936,-23.799482,-31.329203,-23.241320
7.281250,34.384800,-2.883374,31.913929,-23.820688,-29.048367,-23.243570
7.287500,40.297127,-2.886203,35.406189,-23.810455,-27.842337,-23.174873
7.293750,46.217979,-2.887645,38.127987,-23.743811,-27.470018,-23.040764
7.300000,52.142052,-2.888078,40.175671,-23.647629,-27.696875,-22.857069
7.306250,58.061604,-2.888243,41.830765,-23.530872,-28.289698,-22.644527
7.312500,63.973431,-2.889048,43.040123,-23.384563,-29.010736,-22.427309
7.318750,69.879913,-2.890713,44.004963,-23.219759,-29.705967,-22.221663
7.325000,75.786453,-2.892930,43.160767,-23.036860,-30.332127,-22.034445
7.331250,81.698532,-2.894634,42.640293,-22.821774,-30.776798,-21.891460
7.337500,87.616959,-2.895317,42.144146,-22.602209,-30.982801,-21.814232
7.343750,93.535469,-2.895442,41.420952,-22.401970,-31.053053,-21.807356
7.350000,97.553535,-2.896031,40.374691,-22.232321,-29.244553,-21.846813
7.356250,101.293297,-2.897416,38.961075,-22.096344,-27.254292,-21.943295
7.362500,104.227409,-2.899085,37.128139,-21.991913,-24.331837,-22.115255
7.368750,105.866562,-2.900559,34.827465,-21.910133,-22.472446,-22.327507
7.375000,105.782097,-2.901934,31.991131,-21.841713,-20.006668,-22.548712
7.381250,103.631065,-2.903460,30.651482,-21.783892,-17.134151,-22.745995
7.387500,99.175766,-2.905489,29.212824,-21.768900,-14.151729,-22.914619
7.393750,92.294434,-2.908401,27.847513,-21.770159,-9.282521,-23.054319
7.400000,82.989845,-2.911850,26.777225,-21.775644,-4.045275,-23.146564
7.406250,71.389282,-2.914827,26.383318,-21.805801,-0.049520,-23.182669
7.412500,57.730465,-2.916671,26.719330,-21.875206,4.516029,-23.163931
7.418750,42.347603,-2.918127,27.714788,-21.994476,9.281522,-23.097115
7.425000,25.662535,-2.919981,29.228098,-22.171509,13.882663,-22.993717
7.431250,8.169650,-2.922067,31.096684,-22.409731,17.999804,-22.861279
7.437500,-9.592341,-2.923694,33.154690,-22.704174,21.385984,-22.691639
7.443750,-27.078032,-2.924948,37.398094,-23.034597,23.806873,-22.486567
7.450000,-43.757774,-2.926195,40.379749,-23.382202,24.835331,-22.297663
7.456250,-59.138454,-2.926939,43.673489,-23.808643,24.315659,-22.140444
7.462500,-72.787659,-2.926421,47.066689,-24.300140,22.330812,-22.027224
7.468750,-84.369637,-2.924910,50.396530,-24.865826,18.979206,-21.967434
7.475000,-93.654030,-2.923491,53.552551,-25.434490,14.476007,-21.955429
7.481250,-100.518494,-2.921983,56.357578,-26.013887,9.125980,-21.984144
7.487500,-104.957985,-2.919720,56.478775,-26.603716,3.230900,-22.053047
7.493750,-107.094620,-2.916658,55.458866,-27.184725,-2.781596,-22.149975
7.500000,-107.172066,-2.914078,52.787212,-27.715960,-8.302052,-22.263412
7.506250,-105.533340,-2.912461,50.138088,-28.176392,-12.612759,-22.394297
7.512500,-102.599655,-2.911037,45.560093,-28.568394,-15.119732,-22.522259
7.518750,-98.859756,-2.909433,39.356899,-28.863129,-15.281264,-22.628029
7.525000,-94.851257,-2.908545,31.873518,-29.045336,-12.551601,-22.707691
7.531250,-88.955536,-2.909075,23.424843,-29.117197,-8.564166,-22.754576
7.537500,-83.061630,-2.910352,14.382474,-29.092897,-3.295055,-22.740440
7.543750,-77.165619,-2.911748,5.314507,-28.941473,4.552174,-22.680750
7.550000,-71.269806,-2.913811,-3.314445,-28.688276,13.987517,-22.592812
7.556250,-65.376938,-2.916987,-11.236064,-28.367083,24.112549,-22.495098
7.562500,-59.482674,-2.920760,-19.862801,-27.996006,34.053547,-22.411243
7.568750,-53.582706,-2.924443,-27.027481,-27.580378,43.012154,-22.357756
7.575000,-47.677090,-2.927625,-32.636337,-27.162529,50.478611,-22.293663
7.581250,-41.768661,-2.930376,-36.496250,-26.757343,55.680481,-22.253397
7.587500,-35.858501,-2.932380,-38.873531,-26.368916,60.117950,-22.256470
7.593750,-29.947176,-2.933632,-39.957424,-26.007292,62.120987,-22.306526
7.600000,-24.039639,-2.934789,-39.838642,-25.677460,62.055817,-22.396500
7.606250,-18.137510,-2.936551,-38.621304,-25.382343,60.363628,-22.512930
7.612500,-12.237225,-2.938377,-36.445465,-25.116711,57.517532,-22.640076
7.618750,-6.334905,-2.939753,-33.500530,-24.874300,53.970669,-22.779224
7.625000,-0.432858,-2.940950,-30.045151,-24.650463,50.115463,-22.954599
7.631250,5.464369,-2.942811,-24.218510,-24.443243,46.356384,-23.127625
7.637500,11.358194,-2.945391,-19.565145,-24.242632,42.573570,-23.252483
7.643750,17.252153,-2.948040,-14.193874,-24.009851,39.484303,-23.353415
7.650000,23.147648,-2.950941,-8.464257,-23.706053,37.133633,-23.435776
7.656250,29.040680,-2.954773,-3.171152,-23.403885,35.311012,-23.513866
7.662500,34.931400,-2.959962,1.062309,-23.099279,33.703476,-23.592106
7.668750,40.826614,-2.965650,6.217055,-22.788307,32.046738,-23.667559
7.675000,46.732510,-2.970756,10.533483,-22.480759,31.914188,-23.746338
7.681250,52.646229,-2.974875,14.157182,-22.195555,31.290997,-23.838085
7.687500,58.563595,-2.978388,17.293575,-21.956324,30.284124,-23.952040
7.693750,64.481255,-2.981468,20.229328,-21.771786,28.974865,-24.100430
7.700000,70.399399,-2.984057,21.474499,-21.633749,27.416708,-24.313126
7.706250,76.318695,-2.986063,22.876236,-21.556261,25.616049,-24.533524
7.712500,82.237961,-2.987391,24.126541,-21.536341,22.703018,-24.731276
7.718750,88.155571,-2.988243,25.004690,-21.557739,21.337698,-24.968443
7.725000,94.072578,-2.988458,25.120550,-21.653955,19.863218,-25.237371
7.731250,98.092361,-2.988088,24.218922,-21.806751,18.568995,-25.514666
7.737500,101.833771,-2.987879,22.285910,-21.986845,17.589592,-25.770544
7.743750,104.762741,-2.988508,21.324051,-22.168171,17.003933,-25.962774
7.750000,106.389412,-2.989974,19.771400,-22.331413,16.799875,-26.058376
7.756250,106.292130,-2.991699,17.917454,-22.464550,16.631838,-26.094179
7.762500,104.133011,-2.993359,15.975354,-22.569315,16.490337,-26.042326
7.768750,99.671692,-2.995420,14.135095,-22.642181,16.408424,-25.891504
7.775000,92.783707,-2.998601,12.641936,-22.679800,16.252495,-25.643719
7.781250,83.473534,-3.002636,11.649076,-22.690338,15.879901,-25.314749
7.787500,71.869125,-3.006302,11.215120,-22.686619,15.172011,-24.929569
7.793750,58.209118,-3.009093,11.357719,-22.681759,14.093946,-24.513544
7.800000,42.828678,-3.011344,12.065845,-22.686598,12.745101,-24.055920
7.806250,26.151133,-3.013355,13.310791,-22.702572,11.267571,-23.546724
7.812500,8.670331,-3.014690,13.143189,-22.729595,9.720304,-23.043842
7.818750,-9.079960,-3.014963,15.156087,-22.781965,7.031453,-22.615364
7.825000,-26.557644,-3.014741,17.229784,-22.887962,4.788937,-22.253088
7.831250,-43.233463,-3.014452,19.154104,-23.069803,2.934103,-21.962164
7.837500,-58.611401,-3.013549,20.865189,-23.358353,1.544954,-21.740973
7.843750,-72.261955,-3.011417,22.277565,-23.696993,0.777114,-21.591295
7.850000,-83.850204,-3.008845,23.943161,-24.069862,0.721886,-21.522440
7.856250,-93.145226,-3.007023,25.059694,-24.497150,-0.690003,-21.531784
7.862500,-100.021355,-3.005755,25.686544,-24.964725,-1.934281,-21.608229
7.868750,-104.471786,-3.003862,23.983818,-25.442402,-3.328043,-21.735365
7.875000,-106.616325,-3.001165,21.584566,-25.908295,-5.127640,-21.887114
7.881250,-106.699142,-2.998513,20.011868,-26.360008,-7.521747,-22.010828
7.887500,-105.065399,-2.996528,17.489262,-26.771818,-10.611866,-22.141216
7.893750,-102.136894,-2.994796,14.207465,-27.125463,-13.425391,-22.283281
7.900000,-98.403397,-2.993158,10.365855,-27.391308,-16.344574,-22.375393
7.906250,-94.401329,-2.992600,6.255402,-27.543905,-19.231773,-22.425688
7.912500,-88.508736,-2.993371,1.995260,-27.592188,-21.807926,-22.446388
7.918750,-82.612701,-2.993371,-2.210192,-27.592188,-23.677191,-22.446388
7.925000,-82.612701,-2.993371,-2.210192,-27.592188,-23.677191,-22.446388
7.931250,-82.612701,-2.993371,-2.210192,-27.592188,-23.677191,-22.446388
7.937500,-82.612701,-2.993371,-2.210192,-27.592188,-23.677191,-22.446388
7.943750,-82.612701,-2.993371,-2.210192,-27.592188,-23.677191,-22.446388
7.950000,-82.612701,-2.993371,-2.210192,-27.592188,-23.677191,-22.446388
7.956250,-82.612701,-2.993371,-2.210192,-27.592188,-23.677191,-22.446388
7.962500,-82.612701,-2.993371,-2.210192,-27.592188,-23.677191,-22.446388
7.968750,-82.612701,-2.993371,-2.210192,-27.592188,-23.677191,-22.446388
7.975000,-82.612701,-2.993371,-2.210192,-27.592188,-23.677191,-22.446388
7.981250,-82.612701,-2.993371,-2.210192,-27.592188,-23.677191,-22.446388
7.987500,-82.612701,-2.993371,-2.210192,-27.592188,-23.677191,-22.446388
7.993750,-82.612701,-2.993371,-2.210192,-27.592188,-23.677191,-22.446388
8.000000,-82.612701,-2.993371,-2.210192,-27.592188,-23.677191,-22.446388
