Anritsu VNA Frequency[GHz],S21[deg],S21[dB],S11[deg],S11[dB],S22[deg],S22[dB]
1338114514.24,2012_05_27_11:28:34,+40.723,+10.238,+55.244,+10.254,+13.901,+13.710,+14.006,+13.757,10.356352,-15.883
3.006250,34.354824,-1.755411,59.534786,-26.657305,-79.661079,-27.423626
3.012500,34.354824,-1.755411,59.534786,-26.657305,-79.661079,-27.423626
3.018750,34.354824,-1.755411,59.534786,-26.657305,-79.661079,-27.423626
3.025000,34.354824,-1.755411,59.534786,-26.657305,-79.661079,-27.423626
3.031250,34.354824,-1.755411,59.534786,-26.657305,-79.661079,-27.423626
3.037500,34.354824,-1.755411,59.534786,-26.657305,-79.661079,-27.423626
3.043750,34.354824,-1.755411,59.534786,-26.657305,-79.661079,-27.423626
3.050000,34.354824,-1.755411,59.534786,-26.657305,-79.661079,-27.423626
3.056250,34.354824,-1.755411,59.534786,-26.657305,-79.661079,-27.423626
3.062500,34.354824,-1.755411,59.534786,-26.657305,-79.661079,-27.423626
3.068750,34.354824,-1.755411,59.534786,-26.657305,-79.661079,-27.423626
3.075000,34.354824,-1.755411,59.534786,-26.657305,-79.661079,-27.423626
3.081250,34.354824,-1.755411,59.534786,-26.657305,-79.661079,-27.423626
3.087500,34.354824,-1.755411,59.534786,-26.657305,-79.661079,-27.423626
3.093750,34.354824,-1.757055,59.534786,-26.455225,-79.661079,-27.173632
3.100000,40.262459,-1.759011,56.849319,-26.302708,-81.678322,-26.941612
3.106250,46.169956,-1.760988,53.282711,-26.221273,-82.084175,-26.728943
3.112500,52.078037,-1.763003,49.194408,-26.232086,-80.518234,-26.509262
3.118750,57.985294,-1.765210,43.187752,-26.275391,-78.817146,-26.209120
3.125000,63.891289,-1.767499,38.388462,-26.319391,-74.784393,-25.949188
3.131250,69.796783,-1.769924,33.998158,-26.390787,-68.638176,-25.662546
3.137500,75.701004,-1.772683,30.280834,-26.490150,-60.771496,-25.339367
3.143750,81.603645,-1.776009,27.440248,-26.609756,-51.367413,-24.988058
3.150000,87.507042,-1.779626,25.659929,-26.734549,-40.582920,-24.620775
3.156250,93.413651,-1.783025,25.061766,-26.850206,-28.588409,-24.255892
3.162500,97.427643,-1.786222,25.709419,-26.943724,-15.584846,-23.917078
3.168750,101.168732,-1.789504,27.621920,-27.007582,-3.676289,-23.652206
3.175000,104.103134,-1.793079,30.840563,-27.019567,8.600394,-23.407980
3.181250,105.740578,-1.796789,33.607666,-26.966934,21.117657,-23.185957
3.187500,105.655830,-1.800355,37.392448,-26.867008,32.599503,-23.017551
3.193750,103.507584,-1.803666,41.488464,-26.732096,42.610748,-22.919178
3.200000,99.058640,-1.806686,45.324989,-26.570021,50.829109,-22.893896
3.206250,92.186852,-1.809328,48.419109,-26.391270,56.970062,-22.942635
3.212500,82.890617,-1.811790,50.353981,-26.209579,60.836521,-23.073017
3.218750,71.289955,-1.814449,50.815872,-26.035093,62.323887,-23.267338
3.225000,57.623585,-1.816978,51.803959,-25.862225,61.178478,-23.471382
3.231250,42.234261,-1.818965,51.857006,-25.690771,57.685978,-23.693476
3.237500,25.547403,-1.820649,49.486164,-25.520784,53.958607,-23.925186
3.243750,8.050746,-1.822597,46.805069,-25.329973,48.497337,-24.144196
3.250000,-9.722945,-1.825110,43.671284,-25.157925,41.970715,-24.331297
3.256250,-27.223074,-1.827746,39.744469,-25.017897,34.975166,-24.485359
3.262500,-43.914825,-1.830007,35.250530,-24.893061,28.149996,-24.595211
3.268750,-59.307991,-1.831950,30.134619,-24.779659,22.184395,-24.652185
3.275000,-72.977783,-1.834016,24.276520,-24.676502,17.617390,-24.655867
3.281250,-84.585114,-1.836480,17.565355,-24.574574,14.892394,-24.613344
3.287500,-93.890572,-1.839304,9.911779,-24.461052,14.305987,-24.539211
3.293750,-100.770256,-1.842207,1.279985,-24.297443,16.010393,-24.433811
3.300000,-105.223763,-1.845022,-6.153703,-24.128942,20.049421,-24.297848
3.306250,-107.372208,-1.847621,-14.817771,-23.993793,26.283194,-24.157911
3.312500,-107.453323,-1.849938,-23.478783,-23.871901,34.410965,-24.045290
3.318750,-105.808655,-1.852139,-31.852858,-23.771389,44.049366,-23.981318
3.325000,-102.865265,-1.854141,-39.675278,-23.709398,54.752300,-23.976339
3.331250,-99.115044,-1.855821,-46.686077,-23.712139,66.001984,-24.033667
3.337500,-95.090614,-1.857113,-52.711678,-23.850397,77.218613,-24.151245
3.343750,-89.171036,-1.858027,-57.776154,-24.011000,87.825638,-24.315386
3.350000,-83.251900,-1.858572,-62.224010,-24.233969,97.574013,-24.470444
3.356250,-77.333466,-1.858782,-65.671486,-24.563002,106.177147,-24.668442
3.362500,-71.416748,-1.858853,-66.416687,-25.019531,112.435577,-24.918325
3.368750,-65.502022,-1.858655,-66.099312,-25.583462,116.473846,-25.208956
3.375000,-59.587719,-1.857897,-64.594070,-26.228031,117.895905,-25.585171
3.381250,-53.675682,-1.856749,-61.913502,-26.918425,116.515923,-25.921423
3.387500,-47.770161,-1.855963,-58.148598,-27.615784,112.992813,-26.245226
3.393750,-41.871204,-1.855992,-53.458977,-28.275135,106.747658,-26.549109
3.400000,-35.974495,-1.856389,-48.060623,-28.853626,98.347015,-26.825939
3.406250,-30.076912,-1.856596,-42.284786,-29.329140,88.794937,-27.106140
3.412500,-24.180241,-1.856991,-36.458904,-29.676718,78.757057,-27.355696
3.418750,-18.288261,-1.858194,-28.645269,-29.874304,66.873589,-27.553402
3.425000,-12.399522,-1.860376,-22.387125,-29.917645,55.434517,-27.693144
3.431250,-6.507831,-1.862689,-15.831417,-29.821583,44.872780,-27.780518
3.437500,-0.612204,-1.864890,-9.232040,-29.570683,35.643723,-27.819092
3.443750,5.283264,-1.867697,-2.610185,-29.163370,28.428223,-27.757925
3.450000,11.177392,-1.871442,3.509166,-28.645092,21.509142,-27.625608
3.456250,17.075546,-1.875374,8.965523,-28.055597,16.666889,-27.435589
3.462500,22.982655,-1.878649,13.751698,-27.438667,13.604525,-27.190687
3.468750,28.895248,-1.881278,17.946531,-26.841305,12.010086,-26.887199
3.475000,34.808449,-1.883675,21.659330,-26.329365,11.533381,-26.540646
3.481250,40.721390,-1.885977,25.142603,-25.854841,11.781289,-26.166811
3.487500,46.633690,-1.888299,27.133757,-25.448929,12.383973,-25.760305
3.493750,52.544464,-1.891064,29.014433,-25.148266,12.908621,-25.328176
3.500000,58.455013,-1.894317,30.613365,-24.958061,12.920636,-24.882553
3.506250,64.368195,-1.897367,31.824144,-24.863968,12.090051,-24.433744
3.512500,70.285950,-1.899651,32.550575,-24.831366,10.143447,-23.990910
3.518750,76.203659,-1.901735,32.774513,-24.762699,6.878339,-23.559513
3.525000,82.115097,-1.904760,32.681152,-24.748730,2.140150,-23.145248
3.531250,88.021858,-1.908889,32.803810,-24.738276,-2.044308,-22.763567
3.537500,93.930939,-1.913376,32.798702,-24.694637,-7.134645,-22.430000
3.543750,97.950691,-1.917511,32.928097,-24.607641,-12.704081,-22.140808
3.550000,101.699638,-1.921836,33.524921,-24.451618,-18.469994,-21.859163
3.556250,104.641823,-1.926883,33.034775,-24.227009,-23.960077,-21.532290
3.562500,106.288452,-1.932197,33.161228,-23.963606,-28.868023,-21.290966
3.568750,106.219292,-1.936729,33.563034,-23.688519,-32.006958,-21.121006
3.575000,104.093475,-1.939858,33.963287,-23.428028,-34.361069,-21.022907
3.581250,99.668312,-1.941892,34.078564,-23.217085,-35.665432,-21.011042
3.587500,92.817505,-1.943474,33.648109,-23.092531,-35.941605,-21.044197
3.593750,83.541237,-1.944603,32.564285,-23.042933,-35.064796,-21.145384
3.600000,71.964813,-1.944697,30.771139,-23.079861,-32.877144,-21.329170
3.606250,58.326336,-1.943382,30.113655,-23.217878,-29.537012,-21.589415
3.612500,42.960663,-1.941174,29.133461,-23.442562,-25.320549,-21.899994
3.618750,26.292143,-1.938538,28.244287,-23.771254,-20.624983,-22.235884
3.625000,8.814165,-1.935270,27.553690,-24.214899,-16.230618,-22.638535
3.631250,-8.938842,-1.931109,27.676550,-24.736427,-10.341219,-23.070969
3.637500,-26.423622,-1.926569,28.908480,-25.299854,-4.677146,-23.505228
3.643750,-43.111774,-1.922373,31.389988,-25.867842,0.738001,-23.920841
3.650000,-58.510464,-1.918844,33.259521,-26.394920,5.818207,-24.300755
3.656250,-72.189079,-1.915885,36.077057,-26.805855,10.471555,-24.628809
3.662500,-83.806152,-1.913628,39.021992,-27.146858,14.602651,-24.900011
3.668750,-93.124077,-1.912265,43.009979,-27.395645,18.072201,-25.120720
3.675000,-100.018967,-1.911506,46.365330,-27.523651,20.797344,-25.289848
3.681250,-104.488884,-1.910842,48.816856,-27.528305,22.721142,-25.405663
3.687500,-106.656761,-1.910665,50.121777,-27.422564,23.765957,-25.471626
3.693750,-106.763412,-1.911717,50.133228,-27.232327,23.879183,-25.496786
3.700000,-105.147469,-1.913918,48.853413,-26.963087,23.068298,-25.492178
3.706250,-102.229546,-1.916275,46.437061,-26.633137,21.463615,-25.450233
3.712500,-98.500145,-1.918401,42.866600,-26.281059,19.284920,-25.364613
3.718750,-94.497139,-1.920825,36.443230,-25.934563,16.682459,-25.240488
3.725000,-88.601120,-1.923957,29.084499,-25.610146,13.984816,-25.093468
3.731250,-82.703300,-1.927109,20.523691,-25.351749,11.798086,-24.962008
3.737500,-76.800621,-1.929837,12.694832,-25.183464,10.537608,-24.858288
3.743750,-70.895561,-1.932297,4.349808,-25.090969,10.613529,-24.805706
3.750000,-64.991928,-1.934862,-3.958015,-25.062056,10.624236,-24.717686
3.756250,-59.089355,-1.937414,-11.831748,-25.093203,10.547621,-24.615042
3.762500,-53.185863,-1.939775,-18.850702,-25.162828,11.709957,-24.497631
3.768750,-47.282356,-1.942186,-24.572308,-25.234083,13.853121,-24.415279
3.775000,-41.380402,-1.944887,-28.765179,-25.319040,16.522366,-24.356277
3.781250,-35.478493,-1.947664,-31.327145,-25.405544,19.113983,-24.305145
3.787500,-29.575294,-1.950213,-31.899220,-25.472225,21.265095,-24.254534
3.793750,-23.671843,-1.952837,-30.389658,-25.535358,22.667740,-24.207827
3.800000,-17.770370,-1.955897,-28.736118,-25.535917,23.125326,-24.157492
3.806250,-11.869317,-1.959266,-24.568575,-25.450342,22.653864,-24.067579
3.812500,-5.966705,-1.962823,-19.419886,-25.318014,21.117445,-23.946079
3.818750,-0.063552,-1.966776,-13.825491,-25.155869,18.404160,-23.803007
3.825000,5.840126,-1.971044,-8.324204,-24.978178,14.643380,-23.645666
3.831250,11.748077,-1.975017,-1.263431,-24.799391,10.098398,-23.485052
3.837500,17.659647,-1.978428,5.540321,-24.633583,5.097517,-23.357719
3.843750,23.570894,-1.981909,12.241877,-24.476067,-0.021089,-23.219246
3.850000,29.479109,-1.985936,17.152767,-24.320856,-5.945208,-23.050564
3.856250,35.388187,-1.989788,21.951946,-24.177540,-11.482631,-22.891821
3.862500,41.301380,-1.992897,26.215919,-24.044220,-16.615261,-22.752052
3.868750,47.213703,-1.995857,29.615126,-23.907707,-21.320837,-22.628080
3.875000,53.119469,-1.999846,31.829271,-23.746258,-25.622515,-22.509151
3.881250,59.020741,-2.005065,32.504780,-23.565367,-29.591705,-22.379475
3.887500,64.925529,-2.010389,31.246647,-23.367092,-33.410770,-22.243814
3.893750,70.836639,-2.015257,27.985437,-23.133999,-37.336472,-22.107281
3.900000,76.749397,-2.020331,24.792490,-22.855795,-41.500462,-21.962128
3.906250,82.658798,-2.026416,20.221113,-22.531961,-44.203239,-21.806654
3.912500,88.568512,-2.033531,14.739704,-22.164507,-47.315090,-21.636122
3.918750,94.484657,-2.040998,8.816258,-21.759928,-50.546032,-21.438236
3.925000,98.514877,-2.048273,2.815896,-21.346651,-53.650673,-21.183878
3.931250,102.280128,-2.055145,-2.916574,-20.950451,-56.700504,-20.964531
3.937500,105.246613,-2.061571,-7.952562,-20.590467,-57.490402,-20.775427
3.943750,106.921440,-2.067337,-11.965817,-20.290483,-57.098568,-20.625002
3.950000,106.879013,-2.071994,-14.736836,-20.072123,-55.060429,-20.527147
3.956250,104.778038,-2.074993,-16.140955,-19.953564,-51.022816,-20.496937
3.962500,100.378723,-2.076285,-16.119610,-19.944700,-44.733860,-20.546537
3.968750,93.555367,-2.076171,-14.669121,-20.043121,-36.056240,-20.684441
3.975000,84.305710,-2.074749,-13.740527,-20.213284,-24.998058,-20.921608
3.981250,72.750061,-2.072080,-9.635004,-20.508364,-11.720521,-21.285744
3.987500,59.124207,-2.068287,-5.283174,-20.908970,2.160102,-21.692005
3.993750,43.766415,-2.063726,0.006729,-21.372913,17.317560,-22.200689
4.000000,27.102913,-2.058497,5.589540,-21.895374,32.931904,-22.819614
4.006250,9.626326,-2.052629,11.114790,-22.459963,48.144375,-23.580791
4.012500,-8.133254,-2.046541,16.312977,-23.038849,61.876064,-24.339413
4.018750,-25.631638,-2.041196,20.932068,-23.599430,74.820877,-25.073307
4.025000,-42.335232,-2.036744,24.686668,-24.126303,85.023193,-25.817614
4.031250,-57.746723,-2.032703,29.442003,-24.609859,93.392372,-26.577139
4.037500,-71.437363,-2.029228,31.827305,-25.029364,99.052353,-27.297554
4.043750,-83.069626,-2.026965,33.885662,-25.372478,102.291420,-27.949015
4.050000,-92.404800,-2.026046,35.471485,-25.639198,103.507141,-28.514557
4.056250,-99.314911,-2.025516,36.514141,-25.820074,103.229584,-28.984173
4.062500,-103.797371,-2.024697,37.091782,-25.897566,100.255165,-29.325319
4.068750,-105.980019,-2.024655,37.147694,-25.888763,96.989426,-29.523661
4.075000,-106.104897,-2.026561,36.700764,-25.810680,93.489365,-29.586691
4.081250,-104.506165,-2.029769,35.930748,-25.676901,89.983368,-29.518698
4.087500,-101.600945,-2.032856,35.093636,-25.496199,84.629089,-29.320574
4.093750,-97.881195,-2.035302,34.493103,-25.277212,79.157272,-28.998526
4.100000,-93.888634,-2.038013,32.547192,-25.035109,73.422729,-28.572756
4.106250,-88.005463,-2.041683,31.254906,-24.774193,67.324104,-28.083553
4.112500,-82.122513,-2.045902,30.515951,-24.485514,60.946850,-27.487299
4.118750,-76.236458,-2.050436,30.072769,-24.186071,54.461975,-26.820715
4.125000,-70.348526,-2.055615,29.633265,-23.890528,47.600452,-26.124128
4.131250,-64.459587,-2.061431,29.030685,-23.608028,40.512127,-25.427746
4.137500,-58.565762,-2.067343,28.151300,-23.341959,33.396973,-24.755247
4.143750,-52.665665,-2.072946,26.908476,-23.091255,26.464697,-24.124052
4.150000,-46.762497,-2.078507,25.217411,-22.854658,19.906378,-23.547390
4.156250,-40.859352,-2.084480,25.173334,-22.629042,13.897509,-23.025566
4.162500,-34.954445,-2.090732,25.368120,-22.402895,8.582600,-22.572079
4.168750,-29.046154,-2.097090,24.383051,-22.166819,5.672192,-22.189028
4.175000,-23.133833,-2.103503,24.081097,-21.938217,2.589185,-21.874876
4.181250,-17.217834,-2.109796,24.267416,-21.722351,1.059168,-21.622282
4.187500,-11.297274,-2.115764,24.741421,-21.524166,0.962166,-21.370293
4.193750,-5.371882,-2.121341,25.281616,-21.349953,2.358564,-21.230377
4.200000,0.557195,-2.126275,25.657438,-21.207022,3.324785,-21.174082
4.206250,6.489831,-2.130290,25.652613,-21.103027,4.544916,-21.179739
4.212500,12.425103,-2.133203,25.102491,-21.034964,7.045994,-21.203938
4.218750,18.359137,-2.135348,26.071079,-20.992018,8.595997,-21.251410
4.225000,24.289387,-2.137266,25.149652,-20.969879,9.193537,-21.322617
4.231250,30.215832,-2.139047,24.316658,-20.957077,8.690982,-21.403584
4.237500,36.139744,-2.140570,23.364040,-20.953506,6.916026,-21.472115
4.243750,42.061432,-2.141881,21.956266,-20.975393,5.792340,-21.536852
4.250000,47.981625,-2.142853,19.934856,-21.007710,3.695543,-21.597557
4.256250,53.899788,-2.143413,17.155617,-21.032969,1.150874,-21.637867
4.262500,59.813564,-2.144034,13.386520,-21.036461,-1.429128,-21.646708
4.268750,65.720284,-2.145461,8.429799,-21.007677,-3.686847,-21.613745
4.275000,71.620277,-2.148030,2.106232,-20.939312,-5.311446,-21.531986
4.281250,77.519508,-2.151269,-3.578509,-20.819143,-6.032782,-21.389084
4.287500,83.420700,-2.154879,-10.155672,-20.644007,-5.649787,-21.155674
4.293750,89.321465,-2.159611,-17.366217,-20.437258,-4.258272,-20.902430
4.300000,95.221451,-2.165770,-24.838964,-20.200235,-2.136866,-20.631744
4.306250,99.233475,-2.172113,-32.130825,-19.936344,0.913445,-20.340837
4.312500,102.983978,-2.177557,-38.925411,-19.656536,4.684795,-20.039375
4.318750,105.935669,-2.182533,-44.952572,-19.375347,8.912055,-19.740688
4.325000,107.588348,-2.188007,-50.009953,-19.113874,13.290107,-19.462404
4.331250,107.517250,-2.193870,-53.953171,-18.895456,17.508352,-19.219206
4.337500,105.388832,-2.199023,-56.685917,-18.765232,21.294252,-19.013990
4.343750,100.966652,-2.203015,-58.233532,-18.639345,24.426027,-18.790642
4.350000,94.124817,-2.206083,-57.584576,-18.583994,26.432028,-18.670532
4.356250,84.860886,-2.208087,-55.640800,-18.634987,28.977934,-18.635666
4.362500,73.297638,-2.208503,-52.204369,-18.792212,30.823378,-18.696095
4.368750,59.669090,-2.207694,-47.360577,-19.047613,32.321560,-18.878384
4.375000,44.309849,-2.206500,-41.313847,-19.388027,33.718868,-19.123320
4.381250,27.647125,-2.204869,-34.336159,-19.792442,35.068405,-19.412956
4.387500,10.177488,-2.202067,-26.750305,-20.234480,37.172310,-19.753561
4.393750,-7.567924,-2.198420,-18.968302,-20.697401,38.356674,-20.173651
4.400000,-25.049665,-2.195062,-11.447639,-21.168739,40.184364,-20.648945
4.406250,-41.735065,-2.192166,-2.390818,-21.630501,42.234943,-21.153044
4.412500,-57.125771,-2.188936,4.618160,-22.069597,44.217991,-21.667442
4.418750,-70.793777,-2.185442,11.426881,-22.479872,45.918633,-22.178692
4.425000,-82.403801,-2.182574,17.863686,-22.800035,47.254257,-22.639023
4.431250,-91.720039,-2.180772,23.754618,-23.029444,48.236282,-23.020456
4.437500,-98.614822,-2.179342,28.711927,-23.180252,48.632030,-23.319609
4.443750,-103.085777,-2.178078,32.687283,-23.259596,48.439083,-23.529572
4.450000,-105.258881,-2.177834,35.745972,-23.269365,47.784954,-23.642704
4.456250,-105.372047,-2.179134,38.016647,-23.214048,46.838776,-23.657566
4.462500,-103.759972,-2.181122,39.699947,-23.103712,45.782986,-23.580250
4.468750,-100.845268,-2.183406,41.083706,-22.957647,44.836613,-23.432587
4.475000,-97.123192,-2.186497,40.650047,-22.774517,44.293346,-23.200935
4.481250,-93.128082,-2.190364,40.566246,-22.547575,42.880604,-22.871206
4.487500,-87.233383,-2.194261,40.491856,-22.308559,42.127407,-22.489521
4.493750,-81.332825,-2.197844,40.236870,-22.079000,41.733429,-22.085609
4.500000,-75.433609,-2.202293,39.732952,-21.869812,41.478874,-21.681038
4.506250,-69.537292,-2.208326,38.954990,-21.681719,41.155128,-21.290520
4.512500,-63.636017,-2.214796,37.896069,-21.501999,40.544376,-20.923740
4.518750,-57.722172,-2.220230,36.557503,-21.278761,39.401215,-20.590017
4.525000,-51.799267,-2.224718,34.971352,-21.091665,37.411972,-20.324743
4.531250,-45.877445,-2.229483,34.214832,-20.952475,34.135303,-20.117956
4.537500,-39.957417,-2.234845,33.786057,-20.818474,30.921133,-19.945131
4.543750,-34.031956,-2.240037,32.278252,-20.677595,26.273041,-19.818428
4.550000,-28.097910,-2.244231,31.413805,-20.556391,20.520182,-19.714212
4.556250,-22.158495,-2.247512,30.902506,-20.477730,14.069940,-19.692007
4.562500,-16.217422,-2.250304,30.524971,-20.461042,7.629318,-19.768370
4.568750,-10.275335,-2.252578,30.058224,-20.531574,1.177107,-19.941032
4.575000,-4.330716,-2.254031,29.272068,-20.747351,-5.108106,-20.157331
4.581250,1.617140,-2.254335,27.969614,-21.028900,-10.903358,-20.428394
4.587500,7.566132,-2.253368,24.914143,-21.395805,-15.709699,-20.766863
4.593750,13.513472,-2.251454,22.959553,-21.867504,-19.343460,-21.164961
4.600000,19.456837,-2.248749,20.232292,-22.447495,-21.755163,-21.602623
4.606250,25.396255,-2.245043,16.605423,-23.204393,-23.089872,-22.090878
4.612500,31.331450,-2.240379,13.043187,-23.997360,-23.620779,-22.620842
4.618750,37.256897,-2.235723,8.847171,-24.863628,-23.415058,-23.169897
4.625000,43.170113,-2.231867,4.393692,-25.783314,-22.756035,-23.722431
4.631250,49.077297,-2.228200,-0.031297,-26.722977,-21.968119,-24.264990
4.637500,54.983124,-2.223702,-4.161868,-27.639227,-21.415956,-24.780277
4.643750,60.884449,-2.218902,-7.750648,-28.478924,-21.462061,-25.233448
4.650000,66.772339,-2.215364,-12.491306,-29.180986,-22.456913,-25.577091
4.656250,72.645752,-2.213846,-14.519714,-29.716810,-24.777498,-25.817757
4.662500,78.513397,-2.213940,-15.887075,-30.077906,-26.999958,-25.977480
4.668750,84.380096,-2.215243,-16.460945,-30.233580,-30.500719,-26.029699
4.675000,90.246376,-2.218091,-16.268030,-30.171059,-35.042152,-25.966236
4.681250,94.218765,-2.222215,-15.440810,-29.892700,-40.414906,-25.787718
4.687500,97.922218,-2.227026,-14.185130,-29.422073,-46.393650,-25.505529
4.693750,100.823517,-2.232783,-12.747183,-28.796724,-52.709385,-25.131369
4.700000,102.427254,-2.240454,-11.426664,-28.044823,-59.016632,-24.667772
4.706250,102.308670,-2.249847,-10.702808,-27.171810,-64.948257,-24.107231
4.712500,100.138596,-2.259135,-10.827986,-26.219378,-70.072395,-23.501118
4.718750,95.683441,-2.267119,-12.145593,-25.262331,-75.790199,-22.907629
4.725000,88.812408,-2.274455,-13.082659,-24.363165,-80.626991,-22.346474
4.731250,79.518326,-2.282100,-15.192642,-23.545330,-84.739441,-21.852888
4.737500,67.926453,-2.289287,-18.219227,-22.828060,-88.343651,-21.392771
4.743750,54.279018,-2.294854,-21.942831,-22.224705,-91.729645,-20.971558
4.750000,38.912643,-2.299198,-26.110693,-21.732887,-92.832436,-20.596849
4.756250,22.246304,-2.303152,-30.421202,-21.296610,-93.198296,-20.326405
4.762500,4.772686,-2.306575,-34.574135,-20.994869,-92.376801,-20.153952
4.768750,-12.971029,-2.308813,-37.066586,-20.808926,-90.218445,-20.059628
4.775000,-30.441050,-2.309937,-38.305080,-20.701023,-86.425514,-20.030817
4.781250,-47.110168,-2.310662,-37.689602,-20.634710,-80.750710,-20.066015
4.787500,-62.487553,-2.311451,-36.549088,-20.538916,-72.993706,-20.140896
4.793750,-76.145042,-2.312316,-33.780136,-20.487169,-64.655029,-20.205027
4.800000,-87.740387,-2.313408,-28.980650,-20.433523,-54.432583,-20.275225
4.806250,-97.035225,-2.314671,-22.825626,-20.371008,-42.965260,-20.344509
4.812500,-103.907501,-2.315942,-15.868115,-20.297260,-30.854548,-20.399893
4.818750,-108.357018,-2.317533,-8.666108,-20.212259,-18.686281,-20.428148
4.825000,-110.507828,-2.320112,-1.782717,-20.122673,-7.012537,-20.434267
4.831250,-110.594254,-2.323402,6.395054,-20.044756,3.643883,-20.441223
4.837500,-108.949188,-2.326006,14.044238,-19.990948,12.871667,-20.427046
4.843750,-106.000175,-2.327471,19.536465,-19.928492,20.757536,-20.356081
4.850000,-102.248009,-2.329236,24.623987,-19.875505,26.704889,-20.265947
4.856250,-98.231216,-2.332540,28.800673,-19.846895,30.674253,-20.171791
4.862500,-92.320404,-2.336478,31.803822,-19.846563,32.823559,-20.081358
4.868750,-86.400391,-2.339548,33.501812,-19.861349,33.424011,-19.992374
4.875000,-80.473610,-2.341653,33.849979,-19.869473,32.797199,-19.903830
4.881250,-74.549263,-2.343913,32.920021,-19.862858,31.251785,-19.821642
4.887500,-68.628967,-2.346635,31.070326,-19.862450,29.128441,-19.750227
4.893750,-62.708641,-2.349529,28.477444,-19.859613,26.793209,-19.691961
4.900000,-56.786438,-2.352456,25.309317,-19.854332,24.591087,-19.644663
4.906250,-50.862366,-2.355471,21.861761,-19.845932,22.839291,-19.596184
4.912500,-44.936176,-2.358244,18.332409,-19.819841,21.821253,-19.523483
4.918750,-39.007507,-2.360734,15.042113,-19.792961,21.978434,-19.471508
4.925000,-33.078320,-2.363428,12.352821,-19.787897,23.813639,-19.449911
4.931250,-27.148609,-2.366266,10.442007,-19.820871,25.092180,-19.456308
4.937500,-21.213594,-2.368253,9.423397,-19.901516,27.321663,-19.494616
4.943750,-15.270962,-2.368627,9.335540,-20.036852,30.142450,-19.572712
4.950000,-9.328722,-2.368239,10.181460,-20.224768,33.200260,-19.696140
4.956250,-3.392876,-2.368114,11.922109,-20.457609,36.149242,-19.874866
4.962500,2.540476,-2.367620,12.561840,-20.714729,38.628216,-20.180586
4.968750,8.476007,-2.366038,15.737532,-20.988197,39.494476,-20.396738
4.975000,14.409818,-2.364032,19.125729,-21.297453,40.633759,-20.690241
4.981250,20.337517,-2.362168,22.644299,-21.618563,40.492252,-21.050547
4.987500,26.262335,-2.359791,26.096361,-21.940487,39.100071,-21.465374
4.993750,32.188133,-2.356174,29.218815,-22.256100,36.399948,-21.925274
5.000000,38.108631,-2.352249,31.803028,-22.553797,32.360214,-22.417927
5.006250,44.015862,-2.349530,33.695473,-22.816954,28.865875,-22.920700
5.012500,49.914043,-2.347855,34.774227,-23.021078,24.216427,-23.366951
5.018750,55.812092,-2.346120,34.939854,-23.141693,18.883585,-23.747498
5.025000,61.711758,-2.344247,34.197994,-23.217615,13.012252,-24.100780
5.031250,67.606850,-2.342950,32.718563,-23.245815,7.387581,-24.395306
5.037500,73.496109,-2.342245,30.642103,-23.229841,2.394966,-24.615580
5.043750,79.383232,-2.341964,27.946970,-23.213520,-1.716682,-24.756927
5.050000,85.267937,-2.342598,24.583961,-23.156607,-4.724323,-24.813745
5.056250,91.149055,-2.344651,21.707130,-23.061701,-6.380713,-24.773239
5.062500,97.032486,-2.346988,18.413404,-22.976856,-6.547575,-24.639574
5.068750,101.029259,-2.348451,15.111155,-22.919458,-5.178181,-24.423992
5.075000,104.754501,-2.349758,12.193738,-22.889879,-2.206978,-24.136883
5.081250,107.665756,-2.352713,8.156077,-22.874512,2.413507,-23.787748
5.087500,109.273285,-2.357294,5.019464,-22.862070,8.677187,-23.393147
5.093750,109.162964,-2.361876,2.743309,-22.864389,16.477381,-22.979191
5.100000,106.996994,-2.365753,1.150121,-22.865898,25.528496,-22.554066
5.106250,102.528625,-2.370208,-0.044869,-22.847599,35.264641,-22.109516
5.112500,95.632271,-2.375909,-1.024667,-22.793564,45.459888,-21.680122
5.118750,86.316429,-2.381760,-1.957429,-22.695723,55.738628,-21.288849
5.125000,74.706848,-2.386929,-2.999593,-22.550449,65.542480,-20.949150
5.131250,61.035698,-2.392087,-4.275204,-22.354790,74.289726,-20.664621
5.137500,45.638126,-2.397963,-5.885745,-22.109781,81.434593,-20.424524
5.143750,28.944118,-2.404246,-5.756374,-21.822147,86.504051,-20.136406
5.150000,11.451721,-2.410207,-5.323666,-21.506067,90.020004,-20.022139
5.156250,-6.307323,-2.415687,-5.997436,-21.154537,92.086548,-19.903172
5.162500,-23.789764,-2.420926,-5.698364,-20.782537,92.166992,-19.817730
5.168750,-40.462093,-2.425691,-4.741126,-20.416069,90.655205,-19.772182
5.175000,-55.831604,-2.429549,-3.341179,-20.075426,88.130013,-19.762604
5.181250,-69.473259,-2.432467,-1.706642,-19.776232,85.253128,-19.776659
5.187500,-81.048393,-2.434561,-0.073092,-19.534323,80.580780,-19.806484
5.193750,-90.321480,-2.435860,1.308011,-19.366789,76.307396,-19.886065
5.200000,-97.172180,-2.436668,2.202112,-19.291990,72.714561,-20.049822
5.206250,-101.602348,-2.437356,4.636283,-19.300529,69.108025,-20.168476
5.212500,-103.732765,-2.437929,5.376056,-19.365181,66.245735,-20.304153
5.218750,-103.796753,-2.437906,6.277966,-19.487556,64.128761,-20.464075
5.225000,-102.133865,-2.436888,7.142319,-19.623398,62.617138,-20.642735
5.231250,-99.174675,-2.434952,7.927094,-19.814426,61.495018,-20.837328
5.237500,-95.414391,-2.432514,7.280853,-20.072184,60.423672,-21.058331
5.243750,-91.388954,-2.430260,5.953391,-20.359943,59.084541,-21.303743
5.250000,-85.478088,-2.429030,3.580182,-20.660404,57.206486,-21.565109
5.256250,-79.572212,-2.428534,-0.174424,-20.959496,54.496319,-21.836565
5.262500,-73.663666,-2.427379,-3.429185,-21.245037,50.705406,-22.107958
5.268750,-67.752357,-2.425255,-7.737045,-21.510389,45.610847,-22.364252
5.275000,-61.849106,-2.423871,-12.747773,-21.750910,39.005077,-22.587219
5.281250,-55.959835,-2.424778,-18.150612,-21.961548,30.847769,-22.778828
5.287500,-50.074043,-2.426876,-23.661692,-22.137358,21.459114,-22.962715
5.293750,-44.179234,-2.428145,-29.023012,-22.274910,10.904640,-23.117170
5.300000,-38.280346,-2.429008,-33.986736,-22.367529,-0.613802,-23.226416
5.306250,-32.389771,-2.431495,-38.320049,-22.406927,-12.715688,-23.279047
5.312500,-26.507673,-2.436103,-41.857315,-22.389914,-24.973286,-23.269327
5.318750,-20.622259,-2.441554,-44.486450,-22.313314,-36.942383,-23.191576
5.325000,-14.726927,-2.447253,-46.136078,-22.175547,-48.179222,-23.033875
5.331250,-8.826935,-2.453773,-46.838650,-21.997677,-58.310459,-22.862066
5.337500,-2.921692,-2.460963,-44.610512,-21.794033,-67.447777,-22.609245
5.343750,2.996280,-2.467330,-42.305115,-21.548895,-74.739326,-22.337397
5.350000,8.925672,-2.472497,-38.447529,-21.311485,-80.432442,-22.082827
5.356250,14.857636,-2.477674,-33.214500,-21.106194,-84.413727,-21.875540
5.362500,20.790854,-2.483018,-26.855539,-20.953135,-86.679382,-21.743334
5.368750,26.733412,-2.486959,-19.680174,-20.863661,-87.425476,-21.670876
5.375000,32.687332,-2.488769,-12.016928,-20.837021,-86.928802,-21.638590
5.381250,38.642555,-2.489409,-4.237320,-20.862385,-85.347107,-21.620752
5.387500,44.593117,-2.489429,3.208241,-20.944412,-82.151573,-21.745497
5.393750,50.543365,-2.487948,10.001248,-21.104429,-78.289261,-21.956963
5.400000,56.494263,-2.484610,16.145800,-21.325668,-74.136932,-22.248016
5.406250,62.436943,-2.480724,21.411837,-21.585760,-69.981606,-22.628038
5.412500,68.366226,-2.477334,25.587643,-21.856617,-65.848923,-22.992689
5.418750,74.287544,-2.473712,28.499445,-22.117620,-61.884388,-23.348108
5.425000,80.205917,-2.469394,30.054771,-22.349182,-58.508835,-23.681965
5.431250,86.115623,-2.465356,30.313780,-22.533352,-55.725910,-23.972559
5.437500,92.010857,-2.462802,29.500418,-22.653715,-53.484192,-24.192202
5.443750,97.896164,-2.461876,27.956343,-22.699085,-51.733528,-24.320393
5.450000,101.883705,-2.462254,26.036749,-22.659986,-50.405247,-24.346531
5.456250,105.597565,-2.463808,24.144686,-22.533375,-49.339912,-24.265697
5.462500,108.506866,-2.466301,22.722040,-22.330969,-48.373131,-24.107334
5.468750,110.122650,-2.468959,20.349016,-22.065186,-47.318233,-23.845346
5.475000,110.016174,-2.472162,19.208559,-21.728899,-45.287312,-23.467642
5.481250,107.842331,-2.476969,19.158613,-21.347939,-42.787701,-23.038939
5.487500,103.366051,-2.483482,19.924210,-20.954929,-39.517166,-22.596830
5.493750,96.476974,-2.489851,21.330746,-20.576452,-35.178566,-22.172331
5.500000,87.181137,-2.494587,23.226025,-20.229103,-29.542007,-21.788305
5.506250,75.590401,-2.498592,25.462009,-19.919376,-22.456556,-21.452282
5.512500,61.932610,-2.503108,27.867161,-19.629366,-13.949892,-21.080383
5.518750,46.552608,-2.507422,30.265686,-19.382515,-4.588329,-20.831408
5.525000,29.884586,-2.510293,32.053524,-19.221220,5.319894,-20.655153
5.531250,12.417772,-2.511863,33.803066,-19.121386,15.800898,-20.546007
5.537500,-5.322642,-2.512953,35.202858,-19.082233,26.327663,-20.495304
5.543750,-22.791401,-2.513547,35.930714,-19.110733,36.364643,-20.496374
5.550000,-39.452534,-2.513148,35.731503,-19.212910,45.511993,-20.594486
5.556250,-54.815125,-2.511866,34.420826,-19.395506,53.495281,-20.775906
5.562500,-68.455208,-2.509946,31.874775,-19.666458,60.692482,-20.977819
5.568750,-80.032158,-2.507347,28.139097,-19.993296,66.195229,-21.233995
5.575000,-89.309868,-2.504046,25.447948,-20.372913,70.134308,-21.543848
5.581250,-96.168976,-2.500540,20.470440,-20.805651,72.780411,-21.889795
5.587500,-100.610321,-2.497033,15.458266,-21.290649,74.473465,-22.233246
5.593750,-102.754028,-2.493217,10.491547,-21.828201,75.356773,-22.636454
5.600000,-102.837677,-2.489508,5.772716,-22.385622,73.967628,-23.037680
5.606250,-101.205482,-2.486907,1.499825,-22.942896,72.458626,-23.430946
5.612500,-98.282585,-2.485228,-2.293576,-23.487774,70.560257,-23.813726
5.618750,-94.551689,-2.483082,-5.495094,-24.004927,68.144936,-24.181082
5.625000,-90.545753,-2.480157,-7.988712,-24.477058,65.109863,-24.530014
5.631250,-84.655029,-2.478482,-9.663536,-24.883007,61.347664,-24.842133
5.637500,-78.778519,-2.479368,-10.439116,-25.199545,56.711048,-25.080193
5.643750,-72.903687,-2.481334,-12.183611,-25.399126,53.076595,-25.201483
5.650000,-67.019760,-2.482777,-11.145186,-25.460060,48.832241,-25.231459
5.656250,-61.132408,-2.484365,-9.460970,-25.403391,43.612144,-25.207047
5.662500,-55.253418,-2.487784,-7.337388,-25.230469,38.375900,-25.096647
5.668750,-49.379417,-2.493117,-4.852084,-24.940109,33.385204,-24.891403
5.675000,-43.500210,-2.499210,-2.247945,-24.548309,28.823481,-24.595900
5.681250,-37.611504,-2.505581,0.193013,-24.078386,24.865797,-24.217607
5.687500,-31.716867,-2.512265,2.193401,-23.566153,21.717817,-23.767803
5.693750,-25.816111,-2.518971,3.383550,-23.021557,19.670134,-23.275408
5.700000,-19.908751,-2.525283,3.129447,-22.439980,19.164570,-22.761745
5.706250,-13.998391,-2.532006,3.475408,-21.883282,18.363907,-22.258984
5.712500,-8.087230,-2.539722,2.799166,-21.390480,18.914984,-21.802883
5.718750,-2.168580,-2.547160,1.306295,-20.982359,20.421553,-21.420996
5.725000,3.765320,-2.552777,-0.799675,-20.668646,24.294212,-21.103937
5.731250,9.709219,-2.556672,-3.328257,-20.448889,28.395279,-20.823734
5.737500,15.652256,-2.560066,-6.088017,-20.310484,32.923576,-20.609562
5.743750,21.593328,-2.563059,-8.925920,-20.233448,36.984051,-20.525131
5.750000,27.538271,-2.564432,-11.829148,-20.235611,41.087639,-20.532448
5.756250,33.486317,-2.564157,-14.779592,-20.305048,44.940052,-20.615229
5.762500,39.429813,-2.563272,-15.378935,-20.416412,48.190811,-20.759935
5.768750,45.364635,-2.562193,-16.794872,-20.541071,50.492817,-20.967445
5.775000,51.295044,-2.560503,-16.891546,-20.652744,51.394379,-21.172592
5.781250,57.221497,-2.558238,-15.864848,-20.748367,51.849632,-21.377813
5.787500,63.138866,-2.556372,-13.973588,-20.819172,50.885509,-21.588121
5.793750,69.046379,-2.555583,-11.420475,-20.853624,48.673664,-21.788126
5.800000,74.948204,-2.555598,-8.487642,-20.843071,45.297119,-21.956701
5.806250,80.848785,-2.556049,-5.496141,-20.785378,40.881874,-22.071667
5.812500,86.749466,-2.556670,-2.784823,-20.683424,35.652584,-22.126442
5.818750,92.648293,-2.557672,-0.675040,-20.547255,29.997444,-22.141928
5.825000,96.648148,-2.559790,2.690511,-20.402237,22.096113,-22.140820
5.831250,100.369598,-2.564006,5.677978,-20.308342,13.816341,-22.062832
5.837500,103.284340,-2.570161,6.988793,-20.168568,5.254208,-21.932156
5.843750,104.912346,-2.576607,8.661530,-20.049770,-3.844378,-21.782364
5.850000,104.832741,-2.581597,10.139952,-19.984674,-13.337253,-21.636309
5.856250,102.698898,-2.585192,11.358555,-19.981726,-22.991030,-21.507847
5.862500,98.262016,-2.588552,12.268519,-20.038919,-32.587780,-21.408895
5.868750,91.398575,-2.592179,12.839397,-20.134724,-41.978298,-21.339569
5.875000,82.113304,-2.595239,13.196334,-20.268463,-51.122494,-21.289795
5.881250,70.529793,-2.597610,13.806213,-20.469585,-60.134884,-21.278570
5.887500,56.882683,-2.599276,14.643278,-20.710361,-66.778976,-21.304060
5.893750,41.511818,-2.599844,15.881137,-20.976471,-72.371101,-21.352898
5.900000,24.844040,-2.599305,15.873700,-21.273100,-76.521111,-21.415051
5.906250,7.365762,-2.598556,16.503904,-21.632711,-80.978485,-21.502787
5.912500,-10.393422,-2.598366,17.604755,-21.984503,-83.925880,-21.607693
5.918750,-27.880716,-2.597662,19.357328,-22.338835,-85.742554,-21.716736
5.925000,-44.558632,-2.595484,21.027315,-22.716105,-86.813019,-21.827837
5.931250,-59.942429,-2.593107,22.493168,-23.120237,-87.419640,-21.944799
5.937500,-73.612129,-2.591915,23.674738,-23.541164,-87.799500,-22.069069
5.943750,-85.223213,-2.591330,24.531092,-23.960302,-88.138855,-22.200254
5.950000,-94.528412,-2.590160,25.256092,-24.360209,-88.679359,-22.297159
5.956250,-101.408989,-2.588938,26.030783,-24.722363,-89.898766,-22.354239
5.962500,-105.873169,-2.589102,26.752275,-25.031374,-89.107185,-22.420355
5.968750,-108.038345,-2.590074,27.291098,-25.277023,-88.523659,-22.484747
5.975000,-108.130989,-2.589936,27.556053,-25.448044,-87.700783,-22.543314
5.981250,-106.494682,-2.588820,27.468185,-25.538046,-86.205101,-22.595442
5.987500,-103.569550,-2.588869,26.964499,-25.541330,-83.654251,-22.639418
5.993750,-99.850876,-2.590926,26.023634,-25.454521,-79.716309,-22.671490
6.000000,-95.858315,-2.593616,24.636648,-25.275713,-74.170990,-22.683754
6.006250,-89.963814,-2.596187,22.839455,-24.995884,-66.960342,-22.633429
6.012500,-84.068459,-2.599404,20.687553,-24.575912,-58.462101,-22.562370
6.018750,-78.173950,-2.603576,20.105581,-24.141975,-48.982929,-22.476820
6.025000,-72.274223,-2.607652,17.775517,-23.672096,-38.471603,-22.378220
6.031250,-66.367325,-2.611240,16.135279,-23.191566,-27.384897,-22.280563
6.037500,-60.458332,-2.615155,15.040972,-22.743229,-16.264139,-22.201267
6.043750,-54.549126,-2.619569,14.420863,-22.371256,-5.562915,-22.126854
6.050000,-48.633537,-2.623258,14.342360,-22.068081,4.467246,-22.039803
6.056250,-42.710152,-2.625896,14.802479,-21.860397,13.359610,-21.977112
6.062500,-36.786331,-2.628476,15.527780,-21.776655,20.867245,-21.960722
6.068750,-30.864843,-2.631192,14.559359,-21.824772,26.847113,-21.992098
6.075000,-24.938499,-2.632756,13.497858,-21.992886,31.300158,-22.068134
6.081250,-19.005501,-2.632455,13.962023,-22.248388,34.301094,-22.183727
6.087500,-13.076487,-2.631642,14.073729,-22.515297,35.926693,-22.317047
6.093750,-7.159515,-2.631699,13.728749,-22.826067,36.161808,-22.455154
6.100000,-1.249587,-2.632401,12.358914,-23.147621,35.175659,-22.601278
6.106250,4.661584,-2.632901,10.374982,-23.430811,33.266281,-22.746471
6.112500,10.573425,-2.633154,7.694445,-23.644396,30.608406,-22.876055
6.118750,16.480194,-2.633856,4.234147,-23.770464,27.338844,-22.972874
6.125000,22.382383,-2.635423,-0.053281,-23.803614,23.607475,-23.014896
6.131250,28.281435,-2.637961,-2.993132,-23.749399,19.671001,-23.000437
6.137500,34.180134,-2.641554,-5.849476,-23.606304,16.332367,-22.941355
6.143750,40.082397,-2.645512,-9.816502,-23.373625,11.739312,-22.822460
6.150000,45.993530,-2.648778,-12.774653,-23.078781,7.312488,-22.657303
6.156250,51.910362,-2.651292,-14.766750,-22.749256,3.013534,-22.459671
6.162500,57.825924,-2.654114,-15.809505,-22.408552,-1.124157,-22.243605
6.168750,63.738079,-2.657626,-15.929358,-22.075647,-5.029901,-22.019125
6.175000,69.654144,-2.660849,-15.210535,-21.769226,-8.637246,-21.798353
6.181250,75.577736,-2.662892,-13.791245,-21.505419,-11.876859,-21.596523
6.187500,81.503067,-2.664272,-11.833619,-21.297848,-14.614545,-21.492292
6.193750,87.425873,-2.665598,-9.552037,-21.170300,-17.107887,-21.362379
6.200000,93.347702,-2.666543,-7.138923,-21.104807,-19.188581,-21.294590
6.206250,97.375916,-2.666742,-4.304562,-21.092436,-20.725521,-21.307699
6.212500,101.129173,-2.666685,-1.309024,-21.153162,-21.885485,-21.411570
6.218750,104.071716,-2.666860,1.659191,-21.273949,-22.840487,-21.642746
6.225000,105.713173,-2.667253,4.423402,-21.431934,-22.167589,-21.878761
6.231250,105.628967,-2.667538,6.616695,-21.652813,-22.399714,-22.193396
6.237500,103.479057,-2.667775,7.940053,-21.922047,-22.656481,-22.583380
6.243750,99.026566,-2.667651,8.369020,-22.221411,-22.851271,-23.034180
6.250000,92.150536,-2.666935,9.903774,-22.538179,-23.014580,-23.526783
6.256250,82.847359,-2.666228,11.069004,-22.865168,-23.170450,-24.042032
6.262500,71.234787,-2.666413,10.406455,-23.198017,-23.303371,-24.561398
6.268750,57.554367,-2.666911,10.030292,-23.519962,-23.167820,-25.025780
6.275000,42.154972,-2.666206,9.921301,-23.811760,-22.441360,-25.439941
6.281250,25.461279,-2.664353,9.948066,-24.068594,-21.234344,-25.796038
6.287500,7.952850,-2.663225,9.997588,-24.285984,-19.406507,-26.077480
6.293750,-9.841079,-2.663965,10.017940,-24.454571,-16.707926,-26.267597
6.300000,-27.362627,-2.665367,9.993095,-24.559490,-12.880168,-26.348576
6.306250,-44.070908,-2.666278,9.892175,-24.584166,-7.726363,-26.303745
6.312500,-59.478447,-2.667395,9.659405,-24.510931,-1.154876,-26.117102
6.318750,-73.164734,-2.669739,9.170104,-24.347925,6.670723,-25.844812
6.325000,-84.785736,-2.672957,10.349811,-24.129723,15.365563,-25.492157
6.331250,-94.099297,-2.676342,9.966372,-23.847315,24.700790,-25.049746
6.337500,-100.983833,-2.680291,10.259476,-23.496342,34.438675,-24.557129
6.343750,-105.442886,-2.685248,10.940289,-23.108835,44.153740,-24.054131
6.350000,-107.594063,-2.690518,11.776767,-22.715067,53.274204,-23.574490
6.356250,-107.669533,-2.694994,12.610750,-22.341667,61.205223,-23.146139
6.362500,-106.011810,-2.698685,13.314875,-22.010208,67.373878,-22.779793
6.368750,-103.054131,-2.702041,13.772424,-21.736200,71.267601,-22.416002
6.375000,-99.290237,-2.704877,13.859625,-21.529446,73.005844,-22.219755
6.381250,-95.251663,-2.706940,13.316676,-21.407328,72.288696,-22.140310
6.387500,-89.318680,-2.708620,13.287513,-21.353739,68.959717,-22.180559
6.393750,-83.388832,-2.710092,12.878871,-21.386360,63.338314,-22.293543
6.400000,-77.459404,-2.710786,12.372439,-21.506145,55.826168,-22.400681
6.406250,-71.530159,-2.710424,11.828981,-21.704481,44.759048,-22.629751
6.412500,-65.606842,-2.710133,11.280587,-21.967052,32.592621,-22.924997
6.418750,-59.693134,-2.710701,10.714927,-22.279470,19.125507,-23.250681
6.425000,-53.782509,-2.711391,10.130398,-22.616005,4.837533,-23.574703
6.431250,-47.870098,-2.711502,9.522009,-22.950151,-9.726177,-23.867571
6.437500,-41.959301,-2.711573,8.829075,-23.255016,-24.037609,-24.099066
6.443750,-36.055962,-2.712605,10.158957,-23.500320,-37.600796,-24.236483
6.450000,-30.156849,-2.714548,12.032225,-23.674383,-50.159122,-24.326351
6.456250,-24.255411,-2.716651,12.851500,-23.780937,-61.615948,-24.359301
6.462500,-18.350824,-2.718844,14.612306,-23.815527,-70.006012,-24.291416
6.468750,-12.446052,-2.721418,17.118784,-23.776747,-76.687836,-24.158268
6.475000,-6.538933,-2.723838,20.101635,-23.672707,-81.189857,-23.989529
6.481250,-0.627023,-2.725744,23.231989,-23.527794,-83.291672,-23.812817
6.487500,5.284680,-2.727781,26.210968,-23.370512,-82.888374,-23.644905
6.493750,11.194319,-2.730448,28.882168,-23.203623,-79.859436,-23.464891
6.500000,17.106073,-2.732809,29.237038,-23.034672,-76.183350,-23.273796
6.506250,23.024576,-2.734137,28.649656,-22.877207,-70.431992,-23.098610
6.512500,28.943710,-2.735132,28.594309,-22.757408,-63.105804,-22.970636
6.518750,34.856518,-2.736990,27.021584,-22.702684,-54.974937,-22.882961
6.525000,40.767376,-2.739310,24.099815,-22.707287,-46.758522,-22.827215
6.531250,46.684135,-2.740823,20.010380,-22.763483,-39.059128,-22.798931
6.537500,52.605637,-2.741484,14.916616,-22.862749,-32.421650,-22.795103
6.543750,58.523403,-2.742366,9.015518,-22.994165,-27.312723,-22.816353
6.550000,64.435997,-2.743775,2.542616,-23.143370,-22.278265,-22.837282
6.556250,70.349304,-2.745077,-4.196689,-23.277037,-19.318134,-22.848215
6.562500,76.265274,-2.746035,-10.757692,-23.389700,-17.877941,-22.860973
6.568750,82.180031,-2.746947,-16.090305,-23.514488,-17.590271,-22.871616
6.575000,88.093330,-2.747717,-21.963800,-23.617277,-18.156694,-22.903799
6.581250,94.006226,-2.748192,-26.316591,-23.691984,-19.124332,-22.935797
6.587500,98.021416,-2.749056,-29.176226,-23.742102,-19.961617,-22.967522
6.593750,101.759102,-2.750860,-30.560673,-23.772526,-22.192816,-23.005018
6.600000,104.692078,-2.752698,-30.515205,-23.787926,-23.764963,-23.050520
6.606250,106.332695,-2.753525,-29.115807,-23.788912,-24.785654,-23.102415
6.612500,106.249344,-2.753941,-26.502415,-23.776939,-25.382692,-23.158499
6.618750,104.092850,-2.755243,-22.876587,-23.751617,-25.696960,-23.214720
6.625000,99.628090,-2.757695,-18.483307,-23.712765,-23.975952,-23.267691
6.631250,92.741470,-2.760217,-13.626897,-23.663168,-21.997334,-23.328638
6.637500,83.435135,-2.762453,-8.341183,-23.599466,-19.441952,-23.316305
6.643750,71.824783,-2.765401,-2.638296,-23.502184,-18.147919,-23.286480
6.650000,58.146618,-2.769248,3.114950,-23.366327,-16.139700,-23.239590
6.656250,42.747662,-2.773001,8.427477,-23.196274,-13.814641,-23.166037
6.662500,26.057886,-2.775965,12.916271,-22.987183,-11.538568,-23.054018
6.668750,8.565122,-2.778606,16.250530,-22.728502,-9.723620,-22.898296
6.675000,-9.203681,-2.781469,18.046579,-22.437002,-8.912061,-22.730690
6.681250,-26.700493,-2.784634,20.103003,-22.130451,-7.378265,-22.563734
6.687500,-43.390621,-2.787945,20.921232,-21.818888,-6.774367,-22.405544
6.693750,-58.780907,-2.791432,20.838699,-21.535704,-6.964412,-22.273806
6.700000,-72.441154,-2.794418,20.056995,-21.263704,-7.813903,-22.211048
6.706250,-84.029564,-2.796210,18.573320,-21.010319,-8.989422,-22.181183
6.712500,-93.314133,-2.797169,16.941936,-20.821239,-9.926837,-22.205482
6.718750,-100.178429,-2.798210,15.357152,-20.719357,-10.818529,-22.308807
6.725000,-104.622681,-2.799608,13.926965,-20.712957,-11.334999,-22.481718
6.731250,-106.762306,-2.800418,12.692971,-20.801847,-13.191709,-22.736740
6.737500,-106.832558,-2.800181,11.653508,-20.974714,-14.431129,-23.076460
6.743750,-105.179337,-2.799351,10.733584,-21.234924,-15.321474,-23.464489
6.750000,-102.233505,-2.798345,9.739657,-21.611013,-16.017864,-23.862566
6.756250,-98.486183,-2.797236,9.315595,-21.980127,-16.593052,-24.232754
6.762500,-94.469696,-2.796332,9.313817,-22.386389,-17.264381,-24.572811
6.768750,-88.562691,-2.795703,9.426283,-22.821442,-18.162991,-24.864290
6.775000,-82.656761,-2.794778,9.716657,-23.267965,-17.151230,-25.089209
6.781250,-76.750092,-2.793125,10.044812,-23.706703,-15.666562,-25.236483
6.787500,-70.846855,-2.791417,10.305410,-24.117756,-13.273422,-25.298153
6.793750,-64.952118,-2.790629,10.390086,-24.483408,-9.570650,-25.270029
6.800000,-59.063328,-2.790809,10.193675,-24.787731,-4.213827,-25.150249
6.806250,-53.173878,-2.791171,9.622189,-25.017595,0.910524,-24.937571
6.812500,-47.283195,-2.791923,8.586207,-25.165213,7.386550,-24.612446
6.818750,-41.394581,-2.793837,9.159152,-25.240095,15.096105,-24.253551
6.825000,-35.505577,-2.796387,9.855676,-25.283363,22.526888,-23.857586
6.831250,-29.609371,-2.798558,9.615070,-25.217886,30.408381,-23.461830
6.837500,-23.707546,-2.800458,10.321902,-25.106270,37.951038,-23.114292
6.843750,-17.808435,-2.803456,11.749044,-24.975403,44.473633,-22.834717
6.850000,-11.910960,-2.807581,13.863217,-24.841011,51.123543,-22.620949
6.856250,-6.004752,-2.811114,16.603243,-24.713421,55.947769,-22.503384
6.862500,-0.087091,-2.813125,19.881376,-24.596363,59.135109,-22.490227
6.868750,5.832417,-2.814664,23.620066,-24.480347,60.880779,-22.571815
6.875000,11.746605,-2.816778,27.744265,-24.340708,61.446552,-22.727512
6.881250,17.657658,-2.819164,32.295357,-24.209215,61.153065,-22.902458
6.887500,23.571423,-2.821291,35.726997,-24.107836,60.184357,-23.123436
6.893750,29.488159,-2.823123,39.392544,-24.031517,58.441437,-23.368076
6.900000,35.404861,-2.824713,42.778805,-24.026783,56.678547,-23.587555
6.906250,41.322105,-2.825656,45.424675,-23.989920,55.279869,-23.746614
6.912500,47.238091,-2.826265,48.014030,-23.950438,52.625469,-23.828966
6.918750,53.148304,-2.827507,49.336884,-23.927242,50.596790,-23.827593
6.925000,59.052975,-2.829722,49.409973,-23.902178,48.913044,-23.737854
6.931250,64.958488,-2.832263,48.297421,-23.824957,47.292198,-23.559401
6.937500,70.868370,-2.834683,47.666302,-23.800703,45.386772,-23.317148
6.943750,76.779495,-2.837295,44.565952,-23.776659,44.674366,-23.050688
6.950000,82.691673,-2.840057,41.372234,-23.734306,43.039467,-22.721790
6.956250,88.608459,-2.841971,38.100990,-23.661911,40.633274,-22.364697
6.962500,94.529213,-2.842811,34.755074,-23.555071,37.843208,-22.014469
6.968750,98.550385,-2.844112,31.319830,-23.420223,34.747616,-21.696609
6.975000,102.290207,-2.846804,27.808565,-23.263889,31.357422,-21.428196
6.981250,105.224388,-2.849976,24.295481,-23.087906,27.682764,-21.216265
6.987500,106.869675,-2.852092,20.859558,-22.893326,23.703890,-21.059805
6.993750,106.796371,-2.853030,17.574917,-22.674698,19.379309,-20.941799
7.000000,104.653549,-2.853990,14.514892,-22.413250,14.583010,-20.872417
7.006250,100.200912,-2.855796,11.688678,-22.085537,11.125266,-20.874773
7.012500,93.321716,-2.858172,10.744420,-21.813505,7.662967,-20.926672
7.018750,84.020248,-2.860872,10.441142,-21.582172,4.623095,-21.008965
7.025000,72.419640,-2.863477,9.918055,-21.319527,2.385914,-21.160364
7.031250,58.757183,-2.865733,10.715437,-21.091352,-0.618485,-21.355522
7.037500,43.372002,-2.867811,12.448649,-20.937946,-2.282163,-21.582449
7.043750,26.689068,-2.870188,14.869601,-20.892185,-3.537760,-21.871410
7.050000,9.201322,-2.872738,17.746038,-20.978336,-4.518181,-22.233013
7.056250,-8.553593,-2.874435,20.902073,-21.187143,-5.311121,-22.671717
7.062500,-26.027859,-2.874738,22.277378,-21.514259,-6.010080,-23.197304
7.068750,-42.695400,-2.874172,25.301706,-21.962915,-6.718710,-23.845766
7.075000,-58.069382,-2.873468,27.884134,-22.508078,-6.855187,-24.451929
7.081250,-71.720840,-2.872372,29.946844,-23.061817,-8.944502,-25.080978
7.087500,-83.305588,-2.870331,31.476025,-23.698635,-11.515780,-25.735737
7.093750,-92.588463,-2.867470,31.251827,-24.368656,-12.842199,-26.394648
7.100000,-99.452583,-2.864303,30.056095,-25.023647,-14.664758,-27.027756
7.106250,-103.898865,-2.860996,27.674809,-25.638590,-16.834991,-27.602427
7.112500,-106.049286,-2.857941,23.935148,-26.203142,-19.186310,-28.083096
7.118750,-106.141899,-2.855687,18.601643,-26.659824,-21.525169,-28.426924
7.125000,-104.515053,-2.854187,13.585197,-26.986629,-25.764242,-28.585306
7.131250,-101.591423,-2.852744,7.695442,-27.193850,-30.070654,-28.597609
7.137500,-97.863312,-2.851388,1.333862,-27.292524,-34.522469,-28.454029
7.143750,-93.868904,-2.851319,-5.131770,-27.287811,-39.421036,-28.148113
7.150000,-87.988045,-2.853324,-11.338809,-27.184895,-44.769535,-27.691816
7.156250,-82.106949,-2.856415,-16.967190,-26.990614,-50.477489,-27.108185
7.162500,-76.215935,-2.859123,-21.750830,-26.717360,-56.405647,-26.433260
7.168750,-70.318420,-2.861623,-25.492474,-26.384052,-62.406158,-25.720863
7.175000,-64.422035,-2.864769,-28.044138,-26.011715,-68.382652,-24.986692
7.181250,-58.525585,-2.868464,-29.306179,-25.622328,-74.467400,-24.245817
7.187500,-52.622780,-2.871764,-29.232693,-25.235262,-78.349358,-23.558590
7.193750,-46.713093,-2.874417,-27.817371,-24.851851,-81.488510,-22.968071
7.200000,-40.801849,-2.876839,-26.994635,-24.470814,-83.280945,-22.501741
7.206250,-34.889820,-2.879020,-23.583857,-24.167252,-83.120155,-22.117479
7.212500,-28.974873,-2.880492,-19.371101,-23.920294,-82.394638,-21.861559
7.218750,-23.058981,-2.881645,-14.636197,-23.736507,-79.972649,-21.761024
7.225000,-17.146967,-2.883387,-9.658867,-23.605371,-75.671410,-21.787966
7.231250,-11.236611,-2.885583,-4.727777,-23.514376,-69.929672,-21.920818
7.237500,-5.321490,-2.887171,-0.237377,-23.473839,-63.267956,-22.129923
7.243750,0.598454,-2.887910,5.599002,-23.480333,-56.224640,-22.366722
7.250000,6.516801,-2.888593,11.248483,-23.514778,-49.371418,-22.544706
7.256250,12.430188,-2.889644,16.976280,-23.566294,-44.051273,-22.792940
7.262500,18.341269,-2.890951,21.087334,-23.640991,-38.193951,-23.022778
7.268750,24.251671,-2.892539,25.417978,-23.735376,-33.472607,-23.176426
7.275000,30.159882,-2.895062,29.938288,-23.783096,-29.948450,-23.251190
7.281250,36.067425,-2.898425,34.155613,-23.806465,-27.662867,-23.252453
7.287500,41.980236,-2.901567,37.684689,-23.798693,-26.445829,-23.182159
7.293750,47.901875,-2.903433,40.431759,-23.732771,-26.055504,-23.045500
7.300000,53.827187,-2.904197,42.494816,-23.639299,-26.259224,-22.858480
7.306250,59.748547,-2.904717,44.164703,-23.525742,-26.822563,-22.642094
7.312500,65.662384,-2.905901,45.376499,-23.382832,-27.510687,-22.421293
7.318750,71.570877,-2.907975,46.333721,-23.220642,-28.169086,-22.211763
7.325000,77.479691,-2.910584,45.475372,-23.040697,-28.763252,-22.019571
7.331250,83.394005,-2.912694,44.937809,-22.827873,-29.173422,-21.871916
7.337500,89.314674,-2.913657,44.420593,-22.610481,-29.345484,-21.790501
7.343750,95.235542,-2.914003,43.677330,-22.412214,-29.387136,-21.780582
7.350000,99.255959,-2.914727,42.614815,-22.244139,-27.553127,-21.817345
7.356250,102.997795,-2.916191,41.187229,-22.109388,-25.546045,-21.911358
7.362500,105.933754,-2.917865,39.346058,-22.006245,-22.609747,-22.081551
7.368750,107.574677,-2.919272,37.040390,-21.925449,-20.746357,-22.293465
7.375000,107.491302,-2.920497,34.203766,-21.856857,-18.279984,-22.514729
7.381250,105.341446,-2.921811,32.861309,-21.799706,-15.410588,-22.712643
7.387500,100.886742,-2.923577,31.404205,-21.784645,-12.432319,-22.882160
7.393750,94.005783,-2.926169,30.012232,-21.783987,-7.570044,-23.023666
7.400000,84.701645,-2.929300,28.924316,-21.788439,-2.342849,-23.117762
7.406250,73.101067,-2.931932,28.507082,-21.817280,1.642757,-23.156355
7.412500,59.442234,-2.933463,28.805325,-21.885054,6.198566,-23.140251
7.418750,44.059860,-2.934567,29.754757,-22.002138,10.956288,-23.075947
7.425000,27.375250,-2.936081,31.213490,-22.176888,15.552742,-22.974993
7.431250,9.882654,-2.937868,33.026432,-22.412371,19.667044,-22.845497
7.437500,-7.878540,-2.939224,35.028873,-22.704214,23.051279,-22.678900
7.443750,-25.363131,-2.940249,39.220676,-23.031361,25.475735,-22.476423
7.450000,-42.041775,-2.941372,42.155529,-23.377510,26.502476,-22.289459
7.456250,-57.420685,-2.942021,45.404491,-23.803576,25.983171,-22.134544
7.462500,-71.068420,-2.941453,48.770866,-24.297564,23.995880,-22.022924
7.468750,-82.648155,-2.939932,52.087776,-24.866657,20.641273,-21.964857
7.475000,-91.930061,-2.938488,55.277786,-25.437601,16.132189,-21.954180
7.481250,-98.791878,-2.937099,58.116272,-26.022520,10.778690,-21.983753
7.487500,-103.229073,-2.934984,58.290188,-26.619940,4.877433,-22.052753
7.493750,-105.363029,-2.932060,57.343960,-27.210161,-1.144297,-22.149038
7.500000,-105.437607,-2.929577,54.765137,-27.752090,-6.675841,-22.261045
7.506250,-103.796379,-2.928051,52.220760,-28.223015,-10.990638,-22.391281
7.512500,-100.860359,-2.926737,47.753159,-28.625908,-13.503138,-22.518221
7.518750,-97.118172,-2.925262,41.661724,-28.930782,-13.672277,-22.622839
7.525000,-93.107605,-2.924461,34.286907,-29.122128,-10.945887,-22.700659
7.531250,-87.210068,-2.924967,25.933907,-29.202343,-6.961169,-22.745707
7.537500,-81.314835,-2.926230,16.972448,-29.183792,-1.689994,-22.729486
7.543750,-75.417664,-2.927645,7.973253,-29.035788,6.157869,-22.667665
7.550000,-69.520851,-2.929603,-0.615121,-28.783955,15.594481,-22.577282
7.556250,-63.626823,-2.932683,-8.519493,-28.462328,25.721319,-22.476696
7.562500,-57.732319,-2.936357,-17.148657,-28.088125,35.665169,-22.389091
7.568750,-51.832088,-2.939837,-24.328096,-27.667995,44.627834,-22.332298
7.575000,-45.926231,-2.942894,-29.947859,-27.245625,52.098484,-22.263323
7.581250,-40.017845,-2.945481,-33.842785,-26.834084,57.298607,-22.218359
7.587500,-34.107269,-2.947338,-36.268089,-26.438246,61.736042,-22.216141
7.593750,-28.195734,-2.948425,-37.399040,-26.069221,63.740929,-22.260794
7.600000,-22.287603,-2.949450,-37.326199,-25.731964,63.678776,-22.345556
7.606250,-16.384657,-2.951047,-36.149441,-25.429512,61.988823,-22.457077
7.612500,-10.483754,-2.952756,-34.012684,-25.157612,59.148232,-22.579060
7.618750,-4.580658,-2.954042,-31.101852,-24.909445,55.608925,-22.713552
7.625000,1.322364,-2.955163,-27.678362,-24.681171,51.759720,-22.886913
7.631250,7.221051,-2.956918,-21.878416,-24.470348,48.016766,-23.057766
7.637500,13.116147,-2.959427,-17.245504,-24.267065,44.234470,-23.181089
7.643750,19.011818,-2.962048,-11.892539,-24.030321,41.156456,-23.282532
7.650000,24.908764,-2.964899,-6.172279,-23.722601,38.819687,-23.365961
7.656250,30.803493,-2.968716,-0.917856,-23.420223,37.010208,-23.446819
7.662500,36.695919,-2.973839,3.292978,-23.114651,35.411480,-23.528988
7.668750,42.592850,-2.979484,8.424782,-22.803106,33.755463,-23.608723
7.675000,48.499828,-2.984605,12.719297,-22.495277,33.620430,-23.692122
7.681250,54.415154,-2.988727,16.319622,-22.210245,32.992744,-23.788713
7.687500,60.333965,-2.992225,19.432829,-21.971743,31.979811,-23.908106
7.693750,66.252914,-2.995308,22.341848,-21.789762,30.662012,-24.061611
7.700000,72.172157,-2.997905,23.564381,-21.653835,29.089071,-24.281111
7.706250,78.092522,-2.999890,24.947620,-21.578480,27.265387,-24.505493
7.712500,84.012962,-3.001360,26.181332,-21.559982,24.335396,-24.708010
7.718750,89.931885,-3.002249,27.045059,-21.583397,22.947033,-24.950144
7.725000,95.849899,-3.002522,27.138453,-21.681889,21.452309,-25.223871
7.731250,99.870605,-3.002321,26.220612,-21.836689,20.138088,-25.505703
7.737500,103.612976,-3.002216,24.275568,-22.017588,19.140579,-25.765804
7.743750,106.542870,-3.002919,23.302551,-22.199286,18.540728,-25.962255
7.750000,108.170364,-3.004621,21.736942,-22.362411,18.323223,-26.060759
7.756250,108.074036,-3.006625,19.862839,-22.495012,18.143660,-26.100468
7.762500,105.916122,-3.008512,17.894642,-22.598436,17.998468,-26.051798
7.768750,101.455978,-3.010887,16.032133,-22.669651,17.916439,-25.903654
7.775000,94.569611,-3.014377,14.513725,-22.705418,17.763906,-25.658129
7.781250,85.260910,-3.018706,13.493228,-22.713963,17.397173,-25.330868
7.787500,73.657646,-3.022746,13.027919,-22.708342,16.700859,-24.947380
7.793750,59.999786,-3.025904,13.139597,-22.701494,15.636087,-24.532999
7.800000,44.621231,-3.028513,13.818473,-22.704329,14.308145,-24.075747
7.806250,27.946293,-3.030870,15.036217,-22.718056,12.855863,-23.565302
7.812500,10.468169,-3.032523,14.838324,-22.743244,11.325639,-23.062366
7.818750,-7.278980,-3.033081,16.827278,-22.794508,8.672247,-22.633812
7.825000,-24.753597,-3.033080,18.886517,-22.899399,6.460526,-22.271622
7.831250,-41.426113,-3.032961,20.806274,-23.081205,4.631085,-21.981037
7.837500,-56.801151,-3.032208,22.520277,-23.373617,3.267786,-21.759892
7.843750,-70.448975,-3.030145,23.960083,-23.707731,2.522701,-21.609741
7.850000,-82.034370,-3.027658,25.651062,-24.080740,2.489665,-21.540613
7.856250,-91.326836,-3.025771,26.805990,-24.508783,1.098040,-21.550083
7.862500,-98.201233,-3.024460,27.484285,-24.977465,-0.134714,-21.626863
7.868750,-102.650108,-3.022550,25.846779,-25.456924,-1.524593,-21.753851
7.875000,-104.793671,-3.019753,23.527412,-25.923279,-3.326015,-21.905504
7.881250,-104.876526,-3.017002,22.043484,-26.376152,-5.726855,-22.027042
7.887500,-103.242920,-3.014901,19.611757,-26.789135,-8.819613,-22.157478
7.893750,-100.314949,-3.012981,16.422091,-27.143581,-11.647799,-22.298149
7.900000,-96.582413,-3.011249,12.669149,-27.410023,-14.573632,-22.388134
7.906250,-92.581795,-3.010505,8.635569,-27.563246,-17.473429,-22.436363
7.912500,-86.691078,-3.011080,4.442153,-27.611784,-20.059626,-22.454300
7.918750,-80.797386,-3.011080,0.288910,-27.611784,-21.936296,-22.454300
7.925000,-80.797386,-3.011080,0.288910,-27.611784,-21.936296,-22.454300
7.931250,-80.797386,-3.011080,0.288910,-27.611784,-21.936296,-22.454300
7.937500,-80.797386,-3.011080,0.288910,-27.611784,-21.936296,-22.454300
7.943750,-80.797386,-3.011080,0.288910,-27.611784,-21.936296,-22.454300
7.950000,-80.797386,-3.011080,0.288910,-27.611784,-21.936296,-22.454300
7.956250,-80.797386,-3.011080,0.288910,-27.611784,-21.936296,-22.454300
7.962500,-80.797386,-3.011080,0.288910,-27.611784,-21.936296,-22.454300
7.968750,-80.797386,-3.011080,0.288910,-27.611784,-21.936296,-22.454300
7.975000,-80.797386,-3.011080,0.288910,-27.611784,-21.936296,-22.454300
7.981250,-80.797386,-3.011080,0.288910,-27.611784,-21.936296,-22.454300
7.987500,-80.797386,-3.011080,0.288910,-27.611784,-21.936296,-22.454300
7.993750,-80.797386,-3.011080,0.288910,-27.611784,-21.936296,-22.454300
8.000000,-80.797386,-3.011080,0.288910,-27.611784,-21.936296,-22.454300
