Anritsu VNA Frequency[GHz],S21[deg],S21[dB],S11[deg],S11[dB],S22[deg],S22[dB]
1338045483.66,2012_05_26_16:18:03,+128.16,+248.49,+250.62,+249.00,+255.24,+256.47,+251.11,+251.63,216.695358,-5.522
3.006250,61.903339,-2.848446,69.932823,-28.534250,-63.391575,-29.590565
3.012500,61.903339,-2.848446,69.932823,-28.534250,-63.391575,-29.590565
3.018750,61.903339,-2.848446,69.932823,-28.534250,-63.391575,-29.590565
3.025000,61.903339,-2.848446,69.932823,-28.534250,-63.391575,-29.590565
3.031250,61.903339,-2.848446,69.932823,-28.534250,-63.391575,-29.590565
3.037500,61.903339,-2.848446,69.932823,-28.534250,-63.391575,-29.590565
3.043750,61.903339,-2.848446,69.932823,-28.534250,-63.391575,-29.590565
3.050000,61.903339,-2.848446,69.932823,-28.534250,-63.391575,-29.590565
3.056250,61.903339,-2.848446,69.932823,-28.534250,-63.391575,-29.590565
3.062500,61.903339,-2.848446,69.932823,-28.534250,-63.391575,-29.590565
3.068750,61.903339,-2.848446,69.932823,-28.534250,-63.391575,-29.590565
3.075000,61.903339,-2.848446,69.932823,-28.534250,-63.391575,-29.590565
3.081250,61.903339,-2.848446,69.932823,-28.534250,-63.391575,-29.590565
3.087500,61.903339,-2.848446,69.932823,-28.534250,-63.391575,-29.590565
3.093750,61.903339,-2.851104,69.932823,-28.350441,-63.391575,-29.557266
3.100000,67.870506,-2.854296,62.689594,-28.157944,-64.210953,-29.461193
3.106250,73.836517,-2.857816,54.771534,-27.971682,-64.370163,-29.303373
3.112500,79.803780,-2.861403,44.964371,-27.811323,-63.606800,-29.081362
3.118750,85.772469,-2.864994,35.564796,-27.696150,-61.680492,-28.785164
3.125000,91.740723,-2.868698,26.752064,-27.610092,-58.425995,-28.413147
3.131250,95.813416,-2.872488,19.042170,-27.516949,-53.803928,-27.986586
3.137500,99.612450,-2.876474,12.356561,-27.445066,-47.697826,-27.506254
3.143750,102.604309,-2.880884,6.849727,-27.405638,-40.013691,-26.980284
3.150000,104.298004,-2.885702,2.757158,-27.397024,-32.690582,-26.426172
3.156250,104.268822,-2.890473,0.262616,-27.413366,-24.219995,-25.867865
3.162500,102.176437,-2.894977,-0.522902,-27.443190,-15.282808,-25.331444
3.168750,97.782616,-2.899391,0.444392,-27.471804,-6.547489,-24.843828
3.175000,90.964157,-2.903934,3.124817,-27.480743,1.362298,-24.438278
3.181250,81.721382,-2.908623,5.583384,-27.442202,7.922941,-24.115860
3.187500,70.177177,-2.913257,9.569439,-27.373295,13.028806,-23.823442
3.193750,56.569225,-2.917759,14.437189,-27.271185,16.145746,-23.581648
3.200000,41.237534,-2.922126,19.311077,-27.134619,17.265713,-23.439360
3.206250,24.609325,-2.926255,23.582510,-26.966808,16.455305,-23.388092
3.212500,7.176362,-2.930066,26.759325,-26.775923,13.757810,-23.423607
3.218750,-10.530015,-2.933920,30.607454,-26.573170,9.467401,-23.553341
3.225000,-27.964327,-2.937807,33.478569,-26.367092,3.992426,-23.782957
3.231250,-44.591991,-2.941455,35.711819,-26.158665,-2.824785,-24.004936
3.237500,-59.920078,-2.944655,35.777885,-25.949844,-10.154858,-24.259270
3.243750,-73.524261,-2.947739,35.637814,-25.742949,-17.622534,-24.540754
3.250000,-85.066422,-2.951251,35.110893,-25.531580,-25.035866,-24.829975
3.256250,-94.307640,-2.955148,33.984303,-25.325308,-32.279129,-25.105276
3.262500,-101.122971,-2.958909,31.935966,-25.148975,-39.304440,-25.352116
3.268750,-105.511635,-2.962235,28.896500,-24.995375,-44.223331,-25.559669
3.275000,-107.597656,-2.965348,24.793890,-24.860056,-48.656776,-25.716002
3.281250,-107.621101,-2.968751,19.488478,-24.736814,-52.105427,-25.811619
3.287500,-105.921982,-2.972654,12.851169,-24.616720,-54.175159,-25.843199
3.293750,-102.924484,-2.976895,6.955565,-24.488928,-54.609924,-25.810358
3.300000,-99.119141,-2.981107,0.408874,-24.328714,-53.257957,-25.709646
3.306250,-95.038185,-2.985154,-6.367808,-24.146650,-50.070740,-25.547619
3.312500,-89.060509,-2.989050,-13.348726,-23.985308,-45.130405,-25.340221
3.318750,-83.082451,-2.993003,-19.940449,-23.827950,-38.674343,-25.111242
3.325000,-77.103714,-2.996989,-25.798454,-23.675858,-31.031782,-24.882450
3.331250,-71.122864,-3.000784,-30.730484,-23.537565,-20.411282,-24.667774
3.337500,-65.139465,-3.004132,-34.599930,-23.426723,-8.601353,-24.478598
3.343750,-59.154202,-3.007026,-37.344460,-23.365118,4.404699,-24.323856
3.350000,-53.168549,-3.009569,-38.939621,-23.392000,16.668058,-24.205149
3.356250,-47.182903,-3.011760,-39.417210,-23.478222,29.701300,-24.107271
3.362500,-41.197899,-3.013612,-37.891781,-23.607386,42.766853,-24.036110
3.368750,-35.213413,-3.015075,-35.044090,-23.835629,54.753231,-24.045786
3.375000,-29.229454,-3.016026,-30.957647,-24.172705,65.128654,-24.128908
3.381250,-23.246141,-3.016334,-25.717047,-24.606922,73.319786,-24.294849
3.387500,-17.266060,-3.016329,-19.513050,-25.117598,78.854164,-24.527658
3.393750,-11.291468,-3.016576,-12.614437,-25.676342,81.543045,-24.795591
3.400000,-5.321336,-3.017115,-5.330694,-26.247520,81.100220,-25.079773
3.406250,0.647244,-3.017572,1.983735,-26.797674,77.539246,-25.347408
3.412500,6.615212,-3.017890,8.931975,-27.302149,71.852615,-25.681995
3.418750,12.579957,-3.018520,15.431879,-27.736195,64.266869,-26.021452
3.425000,18.540325,-3.019951,21.461733,-28.078131,55.476181,-26.340956
3.431250,24.499268,-3.021866,26.740170,-28.313555,46.394932,-26.626759
3.437500,30.460613,-3.023667,31.030468,-28.437862,38.011040,-26.874578
3.443750,36.423183,-3.025606,34.187866,-28.440386,31.323490,-27.076181
3.450000,42.383125,-3.028359,36.215855,-28.309912,23.350960,-27.193581
3.456250,48.341961,-3.031911,37.046375,-28.065145,17.851715,-27.232553
3.462500,54.305828,-3.035404,36.731575,-27.733715,14.369828,-27.200668
3.468750,60.276119,-3.038315,35.519585,-27.345064,12.536362,-27.096907
3.475000,66.248314,-3.040902,33.762009,-26.930918,11.986031,-26.923306
3.481250,72.218521,-3.043697,31.844929,-26.531376,12.316603,-26.691332
3.487500,78.186935,-3.046865,28.353510,-26.155848,13.099311,-26.407871
3.493750,84.154961,-3.050379,25.662317,-25.789503,13.911174,-26.073505
3.500000,90.123291,-3.054209,23.479191,-25.473183,14.345731,-25.693335
3.506250,96.093437,-3.058205,21.702036,-25.224976,14.008117,-25.279242
3.512500,100.171432,-3.061753,20.356127,-25.048626,12.575672,-24.845463
3.518750,103.978279,-3.064984,19.466663,-24.934307,9.814188,-24.403776
3.525000,106.976547,-3.068588,19.057306,-24.855721,5.582098,-23.963053
3.531250,108.671982,-3.073204,19.095053,-24.758135,1.951493,-23.532616
3.537500,108.641632,-3.078591,19.496723,-24.653191,-2.479440,-23.123831
3.543750,106.550171,-3.083905,21.456684,-24.562084,-7.221156,-22.755259
3.550000,102.160965,-3.089012,24.056665,-24.451591,-11.835956,-22.452690
3.556250,95.348518,-3.094364,25.618000,-24.305176,-16.058405,-22.170074
3.562500,86.112236,-3.100167,27.977898,-24.110790,-19.680931,-21.900803
3.568750,74.577065,-3.105942,30.640388,-23.885084,-22.364994,-21.680468
3.575000,60.984474,-3.110865,33.100060,-23.650986,-24.328550,-21.549072
3.581250,45.673248,-3.114651,34.925797,-23.436008,-25.637728,-21.517529
3.587500,29.065727,-3.117610,35.730659,-23.270832,-26.516481,-21.623760
3.593750,11.651125,-3.120154,35.213440,-23.186548,-25.632090,-21.779884
3.600000,-6.036296,-3.122115,35.339340,-23.197962,-25.306726,-22.017181
3.606250,-23.447968,-3.122889,34.709377,-23.298281,-25.082119,-22.349312
3.612500,-40.052345,-3.122418,33.677544,-23.500143,-25.023876,-22.766304
3.618750,-55.361931,-3.121222,32.579563,-23.806442,-25.260572,-23.240007
3.625000,-68.951355,-3.119552,29.887548,-24.222195,-25.975876,-23.745932
3.631250,-80.478073,-3.117097,27.484699,-24.752247,-25.368460,-24.294643
3.637500,-89.705429,-3.113961,25.195194,-25.368664,-24.953373,-24.854578
3.643750,-96.515160,-3.110679,22.807453,-26.034906,-24.284960,-25.393805
3.650000,-100.909393,-3.107879,20.005270,-26.712357,-23.111227,-25.888792
3.656250,-103.008041,-3.105710,16.437695,-27.355780,-21.263865,-26.318670
3.662500,-103.044395,-3.104048,11.749713,-27.907772,-18.636826,-26.664577
3.668750,-101.359230,-3.103042,7.715383,-28.342136,-15.194904,-26.915020
3.675000,-98.379326,-3.102923,2.335107,-28.669542,-10.988527,-27.070089
3.681250,-94.594978,-3.103529,-3.976567,-28.853863,-6.154147,-27.134546
3.687500,-90.537140,-3.104645,-10.903492,-28.881014,-0.857075,-27.111198
3.693750,-84.585052,-3.106758,-18.206993,-28.754656,4.687209,-27.005886
3.700000,-78.634445,-3.110122,-25.642714,-28.498480,10.213988,-26.830608
3.706250,-72.681602,-3.114392,-32.954075,-28.163162,15.451473,-26.602488
3.712500,-66.721596,-3.118739,-39.786560,-27.743301,20.177542,-26.334635
3.718750,-60.755848,-3.123049,-47.332085,-27.255997,24.246204,-26.031048
3.725000,-54.788635,-3.127856,-54.132622,-26.764343,27.537540,-25.695127
3.731250,-48.819698,-3.133192,-60.436028,-26.303764,29.987705,-25.324078
3.737500,-42.845772,-3.138370,-64.310402,-25.907715,31.818363,-24.983000
3.743750,-36.865601,-3.143017,-67.440407,-25.613377,33.385769,-24.696617
3.750000,-30.881729,-3.147191,-69.539658,-25.427094,34.789253,-24.474598
3.756250,-24.897953,-3.151050,-70.351257,-25.343090,36.489929,-24.295523
3.762500,-18.914146,-3.154527,-69.764359,-25.350859,37.239330,-24.131968
3.768750,-12.930228,-3.157672,-67.739388,-25.428095,38.965122,-23.953220
3.775000,-6.947742,-3.160702,-64.301071,-25.543350,39.652813,-23.852762
3.781250,-0.967754,-3.163745,-59.584034,-25.675858,41.037781,-23.808771
3.787500,5.011294,-3.166461,-53.876575,-25.821507,42.345779,-23.798407
3.793750,10.989675,-3.168811,-49.236759,-25.957264,43.265324,-23.810631
3.800000,16.965544,-3.171185,-44.202793,-26.067472,43.550812,-23.841225
3.806250,22.936905,-3.173856,-37.355755,-26.146662,43.047390,-23.882174
3.812500,28.905743,-3.176795,-30.558208,-26.126186,41.731094,-23.903563
3.818750,34.873653,-3.179951,-24.019365,-26.032465,39.596619,-23.896267
3.825000,40.839905,-3.183486,-18.005301,-25.885569,36.554432,-23.863613
3.831250,46.806141,-3.187397,-12.489457,-25.701708,32.720158,-23.807880
3.837500,52.774025,-3.191200,-7.359046,-25.495247,28.344408,-23.731596
3.843750,58.743393,-3.194821,-2.455320,-25.282887,23.745989,-23.645954
3.850000,64.712494,-3.198691,2.439814,-25.074213,19.299450,-23.561327
3.856250,70.680794,-3.202833,5.703925,-24.868849,15.534130,-23.439966
3.862500,76.650688,-3.206827,9.172981,-24.675682,10.954700,-23.297672
3.868750,82.622482,-3.210476,12.482128,-24.502743,7.391435,-23.151524
3.875000,88.592201,-3.214498,15.331610,-24.350212,4.691511,-23.008926
3.881250,94.557625,-3.219651,17.479509,-24.202770,2.705722,-22.868797
3.887500,98.628258,-3.225530,18.729374,-24.019014,1.254524,-22.723881
3.893750,102.430954,-3.231134,18.812548,-23.820789,0.086475,-22.570383
3.900000,105.432892,-3.236380,19.238411,-23.621197,-1.126583,-22.413305
3.906250,107.136192,-3.242117,18.871000,-23.390846,-2.720304,-22.255711
3.912500,107.110275,-3.248983,18.061714,-23.119795,-4.989752,-22.095419
3.918750,105.019989,-3.256857,17.109684,-22.805347,-8.227682,-21.926712
3.925000,100.632713,-3.264990,16.257614,-22.452429,-12.742184,-21.741957
3.931250,93.829399,-3.272942,15.675029,-22.074841,-18.841837,-21.526936
3.937500,84.608322,-3.280638,15.482860,-21.690866,-26.860254,-21.305874
3.943750,73.089066,-3.288191,15.784533,-21.321535,-35.100025,-21.112448
3.950000,59.509235,-3.295409,16.653917,-20.987432,-44.932487,-20.947424
3.956250,44.211430,-3.301718,18.092163,-20.707592,-55.906261,-20.818508
3.962500,27.623051,-3.306503,20.030132,-20.498632,-67.613983,-20.737375
3.968750,10.233622,-3.309837,20.469843,-20.372116,-79.635025,-20.714905
3.975000,-7.428204,-3.311942,23.075226,-20.330769,-91.542351,-20.760653
3.981250,-24.818539,-3.312948,25.819031,-20.364483,-102.925949,-20.886238
3.987500,-41.404507,-3.312829,28.540998,-20.456900,-113.413956,-21.112560
3.993750,-56.694897,-3.311582,30.830725,-20.663309,-122.469788,-21.378754
4.000000,-70.264130,-3.309370,32.607956,-20.946207,-129.963730,-21.727488
4.006250,-81.772766,-3.306375,33.881481,-21.291636,-135.815659,-22.168962
4.012500,-90.984718,-3.302516,34.472977,-21.689297,-139.824203,-22.703632
4.018750,-97.779190,-3.298200,34.298161,-22.125084,-141.916763,-23.346344
4.025000,-102.158966,-3.294082,33.343517,-22.577793,-142.256638,-24.003096
4.031250,-104.245338,-3.290403,29.718096,-23.028749,-141.545013,-24.642023
4.037500,-104.272926,-3.287050,27.188601,-23.471931,-139.838501,-25.308611
4.043750,-102.581329,-3.284245,23.913021,-23.894510,-135.637115,-25.984198
4.050000,-99.597557,-3.282307,20.044174,-24.282871,-130.840134,-26.640114
4.056250,-95.812355,-3.281082,15.740602,-24.630814,-125.685814,-27.253021
4.062500,-91.754616,-3.279984,11.203766,-24.933228,-120.459473,-27.804161
4.068750,-85.803917,-3.279007,6.742959,-25.166971,-115.428085,-28.272175
4.075000,-79.859489,-3.279313,2.650058,-25.330667,-110.803116,-28.632483
4.081250,-73.921822,-3.281325,-0.898465,-25.435333,-106.799812,-28.872355
4.087500,-67.984795,-3.284313,-5.503355,-25.487997,-103.601173,-28.986969
4.093750,-62.039772,-3.286980,-9.206223,-25.490704,-101.274124,-28.971491
4.100000,-56.090748,-3.289302,-12.221699,-25.445673,-99.781639,-28.826666
4.106250,-50.145000,-3.292274,-14.763820,-25.355572,-99.013153,-28.561460
4.112500,-44.205116,-3.296402,-17.006403,-25.224377,-98.777924,-28.197226
4.118750,-38.265518,-3.301335,-19.092291,-25.053452,-98.815521,-27.751163
4.125000,-32.322033,-3.306628,-21.147251,-24.841434,-98.606819,-27.199036
4.131250,-26.375866,-3.312304,-23.336754,-24.596291,-97.936394,-26.583023
4.137500,-20.427752,-3.318356,-25.806395,-24.328575,-96.598595,-25.940802
4.143750,-14.476167,-3.324548,-28.617565,-24.045399,-94.220261,-25.299376
4.150000,-8.520135,-3.330713,-29.614082,-23.751572,-90.442444,-24.680128
4.156250,-2.561227,-3.337035,-30.155071,-23.451450,-84.978012,-24.098392
4.162500,3.399713,-3.343691,-29.730196,-23.148027,-77.623528,-23.556370
4.168750,9.363914,-3.350548,-29.778812,-22.845207,-68.292358,-23.047262
4.175000,15.332229,-3.357623,-28.311134,-22.546122,-57.324303,-22.655220
4.181250,21.305384,-3.364792,-25.541758,-22.245590,-46.457325,-22.318214
4.187500,27.284145,-3.371760,-21.847578,-21.959044,-34.334023,-22.048880
4.193750,33.269180,-3.378450,-17.648447,-21.700031,-21.889318,-21.843040
4.200000,39.259571,-3.384706,-13.329886,-21.478315,-9.932185,-21.660507
4.206250,45.254177,-3.390404,-9.283657,-21.302683,0.908786,-21.564283
4.212500,51.252804,-3.395270,-3.725271,-21.182285,10.539147,-21.578341
4.218750,57.254169,-3.399242,1.649804,-21.119713,17.972603,-21.662289
4.225000,63.255135,-3.402559,7.078349,-21.107090,24.108751,-21.750729
4.231250,69.253204,-3.405648,10.874341,-21.134148,27.695387,-21.876472
4.237500,75.248680,-3.408525,14.800040,-21.188860,29.084198,-22.037470
4.243750,81.241928,-3.410950,18.416201,-21.259928,28.632462,-22.221258
4.250000,87.234154,-3.412951,21.209152,-21.358047,26.723820,-22.416710
4.256250,93.223801,-3.414391,22.718365,-21.476032,23.749960,-22.618750
4.262500,97.314262,-3.415516,22.650812,-21.594450,20.163307,-22.816826
4.268750,101.126282,-3.416692,22.848253,-21.695192,16.455463,-22.994150
4.275000,104.124321,-3.418596,21.673687,-21.767189,13.082704,-23.135124
4.281250,105.818146,-3.421284,19.405548,-21.802626,10.436655,-23.227228
4.287500,105.784943,-3.424457,16.333706,-21.792128,8.861952,-23.255905
4.293750,103.685959,-3.428120,12.729762,-21.727304,8.614332,-23.201532
4.300000,99.281242,-3.432983,8.815866,-21.610367,9.790049,-23.056219
4.306250,92.450150,-3.439101,4.785264,-21.448883,12.142736,-22.865513
4.312500,83.200157,-3.445520,0.857257,-21.247898,15.638854,-22.622107
4.318750,71.656425,-3.451475,-2.763583,-21.012270,20.207230,-22.325821
4.325000,58.050911,-3.457483,-5.928432,-20.751184,25.566784,-21.986248
4.331250,42.719032,-3.464417,-8.559256,-20.479013,31.352325,-21.619337
4.337500,26.091005,-3.472035,-10.606462,-20.210938,37.177078,-21.241283
4.343750,8.666369,-3.479299,-12.058815,-19.966946,42.652958,-20.867908
4.350000,-9.021425,-3.485782,-10.782704,-19.785015,47.400982,-20.504093
4.356250,-26.429579,-3.491598,-10.054404,-19.616367,51.078011,-20.162601
4.362500,-43.028130,-3.496630,-7.479326,-19.500437,55.265057,-19.897673
4.368750,-58.323158,-3.500581,-3.803305,-19.472103,58.463432,-19.719419
4.375000,-71.889740,-3.503371,0.907748,-19.538818,59.131561,-19.653757
4.381250,-83.391266,-3.505454,6.480122,-19.699913,59.234264,-19.842163
4.387500,-92.591698,-3.506696,12.679550,-19.945654,58.660004,-20.002241
4.393750,-99.365456,-3.506533,19.225613,-20.259480,58.205032,-20.251654
4.400000,-103.717339,-3.505324,25.786114,-20.624844,57.085655,-20.606056
4.406250,-105.772652,-3.503866,30.107700,-21.029263,54.208542,-21.109535
4.412500,-105.769348,-3.502065,35.634823,-21.460175,50.813519,-21.706442
4.418750,-104.044197,-3.499444,40.219082,-21.898369,46.870140,-22.361443
4.425000,-101.024689,-3.496143,43.671547,-22.326576,42.470394,-23.044237
4.431250,-97.208603,-3.492901,45.881866,-22.717091,37.771297,-23.720108
4.437500,-93.128853,-3.490116,46.897137,-23.035696,33.047264,-24.338177
4.443750,-87.160805,-3.487447,46.720184,-23.277714,28.514935,-24.869518
4.450000,-81.198151,-3.485126,45.456169,-23.443396,24.346838,-25.294838
4.456250,-75.244583,-3.484147,43.379551,-23.528879,20.821894,-25.595749
4.462500,-69.299004,-3.484869,40.847164,-23.532372,18.229713,-25.759171
4.468750,-63.353764,-3.486453,36.396637,-23.455189,16.834356,-25.777199
4.475000,-57.404911,-3.488418,32.125504,-23.306307,16.867884,-25.652390
4.481250,-51.454876,-3.491003,27.981892,-23.102877,18.520449,-25.403017
4.487500,-45.506786,-3.494705,23.982319,-22.851294,20.101360,-25.026737
4.493750,-39.557156,-3.499085,20.210728,-22.555878,23.489964,-24.528526
4.500000,-33.604748,-3.504107,16.606186,-22.243534,27.993179,-23.953783
4.506250,-27.651184,-3.510432,13.149499,-21.938124,33.020378,-23.342281
4.512500,-21.695135,-3.517895,9.907222,-21.654987,38.067432,-22.727131
4.518750,-15.730459,-3.525493,6.964004,-21.400175,42.644928,-22.137205
4.525000,-9.753105,-3.532031,4.393459,-21.167261,46.276283,-21.596596
4.531250,-3.767776,-3.537681,2.244330,-20.917698,48.507717,-21.128759
4.537500,2.217982,-3.543456,2.607856,-20.715733,48.858402,-20.782150
4.543750,8.203431,-3.549623,1.565422,-20.580776,46.687328,-20.525517
4.550000,14.193368,-3.555408,1.696152,-20.480434,43.382065,-20.369055
4.556250,20.190477,-3.560229,2.814833,-20.405090,39.612431,-20.317871
4.562500,26.192659,-3.564249,4.448073,-20.374321,34.330139,-20.222256
4.568750,32.197659,-3.567597,6.179468,-20.410440,28.337658,-20.365458
4.575000,38.203011,-3.570351,7.655436,-20.537643,21.450804,-20.646355
4.581250,44.211823,-3.572222,8.568641,-20.791819,15.173472,-21.014961
4.587500,50.223190,-3.572806,10.863597,-21.155121,8.906189,-21.424793
4.593750,56.235504,-3.572163,11.613868,-21.592279,4.082110,-21.905256
4.600000,62.246086,-3.570514,12.273019,-22.134081,0.745341,-22.452759
4.606250,68.251945,-3.568161,12.677931,-22.779383,-1.114759,-23.051489
4.612500,74.253128,-3.565104,12.740754,-23.525812,-1.610496,-23.683029
4.618750,80.248741,-3.561576,12.342369,-24.360481,-0.998138,-24.341097
4.625000,86.236389,-3.558225,11.564265,-25.241919,0.466967,-25.004658
4.631250,92.216110,-3.555252,10.366754,-26.143768,2.526100,-25.651684
4.637500,96.297501,-3.551965,8.717067,-27.037453,4.818298,-26.269743
4.643750,100.104187,-3.547767,4.776605,-27.887161,6.944280,-26.850185
4.650000,103.098213,-3.543448,2.444757,-28.651917,8.493874,-27.369410
4.656250,104.779617,-3.540608,-0.045942,-29.288942,8.969172,-27.783428
4.662500,104.721474,-3.539929,-2.572778,-29.754660,8.029997,-28.069992
4.668750,102.592796,-3.540760,-5.067607,-30.026920,7.510028,-28.238886
4.675000,98.160583,-3.542656,-7.567107,-30.104582,5.481091,-28.307796
4.681250,91.304115,-3.545887,-9.967748,-29.976837,2.249352,-28.262255
4.687500,82.022705,-3.550349,-12.176505,-29.644930,-1.940600,-28.096748
4.693750,70.439636,-3.555964,-14.195475,-29.128754,-6.906039,-27.817116
4.700000,56.793083,-3.562776,-16.056561,-28.462429,-12.431250,-27.432314
4.706250,41.422325,-3.571465,-17.818851,-27.700247,-18.251888,-26.952808
4.712500,24.757839,-3.581704,-19.646616,-26.861883,-24.077873,-26.384548
4.718750,7.299531,-3.592018,-21.997248,-25.956059,-29.568705,-25.714937
4.725000,-10.417723,-3.601565,-22.570795,-25.040182,-34.201344,-25.026459
4.731250,-27.853481,-3.610860,-22.995407,-24.175905,-39.505703,-24.352352
4.737500,-44.480164,-3.620341,-23.207327,-23.411522,-44.039459,-23.719589
4.743750,-59.802208,-3.629285,-22.981215,-22.763212,-47.948509,-23.158030
4.750000,-73.389290,-3.636925,-22.180889,-22.235554,-51.729710,-22.607735
4.756250,-84.904884,-3.643479,-20.752916,-21.819389,-55.311790,-22.086063
4.762500,-94.117821,-3.649485,-18.695766,-21.476980,-58.796345,-21.641586
4.768750,-100.905609,-3.654801,-16.105408,-21.216221,-61.204098,-21.325733
4.775000,-105.265762,-3.658881,-11.543375,-21.062963,-63.668766,-21.106562
4.781250,-107.322044,-3.661800,-7.981746,-20.970522,-66.175301,-20.970110
4.787500,-107.316185,-3.664143,-3.502446,-20.908722,-68.749229,-20.904463
4.793750,-105.590492,-3.666355,1.497811,-20.855001,-71.415924,-20.903625
4.800000,-102.571312,-3.668441,6.570893,-20.794212,-74.181519,-20.945442
4.806250,-98.748871,-3.670564,11.262940,-20.714523,-76.947701,-20.999678
4.812500,-94.656326,-3.672806,15.128198,-20.612875,-79.835686,-21.064030
4.818750,-88.670639,-3.675125,17.752726,-20.489923,-82.874748,-21.124672
4.825000,-82.686287,-3.677741,20.987427,-20.347315,-85.959526,-21.156744
4.831250,-76.704102,-3.681032,23.225183,-20.192194,-88.929199,-21.151354
4.837500,-70.722321,-3.684576,24.797764,-20.035437,-91.486336,-21.126999
4.843750,-64.735390,-3.687555,26.088438,-19.893908,-93.430214,-21.085066
4.850000,-58.744709,-3.689739,25.613977,-19.784288,-94.584328,-21.012444
4.856250,-52.756577,-3.692434,25.537422,-19.688656,-94.555000,-20.888063
4.862500,-46.775078,-3.696303,25.758080,-19.620426,-93.227333,-20.735775
4.868750,-40.792011,-3.700414,26.022202,-19.596678,-90.468872,-20.575737
4.875000,-34.799931,-3.703387,26.255615,-19.617626,-86.072304,-20.418863
4.881250,-28.802828,-3.705431,26.427670,-19.672825,-79.905510,-20.275394
4.887500,-22.809290,-3.707512,26.540394,-19.729929,-71.950348,-20.152252
4.893750,-16.820593,-3.709995,26.711475,-19.794561,-62.292133,-20.056190
4.900000,-10.832999,-3.712502,27.392700,-19.893362,-51.158051,-19.997116
4.906250,-4.843429,-3.714732,28.419382,-20.006159,-38.870796,-19.976768
4.912500,1.146138,-3.716740,29.841454,-20.130564,-25.828239,-19.985863
4.918750,7.134807,-3.718675,31.676720,-20.244251,-12.492990,-20.001659
4.925000,13.121537,-3.720722,33.881496,-20.339783,0.716834,-20.000607
4.931250,19.106678,-3.723309,36.615974,-20.437817,13.809738,-20.054951
4.937500,25.091505,-3.726103,39.858490,-20.550484,26.244633,-20.135889
4.943750,31.081619,-3.728263,43.480503,-20.686390,37.578873,-20.234848
4.950000,37.076740,-3.729288,47.293304,-20.849586,47.610069,-20.350916
4.956250,43.071011,-3.729984,49.217171,-21.037640,56.253513,-20.483440
4.962500,49.058979,-3.731221,52.839703,-21.246277,63.509850,-20.634567
4.968750,55.045280,-3.732590,56.068336,-21.465574,69.448792,-20.808645
4.975000,61.034630,-3.733231,58.731583,-21.679394,74.212608,-21.038267
4.981250,67.025604,-3.733453,60.625584,-21.887123,78.057899,-21.227539
4.987500,73.013573,-3.733688,61.506294,-22.092787,79.573021,-21.437048
4.993750,79.000549,-3.733559,61.328445,-22.286154,80.196915,-21.681942
5.000000,84.988976,-3.732488,60.053093,-22.462021,79.856056,-21.964226
5.006250,90.974640,-3.731020,57.674503,-22.616291,78.444550,-22.283237
5.012500,95.057213,-3.730175,54.256851,-22.744535,75.872131,-22.642178
5.018750,98.860764,-3.729944,49.934410,-22.838251,72.039101,-23.037823
5.025000,101.858894,-3.729407,43.004208,-22.881956,68.545395,-23.387711
5.031250,103.560143,-3.728497,37.446529,-22.866333,63.691013,-23.708494
5.037500,103.531311,-3.727757,31.446203,-22.820112,57.930840,-24.028517
5.043750,101.431213,-3.727585,25.182497,-22.751839,51.764439,-24.330526
5.050000,97.025101,-3.727902,18.991695,-22.670958,45.629623,-24.598913
5.056250,90.192619,-3.728765,13.109355,-22.611799,39.863651,-24.822052
5.062500,80.933647,-3.730282,7.754867,-22.567057,34.798084,-24.987028
5.068750,69.372932,-3.731936,3.745265,-22.507713,30.763142,-25.078201
5.075000,55.748306,-3.733139,-1.191525,-22.482006,28.029312,-25.088030
5.081250,40.396358,-3.734719,-5.184234,-22.501783,24.905880,-25.015017
5.087500,23.738188,-3.737962,-8.483306,-22.558962,23.218904,-24.859556
5.093750,6.270504,-3.742762,-11.335340,-22.631735,22.619074,-24.629629
5.100000,-11.463943,-3.747580,-13.888944,-22.723825,22.725399,-24.339491
5.106250,-28.916265,-3.751776,-16.210649,-22.832045,23.089632,-24.018290
5.112500,-45.562229,-3.756224,-18.617117,-22.929846,25.064901,-23.675785
5.118750,-60.913723,-3.761812,-21.287457,-22.994497,26.124996,-23.278114
5.125000,-74.539108,-3.767947,-24.310858,-23.008848,26.660084,-22.877594
5.131250,-86.091858,-3.773888,-27.749111,-22.963339,26.752172,-22.501963
5.137500,-95.337425,-3.779856,-29.455975,-22.852123,26.335026,-22.166813
5.143750,-102.157768,-3.786482,-30.773907,-22.674564,25.333731,-21.879259
5.150000,-106.551895,-3.793522,-31.167700,-22.432299,23.692913,-21.633883
5.156250,-108.635788,-3.800379,-32.036865,-22.132378,21.387968,-21.384583
5.162500,-108.646423,-3.806649,-31.354136,-21.790005,18.283154,-21.243654
5.168750,-106.926315,-3.812463,-29.316286,-21.414431,16.263968,-21.136059
5.175000,-103.904785,-3.817793,-26.134327,-21.013697,14.416619,-21.064852
5.181250,-100.074364,-3.822512,-22.205107,-20.613886,13.083825,-21.034264
5.187500,-95.968391,-3.826623,-17.925531,-20.238699,12.800822,-21.038319
5.193750,-89.965919,-3.830169,-13.670865,-19.909367,14.086958,-21.059071
5.200000,-83.962387,-3.833061,-9.813048,-19.644611,17.454037,-21.076624
5.206250,-77.958832,-3.835434,-4.533664,-19.463728,19.541567,-21.159704
5.212500,-71.956558,-3.837484,0.497662,-19.385725,23.744684,-21.290327
5.218750,-65.954201,-3.839090,3.679074,-19.406305,29.560713,-21.397234
5.225000,-59.950108,-3.839688,7.022774,-19.504982,35.939186,-21.512691
5.231250,-53.945709,-3.839067,10.133770,-19.680538,42.117260,-21.646181
5.237500,-47.945713,-3.837917,12.681638,-19.902660,47.498779,-21.799269
5.243750,-41.952991,-3.836750,14.430785,-20.179607,51.498703,-21.976633
5.250000,-35.967869,-3.835868,14.479999,-20.551411,53.545086,-22.188795
5.256250,-29.988338,-3.835530,15.306803,-20.986048,53.144413,-22.439613
5.262500,-24.011131,-3.835296,15.320662,-21.479095,52.094002,-22.724821
5.268750,-18.032879,-3.834344,14.594671,-21.965721,48.780033,-23.042418
5.275000,-12.055852,-3.832682,13.332458,-22.447477,43.620880,-23.383501
5.281250,-6.087562,-3.831692,11.974219,-22.928339,37.080425,-23.733160
5.287500,-0.131312,-3.832478,10.671023,-23.398973,29.616022,-24.061571
5.293750,5.820619,-3.834250,9.511591,-23.843941,19.634270,-24.357981
5.300000,11.777958,-3.835562,8.538774,-24.249252,9.592917,-24.664694
5.306250,17.736599,-3.836713,7.770422,-24.598562,-0.601992,-24.939238
5.312500,23.687254,-3.839396,7.233508,-24.874002,-10.768636,-25.156673
5.318750,29.628971,-3.844268,6.921369,-25.062384,-20.600334,-25.301323
5.325000,35.573128,-3.850078,6.811452,-25.150541,-29.782206,-25.359999
5.331250,41.526432,-3.856001,6.868906,-25.130978,-38.022022,-25.323503
5.337500,47.484535,-3.862509,9.187418,-25.003199,-45.097473,-25.186333
5.343750,53.444637,-3.869931,10.421412,-24.774870,-50.868927,-24.970730
5.350000,59.410194,-3.877465,12.536922,-24.489260,-55.438465,-24.689642
5.356250,65.385132,-3.884693,15.378855,-24.126554,-58.369652,-24.347517
5.362500,71.365112,-3.892077,18.882654,-23.720518,-60.059383,-23.991098
5.368750,77.349838,-3.899597,22.571556,-23.314238,-60.622242,-23.662493
5.375000,83.343773,-3.906012,26.228872,-22.937305,-60.216774,-23.401970
5.381250,89.349213,-3.910648,29.680189,-22.611849,-59.167027,-23.195532
5.387500,95.359482,-3.914024,32.753254,-22.349745,-55.818119,-23.030045
5.393750,99.473839,-3.916699,33.406624,-22.146713,-51.715561,-22.928507
5.400000,103.316795,-3.918113,35.244713,-22.014986,-47.298130,-22.966429
5.406250,106.356895,-3.917706,36.075523,-21.977795,-42.462421,-23.119410
5.412500,108.097496,-3.916235,35.918102,-22.025690,-37.353195,-23.374846
5.418750,108.106087,-3.914332,34.844429,-22.142944,-32.249210,-23.718138
5.425000,106.043800,-3.911701,32.939976,-22.304346,-27.309256,-24.091736
5.431250,101.675491,-3.908134,30.323792,-22.484631,-22.691042,-24.463512
5.437500,94.875534,-3.904477,27.133976,-22.652262,-18.687738,-24.812410
5.443750,85.638832,-3.901811,23.638195,-22.763905,-15.338017,-25.111755
5.450000,74.090614,-3.900188,20.398985,-22.849375,-12.586437,-25.330828
5.456250,60.473721,-3.899191,16.028898,-22.883675,-10.400249,-25.445932
5.462500,45.128918,-3.898947,12.379211,-22.842852,-8.699074,-25.442591
5.468750,28.482615,-3.899646,9.326189,-22.720596,-7.313565,-25.316711
5.475000,11.028688,-3.901130,6.776023,-22.521051,-6.026818,-25.081436
5.481250,-6.700655,-3.903579,4.643857,-22.255323,-4.586493,-24.745377
5.487500,-24.158409,-3.907788,2.876389,-21.928686,-2.502299,-24.289721
5.493750,-40.811222,-3.913709,1.410433,-21.557468,-1.634859,-23.769627
5.500000,-56.157696,-3.919933,0.085080,-21.170992,-0.242116,-23.231670
5.506250,-69.765312,-3.925295,-1.192210,-20.794834,1.397459,-22.713923
5.512500,-81.299744,-3.930181,-2.457254,-20.450180,3.011648,-22.250443
5.518750,-90.531624,-3.935666,-3.730753,-20.151173,4.303862,-21.871044
5.525000,-97.336540,-3.941332,-4.725351,-19.895199,6.813734,-21.538586
5.531250,-101.707207,-3.946040,-5.175985,-19.663433,8.255934,-21.290751
5.537500,-103.766464,-3.949456,-5.334708,-19.513412,8.536595,-21.167253
5.543750,-103.757034,-3.952076,-5.451562,-19.439531,8.259953,-21.155157
5.550000,-102.022667,-3.954027,-5.457131,-19.434946,7.474295,-21.239571
5.556250,-98.988197,-3.955040,-5.541503,-19.500320,6.208953,-21.396999
5.562500,-95.146301,-3.954978,-5.892648,-19.639580,4.660556,-21.659843
5.568750,-91.033073,-3.954098,-6.680902,-19.855844,3.309322,-22.000595
5.575000,-85.026772,-3.952281,-5.831245,-20.139509,2.439800,-22.375519
5.581250,-79.023857,-3.949521,-6.642799,-20.476292,2.029860,-22.785009
5.587500,-73.026382,-3.946359,-7.102010,-20.859653,2.411424,-23.216986
5.593750,-67.037407,-3.943300,-7.363592,-21.280827,2.090649,-23.651283
5.600000,-61.055702,-3.940289,-7.568030,-21.730524,3.028246,-24.069941
5.606250,-55.078999,-3.937443,-7.837490,-22.199785,4.866006,-24.483088
5.612500,-49.108791,-3.935272,-8.246120,-22.668554,7.344694,-24.855167
5.618750,-43.144676,-3.933877,-8.825425,-23.115887,10.180259,-25.179300
5.625000,-37.180984,-3.932447,-9.656314,-23.529863,12.932828,-25.456560
5.631250,-31.217264,-3.930699,-10.800032,-23.900652,15.247174,-25.690199
5.637500,-25.260450,-3.929846,-11.983697,-24.216946,16.818579,-25.885536
5.643750,-19.314030,-3.931009,-12.916060,-24.468611,17.354816,-26.053356
5.650000,-13.370331,-3.933239,-13.575712,-24.642105,16.496267,-26.158270
5.656250,-7.420788,-3.935275,-13.944530,-24.722088,13.877668,-26.173615
5.662500,-1.467314,-3.937365,-14.064184,-24.702150,11.315703,-26.115805
5.668750,4.479627,-3.940658,-14.054259,-24.590576,6.667415,-26.037540
5.675000,10.421195,-3.945563,-14.030915,-24.396387,2.566190,-25.923809
5.681250,16.365765,-3.951148,-14.054033,-24.127598,-1.932136,-25.770245
5.687500,22.317015,-3.956650,-14.203347,-23.795010,-6.004068,-25.574078
5.693750,28.271952,-3.962347,-14.581402,-23.418055,-8.853840,-25.333206
5.700000,34.227982,-3.968351,-15.329499,-23.031748,-9.732209,-25.039597
5.706250,40.185211,-3.974660,-14.448820,-22.665627,-10.013783,-24.713680
5.712500,46.144379,-3.981508,-13.886982,-22.269360,-9.247686,-24.385345
5.718750,52.105236,-3.989094,-13.094254,-21.906067,-5.988019,-24.059238
5.725000,58.072765,-3.996665,-11.764771,-21.610867,-0.945854,-23.757526
5.731250,64.052437,-4.002988,-9.812458,-21.397429,5.231012,-23.502439
5.737500,70.041031,-4.007993,-7.218744,-21.267233,11.795263,-23.271257
5.743750,76.030045,-4.012599,-4.044803,-21.211283,19.859224,-23.047640
5.750000,82.018517,-4.016887,-0.421148,-21.213760,27.138096,-22.876637
5.756250,88.009926,-4.020137,3.421951,-21.265816,33.121235,-22.786097
5.762500,94.006203,-4.022092,9.341393,-21.363586,37.772949,-22.760008
5.768750,98.105576,-4.023441,13.854425,-21.488632,40.853928,-22.785833
5.775000,101.925941,-4.024740,18.862616,-21.618366,44.276947,-22.851690
5.781250,104.937607,-4.025753,24.022758,-21.731209,46.477421,-22.949718
5.787500,106.650070,-4.026265,28.942507,-21.808697,47.811901,-23.077906
5.793750,106.633484,-4.026869,33.207417,-21.842358,46.983742,-23.184296
5.800000,104.544937,-4.028092,36.420315,-21.825727,45.830589,-23.290749
5.806250,100.149277,-4.029959,38.277752,-21.752386,44.223015,-23.390842
5.812500,93.328270,-4.032146,38.527218,-21.622360,42.155518,-23.469681
5.818750,84.083054,-4.034535,39.155697,-21.439548,39.644672,-23.507023
5.825000,72.534439,-4.037223,38.718025,-21.210888,36.772625,-23.475946
5.831250,58.916908,-4.041018,37.694843,-20.952377,33.778915,-23.401550
5.837500,43.571758,-4.046394,34.694027,-20.687244,31.041039,-23.302158
5.843750,26.930565,-4.053023,31.869345,-20.443182,26.541704,-23.162395
5.850000,9.495068,-4.059437,29.258158,-20.225279,22.023066,-22.972883
5.856250,-8.198997,-4.064208,27.008093,-20.034826,17.229733,-22.759583
5.862500,-25.612345,-4.067595,24.942438,-19.902517,12.009932,-22.547655
5.868750,-42.221935,-4.070988,23.017967,-19.847670,6.327918,-22.363794
5.875000,-57.538116,-4.074703,21.288166,-19.871181,0.183037,-22.229824
5.881250,-71.126808,-4.077948,19.869122,-19.948126,-6.433834,-22.147778
5.887500,-82.644249,-4.080128,18.904104,-20.054247,-13.724342,-22.095926
5.893750,-91.857384,-4.081542,17.121262,-20.253870,-19.603649,-22.099007
5.900000,-98.647766,-4.082263,16.154070,-20.505430,-25.379051,-22.163132
5.906250,-103.016243,-4.082294,15.557851,-20.792488,-30.587049,-22.273767
5.912500,-105.085136,-4.082089,15.076184,-21.111208,-34.842175,-22.407209
5.918750,-105.094154,-4.082080,14.486720,-21.470240,-37.693668,-22.576582
5.925000,-103.380478,-4.081855,13.681454,-21.842815,-40.851795,-22.768917
5.931250,-100.367966,-4.080795,12.710128,-22.213268,-42.800053,-22.958967
5.937500,-96.552254,-4.079506,11.287169,-22.597162,-43.885216,-23.139395
5.943750,-92.473183,-4.079159,7.459104,-22.993481,-44.392933,-23.305580
5.950000,-86.505630,-4.079736,5.084709,-23.392847,-44.549507,-23.452896
5.956250,-80.536186,-4.080113,2.345551,-23.782413,-44.578117,-23.579439
5.962500,-74.563423,-4.080090,-0.659536,-24.144699,-44.701237,-23.690407
5.968750,-68.594070,-4.080577,-3.831810,-24.463110,-45.175270,-23.735041
5.975000,-62.629578,-4.081701,-7.087685,-24.722969,-43.566689,-23.748545
5.981250,-56.663467,-4.082413,-10.337433,-24.912884,-42.161648,-23.745815
5.987500,-50.695110,-4.082516,-13.503907,-25.026182,-40.340103,-23.732702
5.993750,-44.733360,-4.083498,-16.498127,-25.057062,-37.694866,-23.713726
6.000000,-38.780281,-4.086246,-19.229261,-25.003742,-33.880920,-23.692646
6.006250,-32.827908,-4.089825,-21.626205,-24.867584,-28.636911,-23.673605
6.012500,-26.867737,-4.093020,-23.611032,-24.649809,-21.784609,-23.660192
6.018750,-20.903740,-4.096302,-24.866383,-24.354053,-13.299902,-23.649677
6.025000,-14.941446,-4.100323,-25.124098,-23.979837,-3.495669,-23.614424
6.031250,-8.978514,-4.104815,-24.490614,-23.555721,7.292742,-23.588758
6.037500,-3.010137,-4.109184,-23.294718,-23.123383,18.919144,-23.585752
6.043750,2.963046,-4.113552,-21.557404,-22.695349,30.970434,-23.610313
6.050000,8.937312,-4.118148,-19.451838,-22.298206,42.898922,-23.664555
6.056250,14.915664,-4.122501,-17.225971,-21.961464,54.175503,-23.737654
6.062500,20.899921,-4.126094,-15.065125,-21.702070,64.471687,-23.799408
6.068750,26.886814,-4.129318,-13.117314,-21.528650,73.570282,-23.887751
6.075000,32.872856,-4.132479,-11.312530,-21.453005,81.088753,-24.005621
6.081250,38.861736,-4.134938,-9.564304,-21.481455,86.805061,-24.147264
6.087500,44.855423,-4.135925,-7.993412,-21.605417,90.747742,-24.309336
6.093750,50.847660,-4.136119,-6.678878,-21.798761,93.056366,-24.493029
6.100000,56.831341,-4.136718,-5.691693,-22.019535,93.884949,-24.684372
6.106250,62.807697,-4.137953,-5.206005,-22.262138,93.145004,-24.843731
6.112500,68.782875,-4.139163,-5.533122,-22.514223,91.203491,-24.991693
6.118750,74.758644,-4.140177,-6.607923,-22.738882,88.427216,-25.128910
6.125000,80.732452,-4.141388,-6.314914,-22.910946,85.021713,-25.247004
6.131250,86.701843,-4.143120,-6.101559,-23.015665,81.146538,-25.335239
6.137500,92.669907,-4.145485,-5.524972,-23.046711,76.966423,-25.376709
6.143750,96.742264,-4.148456,-6.045681,-23.004969,72.675697,-25.332125
6.150000,100.543251,-4.151803,-5.643653,-22.897747,68.509903,-25.218922
6.156250,103.542549,-4.154920,-4.457741,-22.723467,63.680527,-25.066557
6.162500,105.247734,-4.157726,-2.688178,-22.495745,59.075798,-24.855259
6.168750,105.227715,-4.160753,-0.638311,-22.239153,54.597786,-24.595076
6.175000,103.140663,-4.164435,1.461449,-21.973032,50.259151,-24.299448
6.181250,98.752609,-4.168144,3.407947,-21.716864,46.105293,-23.984291
6.187500,91.947441,-4.171122,5.014737,-21.485298,42.198132,-23.663254
6.193750,82.721664,-4.173435,6.121658,-21.290995,38.623768,-23.349218
6.200000,71.192177,-4.175675,8.745992,-21.147688,35.501442,-23.097118
6.206250,57.595325,-4.177823,11.414446,-21.064087,33.287868,-22.853291
6.212500,42.274292,-4.179587,12.673635,-21.043581,30.816387,-22.663416
6.218750,25.654863,-4.181201,14.582825,-21.075167,29.177168,-22.556170
6.225000,8.227520,-4.182992,16.934334,-21.161680,28.183546,-22.548981
6.231250,-9.474236,-4.184816,19.444019,-21.304600,27.668816,-22.693441
6.237500,-26.901964,-4.186419,21.905741,-21.493410,27.526058,-22.864756
6.243750,-43.522823,-4.187724,24.095810,-21.721077,27.996525,-23.128147
6.250000,-58.846050,-4.188826,25.745054,-21.986433,28.217995,-23.494797
6.256250,-72.444489,-4.189507,28.842960,-22.275772,28.247551,-23.947884
6.262500,-83.978760,-4.189900,30.006315,-22.573465,28.060101,-24.462126
6.268750,-93.213470,-4.190469,31.216286,-22.870178,27.613512,-25.006582
6.275000,-100.027573,-4.191264,32.282471,-23.157452,26.898945,-25.539583
6.281250,-104.416534,-4.191499,33.044598,-23.425468,26.029379,-26.025183
6.287500,-106.501801,-4.190980,33.400967,-23.657568,25.514242,-26.461386
6.293750,-106.527191,-4.190958,33.254417,-23.844288,25.377356,-26.813913
6.300000,-104.837303,-4.192395,32.486813,-23.983908,23.778271,-27.062119
6.306250,-101.852051,-4.194695,31.056038,-24.073042,22.631674,-27.190964
6.312500,-98.055466,-4.196622,28.981438,-24.106953,21.724743,-27.189589
6.318750,-93.982658,-4.198182,26.329233,-24.077005,20.847536,-27.051342
6.325000,-88.019928,-4.200585,25.344896,-23.974752,19.774038,-26.775305
6.331250,-82.063370,-4.204499,22.833775,-23.797548,18.228514,-26.382538
6.337500,-76.106255,-4.209348,20.913479,-23.565750,15.851795,-25.933964
6.343750,-70.144348,-4.214633,19.511734,-23.298475,14.256678,-25.444616
6.350000,-64.177795,-4.220367,18.659960,-22.994774,11.015131,-24.894188
6.356250,-58.206738,-4.226206,18.338722,-22.662649,6.933894,-24.359064
6.362500,-52.228401,-4.231588,18.341675,-22.329308,2.205027,-23.887959
6.368750,-46.245178,-4.236386,18.499613,-22.020864,-3.072057,-23.516758
6.375000,-40.260307,-4.241075,18.700264,-21.759251,-8.815088,-23.267673
6.381250,-34.274696,-4.245515,18.848892,-21.559513,-15.006602,-23.083315
6.387500,-28.285406,-4.249343,18.853043,-21.437881,-21.892874,-23.057804
6.393750,-22.293829,-4.252398,20.743666,-21.444744,-27.791262,-23.183807
6.400000,-16.301403,-4.254880,21.259054,-21.499498,-33.526695,-23.443933
6.406250,-10.309772,-4.256675,22.675293,-21.644888,-38.754635,-23.801706
6.412500,-4.317927,-4.257631,24.468363,-21.889851,-43.146381,-24.151825
6.418750,1.671112,-4.258274,26.563423,-22.227097,-46.633308,-24.587605
6.425000,7.654147,-4.259267,28.823374,-22.643290,-49.821796,-25.055384
6.431250,13.634608,-4.260227,31.098518,-23.115107,-52.063560,-25.509882
6.437500,19.616693,-4.260371,33.229622,-23.616722,-53.410961,-25.917429
6.443750,25.598263,-4.259868,35.306187,-24.120680,-53.981281,-26.251488
6.450000,31.572863,-4.259971,37.427967,-24.591930,-53.922707,-26.486595
6.456250,37.539371,-4.261119,39.399326,-24.998056,-53.426712,-26.604336
6.462500,43.504223,-4.262823,40.983273,-25.314690,-52.775719,-26.615829
6.468750,49.471565,-4.264468,41.914658,-25.532368,-52.341091,-26.586855
6.475000,55.440052,-4.266219,41.968048,-25.648184,-51.996696,-26.404760
6.481250,61.408817,-4.268073,41.036766,-25.656624,-49.821121,-26.145967
6.487500,67.377510,-4.269854,39.057728,-25.561087,-47.611809,-25.849661
6.493750,73.345612,-4.272007,35.969475,-25.381260,-44.916309,-25.548618
6.500000,79.310959,-4.274969,31.780802,-25.144230,-41.270672,-25.269833
6.506250,85.277794,-4.278308,26.627697,-24.874056,-38.089413,-25.021463
6.512500,91.250023,-4.281093,21.032238,-24.583317,-33.283504,-24.798103
6.518750,95.331390,-4.283475,15.509434,-24.290422,-27.096287,-24.585402
6.525000,99.137993,-4.286321,10.239793,-24.015747,-21.913729,-24.399027
6.531250,102.137344,-4.289706,5.400290,-23.788105,-15.864147,-24.297009
6.537500,103.843597,-4.292647,1.140413,-23.629850,-10.038101,-24.244932
6.543750,103.830879,-4.294590,-2.289131,-23.541019,-4.978048,-24.226740
6.550000,101.752411,-4.296281,-4.712997,-23.517992,-1.084604,-24.231546
6.556250,97.367500,-4.298329,-6.059770,-23.553585,1.323568,-24.258312
6.562500,90.557289,-4.300288,-6.309837,-23.633020,2.061679,-24.300518
6.568750,81.325081,-4.301709,-5.493329,-23.729986,2.545124,-24.317450
6.575000,69.790184,-4.302901,-5.588329,-23.775835,1.464047,-24.334782
6.581250,56.185764,-4.304259,-3.145969,-23.859165,-0.682910,-24.351126
6.587500,40.853714,-4.305746,-0.627044,-23.945745,-3.409383,-24.371897
6.593750,24.222563,-4.307374,2.130555,-24.012007,-6.218110,-24.399321
6.600000,6.783769,-4.309404,4.846567,-24.048315,-10.382383,-24.421249
6.606250,-10.928919,-4.311562,7.198307,-24.057875,-13.773317,-24.440840
6.612500,-28.367414,-4.313370,8.917315,-24.046165,-16.476957,-24.460835
6.618750,-44.999928,-4.314978,9.809749,-24.019127,-18.566738,-24.482664
6.625000,-60.339336,-4.317397,11.917526,-23.978666,-20.125483,-24.504679
6.631250,-73.959740,-4.321006,11.919745,-23.926031,-21.247200,-24.522619
6.637500,-85.513885,-4.325116,11.896935,-23.863071,-22.055931,-24.531013
6.643750,-94.759819,-4.329035,11.774505,-23.788343,-22.680038,-24.515345
6.650000,-101.578484,-4.333049,11.476007,-23.701794,-23.259497,-24.440708
6.656250,-105.972519,-4.337431,10.927939,-23.600855,-24.234182,-24.362871
6.662500,-108.062515,-4.341752,10.098265,-23.472317,-25.578461,-24.248236
6.668750,-108.082581,-4.345603,8.912916,-23.315638,-27.582939,-24.105240
6.675000,-106.375854,-4.349246,7.262885,-23.130323,-30.425251,-23.935612
6.681250,-103.373215,-4.353397,5.115526,-22.912153,-34.234589,-23.739170
6.687500,-99.565773,-4.358001,2.419207,-22.663212,-37.007881,-23.531128
6.693750,-95.480957,-4.362519,1.262165,-22.398048,-40.292034,-23.332384
6.700000,-89.495888,-4.366527,0.240847,-22.130590,-43.641964,-23.151575
6.706250,-83.505981,-4.369839,-0.133866,-21.880007,-46.644516,-22.999567
6.712500,-77.513687,-4.372491,-1.329435,-21.698898,-48.938332,-22.892643
6.718750,-71.521065,-4.374657,-1.399936,-21.534758,-50.217453,-22.848660
6.725000,-65.530411,-4.376930,0.287513,-21.406565,-50.214073,-22.866865
6.731250,-59.540367,-4.379352,2.579547,-21.360411,-48.723236,-22.938978
6.737500,-53.547668,-4.381196,5.339896,-21.413647,-45.713619,-23.044687
6.743750,-47.550571,-4.382041,8.407273,-21.566856,-41.112625,-23.182621
6.750000,-41.553070,-4.382143,11.570678,-21.814407,-36.411484,-23.404057
6.756250,-35.559113,-4.382128,16.744354,-22.149254,-30.603659,-23.661606
6.762500,-29.568720,-4.381991,20.416418,-22.565500,-24.193842,-23.925230
6.768750,-23.580471,-4.381766,24.480501,-23.027365,-17.629700,-24.168264
6.775000,-17.593801,-4.381385,28.728479,-23.501007,-11.392179,-24.374800
6.781250,-11.608040,-4.380699,32.760387,-23.978317,-3.832456,-24.539795
6.787500,-5.624084,-4.379457,36.177422,-24.446972,3.286640,-24.652126
6.793750,0.356548,-4.378093,38.721943,-24.890226,10.122000,-24.705305
6.800000,6.328863,-4.377602,40.189102,-25.290936,16.832842,-24.697144
6.806250,12.294207,-4.378173,40.422375,-25.633682,23.592785,-24.628061
6.812500,18.259033,-4.379148,41.492630,-25.905954,30.579287,-24.501812
6.818750,24.227224,-4.380039,42.002640,-26.098812,37.968521,-24.324156
6.825000,30.194899,-4.381214,40.583485,-26.207054,44.029049,-24.099567
6.831250,36.159241,-4.383202,39.375320,-26.232304,50.528526,-23.813684
6.837500,42.122627,-4.385584,38.340397,-26.182022,56.956406,-23.522266
6.843750,48.088596,-4.388175,37.460720,-26.056791,62.646240,-23.243629
6.850000,54.055019,-4.391392,36.718575,-25.873240,67.317932,-23.008327
6.856250,60.020729,-4.395378,36.013527,-25.655405,70.563789,-22.871304
6.862500,65.990837,-4.399108,35.337215,-25.424723,72.035645,-22.797077
6.868750,71.969299,-4.401739,34.726494,-25.197496,72.680107,-22.783846
6.875000,77.949753,-4.403764,32.345531,-24.985029,71.432777,-22.866564
6.881250,83.924843,-4.406402,29.875973,-24.792936,68.662582,-23.049805
6.887500,89.895355,-4.409704,26.858131,-24.612400,64.803146,-23.319527
6.893750,95.868187,-4.412807,25.042662,-24.396774,60.321423,-23.647335
6.900000,99.951042,-4.415239,22.697300,-24.213898,55.684536,-23.999804
6.906250,103.761536,-4.417235,18.962154,-24.075563,51.341789,-24.354656
6.912500,106.763374,-4.419052,14.759806,-23.968721,47.728477,-24.690332
6.918750,108.463669,-4.420997,10.123290,-23.904285,43.482952,-24.971954
6.925000,108.434837,-4.423615,5.313589,-23.825960,40.681011,-25.169575
6.931250,106.336952,-4.427245,0.486611,-23.748672,39.094013,-25.266901
6.937500,101.937218,-4.431198,-6.336328,-23.679457,38.419342,-25.255342
6.943750,95.118614,-4.434867,-11.187450,-23.611624,38.330048,-25.134649
6.950000,85.880066,-4.438214,-15.802285,-23.538836,38.466228,-24.913607
6.956250,74.337730,-4.441828,-20.132917,-23.476917,38.429848,-24.624552
6.962500,60.729847,-4.445426,-24.060322,-23.417351,37.776314,-24.329342
6.968750,45.400246,-4.448588,-27.408936,-23.346111,37.611027,-23.941425
6.975000,28.773455,-4.451614,-30.117931,-23.254084,36.046394,-23.540960
6.981250,11.338361,-4.455169,-32.207191,-23.138300,33.415764,-23.169441
6.987500,-6.370416,-4.459155,-33.731598,-23.000170,29.752560,-22.853214
6.993750,-23.800303,-4.462387,-34.775871,-22.844187,25.091789,-22.610512
7.000000,-40.418232,-4.464412,-35.422787,-22.671730,19.489378,-22.448990
7.006250,-55.739021,-4.466023,-33.593090,-22.481413,15.198585,-22.363819
7.012500,-69.340614,-4.468089,-30.767385,-22.267975,10.921582,-22.345438
7.018750,-80.880547,-4.470812,-28.507168,-22.027000,7.094637,-22.417776
7.025000,-90.117081,-4.473703,-25.048485,-21.792168,4.083046,-22.576050
7.031250,-96.925919,-4.476487,-20.896315,-21.609142,2.373330,-22.795156
7.037500,-101.307732,-4.479090,-16.380505,-21.443071,2.269566,-23.027712
7.043750,-103.385109,-4.481596,-11.339321,-21.282736,4.094136,-23.294468
7.050000,-103.396622,-4.484353,-6.901433,-21.180536,6.761860,-23.603493
7.056250,-101.682655,-4.487480,-1.275384,-21.164696,10.911049,-23.940683
7.062500,-98.666870,-4.490303,3.890780,-21.254843,16.096371,-24.303185
7.068750,-94.838585,-4.492210,6.996682,-21.459402,21.927118,-24.686935
7.075000,-90.733345,-4.493191,9.985147,-21.778305,28.003061,-25.089996
7.081250,-84.735207,-4.494005,12.633840,-22.201948,33.933815,-25.508898
7.087500,-78.739937,-4.494678,14.742603,-22.711441,39.396141,-25.921640
7.093750,-72.743835,-4.494687,16.126141,-23.276585,42.251869,-26.299782
7.100000,-66.746590,-4.493793,16.631359,-23.851236,45.896049,-26.643774
7.106250,-60.751999,-4.492334,15.943026,-24.464752,48.111160,-26.956358
7.112500,-54.763569,-4.490719,13.887836,-25.081484,48.773758,-27.229988
7.118750,-48.780949,-4.489186,12.815343,-25.667746,47.888680,-27.451990
7.125000,-42.803547,-4.487766,11.346837,-26.209610,45.523453,-27.609118
7.131250,-36.830860,-4.486503,9.996069,-26.736155,41.832966,-27.682529
7.137500,-30.861616,-4.485245,9.150804,-27.131735,37.058708,-27.641037
7.143750,-24.896063,-4.483957,8.571871,-27.418938,31.536415,-27.427740
7.150000,-18.936913,-4.483427,9.215731,-27.619881,23.951235,-27.152975
7.156250,-12.985870,-4.484508,11.113983,-27.745728,16.101255,-26.783234
7.162500,-7.036910,-4.486695,14.205197,-27.801800,7.846869,-26.320448
7.168750,-1.082159,-4.488719,18.375698,-27.790525,-0.605497,-25.781502
7.175000,4.879212,-4.490169,23.432510,-27.716417,-9.007022,-25.194063
7.181250,10.840232,-4.491800,29.115879,-27.586107,-17.086304,-24.594353
7.187500,16.797775,-4.494447,35.128002,-27.409269,-24.587139,-24.036781
7.193750,22.756578,-4.497443,39.249905,-27.196135,-31.382944,-23.504347
7.200000,28.721533,-4.500048,44.969704,-26.954155,-37.624462,-23.013496
7.206250,34.690601,-4.502471,50.110989,-26.685787,-42.798588,-22.609657
7.212500,40.660042,-4.505099,54.438122,-26.366142,-46.829197,-22.312880
7.218750,46.630566,-4.507852,57.739014,-26.041384,-49.762959,-22.126007
7.225000,52.603828,-4.510583,59.166702,-25.746773,-51.806454,-22.059916
7.231250,58.578766,-4.513602,59.201443,-25.460043,-53.269352,-22.109728
7.237500,64.554443,-4.516949,57.732029,-25.184233,-54.278149,-22.257778
7.243750,70.534622,-4.519938,54.708427,-24.923059,-55.058376,-22.483788
7.250000,76.520157,-4.522053,50.472298,-24.680456,-55.831242,-22.762146
7.256250,82.506447,-4.523662,45.408016,-24.460978,-56.813694,-23.061842
7.262500,88.488327,-4.525645,39.680424,-24.266815,-58.220444,-23.345982
7.268750,94.465698,-4.528260,33.479893,-24.100883,-60.311241,-23.598007
7.275000,98.547882,-4.531321,27.019016,-23.965044,-61.249702,-23.819290
7.281250,102.358994,-4.534456,20.526169,-23.861296,-62.482594,-23.983835
7.287500,105.366585,-4.537402,14.243082,-23.785030,-63.506985,-24.062443
7.293750,107.078651,-4.539797,8.454510,-23.715031,-63.990864,-24.051283
7.300000,107.067810,-4.541303,3.323224,-23.646626,-63.685795,-23.956417
7.306250,104.990494,-4.542273,-1.037313,-23.568310,-62.327164,-23.787006
7.312500,100.603691,-4.543498,-4.467031,-23.415794,-59.689304,-23.556034
7.318750,93.785805,-4.545574,-8.571449,-23.282951,-55.629337,-23.283749
7.325000,84.539810,-4.548518,-10.801565,-23.147886,-50.111641,-22.998711
7.331250,72.992821,-4.551908,-12.103682,-22.994648,-43.186039,-22.735432
7.337500,59.385235,-4.554955,-12.725533,-22.826311,-35.023560,-22.524130
7.343750,44.057655,-4.557280,-12.889388,-22.651007,-26.008224,-22.369129
7.350000,27.433802,-4.559023,-12.763861,-22.463238,-16.561703,-22.307316
7.356250,10.000589,-4.561133,-12.575657,-22.277681,-7.072604,-22.355825
7.362500,-7.709640,-4.564071,-12.622391,-22.115196,1.768905,-22.492594
7.368750,-25.146149,-4.567235,-13.094393,-21.989693,9.463888,-22.699482
7.375000,-41.772064,-4.570003,-11.943527,-21.907125,17.557499,-23.015852
7.381250,-57.096123,-4.572320,-10.634971,-21.869223,24.344421,-23.439283
7.387500,-70.693733,-4.574314,-8.771176,-21.874121,29.643236,-23.923548
7.393750,-82.227058,-4.576422,-7.904778,-21.917601,31.801933,-24.425707
7.400000,-91.459824,-4.578827,-6.170386,-22.002392,32.787006,-24.905071
7.406250,-98.268227,-4.581500,-4.033248,-22.135355,32.411579,-25.336966
7.412500,-102.649765,-4.583847,-2.155716,-22.286486,30.525585,-25.703592
7.418750,-104.724808,-4.585405,0.827907,-22.463541,27.146286,-25.981213
7.425000,-104.734009,-4.586501,2.887545,-22.677853,22.354635,-26.153820
7.431250,-103.023056,-4.588163,6.122657,-22.935928,16.258547,-26.216505
7.437500,-100.019173,-4.590748,7.188707,-23.239725,9.032482,-26.170605
7.443750,-96.208351,-4.593485,8.132816,-23.589642,0.932013,-26.023232
7.450000,-92.118462,-4.595784,8.841953,-23.984156,-7.730926,-25.782549
7.456250,-86.131081,-4.597642,9.209302,-24.417484,-16.568083,-25.449276
7.462500,-80.143265,-4.599403,9.171659,-24.868797,-25.235840,-25.042171
7.468750,-74.154671,-4.600758,8.651988,-25.324171,-33.499058,-24.602451
7.475000,-68.163506,-4.601354,7.447750,-25.800970,-41.033089,-24.160120
7.481250,-62.172562,-4.601483,5.495557,-26.299490,-47.444328,-23.742424
7.487500,-56.185497,-4.601504,2.902225,-26.807302,-52.400787,-23.371883
7.493750,-50.199455,-4.601046,-0.168455,-27.302959,-55.601379,-23.060556
7.500000,-44.213173,-4.599720,-3.310543,-27.771542,-56.823006,-22.816099
7.506250,-38.229881,-4.598040,-6.144755,-28.199476,-55.963493,-22.644241
7.512500,-32.255203,-4.596850,-8.526928,-28.570663,-54.862297,-22.537907
7.518750,-26.287203,-4.596112,-10.312192,-28.861887,-51.834831,-22.480278
7.525000,-20.321074,-4.595266,-11.387245,-29.051840,-47.258469,-22.476917
7.531250,-14.357728,-4.594563,-11.785547,-29.147604,-41.580078,-22.498892
7.537500,-8.400742,-4.594726,-11.523460,-29.143560,-35.343578,-22.525602
7.543750,-2.449918,-4.595991,-10.558537,-29.035818,-28.783251,-22.569626
7.550000,3.499656,-4.597925,-8.970095,-28.833122,-22.258060,-22.609987
7.556250,9.450665,-4.600363,-6.863497,-28.546930,-18.180872,-22.615479
7.562500,15.401529,-4.603656,-4.309831,-28.178814,-15.386556,-22.587587
7.568750,21.351997,-4.607924,-3.338617,-27.747513,-14.536372,-22.537191
7.575000,27.307257,-4.612411,-0.355135,-27.276604,-13.893598,-22.477453
7.581250,33.270496,-4.616423,2.633722,-26.780809,-15.096003,-22.427015
7.587500,39.238850,-4.619864,5.656983,-26.271030,-17.757002,-22.407948
7.593750,45.209103,-4.622962,8.959035,-25.795471,-21.297087,-22.397606
7.600000,51.179829,-4.625655,10.556047,-25.360498,-25.071201,-22.405359
7.606250,57.150604,-4.628184,11.859874,-24.963860,-28.712048,-22.450735
7.612500,63.119217,-4.631026,12.563109,-24.609943,-31.639042,-22.539949
7.618750,69.087257,-4.634116,14.617373,-24.301466,-33.263420,-22.668282
7.625000,75.058266,-4.636684,14.652921,-24.035967,-33.081940,-22.825911
7.631250,81.032509,-4.638476,14.710748,-23.805954,-30.726112,-23.004328
7.637500,87.005646,-4.640188,14.679180,-23.597134,-26.003319,-23.205233
7.643750,92.972687,-4.642487,14.393373,-23.407150,-18.860256,-23.443909
7.650000,97.042137,-4.645515,13.660666,-23.236992,-9.376571,-23.742693
7.656250,100.838867,-4.648888,12.390201,-23.072634,1.483091,-23.982155
7.662500,103.831528,-4.652627,10.529322,-22.894682,13.841906,-24.222771
7.668750,105.526634,-4.657038,7.974761,-22.690044,26.999805,-24.472601
7.675000,105.498772,-4.662201,4.538075,-22.468689,39.983837,-24.737648
7.681250,103.410385,-4.667239,2.252156,-22.241400,51.770947,-25.023550
7.687500,99.027725,-4.671628,-0.242377,-22.016560,61.430805,-25.328571
7.693750,92.225555,-4.675193,-2.410742,-21.803770,70.254402,-25.649075
7.700000,82.999184,-4.678546,-5.642189,-21.616386,76.059273,-25.980030
7.706250,71.468452,-4.681906,-7.855345,-21.473623,78.649818,-26.317766
7.712500,57.872112,-4.685118,-9.163314,-21.391745,77.959389,-26.657497
7.718750,42.552135,-4.687856,-9.636603,-21.361994,74.087570,-26.989893
7.725000,25.936161,-4.689924,-9.400951,-21.384130,67.295937,-27.288420
7.731250,8.514289,-4.691330,-8.759366,-21.463203,57.964386,-27.533230
7.737500,-9.184739,-4.692519,-7.958601,-21.597565,46.402298,-27.736513
7.743750,-26.615269,-4.693808,-7.292182,-21.796654,33.142647,-27.890089
7.750000,-43.243908,-4.695586,-4.841788,-22.050764,18.930220,-27.976349
7.756250,-58.577732,-4.697717,-2.138877,-22.340254,4.492043,-27.977497
7.762500,-72.186165,-4.699870,1.085933,-22.644775,-9.459493,-27.871399
7.768750,-83.727318,-4.701767,4.998970,-22.945107,-22.250391,-27.633123
7.775000,-92.966965,-4.703782,9.647813,-23.226027,-33.422543,-27.294254
7.781250,-99.785599,-4.706709,14.968521,-23.473650,-42.656799,-26.865971
7.787500,-104.182510,-4.710848,20.841728,-23.682119,-49.416248,-26.352028
7.793750,-106.272461,-4.715138,27.124187,-23.850267,-53.475159,-25.769733
7.800000,-106.287155,-4.718564,33.624184,-23.978813,-54.768433,-25.146463
7.806250,-104.571159,-4.721251,40.332855,-24.074360,-53.371494,-24.518457
7.812500,-101.558014,-4.724040,47.204292,-24.144564,-49.450153,-23.918308
7.818750,-97.741142,-4.727148,53.918530,-24.193649,-43.159607,-23.342001
7.825000,-93.648239,-4.729937,60.171448,-24.223955,-36.697483,-22.790001
7.831250,-87.656570,-4.731968,65.639740,-24.239649,-28.954395,-22.249706
7.837500,-81.663315,-4.733679,70.021881,-24.248463,-20.029606,-21.853848
7.843750,-75.671043,-4.735291,73.029427,-24.268120,-11.209026,-21.558840
7.850000,-69.677338,-4.736376,74.478264,-24.314636,-3.132205,-21.358074
7.856250,-63.681118,-4.736559,74.310783,-24.397549,3.791735,-21.249355
7.862500,-57.684628,-4.736285,72.570229,-24.518492,9.270447,-21.222898
7.868750,-51.692165,-4.735781,69.398628,-24.663940,13.113444,-21.268225
7.875000,-45.700157,-4.734819,63.067623,-24.828316,15.209311,-21.376303
7.881250,-39.706741,-4.732645,57.527962,-25.007776,15.626408,-21.536777
7.887500,-33.715912,-4.729604,51.160160,-25.187611,14.585402,-21.733219
7.893750,-27.733177,-4.726749,44.296856,-25.349218,12.421595,-21.944185
7.900000,-21.759550,-4.724495,37.205338,-25.498428,9.526615,-22.149160
7.906250,-15.792196,-4.722720,30.164389,-25.634609,6.293509,-22.344887
7.912500,-9.828476,-4.721494,23.618624,-25.746172,3.139623,-22.522398
7.918750,-3.868480,-4.721494,17.944801,-25.746172,0.618634,-22.522398
7.925000,-3.868480,-4.721494,17.944801,-25.746172,0.618634,-22.522398
7.931250,-3.868480,-4.721494,17.944801,-25.746172,0.618634,-22.522398
7.937500,-3.868480,-4.721494,17.944801,-25.746172,0.618634,-22.522398
7.943750,-3.868480,-4.721494,17.944801,-25.746172,0.618634,-22.522398
7.950000,-3.868480,-4.721494,17.944801,-25.746172,0.618634,-22.522398
7.956250,-3.868480,-4.721494,17.944801,-25.746172,0.618634,-22.522398
7.962500,-3.868480,-4.721494,17.944801,-25.746172,0.618634,-22.522398
7.968750,-3.868480,-4.721494,17.944801,-25.746172,0.618634,-22.522398
7.975000,-3.868480,-4.721494,17.944801,-25.746172,0.618634,-22.522398
7.981250,-3.868480,-4.721494,17.944801,-25.746172,0.618634,-22.522398
7.987500,-3.868480,-4.721494,17.944801,-25.746172,0.618634,-22.522398
7.993750,-3.868480,-4.721494,17.944801,-25.746172,0.618634,-22.522398
8.000000,-3.868480,-4.721494,17.944801,-25.746172,0.618634,-22.522398
