Anritsu VNA Frequency[GHz],S21[deg],S21[dB],S11[deg],S11[dB],S22[deg],S22[dB]
1338043187.73,2012_05_26_15:39:47,+178.18,+268.59,+274.33,+269.01,+274.96,+275.91,+271.10,+271.33,228.900009,-5.652
3.006250,69.608551,-2.994747,31.555180,-28.861341,-56.545509,-29.997307
3.012500,69.608551,-2.994747,31.555180,-28.861341,-56.545509,-29.997307
3.018750,69.608551,-2.994747,31.555180,-28.861341,-56.545509,-29.997307
3.025000,69.608551,-2.994747,31.555180,-28.861341,-56.545509,-29.997307
3.031250,69.608551,-2.994747,31.555180,-28.861341,-56.545509,-29.997307
3.037500,69.608551,-2.994747,31.555180,-28.861341,-56.545509,-29.997307
3.043750,69.608551,-2.994747,31.555180,-28.861341,-56.545509,-29.997307
3.050000,69.608551,-2.994747,31.555180,-28.861341,-56.545509,-29.997307
3.056250,69.608551,-2.994747,31.555180,-28.861341,-56.545509,-29.997307
3.062500,69.608551,-2.994747,31.555180,-28.861341,-56.545509,-29.997307
3.068750,69.608551,-2.994747,31.555180,-28.861341,-56.545509,-29.997307
3.075000,69.608551,-2.994747,31.555180,-28.861341,-56.545509,-29.997307
3.081250,69.608551,-2.994747,31.555180,-28.861341,-56.545509,-29.997307
3.087500,69.608551,-2.994747,31.555180,-28.861341,-56.545509,-29.997307
3.093750,69.608551,-2.997354,31.555180,-28.691143,-56.545509,-30.018484
3.100000,75.590919,-3.000449,24.822336,-28.499411,-57.533348,-29.962749
3.106250,81.572006,-3.004004,18.370981,-28.300526,-57.932766,-29.830309
3.112500,87.554680,-3.007728,10.886107,-28.114061,-57.493290,-29.621698
3.118750,93.538803,-3.011436,4.548796,-27.958450,-55.966236,-29.330391
3.125000,97.628365,-3.015239,-0.655952,-27.844337,-53.156902,-28.954678
3.131250,101.444176,-3.019224,-4.506417,-27.720657,-48.974991,-28.511475
3.137500,104.453682,-3.023422,-7.081018,-27.612650,-43.338539,-28.009764
3.143750,106.164200,-3.028074,-8.565309,-27.537951,-36.126278,-27.457071
3.150000,106.149452,-3.033113,-8.961412,-27.499874,-29.247324,-26.872105
3.156250,104.070518,-3.038175,-8.283196,-27.494465,-21.172297,-26.278975
3.162500,99.691216,-3.043047,-6.588788,-27.512636,-12.571407,-25.705618
3.168750,92.889236,-3.047757,-3.972829,-27.540154,-4.097511,-25.178759
3.175000,83.662773,-3.052581,-0.574185,-27.559160,3.629057,-24.728910
3.181250,72.133492,-3.057559,3.746999,-27.534077,10.062325,-24.381432
3.187500,58.539230,-3.062494,9.310923,-27.480028,14.966172,-24.073524
3.193750,43.221748,-3.067267,14.065275,-27.399481,18.046360,-23.800516
3.200000,26.607285,-3.071915,18.917471,-27.283773,19.106583,-23.629028
3.206250,9.188570,-3.076323,23.218946,-27.133760,18.346777,-23.554090
3.212500,-8.502085,-3.080441,26.463804,-26.955339,15.696469,-23.566072
3.218750,-25.919523,-3.084514,30.411249,-26.759073,11.446655,-23.669777
3.225000,-42.532188,-3.088630,33.398758,-26.554462,6.027914,-23.914488
3.231250,-57.846504,-3.092552,35.750771,-26.344759,-0.407976,-24.136450
3.237500,-71.433823,-3.096048,35.941906,-26.131264,-7.629157,-24.394512
3.243750,-82.956116,-3.099367,35.935463,-25.918325,-14.859646,-24.690195
3.250000,-92.178734,-3.103053,35.540253,-25.702530,-21.911442,-25.005802
3.256250,-98.979614,-3.107226,34.568638,-25.484577,-28.664438,-25.318506
3.262500,-103.354782,-3.111380,32.740917,-25.290407,-35.070423,-25.607716
3.268750,-105.424568,-3.115085,29.886181,-25.120461,-41.162350,-25.860868
3.275000,-105.428131,-3.118478,25.968992,-24.969746,-46.987354,-26.065226
3.281250,-103.709206,-3.122183,20.871555,-24.832973,-50.706085,-26.207170
3.287500,-100.695320,-3.126454,14.472709,-24.702003,-54.059669,-26.279327
3.293750,-96.875397,-3.131069,8.841940,-24.567204,-56.711445,-26.278477
3.300000,-92.780357,-3.135718,2.577761,-24.409624,-58.393246,-26.200108
3.306250,-86.787636,-3.140182,-3.855618,-24.213840,-58.897152,-26.046671
3.312500,-80.792824,-3.144493,-10.329874,-24.036371,-58.108875,-25.830551
3.318750,-74.797340,-3.148834,-16.474236,-23.864481,-56.036591,-25.573669
3.325000,-68.801102,-3.153214,-21.861008,-23.695244,-52.804440,-25.300114
3.331250,-62.802887,-3.157446,-26.296646,-23.534273,-46.397884,-25.026390
3.337500,-56.801582,-3.161187,-29.662878,-23.393425,-40.289047,-24.766090
3.343750,-50.797890,-3.164365,-31.917150,-23.289526,-32.652912,-24.531813
3.350000,-44.793690,-3.167163,-33.057228,-23.246773,-23.915249,-24.330978
3.356250,-38.789032,-3.169569,-33.150738,-23.334171,-14.558099,-24.159964
3.362500,-32.785145,-3.171619,-31.808966,-23.424320,-5.116987,-24.005856
3.368750,-26.781569,-3.173234,-28.769028,-23.602427,3.635075,-23.932037
3.375000,-20.778492,-3.174309,-24.728149,-23.895273,11.071793,-23.940060
3.381250,-14.776074,-3.174723,-19.781769,-24.298899,16.874407,-24.034986
3.387500,-8.776421,-3.174754,-14.095684,-24.795862,20.661409,-24.219051
3.393750,-2.781600,-3.174846,-7.909150,-25.360678,22.254265,-24.462915
3.400000,3.208239,-3.175245,-1.496552,-25.958916,21.542471,-24.743416
3.406250,9.195739,-3.175621,4.843311,-26.555214,18.476631,-24.981306
3.412500,15.182407,-3.175855,8.877442,-27.121187,13.626863,-25.315941
3.418750,21.165745,-3.176291,14.080798,-27.630829,7.755287,-25.671946
3.425000,27.144493,-3.177468,18.321777,-28.058865,1.115758,-26.018539
3.431250,33.120781,-3.179224,21.407959,-28.386099,-5.491817,-26.339094
3.437500,39.098976,-3.180955,23.212391,-28.601505,-11.213428,-26.624289
3.443750,45.078182,-3.182676,23.693510,-28.697918,-15.202319,-26.871269
3.450000,51.054844,-3.185159,22.963793,-28.656916,-16.583323,-27.045494
3.456250,57.029488,-3.188501,21.148535,-28.487551,-16.487801,-27.138288
3.462500,63.007565,-3.191984,18.386799,-28.213919,-15.058814,-27.157484
3.468750,68.991745,-3.194902,15.013687,-27.863411,-11.058745,-27.103270
3.475000,74.978088,-3.197488,11.475919,-27.466066,-5.161269,-26.975849
3.481250,80.962898,-3.200229,8.239060,-27.058416,1.900849,-26.783987
3.487500,86.945381,-3.203466,3.908106,-26.674337,9.354327,-26.535339
3.493750,92.927132,-3.207084,0.834368,-26.282532,16.433453,-26.232433
3.500000,97.015305,-3.210981,-1.083252,-25.923855,22.415331,-25.877928
3.506250,100.831993,-3.215046,-2.085645,-25.625193,26.637550,-25.481342
3.512500,103.845306,-3.218796,-2.204904,-25.397903,28.538208,-25.056761
3.518750,105.563026,-3.222177,-1.480051,-25.239355,29.877113,-24.617865
3.525000,105.553871,-3.225886,0.031476,-25.133841,29.051151,-24.174303
3.531250,103.474648,-3.230551,2.204902,-25.050453,26.449831,-23.736567
3.537500,99.091042,-3.236093,4.874876,-24.896679,22.527262,-23.314713
3.543750,92.287643,-3.241656,9.703492,-24.793203,17.774559,-22.923492
3.550000,83.065002,-3.246977,14.721023,-24.682171,12.652135,-22.593506
3.556250,71.541840,-3.252438,18.603464,-24.542906,7.530646,-22.303818
3.562500,57.953392,-3.258382,23.074965,-24.358347,2.542837,-22.026766
3.568750,42.643009,-3.264401,27.586506,-24.135956,-1.790328,-21.787718
3.575000,26.041866,-3.269825,31.525393,-23.896908,-5.448069,-21.627396
3.581250,8.641696,-3.274131,34.370739,-23.666763,-8.523858,-21.564333
3.587500,-9.028922,-3.277579,35.674721,-23.475483,-11.096957,-21.625303
3.593750,-26.427092,-3.280627,37.269398,-23.352825,-13.455173,-21.777201
3.600000,-43.019608,-3.283208,37.571411,-23.324144,-14.565559,-21.992189
3.606250,-58.311531,-3.284723,37.018551,-23.385040,-15.937713,-22.298449
3.612500,-71.876038,-3.284979,36.074871,-23.541849,-17.506453,-22.691820
3.618750,-83.377335,-3.284385,33.137859,-23.804111,-19.299229,-23.150507
3.625000,-92.580299,-3.283303,30.195692,-24.172867,-21.395210,-23.643818
3.631250,-99.362503,-3.281521,26.993723,-24.657934,-24.004078,-24.175360
3.637500,-103.723366,-3.279004,23.334391,-25.239540,-25.167738,-24.726461
3.643750,-105.787506,-3.276187,19.110886,-25.883411,-26.221096,-25.263660
3.650000,-105.794434,-3.273718,14.122545,-26.552486,-26.779446,-25.761946
3.656250,-104.083641,-3.271807,8.140499,-27.203701,-26.571095,-26.200209
3.662500,-101.079674,-3.270383,0.948550,-27.784523,-25.396761,-26.558983
3.668750,-97.273590,-3.269495,-5.508054,-28.242672,-23.136909,-26.824581
3.675000,-93.197952,-3.269388,-13.028072,-28.601656,-19.760397,-26.992691
3.681250,-87.230423,-3.270061,-21.268429,-28.826077,-15.347492,-27.068432
3.687500,-81.263702,-3.271294,-29.714371,-28.894836,-10.048381,-27.055973
3.693750,-75.297829,-3.273404,-38.040531,-28.805233,-4.065457,-26.960375
3.700000,-69.334442,-3.276800,-45.950058,-28.573463,2.323991,-26.791683
3.706250,-63.370419,-3.281227,-53.180481,-28.238329,8.805164,-26.565653
3.712500,-57.400017,-3.285845,-59.470497,-27.873178,15.075057,-26.298084
3.718750,-51.424049,-3.290389,-64.194229,-27.395159,20.882954,-25.997692
3.725000,-45.446384,-3.295363,-69.158737,-26.901529,26.026354,-25.666027
3.731250,-39.467289,-3.300934,-72.806000,-26.438475,30.332903,-25.297867
3.737500,-33.483406,-3.306558,-73.317307,-26.038258,33.795132,-24.935221
3.743750,-27.492393,-3.311666,-72.524361,-25.739094,36.801178,-24.628109
3.750000,-21.495960,-3.316295,-70.385498,-25.556227,39.310349,-24.381599
3.756250,-15.498138,-3.320460,-66.846588,-25.485220,41.623848,-24.196318
3.762500,-9.498547,-3.324262,-61.986340,-25.514732,42.427689,-24.033684
3.768750,-3.497483,-3.327648,-55.973644,-25.623199,43.743130,-23.873770
3.775000,2.503668,-3.330850,-49.031689,-25.780512,45.470921,-23.754385
3.781250,8.504076,-3.334023,-41.446861,-25.955057,46.087032,-23.709784
3.787500,14.504707,-3.336895,-35.489014,-26.138401,46.638618,-23.707628
3.793750,20.505632,-3.339336,-29.913992,-26.312019,46.808998,-23.733559
3.800000,26.505667,-3.341642,-23.277695,-26.451443,46.374390,-23.780279
3.806250,32.501705,-3.344238,-17.665586,-26.551735,45.194546,-23.842016
3.812500,38.495209,-3.347137,-13.136233,-26.565084,43.233204,-23.897078
3.818750,44.487305,-3.350167,-9.511265,-26.481272,40.560703,-23.922668
3.825000,50.477711,-3.353548,-7.034563,-26.325888,37.131340,-23.920612
3.831250,56.466911,-3.357373,-5.563762,-26.118076,33.016354,-23.892654
3.837500,62.456203,-3.361204,-4.799200,-25.874874,28.454538,-23.839787
3.843750,68.446899,-3.364898,-4.375478,-25.615240,23.761671,-23.769094
3.850000,74.437111,-3.368715,-3.867462,-25.354774,19.301949,-23.692574
3.856250,80.425194,-3.372860,-4.694534,-25.099176,15.511915,-23.591198
3.862500,86.413162,-3.376935,-4.785522,-24.856434,11.005787,-23.457417
3.868750,92.402733,-3.380723,-4.328261,-24.638655,7.595006,-23.310438
3.875000,96.495781,-3.384701,-3.494155,-24.452513,5.057319,-23.161139
3.881250,100.311127,-3.389706,-2.432684,-24.291838,3.222003,-23.012506
3.887500,103.319496,-3.395547,-1.268772,-24.129484,1.903857,-22.860405
3.893750,105.033531,-3.401252,-0.161299,-23.899801,0.864706,-22.699671
3.900000,105.028183,-3.406529,0.263896,-23.709946,-0.196382,-22.531076
3.906250,102.956970,-3.412162,1.984353,-23.502321,-1.623061,-22.361427
3.912500,98.579002,-3.418972,3.598394,-23.259275,-3.726859,-22.190855
3.918750,91.776108,-3.426839,5.295124,-22.974072,-6.783084,-22.015072
3.925000,82.553986,-3.435156,7.203865,-22.648289,-11.082105,-21.828072
3.931250,71.037109,-3.443359,9.379314,-22.291821,-16.914768,-21.619055
3.937500,57.461391,-3.451359,11.815620,-21.919298,-24.566092,-21.386667
3.943750,42.165047,-3.459308,14.484088,-21.550718,-32.306568,-21.177736
3.950000,25.575377,-3.467124,17.343988,-21.206797,-41.651505,-20.997015
3.956250,8.186945,-3.474194,20.317682,-20.906420,-52.087288,-20.848934
3.962500,-9.466702,-3.479835,23.269148,-20.667044,-63.212383,-20.744421
3.968750,-26.841488,-3.484043,26.321396,-20.501907,-74.624260,-20.694218
3.975000,-43.408546,-3.486944,29.586962,-20.417046,-85.924606,-20.708515
3.981250,-58.678600,-3.488805,32.899067,-20.409708,-96.730759,-20.797220
3.987500,-72.224739,-3.489488,36.082539,-20.460516,-106.692284,-20.982950
3.993750,-83.706596,-3.488973,38.874912,-20.602867,-115.446335,-21.219440
4.000000,-92.888489,-3.487407,40.873196,-20.835285,-122.554825,-21.525585
4.006250,-99.650467,-3.484955,42.207405,-21.133041,-128.185257,-21.919569
4.012500,-103.993393,-3.481553,42.722916,-21.486399,-132.136841,-22.402378
4.018750,-106.039810,-3.477534,42.312344,-21.884024,-134.331512,-22.974718
4.025000,-106.029259,-3.473445,40.960907,-22.307884,-134.834076,-23.634716
4.031250,-104.303543,-3.469700,36.803299,-22.738417,-134.230438,-24.262522
4.037500,-101.287369,-3.466280,33.648968,-23.165701,-132.773224,-24.902103
4.043750,-97.471268,-3.463333,29.652466,-23.580959,-128.810196,-25.563826
4.050000,-93.388268,-3.461110,24.988134,-23.970005,-124.215675,-26.220942
4.056250,-87.415260,-3.459627,19.854708,-24.324183,-119.157738,-26.849283
4.062500,-81.443703,-3.458437,14.476869,-24.641125,-113.909447,-27.428165
4.068750,-75.474182,-3.457289,9.150747,-24.905649,-108.750977,-27.938282
4.075000,-69.510117,-3.457212,4.271545,-25.101650,-103.921204,-28.355991
4.081250,-63.552990,-3.458846,0.046193,-25.239958,-99.621284,-28.661444
4.087500,-57.598370,-3.461694,-5.152725,-25.329571,-96.055214,-28.845951
4.093750,-51.636936,-3.464361,-9.365999,-25.373528,-93.342598,-28.903692
4.100000,-45.670284,-3.466645,-12.794573,-25.373150,-91.489502,-28.832584
4.106250,-39.705860,-3.469403,-15.647408,-25.329464,-90.417412,-28.637300
4.112500,-33.747536,-3.473366,-18.104736,-25.244379,-89.970139,-28.332390
4.118750,-27.790726,-3.478281,-20.319548,-25.121294,-89.925598,-27.946575
4.125000,-21.830280,-3.483600,-22.418957,-24.957699,-89.896523,-27.457119
4.131250,-15.866488,-3.489187,-24.544838,-24.755507,-89.422073,-26.884188
4.137500,-9.900583,-3.495121,-26.865023,-24.523985,-88.417076,-26.269979
4.143750,-3.932211,-3.501373,-29.473768,-24.270052,-86.538399,-25.644630
4.150000,2.039988,-3.507632,-30.235258,-23.998993,-83.411217,-25.031528
4.156250,8.015120,-3.514085,-30.521780,-23.715494,-78.714172,-24.448256
4.162500,13.992135,-3.520828,-29.835125,-23.422455,-72.202629,-23.902496
4.168750,19.972178,-3.527900,-29.619318,-23.123247,-63.732063,-23.381353
4.175000,25.956152,-3.535130,-27.892883,-22.823948,-53.391701,-22.964294
4.181250,31.944357,-3.542552,-24.901714,-22.520407,-43.375145,-22.612640
4.187500,37.937557,-3.549841,-20.961058,-22.221518,-31.831505,-22.324896
4.193750,43.936710,-3.556856,-16.524532,-21.943523,-19.806469,-22.106688
4.200000,49.941410,-3.563464,-12.003512,-21.698145,-8.114777,-21.942104
4.206250,55.949825,-3.569588,-7.793959,-21.495567,2.527907,-21.800680
4.212500,61.962093,-3.574952,-2.113822,-21.345701,11.923927,-21.779089
4.218750,67.977600,-3.579398,3.335279,-21.255365,19.456022,-21.923220
4.225000,73.993500,-3.583104,8.781413,-21.220688,26.064938,-22.019709
4.231250,80.007034,-3.586485,12.557105,-21.232431,29.917929,-22.163025
4.237500,86.017799,-3.589676,16.451681,-21.279657,31.743362,-22.358337
4.243750,92.026299,-3.592360,20.047213,-21.347546,31.884598,-22.594681
4.250000,96.139610,-3.594543,22.890127,-21.436611,30.719318,-22.855993
4.256250,99.977303,-3.596185,24.461313,-21.552542,28.633905,-23.130264
4.262500,103.004776,-3.597512,24.467327,-21.676346,26.019707,-23.407351
4.268750,104.729759,-3.598812,24.792131,-21.788660,23.317913,-23.668613
4.275000,104.722115,-3.600689,23.816149,-21.875530,20.959368,-23.893900
4.281250,102.642067,-3.603411,21.819651,-21.928783,19.302010,-24.066668
4.287500,98.257011,-3.606644,19.098259,-21.939711,18.648500,-24.170280
4.293750,91.447144,-3.610355,15.932549,-21.899487,19.227243,-24.185827
4.300000,82.210808,-3.615149,12.558505,-21.805387,21.137430,-24.088272
4.306250,70.668968,-3.621252,9.160822,-21.663185,24.244457,-23.913389
4.312500,57.065010,-3.627969,5.913057,-21.479784,28.242870,-23.671316
4.318750,41.744537,-3.634345,2.995002,-21.259430,33.138992,-23.357626
4.325000,25.131166,-3.640582,0.541605,-21.009169,38.672935,-22.979708
4.331250,7.711411,-3.647661,-1.389903,-20.741055,44.479782,-22.554089
4.337500,-9.980853,-3.655607,-2.783100,-20.468681,50.170681,-22.099287
4.343750,-27.392273,-3.663478,-3.653156,-20.208622,55.360882,-21.635176
4.350000,-43.987503,-3.670493,-1.892814,-19.983740,59.678654,-21.176670
4.356250,-59.277386,-3.676824,-0.834713,-19.828199,62.805267,-20.727194
4.362500,-72.838226,-3.682466,1.867520,-19.675455,66.498177,-20.345194
4.368750,-84.327927,-3.687114,5.679411,-19.600294,69.073776,-20.049641
4.375000,-93.510483,-3.690599,10.304066,-19.619402,69.109070,-19.864424
4.381250,-100.267838,-3.693176,15.593426,-19.736771,68.593765,-19.834015
4.387500,-104.602097,-3.694930,21.331703,-19.946720,67.418091,-19.927523
4.393750,-106.631050,-3.695336,27.265060,-20.235518,66.385109,-20.093632
4.400000,-106.594963,-3.694520,31.208363,-20.586880,64.742195,-20.261681
4.406250,-104.838745,-3.693227,34.470680,-20.986261,61.095356,-20.624445
4.412500,-101.791489,-3.691574,38.373562,-21.421925,57.279263,-21.081255
4.418750,-97.941956,-3.689111,40.827595,-21.875347,52.933388,-21.598045
4.425000,-93.821976,-3.685773,41.746914,-22.326988,48.163776,-22.148520
4.431250,-87.815056,-3.682312,41.123600,-22.755505,43.127068,-22.709143
4.437500,-81.817940,-3.679177,39.106441,-23.123629,38.072926,-23.239769
4.443750,-75.828445,-3.676194,35.908978,-23.414389,33.290562,-23.706142
4.450000,-69.844597,-3.673434,31.748289,-23.625637,28.953272,-24.092510
4.456250,-63.869740,-3.671808,27.001190,-23.753370,25.304712,-24.383501
4.462500,-57.903946,-3.671912,22.141125,-23.794077,22.627155,-24.565670
4.468750,-51.941101,-3.673222,15.801508,-23.746553,21.197641,-24.632557
4.475000,-45.974953,-3.674877,10.160702,-23.615860,21.209812,-24.580376
4.481250,-40.007374,-3.677000,5.219147,-23.416725,22.859787,-24.419996
4.487500,-34.042637,-3.680266,0.990354,-23.164408,24.404686,-24.164928
4.493750,-28.078014,-3.684498,-2.455127,-22.860556,27.682226,-23.800482
4.500000,-22.111456,-3.689490,-5.120809,-22.524736,32.160027,-23.357355
4.506250,-16.143221,-3.695694,-7.120234,-22.184908,37.145435,-22.873425
4.512500,-10.172836,-3.703169,-8.496031,-21.861898,42.101418,-22.379126
4.518750,-4.195402,-3.711077,-9.270957,-21.568155,46.538292,-21.899899
4.525000,1.794197,-3.718100,-9.483614,-21.305941,49.994915,-21.456432
4.531250,7.793469,-3.724171,-9.198081,-21.060579,52.046574,-21.065569
4.537500,13.793787,-3.730168,-6.369837,-20.796974,52.282467,-20.754488
4.543750,19.793200,-3.736635,-4.908152,-20.626236,50.211658,-20.539951
4.550000,25.795567,-3.742917,-2.732364,-20.507751,45.124252,-20.389612
4.556250,31.804493,-3.748342,0.074042,-20.419197,41.228519,-20.322756
4.562500,37.818535,-3.752938,3.051585,-20.368502,35.442657,-20.312798
4.568750,43.835312,-3.756880,5.674620,-20.376751,28.638971,-20.392885
4.575000,49.851845,-3.760234,7.513526,-20.467312,20.709173,-20.616451
4.581250,55.870575,-3.762750,10.406119,-20.666647,13.167570,-20.987461
4.587500,61.891171,-3.764063,12.757744,-20.999390,5.196523,-21.377907
4.593750,67.912773,-3.764110,13.313939,-21.398813,-1.151269,-21.838444
4.600000,73.932564,-3.763086,13.919703,-21.897058,-6.050201,-22.371727
4.606250,79.947670,-3.761323,14.221766,-22.500179,-9.444700,-22.964512
4.612500,85.957695,-3.758852,14.117509,-23.200615,-11.358550,-23.594818
4.618750,91.961990,-3.755885,13.497022,-23.997995,-11.947046,-24.251883
4.625000,96.064568,-3.752957,12.356948,-24.853077,-11.459448,-24.922159
4.631250,99.886490,-3.750348,10.780855,-25.734882,-10.089583,-25.578955
4.637500,102.898674,-3.747576,8.704800,-26.617323,-8.134383,-26.205748
4.643750,104.612198,-3.743906,4.284342,-27.468668,-5.970427,-26.793295
4.650000,104.596024,-3.739782,1.432323,-28.250765,-3.991538,-27.329605
4.656250,102.501312,-3.736750,-1.594296,-28.923664,-2.670186,-27.773146
4.662500,98.089287,-3.735849,-4.639783,-29.445091,-2.486621,-28.094919
4.668750,91.247139,-3.736632,-7.569183,-29.779856,-1.536571,-28.285446
4.675000,81.980080,-3.738498,-10.358676,-29.923477,-1.710730,-28.374102
4.681250,70.411430,-3.741556,-12.971539,-29.869375,-2.943592,-28.355375
4.687500,56.776943,-3.745857,-15.273790,-29.612442,-5.003295,-28.219919
4.693750,41.418133,-3.751379,-17.232178,-29.165625,-7.780931,-27.970282
4.700000,24.763851,-3.758051,-18.869873,-28.555883,-11.171103,-27.613958
4.706250,7.305475,-3.766465,-20.237593,-27.827040,-15.024124,-27.161676
4.712500,-10.422832,-3.776544,-21.454594,-27.040823,-19.162565,-26.623909
4.718750,-27.867359,-3.787087,-22.882475,-26.168871,-23.359697,-25.995684
4.725000,-44.491951,-3.797013,-22.587837,-25.268433,-27.288160,-25.305141
4.731250,-59.808563,-3.806627,-21.939945,-24.396339,-30.235353,-24.627726
4.737500,-73.395592,-3.816379,-20.872074,-23.609007,-34.286991,-23.978880
4.743750,-84.910820,-3.825880,-19.302364,-22.934788,-37.796345,-23.404026
4.750000,-94.113579,-3.834111,-17.126871,-22.382238,-41.045799,-22.856623
4.756250,-100.883469,-3.841160,-14.332539,-21.946423,-44.487740,-22.342276
4.762500,-105.227791,-3.847495,-10.983926,-21.604624,-47.943115,-21.844971
4.768750,-107.268326,-3.853202,-7.221220,-21.322929,-50.043495,-21.495113
4.775000,-107.239578,-3.857696,-3.302236,-21.157572,-52.454678,-21.247023
4.781250,-105.483070,-3.860898,0.884313,-21.064909,-54.901237,-21.084770
4.787500,-102.430260,-3.863408,5.225743,-21.011518,-57.390293,-20.996906
4.793750,-98.576477,-3.865685,9.376339,-20.972157,-59.943119,-20.975019
4.800000,-94.453323,-3.867785,12.948366,-20.926937,-62.585514,-21.011486
4.806250,-88.437355,-3.869793,15.562621,-20.866404,-65.264420,-21.069273
4.812500,-82.423950,-3.871871,16.882872,-20.780970,-67.975304,-21.138359
4.818750,-76.412086,-3.874064,16.641590,-20.670076,-70.844124,-21.211149
4.825000,-70.401703,-3.876468,16.818239,-20.534386,-73.819885,-21.265471
4.831250,-64.393288,-3.879469,15.959108,-20.379644,-76.780411,-21.279589
4.837500,-58.386074,-3.882943,14.550179,-20.215208,-79.490944,-21.266726
4.843750,-52.375378,-3.886100,11.224910,-20.055025,-81.642448,-21.233822
4.850000,-46.360603,-3.888480,8.137060,-19.921171,-83.133987,-21.178488
4.856250,-40.346992,-3.891023,5.334653,-19.811724,-83.664627,-21.074053
4.862500,-34.340569,-3.894728,2.956583,-19.720877,-82.934242,-20.927759
4.868750,-28.335268,-3.899009,0.878163,-19.670944,-80.866096,-20.763313
4.875000,-22.322975,-3.902418,-0.929092,-19.669544,-77.264091,-20.595201
4.881250,-16.304558,-3.904706,-2.410005,-19.713638,-71.955742,-20.436178
4.887500,-10.288956,-3.906798,-3.504755,-19.782990,-64.870949,-20.295374
4.893750,-4.279818,-3.909355,-4.106561,-19.836477,-56.031975,-20.179068
4.900000,1.726523,-3.912131,-3.877414,-19.933140,-45.597057,-20.097929
4.906250,7.734510,-3.914575,-2.606514,-20.053951,-33.851952,-20.058638
4.912500,13.742960,-3.916630,-0.446575,-20.189768,-21.157490,-20.056580
4.918750,19.749905,-3.918655,2.618976,-20.332254,-7.960958,-20.075672
4.925000,25.754089,-3.920718,6.443802,-20.450504,5.305649,-20.076164
4.931250,31.756815,-3.923285,11.067470,-20.563408,18.361166,-20.116346
4.937500,37.757633,-3.926204,16.454412,-20.686565,31.159637,-20.195253
4.943750,43.763027,-3.928737,22.392147,-20.829330,42.999722,-20.295160
4.950000,49.773495,-3.930158,28.584663,-20.997303,53.612926,-20.412333
4.956250,55.784668,-3.931047,34.998753,-21.189287,62.866066,-20.544813
4.962500,61.790470,-3.932408,41.582184,-21.401606,70.724228,-20.692993
4.968750,67.792862,-3.934107,47.987305,-21.626757,77.222939,-20.858297
4.975000,73.797798,-3.935243,53.885262,-21.850662,82.482224,-21.046124
4.981250,79.805809,-3.935786,58.943218,-22.062666,86.670280,-21.257385
4.987500,85.811378,-3.936294,62.793617,-22.267887,88.456192,-21.443359
4.993750,91.814949,-3.936660,65.159485,-22.460171,89.301292,-21.652277
5.000000,95.924637,-3.936234,65.910576,-22.632229,89.015938,-21.891844
5.006250,99.760201,-3.935200,64.939514,-22.779581,87.508553,-22.163015
5.012500,102.782875,-3.934502,62.233093,-22.899107,84.708031,-22.468067
5.018750,104.500664,-3.934545,57.879654,-22.985273,80.558411,-22.815933
5.025000,104.492424,-3.934453,52.342728,-23.027029,74.972939,-23.160032
5.031250,102.419830,-3.933856,46.137440,-23.009804,69.523849,-23.458969
5.037500,98.041328,-3.933233,39.456863,-22.945250,62.765751,-23.752039
5.043750,91.232376,-3.933145,32.417515,-22.857782,55.161678,-24.040590
5.050000,81.994545,-3.933614,25.376534,-22.752243,47.297356,-24.308908
5.056250,70.452629,-3.934493,18.649178,-22.648066,39.628845,-24.544670
5.062500,56.843220,-3.935864,12.479384,-22.605820,32.573357,-24.736914
5.068750,41.508831,-3.937488,7.267734,-22.533663,26.543913,-24.871443
5.075000,24.877846,-3.938795,1.659034,-22.485933,21.921938,-24.934919
5.081250,7.440221,-3.940178,-2.998779,-22.489664,17.103424,-24.921858
5.087500,-10.277461,-3.942943,-6.955717,-22.545500,13.961236,-24.829613
5.093750,-27.727057,-3.947449,-10.451451,-22.634287,12.194296,-24.662464
5.100000,-44.366554,-3.952266,-13.677554,-22.740763,11.482564,-24.430882
5.106250,-59.698204,-3.956461,-16.639149,-22.878807,11.430343,-24.152086
5.112500,-73.301437,-3.960551,-19.568918,-23.021582,11.567751,-23.870090
5.118750,-84.842377,-3.965606,-22.693192,-23.141954,13.143865,-23.526146
5.125000,-94.082672,-3.971560,-26.097218,-23.217659,13.789857,-23.155846
5.131250,-100.892578,-3.977523,-29.824337,-23.234375,13.962013,-22.796394
5.137500,-105.272522,-3.983433,-31.722294,-23.182823,13.631816,-22.467817
5.143750,-107.348434,-3.989874,-33.130878,-23.059181,12.733077,-22.180859
5.150000,-107.357895,-3.996846,-33.512085,-22.863241,11.209291,-21.937220
5.156250,-105.636810,-4.003789,-34.263680,-22.598385,9.031197,-21.723574
5.162500,-102.610138,-4.010343,-33.353405,-22.274614,6.174929,-21.537054
5.168750,-98.771614,-4.016359,-31.008080,-21.908264,4.344366,-21.430214
5.175000,-94.657127,-4.021945,-27.477425,-21.504892,2.689424,-21.352238
5.181250,-88.645866,-4.027063,-23.098198,-21.084015,1.595578,-21.310152
5.187500,-82.632286,-4.031656,-18.317732,-20.671602,-0.378804,-21.303274
5.193750,-76.616562,-4.035835,-13.554564,-20.291641,-1.120751,-21.320616
5.200000,-70.599525,-4.039304,-9.206253,-19.965309,-0.698593,-21.335449
5.206250,-64.581734,-4.042284,-3.473678,-19.713085,0.876629,-21.375751
5.212500,-58.563896,-4.044874,1.946242,-19.556377,1.708655,-21.489723
5.218750,-52.546341,-4.047042,5.401601,-19.509489,2.980587,-21.593338
5.225000,-46.526661,-4.048257,8.850683,-19.552628,4.311640,-21.693466
5.231250,-40.505234,-4.048211,12.029531,-19.681614,4.894067,-21.807949
5.237500,-34.486790,-4.047443,14.550159,-19.887760,4.381856,-21.941462
5.243750,-28.475294,-4.046639,16.173189,-20.108541,2.506607,-22.096645
5.250000,-22.471157,-4.046120,16.533398,-20.441742,-0.976545,-22.281696
5.256250,-16.471844,-4.045980,17.237864,-20.851461,-6.276342,-22.506451
5.262500,-10.474796,-4.045998,17.216190,-21.330490,-11.349959,-22.770191
5.268750,-4.477284,-4.045412,16.731903,-21.844793,-17.612932,-23.068932
5.275000,1.519715,-4.044038,15.636774,-22.340542,-24.510860,-23.398832
5.281250,7.509974,-4.042967,14.569545,-22.838648,-31.463833,-23.749807
5.287500,13.488321,-4.043383,13.741467,-23.336042,-37.955006,-24.101013
5.293750,19.459249,-4.045070,13.226265,-23.818392,-43.526527,-24.402422
5.300000,25.433189,-4.046631,13.042450,-24.270088,-49.715290,-24.714991
5.306250,31.409971,-4.047774,13.169034,-24.674803,-54.360794,-25.013468
5.312500,37.380497,-4.050007,13.581904,-25.013130,-57.886894,-25.264750
5.318750,43.340244,-4.054418,14.233626,-25.269382,-60.349613,-25.449289
5.325000,49.299011,-4.060095,15.056762,-25.428165,-61.815060,-25.551888
5.331250,55.266006,-4.065931,15.978930,-25.477823,-62.376434,-25.561152
5.337500,61.239033,-4.072148,17.165390,-25.413996,-62.193035,-25.470690
5.343750,67.212936,-4.079203,18.758112,-25.236809,-61.469784,-25.277321
5.350000,73.189644,-4.086867,20.577473,-24.964773,-60.523643,-25.047195
5.356250,79.174011,-4.094370,22.362961,-24.633438,-59.584644,-24.725470
5.362500,85.165085,-4.101939,24.117788,-24.226501,-58.735073,-24.368855
5.368750,91.160553,-4.109814,25.616432,-23.789053,-56.306576,-24.021193
5.375000,95.268692,-4.117014,26.599457,-23.358189,-53.853863,-23.724279
5.381250,99.115334,-4.122613,27.000645,-22.962383,-51.055817,-23.512280
5.387500,102.163200,-4.126735,26.787535,-22.621969,-47.839867,-23.344906
5.393750,103.912712,-4.130124,24.078224,-22.341797,-44.051136,-23.217289
5.400000,103.937553,-4.132543,22.690929,-22.121719,-39.579479,-23.215193
5.406250,101.899910,-4.133233,20.650846,-21.991568,-34.786591,-23.341349
5.412500,97.560013,-4.132516,17.967979,-21.956808,-29.562393,-23.577589
5.418750,90.790054,-4.131124,14.867511,-22.007381,-24.172991,-23.912283
5.425000,81.589783,-4.129040,11.539854,-22.124544,-18.871998,-24.309219
5.431250,70.083252,-4.125893,8.178623,-22.283854,-13.773116,-24.714651
5.437500,56.505142,-4.122243,4.947988,-22.459442,-9.173893,-25.104202
5.443750,41.190067,-4.119211,2.044534,-22.603882,-5.234500,-25.451521
5.450000,24.566929,-4.117189,-0.218255,-22.706814,-1.927460,-25.727877
5.456250,7.133643,-4.115705,-2.940954,-22.792835,0.783637,-25.903616
5.462500,-10.575704,-4.114711,-4.517128,-22.819624,2.945664,-25.957874
5.468750,-28.015942,-4.114624,-5.235088,-22.770773,4.665401,-25.882288
5.475000,-44.653893,-4.115520,-5.314859,-22.642658,6.141757,-25.679058
5.481250,-59.996323,-4.117416,-4.974475,-22.442280,7.606108,-25.370815
5.487500,-73.614418,-4.120788,-4.425017,-22.178144,9.381324,-24.940157
5.493750,-85.168335,-4.126037,-3.830489,-21.855831,9.970546,-24.412155
5.500000,-94.413116,-4.132132,-3.414244,-21.498543,10.959991,-23.840910
5.506250,-101.220505,-4.137725,-3.403048,-21.133179,12.031170,-23.270550
5.512500,-105.593262,-4.142785,-3.922868,-20.783121,12.939551,-22.740231
5.518750,-107.661324,-4.148339,-2.876620,-20.467966,13.439644,-22.286755
5.525000,-107.661926,-4.154476,-3.523745,-20.195314,13.285480,-21.930305
5.531250,-105.928696,-4.159984,-3.708914,-19.958555,13.930053,-21.592283
5.537500,-102.886063,-4.164273,-3.522652,-19.758652,13.093738,-21.395576
5.543750,-99.032005,-4.167624,-3.316433,-19.639666,11.176671,-21.325638
5.550000,-94.904350,-4.170390,-3.160170,-19.592379,8.620170,-21.370712
5.556250,-88.879898,-4.172255,-3.115625,-19.613100,5.543687,-21.510571
5.562500,-82.853241,-4.173079,-3.362082,-19.703756,2.109804,-21.723373
5.568750,-76.827217,-4.173003,-4.071112,-19.867313,-1.223404,-22.052345
5.575000,-70.802948,-4.172036,-3.194515,-20.100449,-3.886779,-22.427410
5.581250,-64.781387,-4.170064,-2.139611,-20.389622,-5.763373,-22.837162
5.587500,-58.764267,-4.167471,-2.372897,-20.726068,-8.541017,-23.272247
5.593750,-52.755436,-4.164827,-1.894735,-21.101986,-10.169950,-23.714926
5.600000,-46.754700,-4.162328,-0.890029,-21.506779,-10.791102,-24.142094
5.606250,-40.759331,-4.159924,0.451892,-21.932457,-10.625507,-24.551260
5.612500,-34.769703,-4.157898,1.938041,-22.367666,-10.002094,-24.933069
5.618750,-28.786503,-4.156700,3.441861,-22.789843,-9.001740,-25.258663
5.625000,-22.805513,-4.155689,4.813014,-23.183784,-7.959572,-25.528782
5.631250,-16.824551,-4.154359,5.853359,-23.541592,-7.192217,-25.746763
5.637500,-10.847752,-4.153488,6.701559,-23.853943,-6.934586,-25.917511
5.643750,-4.879868,-4.154364,7.535518,-24.113047,-7.391913,-26.052942
5.650000,1.082691,-4.156669,8.275212,-24.308796,-8.777884,-26.160957
5.656250,7.049682,-4.159039,8.868768,-24.427055,-11.429738,-26.191071
5.662500,13.023127,-4.161148,9.246221,-24.457928,-15.552365,-26.136044
5.668750,18.992796,-4.164111,9.298307,-24.399910,-19.394440,-26.049049
5.675000,24.956968,-4.168656,8.897305,-24.262609,-22.828167,-25.945774
5.681250,30.921951,-4.174169,7.963969,-24.054169,-26.672674,-25.817900
5.687500,36.894207,-4.179683,6.482828,-23.780977,-30.092129,-25.661768
5.693750,42.871883,-4.185239,4.438206,-23.455574,-32.322899,-25.473063
5.700000,48.851303,-4.191086,1.792842,-23.101469,-32.670254,-25.245123
5.706250,54.831825,-4.197374,0.677545,-22.761364,-30.475559,-24.965582
5.712500,60.814747,-4.204173,-0.373684,-22.414812,-28.968906,-24.687880
5.718750,66.799904,-4.211713,-1.374059,-22.063824,-24.542894,-24.407768
5.725000,72.790733,-4.219497,-1.533069,-21.760254,-18.126245,-24.136904
5.731250,78.792870,-4.226288,-0.637857,-21.527971,-10.493849,-23.898800
5.737500,84.804764,-4.231754,1.403460,-21.375172,-2.422153,-23.697128
5.743750,90.819336,-4.236561,4.572033,-21.298429,5.184350,-23.502020
5.750000,94.938026,-4.241144,8.753851,-21.286018,13.499612,-23.319902
5.756250,98.784950,-4.244969,13.731789,-21.325041,19.982096,-23.210215
5.762500,101.831100,-4.247421,19.155470,-21.412453,24.368349,-23.166655
5.768750,103.578178,-4.249033,24.953363,-21.535475,28.753212,-23.175983
5.775000,103.594185,-4.250545,31.075348,-21.672922,31.598316,-23.226194
5.781250,101.539757,-4.251899,37.140762,-21.803892,33.286476,-23.306957
5.787500,97.180496,-4.252724,42.730350,-21.907421,34.224361,-23.416212
5.793750,90.393990,-4.253393,47.422863,-21.968643,34.849640,-23.522179
5.800000,81.176743,-4.254432,50.794365,-21.982056,33.872772,-23.616011
5.806250,69.650421,-4.256201,52.515530,-21.939861,33.091949,-23.702673
5.812500,56.055801,-4.258387,52.360664,-21.838844,32.445156,-23.772898
5.818750,40.735577,-4.260821,52.339935,-21.681419,31.869720,-23.811626
5.825000,24.116163,-4.263521,51.043304,-21.471643,31.320938,-23.794750
5.831250,6.688652,-4.267101,49.006351,-21.221630,30.805084,-23.702692
5.837500,-11.015135,-4.272088,44.889980,-20.950836,30.541946,-23.579563
5.843750,-28.445656,-4.278425,40.899281,-20.682419,30.705652,-23.427526
5.850000,-45.061527,-4.284930,37.086040,-20.442705,29.186581,-23.228783
5.856250,-60.365635,-4.290092,33.586609,-20.225437,27.567612,-22.992136
5.862500,-73.934967,-4.293621,30.490801,-20.050030,25.468273,-22.744442
5.868750,-85.439255,-4.296915,27.695841,-19.943420,22.653637,-22.514668
5.875000,-94.646065,-4.300623,25.247225,-19.917276,18.975363,-22.329727
5.881250,-101.428253,-4.304183,23.267929,-19.961962,14.339157,-22.210688
5.887500,-105.780083,-4.306677,21.888859,-20.041534,8.561047,-22.132168
5.893750,-107.826065,-4.308280,19.420914,-20.183146,3.532465,-22.099894
5.900000,-107.807480,-4.309255,18.176996,-20.399769,-2.043921,-22.136568
5.906250,-106.066925,-4.309654,17.411581,-20.660357,-7.688066,-22.236488
5.912500,-103.030579,-4.309734,16.807280,-20.951912,-12.974132,-22.375572
5.918750,-99.192955,-4.309842,16.128532,-21.275602,-17.482796,-22.541666
5.925000,-95.085709,-4.309920,15.189275,-21.634716,-20.661701,-22.746126
5.931250,-89.083817,-4.309413,13.991762,-21.991360,-24.334932,-22.957727
5.937500,-83.082993,-4.308395,12.469687,-22.350773,-26.926153,-23.158916
5.943750,-77.090378,-4.308109,8.516741,-22.720861,-28.702078,-23.342733
5.950000,-71.105125,-4.308863,5.957860,-23.096493,-29.862453,-23.502588
5.956250,-65.119789,-4.309810,2.975417,-23.468727,-30.594877,-23.634878
5.962500,-59.130577,-4.310190,-0.321816,-23.822388,-31.091084,-23.736172
5.968750,-53.142128,-4.310673,-3.812372,-24.141523,-31.549231,-23.824741
5.975000,-47.159210,-4.311862,-7.389676,-24.411600,-32.218040,-23.835266
5.981250,-41.177608,-4.313059,-10.943727,-24.618536,-30.862719,-23.819319
5.987500,-35.193253,-4.313638,-14.379585,-24.755058,-31.328135,-23.790369
5.993750,-29.212465,-4.314638,-17.607174,-24.814949,-31.530600,-23.755276
6.000000,-23.240396,-4.317317,-20.526020,-24.794676,-31.615414,-23.719578
6.006250,-17.271538,-4.321242,-23.060049,-24.695488,-29.865509,-23.688370
6.012500,-11.296292,-4.324922,-25.132338,-24.518154,-28.082657,-23.664665
6.018750,-5.314414,-4.328327,-26.416737,-24.266388,-25.937740,-23.654863
6.025000,0.666788,-4.332333,-26.645489,-23.943010,-23.237047,-23.642498
6.031250,6.646348,-4.337106,-25.880741,-23.551188,-20.054504,-23.623955
6.037500,12.630069,-4.341916,-24.368963,-23.136715,-16.255127,-23.626976
6.043750,18.619856,-4.346600,-22.360218,-22.720594,-11.719187,-23.658987
6.050000,24.611910,-4.351377,-19.937315,-22.319336,-6.552266,-23.720732
6.056250,30.606512,-4.356135,-17.361927,-21.961102,-0.967802,-23.810057
6.062500,36.606388,-4.360281,-14.884052,-21.670862,4.869623,-23.898308
6.068750,42.610020,-4.363851,-12.692048,-21.459229,10.989532,-23.996479
6.075000,48.614048,-4.367270,-10.682847,-21.334394,17.344769,-24.121687
6.081250,54.619297,-4.370225,-8.800654,-21.306969,23.606924,-24.268354
6.087500,60.629337,-4.371852,-7.219382,-21.378279,29.715973,-24.432016
6.093750,66.639977,-4.372369,-6.030243,-21.533947,35.709324,-24.611185
6.100000,72.643936,-4.372915,-5.292614,-21.742598,41.620647,-24.814453
6.106250,78.639572,-4.374128,-5.075585,-21.967909,47.313953,-24.994493
6.112500,84.632561,-4.375481,-5.602434,-22.215899,52.477814,-25.149693
6.118750,90.626167,-4.376568,-7.007346,-22.459270,57.328014,-25.295498
6.125000,94.724358,-4.377619,-7.032538,-22.666706,61.762119,-25.428486
6.131250,98.545212,-4.379097,-7.075143,-22.818361,65.577957,-25.540787
6.137500,101.558273,-4.381082,-6.670255,-22.903204,68.564835,-25.620363
6.143750,103.272247,-4.383532,-7.267851,-22.917074,70.544914,-25.648073
6.150000,103.261757,-4.386439,-6.849806,-22.864834,71.394051,-25.561720
6.156250,101.187798,-4.389374,-5.587351,-22.749189,71.014587,-25.445990
6.162500,96.814606,-4.392056,-3.653433,-22.571674,68.663361,-25.277370
6.168750,90.018089,-4.394796,-1.329662,-22.352245,67.057701,-25.050848
6.175000,80.796074,-4.398124,1.095569,-22.111267,64.771500,-24.777264
6.181250,69.271797,-4.401770,3.388631,-21.868599,62.367805,-24.471550
6.187500,55.687607,-4.404883,5.341124,-21.640184,58.280010,-24.148714
6.193750,40.383694,-4.407329,6.780229,-21.439157,54.481079,-23.822496
6.200000,23.782091,-4.409617,9.711743,-21.279505,51.056484,-23.513397
6.206250,6.372432,-4.411938,10.755061,-21.171387,48.202126,-23.261662
6.212500,-11.309258,-4.414010,11.959961,-21.121645,45.005913,-23.016468
6.218750,-28.717297,-4.415869,13.197107,-21.128195,42.707237,-22.838531
6.225000,-45.320629,-4.417875,14.354446,-21.183317,40.925709,-22.749294
6.231250,-60.627602,-4.419994,15.221468,-21.293344,39.507507,-22.770422
6.237500,-74.208725,-4.421968,15.636827,-21.453058,38.318081,-22.927662
6.243750,-85.722351,-4.423598,15.511982,-21.649908,37.771778,-23.112204
6.250000,-94.933006,-4.425018,14.723688,-21.881594,37.145149,-23.399267
6.256250,-101.720245,-4.426152,15.327611,-22.142582,36.326061,-23.787451
6.262500,-106.084442,-4.426945,14.075494,-22.417044,35.386604,-24.254723
6.268750,-108.148331,-4.427720,13.095483,-22.693079,34.340927,-24.773623
6.275000,-108.150734,-4.428720,12.301742,-22.961313,33.185276,-25.308092
6.281250,-106.429314,-4.429541,11.613325,-23.214485,31.963015,-25.804813
6.287500,-103.409248,-4.429692,10.970774,-23.442856,30.937368,-26.263374
6.293750,-99.587105,-4.429870,10.345394,-23.631077,30.598310,-26.656536
6.300000,-95.500809,-4.431288,9.674506,-23.773996,28.916830,-26.953753
6.306250,-89.524818,-4.433855,8.873887,-23.870453,27.699369,-27.136852
6.312500,-83.545280,-4.436314,7.907430,-23.919119,26.702431,-27.193504
6.318750,-77.561165,-4.438152,6.779702,-23.914278,25.709400,-27.116014
6.325000,-71.579636,-4.440397,5.772772,-23.848557,24.514473,-26.900461
6.331250,-65.605560,-4.444121,5.141050,-23.715265,22.892157,-26.552744
6.337500,-59.633774,-4.449059,4.796787,-23.518501,20.566143,-26.107224
6.343750,-53.657558,-4.454495,4.563882,-23.281240,17.230629,-25.637943
6.350000,-47.675625,-4.460192,4.329586,-23.015686,12.663325,-25.107101
6.356250,-41.689228,-4.466085,4.072278,-22.718296,7.885792,-24.549911
6.362500,-35.696632,-4.471642,3.687735,-22.404690,1.756767,-24.033293
6.368750,-29.698744,-4.476674,2.974164,-22.101500,-5.518125,-23.601812
6.375000,-23.698683,-4.481523,1.821894,-21.831596,-13.733376,-23.287668
6.381250,-17.697975,-4.486329,0.190029,-21.613350,-22.681030,-23.095608
6.387500,-11.694059,-4.490668,0.238053,-21.460148,-32.297153,-22.979311
6.393750,-5.686363,-4.494236,-1.300205,-21.392511,-40.969746,-23.043041
6.400000,0.323569,-4.497192,-2.329951,-21.448444,-49.392860,-23.253040
6.406250,6.332604,-4.499540,-2.559550,-21.550694,-56.951775,-23.588125
6.412500,12.342268,-4.501111,-2.311547,-21.745152,-63.222862,-23.995493
6.418750,18.351261,-4.502091,-1.759814,-22.034634,-67.867363,-24.396191
6.425000,24.355495,-4.503209,-0.956058,-22.412003,-71.412354,-24.881649
6.431250,30.355726,-4.504473,0.026158,-22.859591,-73.441238,-25.375160
6.437500,36.356495,-4.505009,1.101038,-23.353390,-73.892570,-25.835449
6.443750,42.358471,-4.504602,2.417412,-23.869305,-72.921768,-26.233860
6.450000,48.355068,-4.504349,4.112346,-24.374807,-70.758919,-26.543346
6.456250,54.342461,-4.505132,6.031818,-24.836727,-67.682678,-26.741835
6.462500,60.325279,-4.506681,7.968253,-25.225378,-64.057083,-26.819744
6.468750,66.309639,-4.508204,9.679921,-25.517879,-60.334526,-26.804699
6.475000,72.295898,-4.509649,10.894474,-25.709858,-56.986530,-26.698133
6.481250,78.282059,-4.511245,11.393204,-25.797462,-51.688328,-26.467245
6.487500,84.266586,-4.512892,11.058026,-25.776699,-46.587376,-26.167313
6.493750,90.250267,-4.514884,9.780502,-25.657379,-41.457264,-25.834780
6.500000,94.336411,-4.517636,7.461668,-25.461308,-35.981770,-25.501970
6.506250,98.149315,-4.521167,6.271924,-25.216042,-31.713406,-25.193737
6.512500,101.161011,-4.524467,3.067793,-24.939798,-26.647781,-24.913897
6.518750,102.880425,-4.527225,0.168826,-24.647266,-20.989277,-24.661711
6.525000,102.875282,-4.530172,-2.357619,-24.359859,-15.027154,-24.405521
6.531250,100.802422,-4.533817,-4.465266,-24.097052,-8.918503,-24.217279
6.537500,96.429985,-4.537376,-6.142383,-23.890062,-4.140474,-24.106270
6.543750,89.639915,-4.540010,-7.362909,-23.751360,0.026610,-24.046131
6.550000,80.428116,-4.541986,-8.023685,-23.678957,3.200783,-24.023155
6.556250,68.910637,-4.544211,-8.111806,-23.669004,5.083584,-24.028595
6.562500,55.324707,-4.546526,-7.667787,-23.710823,5.489960,-24.087421
6.568750,40.015984,-4.548289,-6.750925,-23.788237,4.345406,-24.123585
6.575000,23.410229,-4.549638,-5.178078,-23.869015,3.093324,-24.163305
6.581250,5.995240,-4.550985,-2.787939,-23.901766,0.600530,-24.213833
6.587500,-11.696327,-4.552567,-0.264133,-23.973230,-2.635070,-24.271057
6.593750,-29.116091,-4.554295,2.340632,-24.038603,-6.088563,-24.340557
6.600000,-45.731304,-4.556123,4.928093,-24.079865,-9.186036,-24.414549
6.606250,-61.050018,-4.558129,7.219385,-24.090757,-13.200871,-24.482691
6.612500,-74.643616,-4.559964,8.925788,-24.074760,-16.032637,-24.545294
6.618750,-86.171211,-4.561532,9.816092,-24.039309,-17.779957,-24.603561
6.625000,-95.399239,-4.563650,11.905415,-23.989101,-18.561657,-24.655376
6.631250,-102.209114,-4.566895,11.866891,-23.926741,-18.517035,-24.696426
6.637500,-106.595932,-4.570883,11.785739,-23.855097,-17.830576,-24.721685
6.643750,-108.675331,-4.574807,11.584624,-23.774101,-16.711035,-24.720909
6.650000,-108.684441,-4.578608,11.194088,-23.683924,-15.383847,-24.672600
6.656250,-106.967667,-4.582686,10.538826,-23.585453,-14.119961,-24.597033
6.662500,-103.953117,-4.586905,9.571248,-23.471897,-13.524184,-24.484587
6.668750,-100.129745,-4.590852,8.274026,-23.333984,-13.533697,-24.334223
6.675000,-96.030838,-4.594522,6.571404,-23.170473,-14.570461,-24.154186
6.681250,-90.038788,-4.598660,4.408322,-22.979668,-16.858643,-23.946280
6.687500,-84.048691,-4.603422,1.751597,-22.758818,-18.415457,-23.716185
6.693750,-78.055580,-4.608318,0.729818,-22.514488,-20.808344,-23.483759
6.700000,-72.056213,-4.612783,-0.081447,-22.261908,-23.687714,-23.265776
6.706250,-66.051605,-4.616621,-2.080336,-22.013702,-26.634420,-23.072762
6.712500,-60.044224,-4.619848,-3.189236,-21.792692,-29.256224,-22.917078
6.718750,-54.036533,-4.622685,-3.599629,-21.699268,-31.224543,-22.816622
6.725000,-48.030159,-4.625574,-3.402117,-21.564873,-32.258965,-22.784121
6.731250,-42.023949,-4.628653,-2.331608,-21.498419,-32.102222,-22.813971
6.737500,-36.015388,-4.631331,-1.273265,-21.532698,-30.591425,-22.894913
6.743750,-30.001751,-4.633043,-0.304856,-21.675838,-27.677315,-22.970978
6.750000,-23.986141,-4.633907,0.487913,-21.924498,-23.164444,-23.135670
6.756250,-17.972631,-4.634437,3.157836,-22.270374,-18.549768,-23.358192
6.762500,-11.962529,-4.634860,4.323242,-22.702160,-12.935846,-23.603268
6.768750,-5.954209,-4.635036,6.013029,-23.202715,-6.733428,-23.845625
6.775000,0.052873,-4.634900,8.088122,-23.736544,-0.376157,-24.061012
6.781250,6.058768,-4.634502,10.396976,-24.270901,5.653230,-24.238884
6.787500,12.062709,-4.633608,12.612083,-24.794682,13.025710,-24.373302
6.793750,18.064070,-4.632334,14.467307,-25.292603,19.997475,-24.455814
6.800000,24.058304,-4.631636,15.796909,-25.746403,26.730164,-24.481619
6.806250,30.044544,-4.632011,16.459465,-26.138243,31.499866,-24.449747
6.812500,36.028103,-4.633044,18.508152,-26.453663,36.105419,-24.362488
6.818750,42.014465,-4.634020,18.606380,-26.682032,40.196667,-24.224581
6.825000,48.002132,-4.634905,18.833006,-26.816647,43.452110,-24.042580
6.831250,53.986660,-4.636443,19.083927,-26.856936,45.598598,-23.820995
6.837500,59.967823,-4.638686,19.259548,-26.806753,46.431599,-23.553984
6.843750,65.949768,-4.641268,19.267078,-26.673056,45.644936,-23.292465
6.850000,71.933083,-4.644251,19.043318,-26.466022,43.094727,-23.055916
6.856250,77.916084,-4.647955,18.500315,-26.208029,38.819698,-22.878172
6.862500,83.901489,-4.651803,17.572826,-25.925053,32.898457,-22.880564
6.868750,89.894226,-4.654740,16.289576,-25.639019,25.497761,-22.860504
6.875000,95.891205,-4.656821,12.839146,-25.366932,17.860312,-22.937243
6.881250,99.989388,-4.659203,8.942081,-25.121775,9.518192,-23.129749
6.887500,103.808540,-4.662429,6.364309,-24.906990,1.161867,-23.431440
6.893750,106.822289,-4.665792,3.402691,-24.709473,-6.517399,-23.819241
6.900000,108.543144,-4.668497,0.260133,-24.429424,-12.875937,-24.259073
6.906250,108.541489,-4.670643,-3.030879,-24.253754,-17.349771,-24.713884
6.912500,106.471352,-4.672652,-6.908042,-24.112068,-21.390976,-25.158432
6.918750,102.094688,-4.674861,-10.662336,-24.002024,-23.012663,-25.562473
6.925000,95.289917,-4.677604,-14.250216,-23.920132,-22.424751,-25.888931
6.931250,86.057800,-4.681283,-17.408033,-23.823427,-19.977127,-26.108833
6.937500,74.522682,-4.685606,-22.115887,-23.728889,-16.163731,-26.204794
6.943750,60.926682,-4.689776,-24.661665,-23.641014,-11.549700,-26.169926
6.950000,45.611217,-4.693499,-26.891254,-23.551308,-6.724317,-26.005409
6.956250,28.997953,-4.697324,-28.787149,-23.461773,-2.291713,-25.725206
6.962500,11.577772,-4.701440,-30.443785,-23.381676,1.126222,-25.371712
6.968750,-6.113460,-4.705372,-31.834801,-23.300936,2.924206,-24.983969
6.975000,-23.528883,-4.709004,-32.937878,-23.207945,3.853758,-24.503157
6.981250,-40.138596,-4.712851,-33.827908,-23.096325,2.350113,-24.012993
6.987500,-55.451397,-4.717120,-34.610130,-22.963608,0.684797,-23.555696
6.993750,-69.035683,-4.721030,-35.409546,-22.813061,-2.435734,-23.161575
7.000000,-80.547668,-4.723745,-34.175915,-22.647942,-6.377648,-22.851337
7.006250,-89.755295,-4.725781,-32.355549,-22.468750,-10.476249,-22.633095
7.012500,-96.543800,-4.728039,-31.424267,-22.273462,-14.099318,-22.503593
7.018750,-100.913284,-4.730975,-29.409853,-22.056599,-16.719210,-22.463560
7.025000,-102.980431,-4.734220,-26.611765,-21.824827,-18.055691,-22.539036
7.031250,-102.978622,-4.737346,-23.496782,-21.612480,-17.778193,-22.714373
7.037500,-101.249298,-4.740227,-20.468922,-21.474577,-15.606739,-22.958555
7.043750,-98.220413,-4.742980,-17.740883,-21.322363,-11.427159,-23.141150
7.050000,-94.385696,-4.745907,-15.274911,-21.200966,-5.167476,-23.446268
7.056250,-90.278374,-4.749216,-11.808742,-21.150492,1.928171,-23.780085
7.062500,-84.274178,-4.752522,-8.907404,-21.195574,10.170082,-24.133474
7.068750,-78.263847,-4.755139,-8.074846,-21.350645,18.982790,-24.500797
7.075000,-72.249069,-4.756735,-7.271869,-21.621138,27.812752,-24.879238
7.081250,-66.233955,-4.757942,-6.622071,-22.002895,36.115982,-25.265017
7.087500,-60.221706,-4.759001,-6.217974,-22.480375,43.412098,-25.651915
7.093750,-54.209812,-4.759625,-6.160306,-23.032509,51.492485,-26.016399
7.100000,-48.196247,-4.759314,-6.539281,-23.622208,56.789982,-26.340343
7.106250,-42.183495,-4.758245,-7.447083,-24.220318,61.052189,-26.627159
7.112500,-36.175636,-4.756947,-9.200809,-24.844791,63.967419,-26.877993
7.118750,-30.173662,-4.755591,-9.579684,-25.455336,65.389389,-27.086342
7.125000,-24.176483,-4.754293,-9.852058,-26.024624,65.274780,-27.242422
7.131250,-18.183510,-4.753054,-9.542611,-26.542984,63.650028,-27.333780
7.137500,-12.194288,-4.751877,-10.139192,-27.050045,60.634903,-27.342710
7.143750,-6.208132,-4.750579,-8.169288,-27.397820,56.433826,-27.234407
7.150000,-0.227138,-4.749719,-5.621979,-27.647615,51.356041,-26.980793
7.156250,5.746364,-4.750176,-2.071211,-27.820032,44.329624,-26.674891
7.162500,11.715372,-4.751988,2.362959,-27.924425,36.742023,-26.284662
7.168750,17.687599,-4.754016,7.505287,-27.965775,28.651154,-25.815382
7.175000,23.666912,-4.755458,13.130363,-27.948280,20.270231,-25.286177
7.181250,29.647896,-4.756757,18.970030,-27.876448,11.856770,-24.725119
7.187500,35.624985,-4.758976,24.725515,-27.757511,3.687507,-24.172106
7.193750,41.600800,-4.761890,30.364931,-27.600256,-3.979601,-23.689329
7.200000,47.581127,-4.764612,35.870152,-27.412195,-11.153773,-23.209991
7.206250,53.566799,-4.766959,40.965141,-27.198877,-17.751884,-22.793474
7.212500,59.552822,-4.769516,45.408798,-26.956301,-23.287674,-22.473829
7.218750,65.538734,-4.772421,49.012482,-26.637150,-27.721867,-22.266188
7.225000,71.526527,-4.775384,51.480770,-26.346542,-31.151398,-22.170090
7.231250,77.516571,-4.778452,52.206371,-26.066935,-33.781452,-22.192883
7.237500,83.507706,-4.781817,51.634430,-25.785164,-35.806301,-22.319143
7.243750,89.501686,-4.785122,49.672703,-25.504412,-37.369106,-22.529139
7.250000,93.605896,-4.787638,46.586998,-25.228613,-38.670303,-22.800192
7.256250,97.439529,-4.789446,42.715302,-24.963400,-39.914711,-23.104845
7.262500,100.464058,-4.791391,38.169525,-24.712656,-41.299572,-23.410379
7.268750,102.184982,-4.794003,33.080444,-24.482121,-43.033508,-23.683662
7.275000,102.179237,-4.797246,27.604151,-24.276537,-45.394009,-23.915024
7.281250,100.109818,-4.800538,21.929899,-24.098778,-46.478985,-24.097294
7.287500,95.741089,-4.803573,16.256161,-23.952660,-47.713711,-24.206249
7.293750,88.950462,-4.806072,10.785101,-23.830147,-48.646206,-24.221336
7.300000,79.737015,-4.807835,5.751009,-23.716045,-48.959625,-24.142179
7.306250,68.220604,-4.809080,1.274674,-23.607756,-48.401546,-23.978640
7.312500,54.632446,-4.810515,-4.441973,-23.488201,-46.708813,-23.742826
7.318750,39.313049,-4.812739,-7.434210,-23.282925,-43.675144,-23.450535
7.325000,22.691166,-4.815983,-11.164080,-23.125381,-39.190884,-23.127274
7.331250,5.265057,-4.819771,-13.933944,-22.962080,-33.240463,-22.804930
7.337500,-12.429248,-4.823480,-16.337152,-22.781727,-25.895552,-22.518755
7.343750,-29.845163,-4.826549,-18.552114,-22.590157,-17.366543,-22.292961
7.350000,-46.452312,-4.829090,-20.725386,-22.394571,-8.054769,-22.147873
7.356250,-61.763115,-4.831736,-22.924376,-22.192842,1.660730,-22.131559
7.362500,-75.352448,-4.835154,-25.277155,-22.000772,11.259070,-22.210884
7.368750,-86.876663,-4.838986,-27.938709,-21.837503,19.957506,-22.384911
7.375000,-96.093842,-4.842585,-28.794300,-21.714626,27.516035,-22.626091
7.381250,-102.881721,-4.845658,-29.210649,-21.637587,33.654034,-23.018200
7.387500,-107.242897,-4.848266,-30.591135,-21.608820,38.061062,-23.511921
7.393750,-109.301659,-4.850752,-30.885727,-21.625582,40.060734,-24.060375
7.400000,-109.296906,-4.853329,-30.298729,-21.687191,39.461277,-24.619223
7.406250,-107.567673,-4.856053,-29.138542,-21.796835,36.204266,-25.148069
7.412500,-104.539223,-4.858603,-27.851164,-21.956377,30.305035,-25.623442
7.418750,-100.701942,-4.860422,-27.109100,-22.139103,21.915880,-26.022501
7.425000,-96.590317,-4.861567,-27.312544,-22.355793,11.387318,-26.321140
7.431250,-90.587990,-4.862945,-26.706945,-22.618204,-0.858569,-26.505121
7.437500,-84.591537,-4.865271,-27.195883,-22.930407,-14.340552,-26.568371
7.443750,-78.596497,-4.868096,-28.799469,-23.292629,-28.504650,-26.512796
7.450000,-72.595779,-4.870599,-31.505629,-23.705059,-42.752403,-26.346359
7.456250,-66.590569,-4.872391,-35.257412,-24.164356,-56.448814,-26.075319
7.462500,-60.583920,-4.874049,-39.931503,-24.657438,-68.960228,-25.705326
7.468750,-54.577961,-4.875494,-45.343864,-25.162867,-79.779778,-25.261248
7.475000,-48.570297,-4.876346,-51.334808,-25.672306,-88.540947,-24.784002
7.481250,-42.561207,-4.876602,-57.831329,-26.199184,-94.864433,-24.306158
7.487500,-36.554855,-4.876636,-64.592155,-26.736601,-98.419281,-23.856033
7.493750,-30.550432,-4.876375,-69.073837,-27.268341,-99.005569,-23.457689
7.500000,-24.545845,-4.875359,-74.195366,-27.773842,-96.538055,-23.124470
7.506250,-18.542593,-4.873607,-77.551308,-28.236713,-91.078720,-22.865025
7.512500,-12.546660,-4.872110,-79.009239,-28.644651,-84.753807,-22.685661
7.518750,-6.559071,-4.871135,-78.490540,-28.980782,-76.240135,-22.577217
7.525000,-0.575073,-4.870342,-75.981171,-29.221619,-66.354286,-22.529413
7.531250,5.406917,-4.869482,-71.599464,-29.354818,-55.830975,-22.532536
7.537500,11.383608,-4.869172,-65.643295,-29.385365,-45.472130,-22.538651
7.543750,17.352831,-4.869987,-58.418465,-29.309788,-35.917183,-22.575533
7.550000,23.318272,-4.871777,-50.257008,-29.130297,-27.448515,-22.633192
7.556250,29.284401,-4.874138,-41.590332,-28.857573,-20.725168,-22.675068
7.562500,35.251362,-4.877169,-32.861481,-28.502546,-15.907248,-22.678293
7.568750,41.217167,-4.881271,-24.210417,-28.072462,-13.126922,-22.647839
7.575000,47.185829,-4.885930,-15.813565,-27.588308,-12.339971,-22.593777
7.581250,53.161308,-4.890356,-8.132907,-27.073265,-13.318254,-22.529469
7.587500,59.143002,-4.894226,-1.484609,-26.539185,-15.714333,-22.472658
7.593750,65.127800,-4.897850,3.997220,-26.001070,-19.065702,-22.440641
7.600000,71.112915,-4.901220,8.478456,-25.505705,-22.761171,-22.416584
7.606250,77.098541,-4.904381,12.019990,-25.054323,-26.190214,-22.409836
7.612500,83.084053,-4.907731,14.730463,-24.646107,-28.956709,-22.437916
7.618750,89.068718,-4.911401,16.881407,-24.285007,-30.529575,-22.506172
7.625000,95.055809,-4.914784,16.954750,-23.972767,-30.400957,-22.610107
7.631250,99.152641,-4.917344,16.982525,-23.705994,-28.171692,-22.741554
7.637500,102.977837,-4.919454,16.856100,-23.473368,-25.483976,-22.894510
7.643750,105.992287,-4.921840,16.455486,-23.266869,-20.640259,-23.073179
7.650000,107.704018,-4.925081,15.610104,-23.084438,-14.246842,-23.292789
7.656250,107.689972,-4.928870,14.182545,-22.923332,-5.091668,-23.577662
7.662500,105.612373,-4.932825,12.127402,-22.766907,3.794132,-23.813955
7.668750,101.234062,-4.937109,9.404919,-22.596535,12.451417,-24.056862
7.675000,94.432846,-4.942081,5.920203,-22.404671,20.419470,-24.318310
7.681250,85.209702,-4.947232,3.698412,-22.200413,26.981924,-24.608660
7.687500,73.690781,-4.951944,1.311843,-21.993679,31.447521,-24.932243
7.693750,60.112022,-4.955825,-2.602177,-21.790884,35.420490,-25.286077
7.700000,44.809078,-4.959334,-5.917235,-21.601746,37.021137,-25.661856
7.706250,28.206530,-4.962863,-8.719470,-21.441397,36.305538,-26.053307
7.712500,10.797125,-4.966425,-11.120492,-21.328167,33.402782,-26.452532
7.718750,-6.884310,-4.969671,-13.216196,-21.276646,28.521357,-26.849112
7.725000,-24.289791,-4.972283,-15.030193,-21.274355,21.966299,-27.226351
7.731250,-40.888561,-4.974170,-16.646196,-21.324316,14.124587,-27.554968
7.737500,-56.192242,-4.975720,-18.276300,-21.431231,5.373083,-27.823765
7.743750,-69.774841,-4.977281,-20.069078,-21.598061,-3.998258,-28.035870
7.750000,-81.295372,-4.979198,-20.010550,-21.829311,-13.506505,-28.177509
7.756250,-90.516701,-4.981425,-19.553141,-22.113525,-22.632919,-28.231640
7.762500,-97.313324,-4.983716,-18.250919,-22.431721,-30.929310,-28.182934
7.768750,-101.684158,-4.985739,-17.669340,-22.763876,-37.985184,-28.011795
7.775000,-103.752571,-4.987530,-16.001028,-23.093088,-43.498116,-27.703976
7.781250,-103.758659,-4.989989,-13.737661,-23.401140,-47.377823,-27.290453
7.787500,-102.043106,-4.993647,-11.471388,-23.673769,-49.615643,-26.785862
7.793750,-99.028954,-4.997819,-9.804185,-23.907385,-50.074238,-26.200947
7.800000,-95.200760,-5.001431,-9.292373,-24.100178,-48.832939,-25.557110
7.806250,-91.092438,-5.004107,-8.335146,-24.254662,-46.090313,-24.887089
7.812500,-85.089188,-5.006678,-8.840085,-24.376608,-42.116398,-24.230564
7.818750,-79.089569,-5.009758,-10.756463,-24.472015,-35.008911,-23.615053
7.825000,-73.089851,-5.012998,-13.955196,-24.543783,-28.207859,-23.037254
7.831250,-67.085930,-5.015660,-18.257994,-24.593590,-19.921358,-22.503365
7.837500,-61.078243,-5.017792,-23.452698,-24.625370,-12.776642,-21.995502
7.843750,-55.070312,-5.019871,-29.322618,-24.651100,-5.042578,-21.639191
7.850000,-49.062515,-5.021748,-35.619003,-24.685326,2.244990,-21.392248
7.856250,-43.051926,-5.022793,-42.044502,-24.741949,8.481276,-21.245037
7.862500,-37.038937,-5.023088,-48.260925,-24.829538,13.347818,-21.189838
7.868750,-31.027855,-5.022964,-53.922863,-24.946003,16.671238,-21.212242
7.875000,-25.018278,-5.022517,-58.416908,-25.079720,18.360899,-21.299416
7.881250,-19.007772,-5.021015,-61.255104,-25.225344,18.445448,-21.443216
7.887500,-12.998021,-5.018430,-62.334156,-25.376575,17.110086,-21.630110
7.893750,-6.994216,-5.015584,-61.591099,-25.517998,14.673010,-21.842791
7.900000,-1.000042,-5.013312,-59.057755,-25.633232,11.543943,-22.060282
7.906250,4.985794,-5.011697,-54.949020,-25.734447,8.157512,-22.266655
7.912500,10.968160,-5.010492,-49.522884,-25.819046,4.936985,-22.456007
7.918750,16.947714,-5.010492,-42.959953,-25.819046,2.347563,-22.456007
7.925000,16.947714,-5.010492,-42.959953,-25.819046,2.347563,-22.456007
7.931250,16.947714,-5.010492,-42.959953,-25.819046,2.347563,-22.456007
7.937500,16.947714,-5.010492,-42.959953,-25.819046,2.347563,-22.456007
7.943750,16.947714,-5.010492,-42.959953,-25.819046,2.347563,-22.456007
7.950000,16.947714,-5.010492,-42.959953,-25.819046,2.347563,-22.456007
7.956250,16.947714,-5.010492,-42.959953,-25.819046,2.347563,-22.456007
7.962500,16.947714,-5.010492,-42.959953,-25.819046,2.347563,-22.456007
7.968750,16.947714,-5.010492,-42.959953,-25.819046,2.347563,-22.456007
7.975000,16.947714,-5.010492,-42.959953,-25.819046,2.347563,-22.456007
7.981250,16.947714,-5.010492,-42.959953,-25.819046,2.347563,-22.456007
7.987500,16.947714,-5.010492,-42.959953,-25.819046,2.347563,-22.456007
7.993750,16.947714,-5.010492,-42.959953,-25.819046,2.347563,-22.456007
8.000000,16.947714,-5.010492,-42.959953,-25.819046,2.347563,-22.456007
