Anritsu VNA Frequency[GHz],S21[deg],S21[dB],S11[deg],S11[dB],S22[deg],S22[dB]
1338063849.21,2012_05_26_21:24:09,+48.858,+105.67,+86.108,+105.97,+111.21,+113.22,+109.23,+110.64,110.200668,-10.332
3.006250,39.675941,-2.198071,64.531670,-27.079151,-81.940117,-28.044069
3.012500,39.675941,-2.198071,64.531670,-27.079151,-81.940117,-28.044069
3.018750,39.675941,-2.198071,64.531670,-27.079151,-81.940117,-28.044069
3.025000,39.675941,-2.198071,64.531670,-27.079151,-81.940117,-28.044069
3.031250,39.675941,-2.198071,64.531670,-27.079151,-81.940117,-28.044069
3.037500,39.675941,-2.198071,64.531670,-27.079151,-81.940117,-28.044069
3.043750,39.675941,-2.198071,64.531670,-27.079151,-81.940117,-28.044069
3.050000,39.675941,-2.198071,64.531670,-27.079151,-81.940117,-28.044069
3.056250,39.675941,-2.198071,64.531670,-27.079151,-81.940117,-28.044069
3.062500,39.675941,-2.198071,64.531670,-27.079151,-81.940117,-28.044069
3.068750,39.675941,-2.198071,64.531670,-27.079151,-81.940117,-28.044069
3.075000,39.675941,-2.198071,64.531670,-27.079151,-81.940117,-28.044069
3.081250,39.675941,-2.198071,64.531670,-27.079151,-81.940117,-28.044069
3.087500,39.675941,-2.198071,64.531670,-27.079151,-81.940117,-28.044069
3.093750,39.675941,-2.200238,64.531670,-26.880474,-81.940117,-27.813101
3.100000,45.597015,-2.202736,61.282043,-26.714453,-81.999886,-27.583233
3.106250,51.517559,-2.205348,57.161156,-26.609739,-81.186050,-27.356848
3.112500,57.438896,-2.208018,52.633488,-26.581821,-79.223892,-27.114374
3.118750,63.359634,-2.210855,46.304569,-26.619350,-75.889137,-26.790558
3.125000,69.279289,-2.213812,41.030117,-26.640583,-71.227264,-26.483400
3.131250,75.198318,-2.216898,36.350834,-26.686867,-65.352386,-26.151188
3.137500,81.116257,-2.220279,32.411060,-26.763790,-57.835514,-25.780838
3.143750,87.032509,-2.224224,29.406878,-26.866211,-48.784832,-25.380503
3.150000,92.949173,-2.228507,27.513853,-26.980997,-38.335926,-24.963900
3.156250,96.974159,-2.232593,26.845768,-27.094530,-28.540981,-24.551266
3.162500,100.728035,-2.236402,27.462721,-27.192207,-17.966612,-24.166636
3.168750,103.676643,-2.240248,29.376860,-27.261026,-7.341622,-23.847584
3.175000,105.326515,-2.244330,32.603504,-27.283274,2.665094,-23.585699
3.181250,105.251724,-2.248485,35.346165,-27.243624,11.972812,-23.341183
3.187500,103.114037,-2.252511,39.169735,-27.154921,19.594940,-23.150368
3.193750,98.675522,-2.256292,43.333897,-27.025797,25.221724,-23.032284
3.200000,91.814384,-2.259769,47.228638,-26.862278,28.756731,-22.993614
3.206250,82.530617,-2.262871,50.359974,-26.673407,30.139797,-23.033241
3.212500,70.944633,-2.265718,52.303932,-26.471573,29.413651,-23.156317
3.218750,57.291370,-2.268746,52.739704,-26.269257,26.750204,-23.372568
3.225000,41.912640,-2.271654,53.651150,-26.065247,22.113060,-23.591455
3.231250,25.237907,-2.274106,53.590836,-25.859648,15.835200,-23.832037
3.237500,7.758351,-2.276191,51.087791,-25.655167,10.313804,-24.091372
3.243750,-9.997407,-2.278457,48.244133,-25.439238,4.144543,-24.350214
3.250000,-27.483566,-2.281282,44.980106,-25.226048,-1.961040,-24.587286
3.256250,-44.164219,-2.284325,40.962933,-25.051046,-7.394016,-24.794254
3.262500,-59.544018,-2.287044,36.337181,-24.898682,-11.600695,-24.960691
3.268750,-73.197403,-2.289352,31.113115,-24.764051,-14.043890,-25.075665
3.275000,-84.786491,-2.291723,25.191364,-24.646437,-14.338461,-25.135094
3.281250,-94.076035,-2.294518,18.472815,-24.538404,-12.246579,-25.141228
3.287500,-100.942337,-2.297701,10.870749,-24.428169,-7.702342,-25.102297
3.293750,-105.383240,-2.301004,2.336124,-24.290009,-0.813076,-25.019125
3.300000,-107.519302,-2.304193,-4.998652,-24.115343,8.197863,-24.893156
3.306250,-107.587402,-2.307182,-13.274332,-23.986794,18.961430,-24.743750
3.312500,-105.928902,-2.309932,-21.583662,-23.871595,30.964893,-24.598583
3.318750,-102.971809,-2.312639,-29.545788,-23.771238,43.619205,-24.480007
3.325000,-99.208435,-2.315167,-36.897358,-23.698685,56.309429,-24.402388
3.331250,-95.170586,-2.317398,-43.395073,-23.673527,68.413185,-24.372219
3.337500,-89.236931,-2.319230,-48.859936,-23.733540,81.478485,-24.391811
3.343750,-83.302628,-2.320678,-53.183193,-23.881891,93.576141,-24.454020
3.350000,-77.368912,-2.321765,-57.076656,-24.051329,102.840385,-24.524534
3.356250,-71.435341,-2.322539,-59.963177,-24.303766,110.928246,-24.611841
3.362500,-65.503380,-2.323110,-60.100132,-24.671217,116.746513,-24.765419
3.368750,-59.573395,-2.323398,-59.227570,-25.145365,120.310043,-24.966970
3.375000,-53.643742,-2.323159,-57.232834,-25.705881,121.309807,-25.233776
3.381250,-47.715733,-2.322459,-54.143452,-26.323368,119.595001,-25.530947
3.387500,-41.793068,-2.321967,-50.068424,-26.963648,115.643959,-25.816343
3.393750,-35.876991,-2.322122,-45.178364,-27.586491,109.132919,-26.096989
3.400000,-29.963711,-2.322707,-39.694286,-28.150190,100.496460,-26.338882
3.406250,-24.050215,-2.323152,-33.930466,-28.630518,90.715523,-26.608650
3.412500,-18.136978,-2.323639,-28.220053,-29.004358,80.598274,-26.865618
3.418750,-12.228295,-2.324900,-22.527870,-29.249340,68.660515,-27.084007
3.425000,-6.323133,-2.327111,-16.852083,-29.356009,57.193382,-27.254219
3.431250,-0.416180,-2.329555,-11.473742,-29.330324,46.630058,-27.377172
3.437500,5.494664,-2.331842,-6.603636,-29.170130,37.424473,-27.459188
3.443750,11.405101,-2.334702,-2.252102,-28.858347,30.159969,-27.453375
3.450000,17.313652,-2.338528,1.315638,-28.431561,23.267241,-27.375158
3.456250,23.224977,-2.342734,3.990741,-27.925068,18.465769,-27.237816
3.462500,29.144350,-2.346420,5.873647,-27.377783,15.434979,-27.044382
3.468750,35.074596,-2.349377,7.179606,-26.830915,13.848787,-26.792637
3.475000,41.000423,-2.352102,8.156750,-26.332850,13.358760,-26.494017
3.481250,46.925388,-2.354809,9.133952,-25.890348,13.571688,-26.162794
3.487500,52.849701,-2.357614,8.931702,-25.487284,14.104790,-25.796215
3.493750,58.772541,-2.360796,9.181616,-25.167439,14.545926,-25.397942
3.500000,64.694908,-2.364372,9.692982,-24.944658,14.466413,-24.979525
3.506250,70.619965,-2.367797,10.394796,-24.812521,13.527519,-24.551332
3.512500,76.548454,-2.370494,11.208171,-24.747551,11.463120,-24.123350
3.518750,82.477623,-2.372879,12.079406,-24.695757,8.077211,-23.701555
3.525000,88.401566,-2.375999,12.967197,-24.628773,3.229860,-23.292107
3.531250,94.321106,-2.380138,14.691183,-24.599627,-1.026332,-22.908165
3.537500,98.347389,-2.384692,16.662312,-24.550436,-6.133128,-22.566620
3.543750,102.106247,-2.388884,19.018354,-24.464115,-11.629240,-22.279089
3.550000,105.062775,-2.393147,21.942694,-24.326605,-17.219158,-22.004938
3.556250,106.720810,-2.397954,23.781794,-24.124296,-22.543436,-21.724041
3.562500,106.656143,-2.403137,26.189482,-23.881413,-27.218616,-21.479218
3.568750,104.533585,-2.407670,28.663282,-23.624123,-31.719210,-21.322954
3.575000,100.118111,-2.410985,30.805603,-23.378798,-35.656826,-21.246422
3.581250,93.282471,-2.413219,32.235168,-23.177795,-39.212177,-21.276127
3.587500,84.022484,-2.414942,32.621017,-23.057804,-40.944595,-21.358315
3.593750,72.458466,-2.416260,31.757406,-23.022738,-43.032642,-21.506598
3.600000,58.831360,-2.416690,31.785015,-23.070614,-44.986824,-21.740824
3.606250,43.482288,-2.415860,31.052483,-23.219542,-46.745243,-22.056660
3.612500,26.834299,-2.414104,29.964182,-23.465841,-48.327755,-22.430408
3.618750,9.375675,-2.411947,28.943026,-23.810312,-49.830948,-22.829571
3.625000,-8.359720,-2.409247,28.193773,-24.273689,-51.611385,-23.285784
3.631250,-25.824116,-2.405735,28.177305,-24.823290,-51.703716,-23.770189
3.637500,-42.487644,-2.401824,29.256922,-25.423325,-51.485111,-24.251614
3.643750,-57.862259,-2.398185,31.594826,-26.035807,-50.676910,-24.707777
3.650000,-71.520454,-2.395231,33.336365,-26.618214,-49.109844,-25.119648
3.656250,-83.118889,-2.392854,36.047165,-27.111763,-46.687927,-25.469471
3.662500,-92.418800,-2.391194,38.975060,-27.500534,-43.377224,-25.747643
3.668750,-99.298698,-2.390400,43.089352,-27.801670,-39.251060,-25.957933
3.675000,-103.756660,-2.390298,46.557323,-27.977989,-34.440243,-26.102495
3.681250,-105.912079,-2.390452,49.182144,-28.018925,-29.102428,-26.180571
3.687500,-106.002975,-2.391084,50.716194,-27.931433,-23.464153,-26.194984
3.693750,-104.372131,-2.392843,50.983700,-27.738380,-17.802004,-26.154984
3.700000,-101.446198,-2.395744,49.916275,-27.466295,-12.395670,-26.074345
3.706250,-97.711159,-2.398974,47.683125,-27.109970,-7.461747,-25.957180
3.712500,-93.697212,-2.402003,44.344887,-26.711163,-3.114577,-25.796082
3.718750,-87.786949,-2.405190,38.071552,-26.307819,0.492599,-25.595911
3.725000,-81.877869,-2.408947,30.767675,-25.924227,3.298674,-25.361704
3.731250,-75.967148,-2.412857,22.211069,-25.592222,5.575950,-25.143560
3.737500,-70.050896,-2.416315,14.326415,-25.349640,7.606296,-24.957045
3.743750,-64.131218,-2.419397,5.785529,-25.195131,9.537680,-24.819418
3.750000,-58.211285,-2.422392,-2.811571,-25.117189,11.845032,-24.690147
3.756250,-52.292553,-2.425242,-11.006374,-25.110374,13.343281,-24.550173
3.762500,-46.372486,-2.427807,-18.367414,-25.157917,15.812613,-24.389874
3.768750,-40.452145,-2.430279,-24.450991,-25.225273,17.238132,-24.270817
3.775000,-34.532745,-2.432960,-28.945866,-25.307848,19.308001,-24.190996
3.781250,-28.613953,-2.435736,-31.771650,-25.405684,21.285767,-24.130978
3.787500,-22.694138,-2.438166,-32.579735,-25.495157,22.824448,-24.081091
3.793750,-16.773994,-2.440552,-31.229740,-25.574917,23.644772,-24.041716
3.800000,-10.855814,-2.443321,-29.598625,-25.632456,23.561148,-24.010202
3.806250,-4.939049,-2.446414,-25.573263,-25.590256,22.569305,-23.952806
3.812500,0.978335,-2.449671,-20.324366,-25.496637,20.638626,-23.866795
3.818750,6.895755,-2.453305,-14.537126,-25.369448,17.661753,-23.760954
3.825000,12.812857,-2.457359,-8.775403,-25.221722,13.753628,-23.639841
3.831250,18.732777,-2.461314,-1.412533,-25.065889,9.171735,-23.511118
3.837500,24.656073,-2.464868,5.706820,-24.914999,4.251158,-23.394581
3.843750,30.579185,-2.468418,12.695976,-24.771870,-0.635997,-23.306784
3.850000,36.499828,-2.472471,17.843473,-24.627745,-4.638439,-23.167517
3.856250,42.420631,-2.476521,22.864561,-24.489635,-9.596211,-23.027983
3.862500,48.344795,-2.479994,27.296734,-24.360134,-13.571221,-22.903103
3.868750,54.269081,-2.483288,30.793617,-24.230686,-16.630539,-22.793982
3.875000,60.187557,-2.487484,33.050762,-24.082354,-18.886753,-22.693481
3.881250,66.102028,-2.492910,33.784767,-23.896811,-20.504744,-22.587088
3.887500,72.019104,-2.498600,32.586292,-23.697901,-21.743654,-22.470486
3.893750,77.942978,-2.503814,29.283588,-23.469704,-22.978973,-22.352274
3.900000,83.869469,-2.509061,26.052525,-23.197973,-24.513708,-22.227062
3.906250,89.793587,-2.515289,21.470221,-22.880249,-26.642004,-22.092115
3.912500,95.717056,-2.522492,16.019817,-22.518402,-27.817162,-21.943836
3.918750,99.751335,-2.530197,10.188976,-22.118586,-29.993780,-21.773144
3.925000,103.520668,-2.537741,4.380575,-21.701771,-32.962540,-21.559895
3.931250,106.492531,-2.544912,-1.056772,-21.294151,-36.602356,-21.345631
3.937500,108.173164,-2.551666,-5.743236,-20.917267,-38.875828,-21.162674
3.943750,108.134621,-2.557873,-9.350883,-20.593569,-40.726105,-21.013134
3.950000,106.037216,-2.563131,-11.658539,-20.344654,-41.514996,-20.908077
3.956250,101.643822,-2.566864,-12.551912,-20.189079,-40.725330,-20.861101
3.962500,94.830696,-2.568864,-12.003839,-20.137785,-37.936474,-20.884344
3.968750,85.594521,-2.569460,-10.041201,-20.191010,-32.827850,-20.986485
3.975000,74.053482,-2.568769,-8.655872,-20.328186,-25.213852,-21.177462
3.981250,60.443802,-2.566882,-4.217499,-20.542870,-16.954628,-21.499176
3.987500,45.104679,-2.563819,0.559178,-20.890852,-6.330401,-21.853750
3.993750,28.461693,-2.559913,5.975671,-21.304899,5.912205,-22.302839
4.000000,11.005872,-2.555356,11.617336,-21.776283,18.756872,-22.855114
4.006250,-6.729724,-2.550094,17.069792,-22.293772,31.484226,-23.521889
4.012500,-24.200853,-2.544507,22.047098,-22.833944,43.313690,-24.264462
4.018750,-40.876816,-2.539379,26.305376,-23.368414,52.801571,-24.984516
4.025000,-56.265263,-2.535054,29.597042,-23.876554,61.732101,-25.674089
4.031250,-69.935356,-2.531248,31.925850,-24.351698,67.159767,-26.401062
4.037500,-81.544106,-2.527985,33.414124,-24.776964,71.317627,-27.105595
4.043750,-90.856552,-2.525773,33.995853,-25.137867,72.860023,-27.754787
4.050000,-97.749733,-2.524849,33.605793,-25.431177,72.294586,-28.328472
4.056250,-102.219109,-2.524426,32.251377,-25.652960,70.240807,-28.813622
4.062500,-104.382965,-2.523865,30.101877,-25.781775,65.552139,-29.188068
4.068750,-104.483246,-2.523834,27.300117,-25.825289,60.711872,-29.428907
4.075000,-102.866219,-2.525673,23.972836,-25.799839,55.914082,-29.537107
4.081250,-99.953590,-2.528922,20.413801,-25.717571,51.408176,-29.516043
4.087500,-96.228928,-2.532225,17.006802,-25.586208,47.540760,-29.366259
4.093750,-92.221985,-2.534937,12.280452,-25.412060,42.522167,-29.090469
4.100000,-86.319756,-2.537725,8.274722,-25.205671,38.062756,-28.704102
4.106250,-80.421562,-2.541332,4.889790,-24.973629,33.981861,-28.237345
4.112500,-74.524834,-2.545638,2.084231,-24.712505,30.159096,-27.687122
4.118750,-68.625191,-2.550329,-0.230119,-24.428064,26.730539,-27.048254
4.125000,-62.723465,-2.555498,-2.248503,-24.134491,23.288195,-26.366585
4.131250,-56.820343,-2.561250,-4.096682,-23.842106,19.727943,-25.675011
4.137500,-50.913181,-2.567210,-5.848407,-23.556477,16.050621,-24.999706
4.143750,-45.000210,-2.572936,-7.549517,-23.279312,12.287648,-24.359833
4.150000,-39.083374,-2.578607,-9.262762,-23.011337,8.469015,-23.770315
4.156250,-33.165737,-2.584639,-8.890132,-22.750872,4.623549,-23.234711
4.162500,-27.246876,-2.590994,-7.870000,-22.495182,2.947272,-22.727615
4.168750,-21.324835,-2.597546,-7.683885,-22.233833,1.812723,-22.331797
4.175000,-15.399064,-2.604234,-6.396068,-21.976002,0.056190,-21.993153
4.181250,-9.469304,-2.610876,-4.354833,-21.731844,-0.430170,-21.717527
4.187500,-3.535191,-2.617298,-1.855648,-21.507376,0.132427,-21.478451
4.193750,2.403862,-2.623370,0.783774,-21.310003,1.562107,-21.283098
4.200000,8.346450,-2.628897,3.234847,-21.147120,4.434303,-21.193398
4.206250,14.292347,-2.633660,5.180076,-21.026323,5.803597,-21.189970
4.212500,20.241022,-2.637352,8.512695,-20.949171,8.620794,-21.214836
4.218750,26.189281,-2.640280,11.674410,-20.905935,10.428907,-21.262714
4.225000,32.134335,-2.642902,14.966477,-20.889931,11.379769,-21.343214
4.231250,38.075081,-2.645355,16.734768,-20.891514,11.329510,-21.448303
4.237500,44.013790,-2.647574,18.821112,-20.902418,10.093413,-21.559740
4.243750,49.949982,-2.649461,20.767384,-20.938843,9.611995,-21.672951
4.250000,55.885075,-2.651026,22.181765,-20.992750,8.250256,-21.791025
4.256250,61.818306,-2.652052,22.771984,-21.045444,6.437975,-21.899565
4.262500,67.747177,-2.653007,22.161768,-21.081738,4.584292,-21.984915
4.268750,73.669876,-2.654521,19.996761,-21.090134,3.023894,-22.033567
4.275000,79.585396,-2.657048,18.133591,-21.063862,2.044354,-22.035795
4.281250,85.499039,-2.660208,14.939693,-20.993204,1.890550,-21.979544
4.287500,91.414078,-2.663732,10.685269,-20.870222,2.746776,-21.841801
4.293750,95.433990,-2.668211,5.576549,-20.707203,4.618512,-21.645237
4.300000,99.179245,-2.673984,-0.163846,-20.512754,7.118056,-21.425655
4.306250,102.123360,-2.680220,-6.187292,-20.288563,10.385389,-21.173084
4.312500,103.779846,-2.685818,-12.207908,-20.042604,14.268323,-20.892635
4.318750,103.718681,-2.690850,-17.982040,-19.786139,18.504614,-20.595070
4.325000,101.592041,-2.696311,-23.307440,-19.536745,22.793247,-20.296551
4.331250,97.162521,-2.702322,-28.021429,-19.313812,26.822195,-20.013010
4.337500,90.315338,-2.707973,-31.982756,-19.143780,30.315836,-19.753849
4.343750,81.053215,-2.712603,-35.110043,-19.052429,33.035622,-19.500114
4.350000,69.494247,-2.716302,-36.435955,-18.960848,34.731903,-19.296570
4.356250,55.872395,-2.719135,-36.528397,-18.964069,36.906513,-19.177706
4.362500,40.528770,-2.720570,-35.260021,-19.071310,38.359848,-19.150654
4.368750,23.889421,-2.720777,-32.574120,-19.278788,39.496754,-19.239603
4.375000,6.440514,-2.720357,-28.556221,-19.577118,40.685555,-19.442995
4.381250,-11.286220,-2.719464,-23.375067,-19.949131,41.760296,-19.682467
4.387500,-28.741325,-2.717516,-17.258717,-20.370979,43.582729,-19.968922
4.393750,-45.391724,-2.714559,-10.523210,-20.822569,44.476768,-20.345875
4.400000,-60.752205,-2.711580,-3.558190,-21.290569,46.228306,-20.802019
4.406250,-74.396294,-2.708969,1.375072,-21.758205,48.278065,-21.304623
4.412500,-85.978867,-2.706039,7.747770,-22.208698,50.315063,-21.830296
4.418750,-95.261101,-2.702685,13.379687,-22.630747,52.113888,-22.360744
4.425000,-102.125595,-2.699687,18.082087,-22.985914,53.538780,-22.863102
4.431250,-106.575165,-2.697569,21.832075,-23.247343,54.592941,-23.294222
4.437500,-108.726479,-2.695937,24.383308,-23.423166,55.118065,-23.643692
4.443750,-108.813843,-2.694511,25.745787,-23.520182,55.047157,-23.902802
4.450000,-107.180801,-2.694007,26.094896,-23.539856,54.477535,-24.061890
4.456250,-104.256493,-2.695085,25.686403,-23.484800,53.569664,-24.115849
4.462500,-100.528160,-2.697203,24.844870,-23.362404,52.499050,-24.066231
4.468750,-96.522156,-2.699693,23.972759,-23.186918,51.478996,-23.924604
4.475000,-90.619019,-2.702784,21.625597,-22.974182,50.766769,-23.710625
4.481250,-84.716301,-2.706777,19.977711,-22.715141,48.947449,-23.384474
4.487500,-78.810387,-2.711124,18.934774,-22.430967,47.881485,-22.986597
4.493750,-72.899155,-2.715329,18.267624,-22.148556,47.101379,-22.553066
4.500000,-66.987152,-2.720218,17.886330,-21.885422,46.376308,-22.110735
4.506250,-61.077633,-2.726583,17.740145,-21.649199,45.511726,-21.679619
4.512500,-55.163734,-2.733561,17.778843,-21.436388,44.321880,-21.273863
4.518750,-49.237652,-2.739695,17.937796,-21.224052,42.607975,-20.905525
4.525000,-43.301151,-2.744693,18.131355,-20.977621,40.134449,-20.599522
4.531250,-37.363266,-2.749637,19.588535,-20.816618,36.575073,-20.389473
4.537500,-31.427277,-2.755065,21.363277,-20.689125,33.217255,-20.212761
4.543750,-25.487411,-2.760399,22.021008,-20.561913,28.481508,-20.096584
4.550000,-19.539410,-2.764792,23.327116,-20.452490,22.844130,-20.029030
4.556250,-13.585619,-2.768227,24.800179,-20.383839,16.598921,-20.010365
4.562500,-7.629826,-2.771076,26.098108,-20.374859,10.671244,-20.116846
4.568750,-1.672595,-2.773407,26.909470,-20.448759,4.982199,-20.338234
4.575000,4.286306,-2.774991,26.941818,-20.642267,-0.248545,-20.621832
4.581250,10.248780,-2.775457,25.949640,-20.952791,-5.086102,-20.948900
4.587500,16.212105,-2.774689,24.863417,-21.324558,-8.819909,-21.342545
4.593750,22.173954,-2.772910,23.038527,-21.799316,-11.308458,-21.799820
4.600000,28.131903,-2.770360,20.504221,-22.382986,-12.562217,-22.303965
4.606250,34.085503,-2.766973,17.279856,-23.111988,-12.736430,-22.849016
4.612500,40.034302,-2.762719,13.481633,-23.914169,-12.150765,-23.432926
4.618750,45.974663,-2.758390,9.504505,-24.781393,-10.990273,-24.032795
4.625000,51.903950,-2.754677,5.227018,-25.698849,-9.544166,-24.631496
4.631250,57.826481,-2.751209,0.863246,-26.635828,-8.157561,-25.215363
4.637500,63.747108,-2.747049,-3.348840,-27.552933,-7.208883,-25.771437
4.643750,69.664398,-2.742357,-7.171209,-28.401981,-7.075601,-26.269609
4.650000,75.569679,-2.738634,-12.289477,-29.129347,-8.132184,-26.668230
4.656250,81.460030,-2.736889,-14.778358,-29.689041,-10.689388,-26.937111
4.662500,87.342781,-2.736821,-16.563919,-30.071962,-13.102387,-27.121021
4.668750,93.224617,-2.737968,-17.656876,-30.256800,-17.035135,-27.199432
4.675000,97.211479,-2.740449,-17.990578,-30.227715,-22.072548,-27.159830
4.681250,100.925392,-2.744344,-17.637142,-29.983171,-27.959549,-26.999798
4.687500,103.836868,-2.749098,-16.754175,-29.541859,-34.438919,-26.727634
4.693750,105.453476,-2.754816,-15.552829,-28.939505,-41.229984,-26.355923
4.700000,105.345833,-2.762262,-14.275143,-28.220934,-47.988026,-25.891386
4.706250,103.174438,-2.771574,-13.343562,-27.382328,-54.342194,-25.331114
4.712500,98.711510,-2.781305,-13.172946,-26.462564,-59.908424,-24.679451
4.718750,91.841064,-2.790066,-13.919301,-25.518436,-66.066246,-24.038000
4.725000,82.556458,-2.798155,-13.965462,-24.627018,-71.211235,-23.417404
4.731250,70.971039,-2.806451,-15.043461,-23.818869,-75.600990,-22.854002
4.737500,57.323856,-2.814543,-16.881067,-23.112236,-79.370522,-22.341696
4.743750,41.961254,-2.821340,-19.296436,-22.520441,-82.989281,-21.857191
4.750000,25.307497,-2.826807,-22.098244,-22.042171,-86.240364,-21.409235
4.756250,7.847313,-2.831771,-25.057804,-21.646254,-87.253395,-21.052420
4.762500,-9.888143,-2.836221,-27.937860,-21.328922,-87.360847,-20.810951
4.768750,-27.347582,-2.839597,-29.312933,-21.141521,-86.587219,-20.658474
4.775000,-43.999641,-2.841792,-29.678476,-21.030006,-84.570084,-20.579767
4.781250,-59.357258,-2.843373,-28.493134,-20.957943,-80.960526,-20.565868
4.787500,-72.995613,-2.844793,-27.210760,-20.878075,-75.462685,-20.609560
4.793750,-84.573128,-2.846198,-23.985298,-20.811956,-69.634674,-20.658958
4.800000,-93.851517,-2.847712,-19.311285,-20.739635,-61.755745,-20.715240
4.806250,-100.707672,-2.849365,-13.503595,-20.652523,-52.498203,-20.774284
4.812500,-105.141510,-2.851060,-7.076105,-20.549362,-42.398289,-20.822575
4.818750,-107.273239,-2.852917,-0.551618,-20.430273,-31.969063,-20.842115
4.825000,-107.342285,-2.855561,5.551167,-20.300875,-21.685873,-20.831438
4.831250,-105.687393,-2.858869,12.890470,-20.174673,-11.978137,-20.807030
4.837500,-102.729759,-2.861756,19.666533,-20.068876,-3.251473,-20.780224
4.843750,-98.959488,-2.863574,24.187187,-19.974524,4.362258,-20.695686
4.850000,-94.917030,-2.865380,28.393375,-19.885687,10.682512,-20.577734
4.856250,-88.987068,-2.868525,31.808855,-19.821836,15.428073,-20.448717
4.862500,-83.059586,-2.872468,34.134636,-19.793350,18.679266,-20.322195
4.868750,-77.124123,-2.875738,35.238159,-19.794071,20.642546,-20.201809
4.875000,-71.180618,-2.877900,35.086632,-19.805231,21.584457,-20.088745
4.881250,-65.238060,-2.879986,33.723103,-19.801222,21.758659,-19.988878
4.887500,-59.300205,-2.882492,31.461079,-19.811550,21.432114,-19.907896
4.893750,-53.363628,-2.885213,28.675356,-19.832550,20.880827,-19.851400
4.900000,-47.425720,-2.887852,25.446201,-19.857491,20.364807,-19.818686
4.906250,-41.486256,-2.890524,22.076227,-19.889256,20.125294,-19.798744
4.912500,-35.545910,-2.893046,18.800236,-19.909723,20.355795,-19.766195
4.918750,-29.604300,-2.895345,15.840267,-19.922697,21.326036,-19.736862
4.925000,-23.663033,-2.897828,13.602654,-19.951107,23.678541,-19.748896
4.931250,-17.721794,-2.900640,12.279174,-20.012207,27.275812,-19.787836
4.937500,-11.777023,-2.902884,11.958634,-20.114929,30.034182,-19.852543
4.943750,-5.824788,-2.903761,12.652024,-20.265881,33.457222,-19.947659
4.950000,0.128161,-2.903716,14.317153,-20.463284,37.150101,-20.076569
4.956250,6.075619,-2.903913,16.875393,-20.700397,40.732662,-20.243982
4.962500,12.019099,-2.904102,18.285685,-20.962729,43.815849,-20.472055
4.968750,17.964409,-2.903528,22.154562,-21.227985,46.017334,-20.688372
4.975000,23.910172,-2.902372,26.246010,-21.516621,47.941250,-20.921463
4.981250,29.851437,-2.901297,30.248938,-21.814157,48.641064,-21.198347
4.987500,35.789257,-2.899935,34.027008,-22.105972,48.209023,-21.513855
4.993750,41.728436,-2.897536,37.304340,-22.385956,46.582142,-21.864407
5.000000,47.664619,-2.894581,39.848660,-22.645741,43.694118,-22.245476
5.006250,53.590351,-2.892416,41.496613,-22.873274,39.504467,-22.651625
5.012500,59.506039,-2.891303,42.132633,-23.052216,35.812260,-23.038094
5.018750,65.420990,-2.890302,41.695435,-23.157871,30.815825,-23.351814
5.025000,71.337357,-2.889000,40.353706,-23.203100,24.971989,-23.651911
5.031250,77.250526,-2.887987,38.177513,-23.208759,18.705929,-23.925043
5.037500,83.157211,-2.887573,35.329636,-23.173340,12.618683,-24.152830
5.043750,89.061295,-2.887606,31.895826,-23.120026,7.045431,-24.326624
5.050000,94.962936,-2.888267,27.924255,-23.142588,2.271698,-24.441549
5.056250,98.966675,-2.890110,24.338131,-23.059582,-1.400734,-24.485102
5.062500,102.697319,-2.892416,20.596481,-22.997408,-3.702718,-24.450462
5.068750,105.628319,-2.894059,16.986748,-22.982084,-4.480526,-24.342159
5.075000,107.263763,-2.895326,12.005390,-23.016708,-3.602509,-24.166027
5.081250,107.167259,-2.897937,7.652047,-23.088070,-0.938236,-23.926840
5.087500,104.997849,-2.902299,3.759415,-23.172817,3.596951,-23.634815
5.093750,100.530373,-2.906959,0.267910,-23.276291,10.001049,-23.309235
5.100000,93.648827,-2.910961,-2.850513,-23.388069,18.117039,-22.978441
5.106250,84.345764,-2.915157,-5.854527,-23.481747,27.483046,-22.607767
5.112500,72.736198,-2.920430,-8.867585,-23.534147,37.675751,-22.226870
5.118750,59.063339,-2.926211,-11.955104,-23.529757,48.496346,-21.864159
5.125000,43.673012,-2.931484,-15.173373,-23.459805,59.393452,-21.536055
5.131250,26.990555,-2.936623,-18.547249,-23.318756,69.739891,-21.249557
5.137500,9.502106,-2.942329,-22.077879,-23.104734,78.913681,-21.001986
5.143750,-8.258796,-2.948544,-23.589977,-22.821882,86.338036,-20.762745
5.150000,-25.740461,-2.954519,-24.433050,-22.481571,91.537483,-20.613934
5.156250,-42.409031,-2.960100,-25.989187,-22.093742,95.488556,-20.494219
5.162500,-57.775223,-2.965329,-26.112959,-21.659788,97.537109,-20.405098
5.168750,-71.412109,-2.970145,-25.031750,-21.208120,97.545120,-20.356979
5.175000,-82.979134,-2.974138,-23.024683,-20.765547,95.969887,-20.348047
5.181250,-92.240204,-2.977268,-20.342039,-20.353931,93.402435,-20.366491
5.187500,-99.075760,-2.979567,-17.266966,-19.994545,90.523155,-20.394188
5.193750,-103.487022,-2.981228,-14.118224,-19.708483,85.972618,-20.451218
5.200000,-105.597221,-2.982344,-11.220964,-19.517746,82.063171,-20.604282
5.206250,-105.644302,-2.983296,-6.687710,-19.435989,78.982574,-20.727739
5.212500,-103.968956,-2.984129,-2.016563,-19.436468,75.673775,-20.851593
5.218750,-100.994705,-2.984414,1.185352,-19.519812,73.357002,-20.994856
5.225000,-97.213120,-2.983702,4.678319,-19.670038,71.879898,-21.158041
5.231250,-93.159454,-2.982175,8.200744,-19.782658,71.040947,-21.337200
5.237500,-87.216141,-2.980253,10.553217,-20.048157,70.532303,-21.540325
5.243750,-81.279861,-2.978480,12.029004,-20.365454,69.982452,-21.773378
5.250000,-75.351776,-2.977528,12.260268,-20.713230,69.062027,-22.030935
5.256250,-69.428978,-2.977366,12.960772,-21.073252,67.438828,-22.308113
5.262500,-63.504967,-2.976826,12.349309,-21.426962,64.803032,-22.598385
5.268750,-57.578194,-2.975297,10.663095,-21.768417,60.891869,-22.887915
5.275000,-51.657074,-2.974132,8.162989,-22.093491,55.436367,-23.159800
5.281250,-45.749180,-2.974931,5.047722,-22.395210,48.253922,-23.388332
5.287500,-39.847755,-2.977208,1.497314,-22.665001,39.519363,-23.616133
5.293750,-33.940014,-2.979025,-2.323107,-22.895756,29.463858,-23.825350
5.300000,-28.026817,-2.980191,-6.249394,-23.078695,18.113537,-23.993319
5.306250,-22.120029,-2.982560,-10.098524,-23.202127,5.811202,-24.104195
5.312500,-16.222883,-2.986968,-13.715832,-23.258686,-7.008504,-24.148781
5.318750,-10.325390,-2.992551,-16.979801,-23.243124,-19.880861,-24.119820
5.325000,-4.419210,-2.998389,-19.780024,-23.150963,-32.317963,-24.008560
5.331250,1.493131,-3.004817,-22.064966,-22.989080,-43.881702,-23.801390
5.337500,7.409357,-3.011985,-21.699459,-22.810570,-54.348736,-23.564674
5.343750,13.335232,-3.018782,-21.872396,-22.556526,-63.188515,-23.265388
5.350000,19.271996,-3.024565,-20.319202,-22.282761,-70.331062,-22.949446
5.356250,25.213964,-3.030199,-17.476055,-22.023027,-75.635994,-22.652109
5.362500,31.157440,-3.036039,-13.476931,-21.800611,-79.021118,-22.410942
5.368750,37.108513,-3.040981,-8.511853,-21.636337,-80.583382,-22.231903
5.375000,43.071209,-3.043904,-2.813678,-21.534540,-80.652199,-22.094015
5.381250,49.038177,-3.045412,3.356459,-21.492130,-79.364723,-21.961040
5.387500,55.001842,-3.046291,9.671056,-21.500238,-77.165764,-21.958351
5.393750,60.964260,-3.045984,13.771078,-21.584497,-73.168648,-22.064512
5.400000,66.928123,-3.043865,19.056862,-21.739843,-68.802383,-22.263491
5.406250,72.887215,-3.040773,23.482071,-21.947306,-64.343575,-22.554592
5.412500,78.834839,-3.037861,26.872992,-22.181458,-60.007458,-22.895491
5.418750,84.773727,-3.034783,29.109955,-22.415945,-55.759861,-23.236099
5.425000,90.708763,-3.030938,30.111914,-22.628841,-52.031128,-23.568836
5.431250,96.636787,-3.027046,29.914436,-22.798300,-48.934414,-23.874788
5.437500,100.656883,-3.024309,28.738457,-22.908691,-46.434563,-24.126358
5.443750,104.392532,-3.023097,26.961937,-22.952005,-44.475296,-24.297457
5.450000,107.318481,-3.023063,24.939791,-22.915762,-43.006413,-24.373299
5.456250,108.945641,-3.024036,23.051361,-22.791433,-41.887985,-24.343100
5.462500,108.847313,-3.025914,19.838326,-22.584709,-40.932785,-24.214849
5.468750,106.685768,-3.028237,17.376001,-22.309170,-39.948597,-24.028946
5.475000,102.224190,-3.031023,15.616633,-21.969097,-38.405655,-23.697935
5.481250,95.336868,-3.035248,14.516350,-21.575928,-36.128075,-23.295433
5.487500,86.025352,-3.041288,13.879504,-21.160358,-33.164452,-22.865862
5.493750,74.419167,-3.047742,13.542098,-20.752958,-29.223249,-22.443281
5.500000,60.763718,-3.052945,13.410935,-20.375641,-24.055593,-22.055113
5.506250,45.394276,-3.057193,13.424305,-20.041685,-17.476871,-21.720230
5.512500,28.727140,-3.061811,13.512196,-19.752115,-9.442163,-21.425669
5.518750,11.255588,-3.066572,13.616003,-19.464527,-0.191018,-21.175484
5.525000,-6.480404,-3.070203,13.709594,-19.276079,9.528063,-21.022919
5.531250,-23.934608,-3.072509,13.721794,-19.160318,19.947731,-20.953642
5.537500,-40.581661,-3.074138,13.805334,-19.107252,30.630524,-20.956118
5.543750,-55.931561,-3.075298,13.721189,-19.121395,41.030148,-21.013605
5.550000,-69.555389,-3.075595,13.243025,-19.207598,50.677822,-21.142311
5.556250,-81.112465,-3.074928,12.194369,-19.371855,59.368855,-21.390919
5.562500,-90.368576,-3.073526,10.434008,-19.622623,67.013062,-21.646456
5.568750,-97.203445,-3.071368,7.925455,-19.938610,73.295219,-21.940662
5.575000,-101.616768,-3.068377,6.897167,-20.306267,77.953873,-22.277035
5.581250,-103.732826,-3.064977,3.955614,-20.726177,81.181252,-22.644337
5.587500,-103.790520,-3.061634,1.237079,-21.192616,83.267693,-23.016479
5.593750,-102.129601,-3.058139,-1.280909,-21.703739,84.500893,-23.408489
5.600000,-99.175926,-3.054611,-3.590781,-22.242649,83.160133,-23.803755
5.606250,-95.424156,-3.051898,-5.596462,-22.781597,81.537437,-24.179802
5.612500,-91.407356,-3.050191,-7.317396,-23.305098,79.355492,-24.536760
5.618750,-85.496231,-3.048440,-8.780375,-23.799227,76.484489,-24.871929
5.625000,-79.582420,-3.045927,-9.978705,-24.249475,72.861771,-25.186272
5.631250,-73.675240,-3.044116,-10.884267,-24.638056,68.444389,-25.477980
5.637500,-67.781441,-3.044545,-13.362496,-24.946371,63.145035,-25.713251
5.643750,-61.892162,-3.046549,-13.611316,-25.153261,58.764370,-25.860493
5.650000,-55.995510,-3.048251,-13.530986,-25.235569,53.813324,-25.874922
5.656250,-50.094070,-3.049887,-13.229859,-25.197779,48.443935,-25.861177
5.662500,-44.197720,-3.052933,-12.902569,-25.053118,42.987236,-25.781693
5.668750,-38.307968,-3.057870,-12.581226,-24.801102,38.026108,-25.621206
5.675000,-32.414948,-3.063847,-12.346473,-24.452833,33.766777,-25.379557
5.681250,-26.513117,-3.069970,-12.344821,-24.027712,30.360479,-25.060818
5.687500,-20.604872,-3.076319,-12.710999,-23.554413,27.955063,-24.668507
5.693750,-14.691804,-3.082864,-13.624166,-23.077551,26.718174,-24.217815
5.700000,-8.773472,-3.089198,-15.497048,-22.555201,27.016642,-23.743193
5.706250,-2.851339,-3.095840,-16.468414,-22.041727,27.131296,-23.262524
5.712500,3.072127,-3.103394,-17.868185,-21.584139,28.567289,-22.807354
5.718750,9.001219,-3.111065,-19.437696,-21.207314,30.829184,-22.408875
5.725000,14.943718,-3.117334,-20.960779,-20.922142,33.427143,-22.077042
5.731250,20.898121,-3.121819,-22.262306,-20.729546,37.650261,-21.784489
5.737500,26.854298,-3.125622,-23.208878,-20.618393,41.458794,-21.509216
5.743750,32.807976,-3.129123,-23.723412,-20.568182,44.557041,-21.361595
5.750000,38.764572,-3.131394,-23.855873,-20.583345,46.877003,-21.308338
5.756250,44.725018,-3.132078,-23.774673,-20.661470,48.516762,-21.332561
5.762500,50.683445,-3.131979,-21.261106,-20.778542,49.281910,-21.421543
5.768750,56.633957,-3.131662,-19.622746,-20.908398,48.989563,-21.566807
5.775000,62.579082,-3.130925,-16.870562,-21.026171,47.456062,-21.813745
5.781250,68.520844,-3.129601,-13.298329,-21.117754,45.460201,-21.997833
5.787500,74.455475,-3.128437,-9.290972,-21.177782,42.457027,-22.208700
5.793750,80.380806,-3.128233,-5.199230,-21.197268,38.620476,-22.436407
5.800000,86.299767,-3.128804,-1.369370,-21.167744,34.120636,-22.660702
5.806250,92.216202,-3.129836,1.844839,-21.086708,29.121555,-22.855320
5.812500,96.237564,-3.131031,4.099964,-20.957279,23.830048,-22.994452
5.818750,99.983437,-3.132578,7.274796,-20.787189,18.592535,-23.088415
5.825000,102.919601,-3.135012,9.765869,-20.595179,11.670031,-23.153746
5.831250,104.551613,-3.139327,11.882769,-20.417728,4.685233,-23.173428
5.837500,104.456573,-3.145503,14.037598,-20.251892,-2.278646,-23.114613
5.843750,102.303711,-3.152196,15.059264,-20.082300,-9.458728,-23.007359
5.850000,97.863625,-3.157624,16.604351,-19.955257,-16.936537,-22.876703
5.856250,91.010948,-3.161403,18.467211,-19.889788,-24.608967,-22.739893
5.862500,81.734093,-3.164740,20.545963,-19.891424,-32.348415,-22.612555
5.868750,70.150749,-3.168341,22.726776,-19.949957,-40.075748,-22.506390
5.875000,56.502953,-3.171493,24.972425,-20.028149,-47.784561,-22.408558
5.881250,41.134621,-3.173845,27.525339,-20.185175,-55.638115,-22.328131
5.887500,24.470894,-3.175447,30.560543,-20.398790,-61.524792,-22.281279
5.893750,7.002896,-3.176075,32.045250,-20.646498,-66.752007,-22.262119
5.900000,-10.736606,-3.175651,33.729107,-20.925837,-70.925148,-22.260057
5.906250,-28.205576,-3.174785,35.243130,-21.249500,-73.693703,-22.275667
5.912500,-44.874214,-3.174333,36.302814,-21.618238,-76.744019,-22.323666
5.918750,-60.246479,-3.173715,37.003620,-21.974535,-78.480637,-22.387043
5.925000,-73.889198,-3.171946,36.922516,-22.349056,-79.337036,-22.460121
5.931250,-85.465927,-3.169603,35.858662,-22.751101,-79.650757,-22.546083
5.937500,-94.747993,-3.168213,33.831707,-23.175901,-79.701660,-22.648296
5.943750,-101.613174,-3.167759,30.951845,-23.606890,-79.704277,-22.766054
5.950000,-106.051788,-3.167072,27.608656,-24.027710,-79.880821,-22.910131
5.956250,-108.184456,-3.166088,24.192793,-24.419092,-80.546722,-22.925421
5.962500,-108.256432,-3.166065,20.820343,-24.762787,-79.256592,-22.995375
5.968750,-106.608391,-3.167064,17.572540,-25.046701,-78.245827,-23.063978
5.975000,-103.658882,-3.167443,14.533560,-25.258375,-76.914314,-23.126467
5.981250,-99.899452,-3.166739,11.791319,-25.389402,-74.836708,-23.182045
5.987500,-95.872932,-3.166680,9.409297,-25.433453,-71.651711,-23.230488
5.993750,-89.965019,-3.168580,7.457421,-25.385775,-67.052368,-23.269491
6.000000,-84.060188,-3.171514,5.973602,-25.245478,-60.832390,-23.298201
6.006250,-78.150055,-3.174388,4.988707,-25.008900,-52.914883,-23.303940
6.012500,-72.237366,-3.177497,4.513896,-24.663845,-43.517506,-23.258459
6.018750,-66.326691,-3.181576,4.463740,-24.240322,-33.196445,-23.202192
6.025000,-60.413681,-3.185889,4.674827,-23.789312,-21.942999,-23.138641
6.031250,-54.494564,-3.189800,5.567910,-23.318512,-10.108828,-23.076912
6.037500,-48.571922,-3.193825,6.968649,-22.860447,1.739673,-23.029032
6.043750,-42.648746,-3.198383,8.659860,-22.455347,13.055149,-23.000908
6.050000,-36.721367,-3.202584,10.482865,-22.125671,23.457907,-22.956736
6.056250,-30.786446,-3.205777,12.394358,-21.873621,32.635838,-22.915407
6.062500,-24.848560,-3.208609,14.139949,-21.728436,40.257637,-22.910524
6.068750,-18.912745,-3.211584,13.606230,-21.705309,46.119678,-22.945675
6.075000,-12.974077,-3.213807,14.505945,-21.802326,50.194901,-23.018209
6.081250,-7.028909,-3.214267,14.922622,-21.998646,52.592239,-23.127020
6.087500,-1.084750,-3.213744,14.858994,-22.246647,53.468109,-23.262491
6.093750,4.849253,-3.213832,14.299610,-22.504583,52.888531,-23.393051
6.100000,10.774140,-3.214592,12.811252,-22.801790,50.985264,-23.526236
6.106250,16.698475,-3.215278,10.543885,-23.082499,48.155930,-23.662045
6.112500,22.623508,-3.215754,7.575989,-23.311049,44.669235,-23.789526
6.118750,28.544796,-3.216375,3.860586,-23.464556,40.722183,-23.893665
6.125000,34.461193,-3.217752,-0.628223,-23.533041,36.488869,-23.955750
6.131250,40.373768,-3.220024,-3.700804,-23.515318,32.171864,-23.933031
6.137500,46.285744,-3.223253,-6.643173,-23.418139,28.158596,-23.874063
6.143750,52.199848,-3.227005,-10.682842,-23.236609,23.301201,-23.760345
6.150000,58.120754,-3.230350,-13.588264,-22.983677,18.766848,-23.588346
6.156250,64.047958,-3.232937,-15.452034,-22.686436,14.384697,-23.370850
6.162500,69.975388,-3.235648,-16.336906,-22.369841,10.154091,-23.123274
6.168750,75.899193,-3.239058,-16.287870,-22.053144,6.127525,-22.857651
6.175000,81.824699,-3.242495,-15.394973,-21.754997,2.368019,-22.587284
6.181250,87.756836,-3.244978,-13.803606,-21.491562,-1.066996,-22.323809
6.187500,93.693153,-3.246615,-11.683794,-21.275913,-4.072226,-22.098612
6.193750,97.732704,-3.248203,-9.249956,-21.125790,-6.409014,-21.909197
6.200000,101.497154,-3.249498,-6.728278,-21.054731,-8.827858,-21.752192
6.206250,104.456032,-3.250189,-3.923195,-21.029976,-10.535810,-21.663910
6.212500,106.116402,-3.250561,-0.854192,-21.071692,-11.737704,-21.661142
6.218750,106.047287,-3.251136,2.126688,-21.179302,-12.599913,-21.765270
6.225000,103.909836,-3.251906,4.833296,-21.337042,-13.347134,-21.926195
6.231250,99.469666,-3.252602,7.024858,-21.540550,-13.299747,-22.142414
6.237500,92.605667,-3.253206,8.353399,-21.798716,-13.707067,-22.443743
6.243750,83.317711,-3.253567,8.709429,-22.093090,-14.370120,-22.819067
6.250000,71.728271,-3.253450,10.172157,-22.408010,-15.270243,-23.251410
6.256250,58.072418,-3.253113,11.281534,-22.731394,-16.400436,-23.719175
6.262500,42.686985,-3.253369,10.579247,-23.057482,-17.720947,-24.198824
6.268750,26.001518,-3.254104,10.149055,-23.377493,-19.085266,-24.653160
6.275000,8.513753,-3.253997,9.953391,-23.670218,-20.056623,-25.064339
6.281250,-9.242275,-3.252681,9.924577,-23.924143,-20.476295,-25.424665
6.287500,-26.730904,-3.251647,9.923272,-24.136568,-20.301748,-25.717251
6.293750,-43.425838,-3.252228,9.863922,-24.302107,-19.258507,-25.926809
6.300000,-58.827061,-3.253913,9.722650,-24.410072,-17.027262,-26.037315
6.306250,-72.497726,-3.255270,9.478851,-24.447678,-13.327505,-26.035278
6.312500,-84.099129,-3.256434,9.094551,-24.401320,-7.973400,-25.908836
6.318750,-93.401802,-3.258511,8.509994,-24.261087,-0.933332,-25.670063
6.325000,-100.284988,-3.261746,9.724955,-24.052689,7.534849,-25.376366
6.331250,-104.742188,-3.265494,11.242671,-23.793941,17.153065,-25.002361
6.337500,-106.893227,-3.269725,11.765838,-23.475117,27.494778,-24.565886
6.343750,-106.977371,-3.274813,13.343719,-23.110544,38.355263,-24.113924
6.350000,-105.333260,-3.280351,15.653316,-22.729656,49.175987,-23.683743
6.356250,-102.383057,-3.285386,18.417486,-22.360876,59.291370,-23.305710
6.362500,-98.618835,-3.289635,21.398699,-22.028191,68.030197,-22.999739
6.368750,-94.579109,-3.293522,24.363634,-21.749590,74.744690,-22.746288
6.375000,-88.644241,-3.297004,27.077456,-21.538845,78.807159,-22.588564
6.381250,-82.706772,-3.299794,29.271278,-21.455811,80.837769,-22.561506
6.387500,-76.767715,-3.302037,32.451321,-21.409491,79.907463,-22.652634
6.393750,-70.830429,-3.303956,34.479843,-21.456705,76.175079,-22.839808
6.400000,-64.892517,-3.305193,36.254299,-21.606300,69.977333,-23.052494
6.406250,-58.954170,-3.305394,37.754700,-21.852310,61.616623,-23.315178
6.412500,-53.018951,-3.305301,38.912647,-22.179852,50.289181,-23.652641
6.418750,-47.091312,-3.305882,39.647366,-22.572245,37.389275,-24.015896
6.425000,-41.167664,-3.306791,39.878201,-23.004120,23.341057,-24.371595
6.431250,-35.241722,-3.307117,39.567261,-23.445274,8.681179,-24.689659
6.437500,-29.315628,-3.307047,38.653366,-23.866726,-6.047299,-24.943823
6.443750,-23.396078,-3.307659,39.265057,-24.234053,-20.311804,-25.106497
6.450000,-17.482485,-3.309389,38.106316,-24.519117,-33.666290,-25.180033
6.456250,-11.568624,-3.311457,37.191479,-24.717983,-45.920029,-25.228220
6.462500,-5.651462,-3.313655,36.368000,-24.826839,-56.943829,-25.156584
6.468750,0.266538,-3.316074,35.575310,-24.840317,-64.889481,-25.005783
6.475000,6.185669,-3.318612,34.728065,-24.760050,-70.975281,-24.814276
6.481250,12.108642,-3.320768,33.713364,-24.602289,-74.900108,-24.610283
6.487500,18.032389,-3.322847,32.412106,-24.396797,-76.498024,-24.419683
6.493750,23.954496,-3.325552,30.809013,-24.163496,-75.644958,-24.242153
6.500000,29.876604,-3.328332,29.010651,-23.908085,-74.153831,-24.064960
6.506250,35.805256,-3.330309,25.143097,-23.650560,-70.568504,-23.882021
6.512500,41.736553,-3.331718,20.825344,-23.410233,-65.462547,-23.738787
6.518750,47.664181,-3.333652,17.694717,-23.221800,-59.235638,-23.647354
6.525000,53.588734,-3.336204,13.954597,-23.100824,-52.713493,-23.591803
6.531250,59.517731,-3.338281,9.863240,-23.046293,-46.464806,-23.562586
6.537500,65.453293,-3.339375,5.621526,-23.054136,-40.968693,-23.553669
6.543750,71.387558,-3.340362,1.391513,-23.117039,-36.636768,-23.563732
6.550000,77.316765,-3.341834,-2.676080,-23.225252,-33.820679,-23.591066
6.556250,83.245544,-3.343338,-6.418811,-23.354462,-31.034048,-23.593412
6.562500,89.176582,-3.344424,-9.640798,-23.415047,-29.952467,-23.591932
6.568750,95.107727,-3.345360,-11.917463,-23.532200,-30.046865,-23.589334
6.575000,99.142349,-3.346300,-14.335307,-23.645138,-30.942375,-23.592934
6.581250,102.901939,-3.347070,-15.532508,-23.734495,-32.271301,-23.609451
6.587500,105.854179,-3.347994,-15.695913,-23.795656,-33.444649,-23.624283
6.593750,107.504715,-3.349683,-15.005215,-23.831583,-35.931133,-23.642380
6.600000,107.428635,-3.351671,-13.643044,-23.847589,-37.703865,-23.668884
6.606250,105.291138,-3.352928,-11.771524,-23.845938,-38.874378,-23.703968
6.612500,100.852646,-3.353613,-9.560151,-23.828964,-39.566807,-23.746506
6.618750,93.984138,-3.354885,-7.193176,-23.797461,-39.923149,-23.793179
6.625000,84.684959,-3.357401,-4.852004,-23.751238,-40.087914,-23.838118
6.631250,73.082230,-3.360286,-0.567171,-23.692879,-40.214664,-23.878700
6.637500,59.418198,-3.362984,2.220914,-23.622646,-40.444805,-23.933132
6.643750,44.030029,-3.366054,5.489831,-23.532242,-39.639275,-23.903757
6.650000,27.342171,-3.369987,9.029043,-23.407904,-40.602173,-23.870005
6.656250,9.851358,-3.373980,12.528809,-23.249807,-42.031731,-23.825541
6.662500,-7.906419,-3.377243,15.640269,-23.059746,-44.107410,-23.763111
6.668750,-25.387751,-3.380165,18.099277,-22.828714,-46.992466,-23.671991
6.675000,-42.065224,-3.383298,19.637785,-22.557531,-50.890030,-23.561956
6.681250,-57.446049,-3.386826,19.909731,-22.268410,-53.898846,-23.455460
6.687500,-71.100540,-3.390485,20.874634,-21.970669,-57.454823,-23.356796
6.693750,-82.685974,-3.394147,21.052441,-21.684780,-61.132465,-23.274670
6.700000,-91.964317,-3.397394,20.766363,-21.460745,-64.590622,-23.227671
6.706250,-98.812363,-3.399589,20.088402,-21.227348,-67.446503,-23.232019
6.712500,-103.233047,-3.400949,19.145885,-21.042288,-69.191231,-23.267036
6.718750,-105.353683,-3.402198,18.466537,-20.941521,-69.626022,-23.353275
6.725000,-105.411972,-3.403726,18.133415,-20.939629,-68.639694,-23.487841
6.731250,-103.743843,-3.404907,18.146065,-21.040159,-65.988892,-23.655315
6.737500,-100.772835,-3.405026,18.454197,-21.234926,-63.370461,-23.896994
6.743750,-96.994934,-3.404377,18.954935,-21.515627,-59.236900,-24.180969
6.750000,-92.948074,-3.403458,19.445175,-21.892794,-54.138977,-24.474154
6.756250,-87.010071,-3.402421,21.985598,-22.320181,-48.453407,-24.741190
6.762500,-81.074982,-3.401415,23.442776,-22.760923,-42.617554,-24.968805
6.768750,-75.143356,-3.400686,25.463968,-23.220680,-37.172607,-25.153528
6.775000,-69.212852,-3.399760,27.820744,-23.685064,-30.310141,-25.282127
6.781250,-63.280979,-3.398128,30.325029,-24.135729,-23.748938,-25.347010
6.787500,-57.351894,-3.396181,32.769020,-24.552977,-17.317017,-25.344854
6.793750,-51.430210,-3.394958,34.943020,-24.919537,-10.824445,-25.275576
6.800000,-45.516315,-3.394919,36.639168,-25.220264,-4.075232,-25.140804
6.806250,-39.603973,-3.395288,37.675167,-25.442995,3.124285,-24.944118
6.812500,-33.689808,-3.395817,37.892315,-25.579962,10.960266,-24.682718
6.818750,-27.776888,-3.397218,39.327480,-25.632044,19.632889,-24.287857
6.825000,-21.866262,-3.399397,40.506332,-25.624168,26.387634,-23.937391
6.831250,-15.952179,-3.401639,39.995060,-25.541477,33.839645,-23.577009
6.837500,-10.033599,-3.403651,40.153534,-25.390661,41.104050,-23.246693
6.843750,-4.116539,-3.406500,40.597595,-25.209112,47.540516,-22.996708
6.850000,1.798029,-3.410511,41.274269,-25.019371,52.480122,-22.803888
6.856250,7.717366,-3.414418,42.175800,-24.837315,57.155895,-22.689253
6.862500,13.646817,-3.417010,43.292583,-24.672844,59.835789,-22.677151
6.868750,19.580235,-3.418844,44.630890,-24.526222,60.752083,-22.766153
6.875000,25.508593,-3.421125,46.201145,-24.384604,60.180389,-22.942770
6.881250,31.432386,-3.423986,46.150051,-24.204205,58.473267,-23.176476
6.887500,37.357983,-3.426758,46.444210,-24.074425,55.974316,-23.432915
6.893750,43.286533,-3.429065,46.856556,-23.976177,52.845203,-23.721384
6.900000,49.216160,-3.431086,46.733349,-23.912094,49.528114,-24.002539
6.906250,55.145519,-3.432686,45.844311,-23.916172,46.602406,-24.235588
6.912500,61.073792,-3.433873,44.582363,-23.870001,42.595913,-24.393364
6.918750,66.997101,-3.435536,42.540516,-23.834873,39.468365,-24.462055
6.925000,72.914635,-3.438211,39.625771,-23.815052,36.976761,-24.435841
6.931250,78.831902,-3.441424,36.017735,-23.781075,34.886509,-24.310549
6.937500,84.753357,-3.444473,31.812754,-23.751600,32.920425,-24.095848
6.943750,90.678101,-3.447528,27.105177,-23.744503,30.730011,-23.829433
6.950000,96.603897,-3.450712,22.583309,-23.733355,27.937931,-23.531223
6.956250,100.637093,-3.453441,18.405174,-23.703382,25.749273,-23.164389
6.962500,104.401428,-3.455220,14.647837,-23.642792,22.486544,-22.784676
6.968750,107.358894,-3.456997,11.339282,-23.550375,18.409262,-22.426252
6.975000,109.011215,-3.459866,8.461547,-23.430698,13.604383,-22.112909
6.981250,108.936577,-3.463417,6.029661,-23.285374,8.163020,-21.858656
6.987500,106.803360,-3.466211,4.054585,-23.115993,2.176620,-21.669863
6.993750,102.375481,-3.467739,2.526297,-22.920568,-4.274919,-21.540661
7.000000,95.522163,-3.468849,1.421047,-22.688938,-11.127881,-21.458109
7.006250,86.238167,-3.470564,0.660707,-22.401709,-16.322136,-21.451736
7.012500,74.647385,-3.472903,2.193457,-22.107332,-21.326096,-21.518713
7.018750,60.991917,-3.475551,4.142297,-21.859100,-25.527821,-21.637251
7.025000,45.614765,-3.478181,5.292604,-21.608435,-28.521385,-21.786869
7.031250,28.942680,-3.480500,7.900203,-21.360020,-29.780338,-22.016233
7.037500,11.467631,-3.482624,11.123883,-21.164095,-30.484154,-22.268150
7.043750,-6.279886,-3.484928,14.586435,-21.056107,-29.642740,-22.571474
7.050000,-23.753782,-3.487586,17.981018,-21.063076,-27.644096,-22.936337
7.056250,-40.417568,-3.489763,21.051256,-21.197847,-24.737644,-23.365389
7.062500,-55.776146,-3.490669,25.783041,-21.451258,-21.191431,-23.859694
7.068750,-69.406738,-3.490613,28.705412,-21.825169,-17.302357,-24.431234
7.075000,-80.974594,-3.490332,31.707464,-22.309599,-13.306945,-25.025537
7.081250,-90.243034,-3.489877,34.627769,-22.865164,-9.111956,-25.603495
7.087500,-97.087112,-3.488645,37.315281,-23.418316,-7.355848,-26.181391
7.093750,-101.506592,-3.486547,38.989365,-24.060583,-4.499094,-26.751581
7.100000,-103.627419,-3.483941,39.741837,-24.711519,-2.522778,-27.292620
7.106250,-103.689194,-3.481205,39.504116,-25.336567,-1.464748,-27.778618
7.112500,-102.032516,-3.478567,38.048862,-25.921928,-1.332716,-28.182077
7.118750,-99.085037,-3.476424,35.156685,-26.463654,-2.083580,-28.472319
7.125000,-95.338051,-3.474895,32.504532,-26.867689,-3.595996,-28.604502
7.131250,-91.320915,-3.473481,28.737700,-27.159824,-5.635466,-28.556877
7.137500,-85.410446,-3.472052,24.389977,-27.351744,-9.670954,-28.386274
7.143750,-79.505745,-3.471477,19.735222,-27.450018,-14.205339,-28.071362
7.150000,-73.609787,-3.472740,15.038200,-27.459082,-19.392475,-27.618153
7.156250,-67.716499,-3.475391,10.562517,-27.381830,-25.180487,-27.046276
7.162500,-61.815075,-3.477934,6.541231,-27.224165,-31.436901,-26.386021
7.168750,-55.905838,-3.479981,3.148030,-26.998369,-37.997025,-25.682150
7.175000,-49.996220,-3.482441,0.521288,-26.719883,-44.680668,-24.995811
7.181250,-44.087719,-3.485596,-1.233831,-26.406410,-51.484303,-24.298679
7.187500,-38.175045,-3.488807,-2.048301,-26.074810,-56.458359,-23.644026
7.193750,-32.254974,-3.491429,-1.880601,-25.733131,-60.757023,-23.079247
7.200000,-26.331596,-3.493769,-2.610184,-25.368605,-63.727272,-22.633585
7.206250,-20.407114,-3.495999,-0.570360,-25.033190,-64.766068,-22.307243
7.212500,-14.480243,-3.497826,1.852035,-24.743923,-65.226700,-22.074305
7.218750,-8.551035,-3.499311,4.839744,-24.496656,-63.639446,-21.998940
7.225000,-2.623544,-3.501174,8.160248,-24.289999,-60.138824,-22.048798
7.231250,3.302176,-3.503609,11.597496,-24.118500,-55.071384,-22.201710
7.237500,9.231241,-3.505715,14.884810,-23.980188,-48.936440,-22.430685
7.243750,15.166347,-3.506905,17.722197,-23.883854,-42.265827,-22.698278
7.250000,21.101873,-3.507703,22.042404,-23.822021,-35.628750,-22.948038
7.256250,27.032492,-3.508802,24.445662,-23.783775,-29.686628,-23.189360
7.262500,32.959431,-3.510351,26.858387,-23.767904,-25.467848,-23.430294
7.268750,38.884991,-3.512119,29.012880,-23.783709,-20.921488,-23.617563
7.275000,44.809982,-3.514542,30.749849,-23.800110,-17.744091,-23.717255
7.281250,50.734222,-3.517617,32.075790,-23.795677,-15.948051,-23.732683
7.287500,56.661976,-3.520609,32.616039,-23.777170,-15.410268,-23.668741
7.293750,62.596691,-3.522501,32.283047,-23.724880,-15.855252,-23.530474
7.300000,68.535233,-3.523274,31.158646,-23.608828,-16.977608,-23.330185
7.306250,74.471039,-3.523737,29.790121,-23.502375,-18.473669,-23.087418
7.312500,80.399048,-3.524788,28.358349,-23.375671,-20.038630,-22.828794
7.318750,86.321510,-3.526732,27.020216,-23.225027,-21.398897,-22.585400
7.325000,92.242599,-3.529322,24.274750,-23.062109,-22.388153,-22.371048
7.331250,96.274147,-3.531729,22.234207,-22.877092,-22.997818,-22.192959
7.337500,100.039070,-3.533180,20.870098,-22.672695,-23.070656,-22.083984
7.343750,102.999878,-3.533833,19.908873,-22.475771,-22.605900,-22.063942
7.350000,104.658554,-3.534742,19.186045,-22.303875,-21.773529,-22.124702
7.356250,104.586685,-3.536365,18.613739,-22.164833,-18.886145,-22.227030
7.362500,102.448036,-3.538430,18.098379,-22.061230,-15.546091,-22.427647
7.368750,98.009323,-3.540300,17.524704,-21.988667,-13.374685,-22.700455
7.375000,91.148781,-3.541814,16.760262,-21.940605,-10.950089,-23.008358
7.381250,81.863617,-3.543315,17.776999,-21.911428,-8.479820,-23.316610
7.387500,70.274025,-3.545062,18.965170,-21.912312,-6.176588,-23.595043
7.393750,56.617016,-3.547516,20.445547,-21.956804,-2.186108,-23.840891
7.400000,41.234131,-3.550505,22.204067,-22.004614,1.885014,-24.039526
7.406250,24.557852,-3.553287,24.455486,-22.072651,4.541232,-24.172781
7.412500,7.082513,-3.555044,27.281406,-22.176628,7.690507,-24.233635
7.418750,-10.663459,-3.556165,30.532404,-22.326702,11.037283,-24.222809
7.425000,-28.140310,-3.557625,33.973888,-22.529972,14.278737,-24.148096
7.431250,-44.815006,-3.559620,37.349922,-22.790194,17.143263,-24.018963
7.437500,-60.189953,-3.561532,42.585835,-23.106279,19.418530,-23.838949
7.443750,-73.835815,-3.562984,46.198742,-23.468649,20.945028,-23.602648
7.450000,-85.414330,-3.564467,50.115974,-23.850992,21.513023,-23.334869
7.456250,-94.690300,-3.565687,53.990540,-24.270096,20.825249,-23.075480
7.462500,-101.537750,-3.566111,57.259914,-24.746183,18.912672,-22.841171
7.468750,-105.958237,-3.565455,59.819714,-25.273788,15.892041,-22.647921
7.475000,-108.078659,-3.564593,61.508705,-25.837460,11.919769,-22.505985
7.481250,-108.138603,-3.563824,62.340763,-26.397984,7.266599,-22.410698
7.487500,-106.475349,-3.562564,60.203556,-26.956324,2.229065,-22.363541
7.493750,-103.513359,-3.560417,56.621941,-27.505070,-2.902596,-22.362751
7.500000,-99.750252,-3.558208,51.172619,-28.017584,-7.694030,-22.390125
7.506250,-95.722824,-3.556803,45.712914,-28.459078,-11.575925,-22.442141
7.512500,-89.806969,-3.555805,38.567024,-28.823317,-13.861351,-22.521450
7.518750,-83.891319,-3.554603,29.977383,-29.101999,-14.087297,-22.602270
7.525000,-77.978371,-3.553777,20.454590,-29.275309,-11.807942,-22.668398
7.531250,-72.072662,-3.554071,10.470396,-29.336275,-8.429383,-22.716246
7.537500,-66.171288,-3.555333,0.472556,-29.295967,-4.006260,-22.730995
7.543750,-60.268795,-3.556899,-9.062450,-29.157324,2.662639,-22.699089
7.550000,-54.364830,-3.558886,-17.513130,-28.905741,10.609689,-22.633780
7.556250,-48.462593,-3.561948,-24.567204,-28.575153,18.924496,-22.551168
7.562500,-42.559803,-3.565827,-31.825462,-28.191767,26.795113,-22.467552
7.568750,-36.652061,-3.569851,-37.259907,-27.764702,33.487122,-22.407032
7.575000,-30.737009,-3.573440,-40.995056,-27.308676,38.393101,-22.363773
7.581250,-24.817068,-3.576538,-42.969482,-26.874277,41.203850,-22.321342
7.587500,-18.894596,-3.579055,-43.409458,-26.458124,43.447342,-22.310362
7.593750,-12.970638,-3.580897,-42.689579,-26.066202,43.460423,-22.343184
7.600000,-7.048027,-3.582483,-41.064957,-25.704529,41.695175,-22.418922
7.606250,-1.129846,-3.584475,-38.748466,-25.378109,38.693207,-22.528673
7.612500,4.785761,-3.586843,-35.962891,-25.085791,35.020069,-22.658554
7.618750,10.703998,-3.588807,-32.931160,-24.821047,31.228170,-22.799242
7.625000,16.624079,-3.590340,-27.748409,-24.577486,27.780071,-22.960550
7.631250,22.541348,-3.592119,-22.060698,-24.351933,25.113396,-23.184361
7.637500,28.454784,-3.594609,-17.544537,-24.138861,23.585159,-23.364546
7.643750,34.366508,-3.597384,-12.369043,-23.923500,22.727386,-23.517195
7.650000,40.280846,-3.600353,-6.856977,-23.668354,23.353912,-23.660728
7.656250,46.194782,-3.603935,-1.516363,-23.375309,25.184021,-23.803015
7.662500,52.107544,-3.608684,2.889425,-23.082207,27.749470,-23.954189
7.668750,58.022907,-3.614138,8.163523,-22.786940,30.535801,-24.112682
7.675000,63.947727,-3.619339,12.642239,-22.492794,33.049099,-24.277861
7.681250,69.881958,-3.623540,16.487909,-22.211954,34.729900,-24.453814
7.687500,75.822067,-3.626949,19.886333,-21.963747,36.868324,-24.644619
7.693750,81.762947,-3.629913,23.069139,-21.768322,37.259434,-24.855486
7.700000,87.703369,-3.632554,24.448038,-21.626299,35.913239,-25.097713
7.706250,93.644333,-3.634711,26.006157,-21.535875,32.919361,-25.388128
7.712500,97.691589,-3.636285,27.393646,-21.504900,28.941128,-25.636595
7.718750,101.464508,-3.637322,28.332983,-21.524752,24.453403,-25.876537
7.725000,104.430527,-3.637737,28.578285,-21.593975,19.263933,-26.133204
7.731250,106.095856,-3.637721,27.747375,-21.732679,13.769868,-26.391287
7.737500,106.030464,-3.637706,25.755276,-21.915882,8.357640,-26.626724
7.743750,103.892921,-3.638319,24.721800,-22.117079,3.340788,-26.808722
7.750000,99.447403,-3.639833,23.143635,-22.316807,-1.033196,-26.897867
7.756250,92.576523,-3.641726,21.359745,-22.498224,-4.642614,-26.890766
7.762500,83.283531,-3.643608,19.664362,-22.652491,-7.655550,-26.805809
7.768750,71.688606,-3.645772,18.244665,-22.778931,-9.836878,-26.624712
7.775000,58.025459,-3.648883,17.306242,-22.872313,-11.137216,-26.345057
7.781250,42.636604,-3.653061,17.030371,-22.934738,-11.633194,-25.978476
7.787500,25.956390,-3.657376,17.486284,-22.975523,-11.453319,-25.548132
7.793750,8.480182,-3.660800,18.672323,-23.004581,-10.716896,-25.082439
7.800000,-9.262650,-3.663550,20.524374,-23.033478,-9.521253,-24.601097
7.806250,-26.731627,-3.666081,22.955622,-23.068436,-7.832125,-24.089777
7.812500,-43.393627,-3.668268,23.970181,-23.106371,-5.778056,-23.522982
7.818750,-58.754162,-3.669613,27.177580,-23.156456,-5.335114,-23.026352
7.825000,-72.387169,-3.670240,30.427465,-23.230803,-3.982309,-22.608076
7.831250,-83.957108,-3.670552,33.456558,-23.355026,-2.725549,-22.262798
7.837500,-93.225662,-3.670569,36.072647,-23.546341,-1.696636,-21.993002
7.843750,-100.068619,-3.669566,38.182991,-23.824139,-0.905269,-21.796350
7.850000,-104.487495,-3.667766,39.846745,-24.128077,-0.308678,-21.677204
7.856250,-106.610374,-3.666148,41.065197,-24.468966,0.121116,-21.638451
7.862500,-106.673927,-3.665076,41.527397,-24.850611,0.497503,-21.672781
7.868750,-105.013710,-3.663610,39.352917,-25.257214,-1.152420,-21.768848
7.875000,-102.052193,-3.661223,36.230850,-25.661119,-3.219954,-21.907536
7.881250,-98.287415,-3.658388,33.828896,-26.051987,-5.929120,-22.057261
7.887500,-94.258194,-3.656013,30.267582,-26.422091,-9.468782,-22.172836
7.893750,-88.340889,-3.654074,25.796635,-26.750246,-12.071733,-22.322031
7.900000,-82.426018,-3.652321,20.683773,-27.018326,-15.258585,-22.449888
7.906250,-76.515694,-3.651394,15.240572,-27.199203,-18.239719,-22.532223
7.912500,-70.610611,-3.651649,9.785873,-27.282213,-20.782490,-22.578388
7.918750,-64.706047,-3.651649,4.524672,-27.282213,-22.533802,-22.578388
7.925000,-64.706047,-3.651649,4.524672,-27.282213,-22.533802,-22.578388
7.931250,-64.706047,-3.651649,4.524672,-27.282213,-22.533802,-22.578388
7.937500,-64.706047,-3.651649,4.524672,-27.282213,-22.533802,-22.578388
7.943750,-64.706047,-3.651649,4.524672,-27.282213,-22.533802,-22.578388
7.950000,-64.706047,-3.651649,4.524672,-27.282213,-22.533802,-22.578388
7.956250,-64.706047,-3.651649,4.524672,-27.282213,-22.533802,-22.578388
7.962500,-64.706047,-3.651649,4.524672,-27.282213,-22.533802,-22.578388
7.968750,-64.706047,-3.651649,4.524672,-27.282213,-22.533802,-22.578388
7.975000,-64.706047,-3.651649,4.524672,-27.282213,-22.533802,-22.578388
7.981250,-64.706047,-3.651649,4.524672,-27.282213,-22.533802,-22.578388
7.987500,-64.706047,-3.651649,4.524672,-27.282213,-22.533802,-22.578388
7.993750,-64.706047,-3.651649,4.524672,-27.282213,-22.533802,-22.578388
8.000000,-64.706047,-3.651649,4.524672,-27.282213,-22.533802,-22.578388
