Anritsu VNA Frequency[GHz],S21[deg],S21[dB],S11[deg],S11[dB],S22[deg],S22[dB]
1338105035.23,2012_05_27_08:50:35,+40.587,+10.291,+54.831,+10.308,+13.929,+13.741,+14.034,+13.786,10.405042,-15.922
3.006250,34.028316,-1.750583,59.211979,-26.681511,-80.009804,-27.422754
3.012500,34.028316,-1.750583,59.211979,-26.681511,-80.009804,-27.422754
3.018750,34.028316,-1.750583,59.211979,-26.681511,-80.009804,-27.422754
3.025000,34.028316,-1.750583,59.211979,-26.681511,-80.009804,-27.422754
3.031250,34.028316,-1.750583,59.211979,-26.681511,-80.009804,-27.422754
3.037500,34.028316,-1.750583,59.211979,-26.681511,-80.009804,-27.422754
3.043750,34.028316,-1.750583,59.211979,-26.681511,-80.009804,-27.422754
3.050000,34.028316,-1.750583,59.211979,-26.681511,-80.009804,-27.422754
3.056250,34.028316,-1.750583,59.211979,-26.681511,-80.009804,-27.422754
3.062500,34.028316,-1.750583,59.211979,-26.681511,-80.009804,-27.422754
3.068750,34.028316,-1.750583,59.211979,-26.681511,-80.009804,-27.422754
3.075000,34.028316,-1.750583,59.211979,-26.681511,-80.009804,-27.422754
3.081250,34.028316,-1.750583,59.211979,-26.681511,-80.009804,-27.422754
3.087500,34.028316,-1.750583,59.211979,-26.681511,-80.009804,-27.422754
3.093750,34.028316,-1.752499,59.211979,-26.482132,-80.009804,-27.175407
3.100000,39.935387,-1.754689,56.524364,-26.333548,-82.015923,-26.945007
3.106250,45.842537,-1.756914,52.957363,-26.257006,-82.408630,-26.732557
3.112500,51.750244,-1.759114,48.866154,-26.273123,-80.830994,-26.511225
3.118750,57.657238,-1.761492,42.857483,-26.320314,-79.128891,-26.213717
3.125000,63.563332,-1.763991,38.052258,-26.368263,-75.082703,-25.952192
3.131250,69.468925,-1.766581,33.661346,-26.443493,-68.935822,-25.663998
3.137500,75.373520,-1.769453,29.943447,-26.546528,-61.068195,-25.339018
3.143750,81.276382,-1.772832,27.104944,-26.668697,-51.661888,-24.986189
3.150000,87.180153,-1.776473,25.326668,-26.795149,-40.875992,-24.617733
3.156250,93.086815,-1.779885,24.729828,-26.911268,-28.882929,-24.251997
3.162500,97.101151,-1.782998,25.379204,-27.004045,-15.880169,-23.912481
3.168750,100.842171,-1.786220,27.295029,-27.066460,-2.076142,-23.648745
3.175000,103.776413,-1.789666,30.519867,-27.076252,10.469000,-23.403971
3.181250,105.413422,-1.793186,33.296768,-27.020452,23.788534,-23.182436
3.187500,105.328163,-1.796530,37.090206,-26.916908,36.564381,-23.015337
3.193750,103.179207,-1.799639,41.192478,-26.777809,48.295586,-22.918669
3.200000,98.729088,-1.802425,45.036358,-26.611242,58.572464,-22.895779
3.206250,91.856056,-1.804830,48.139374,-26.427917,67.009773,-22.946526
3.212500,82.558319,-1.807099,50.082874,-26.225037,73.290482,-23.078951
3.218750,70.956070,-1.809548,50.598270,-26.048481,77.192345,-23.276073
3.225000,57.287865,-1.811870,51.592525,-25.873875,78.340538,-23.482183
3.231250,41.896942,-1.813690,51.650837,-25.701082,76.906944,-23.706110
3.237500,25.208305,-1.815239,49.284336,-25.530140,74.896133,-23.939512
3.243750,7.710163,-1.817053,46.603077,-25.338430,70.726616,-24.159750
3.250000,-10.064685,-1.819486,43.477207,-25.165176,64.999222,-24.347536
3.256250,-27.566004,-1.822054,39.547832,-25.024897,58.269840,-24.501867
3.262500,-44.258595,-1.824270,35.054790,-24.899658,51.167542,-24.611864
3.268750,-59.652103,-1.826191,29.940504,-24.785925,44.392334,-24.668219
3.275000,-73.322350,-1.828201,24.083622,-24.682657,38.526596,-24.671215
3.281250,-84.929695,-1.830630,17.372231,-24.580696,34.076080,-24.627909
3.287500,-94.234962,-1.833410,9.717350,-24.466896,31.421732,-24.552750
3.293750,-101.114227,-1.836284,1.078525,-24.302483,30.824781,-24.445934
3.300000,-105.567123,-1.839060,-6.359790,-24.134993,32.446213,-24.308662
3.306250,-107.715309,-1.841615,-15.028826,-23.999968,36.259190,-24.167223
3.312500,-107.796036,-1.843915,-23.697037,-23.878405,42.088711,-24.053482
3.318750,-106.151367,-1.846097,-32.077072,-23.778032,49.666058,-23.988758
3.325000,-103.208199,-1.848136,-39.904774,-23.716774,58.650337,-23.983038
3.331250,-99.458549,-1.849826,-46.923481,-23.720213,68.610069,-24.039625
3.337500,-95.435112,-1.851177,-52.954742,-23.853622,79.030510,-24.156935
3.343750,-89.516624,-1.852162,-58.012615,-24.014490,89.369759,-24.320379
3.350000,-83.599190,-1.852800,-62.451771,-24.236834,97.229057,-24.473778
3.356250,-77.682388,-1.853135,-65.899384,-24.562759,105.840813,-24.671640
3.362500,-71.767700,-1.853385,-66.637360,-25.014889,112.107704,-24.920614
3.368750,-65.855118,-1.853346,-66.306274,-25.573366,116.146965,-25.210358
3.375000,-59.942848,-1.852756,-64.783699,-26.211649,117.568138,-25.586308
3.381250,-54.032646,-1.851784,-62.083469,-26.895254,116.217438,-25.920956
3.387500,-48.128677,-1.851184,-58.296837,-27.585606,112.693436,-26.243364
3.393750,-42.231045,-1.851390,-53.585571,-28.237890,106.456902,-26.546164
3.400000,-36.335438,-1.851965,-48.166523,-28.809622,98.071175,-26.820980
3.406250,-30.438238,-1.852345,-42.375805,-29.279276,88.537537,-27.099445
3.412500,-24.541504,-1.852860,-36.537182,-29.621906,78.520927,-27.347309
3.418750,-18.649273,-1.854215,-28.716501,-29.815878,66.662384,-27.543211
3.425000,-12.759821,-1.856540,-22.454014,-29.857063,55.249775,-27.681120
3.431250,-6.867488,-1.858976,-15.898227,-29.760889,44.715759,-27.767157
3.437500,-0.970542,-1.861309,-9.303159,-29.511307,35.511581,-27.804811
3.443750,4.925951,-1.864231,-2.692667,-29.106710,28.320530,-27.742456
3.450000,10.821055,-1.868080,3.413797,-28.592815,21.421829,-27.609358
3.456250,16.720228,-1.872113,8.851375,-28.008734,16.594603,-27.419123
3.462500,22.628199,-1.875498,13.616595,-27.398008,13.542546,-27.173891
3.468750,28.541231,-1.878226,17.791662,-26.807255,11.954739,-26.870441
3.475000,34.454365,-1.880732,21.484852,-26.301897,11.477732,-26.524605
3.481250,40.366680,-1.883095,24.952234,-25.833673,11.713471,-26.151690
3.487500,46.278538,-1.885476,26.928764,-25.433865,12.302908,-25.746265
3.493750,52.188488,-1.888253,28.795908,-25.138096,12.808048,-25.315451
3.500000,58.097729,-1.891453,30.382904,-24.951374,12.798658,-24.870935
3.506250,64.009384,-1.894451,31.584475,-24.859018,11.941108,-24.423384
3.512500,69.925697,-1.896626,32.308731,-24.826706,9.965185,-23.981899
3.518750,75.841873,-1.898593,32.533802,-24.763039,6.669597,-23.551525
3.525000,81.751335,-1.901474,32.431122,-24.748177,1.904492,-23.138456
3.531250,87.656532,-1.905422,32.546101,-24.736134,-2.304821,-22.757290
3.537500,93.563904,-1.909676,32.547199,-24.691587,-7.416278,-22.424026
3.543750,97.582413,-1.913603,32.675896,-24.604362,-13.004902,-22.135624
3.550000,101.330292,-1.917704,33.274166,-24.447363,-18.783930,-21.854116
3.556250,104.271500,-1.922570,32.783424,-24.222208,-24.278290,-21.526516
3.562500,105.917557,-1.927722,32.910030,-23.958570,-29.218691,-21.285154
3.568750,105.847908,-1.932089,33.312469,-23.683210,-32.360264,-21.114708
3.575000,103.722008,-1.935093,33.712002,-23.422731,-34.722858,-21.016178
3.581250,99.297073,-1.937008,33.829075,-23.211805,-36.037895,-21.003820
3.587500,92.446632,-1.938538,33.400780,-23.085806,-36.325478,-21.036835
3.593750,83.170891,-1.939663,32.321026,-23.035870,-35.455933,-21.138065
3.600000,71.595406,-1.939731,30.526871,-23.072132,-33.277248,-21.322050
3.606250,57.957623,-1.938438,29.869480,-23.209146,-29.946859,-21.583046
3.612500,42.593014,-1.936262,28.890066,-23.432505,-25.739716,-21.894371
3.618750,25.925089,-1.933651,27.996960,-23.759312,-21.051786,-22.231195
3.625000,8.447967,-1.930380,27.299395,-24.200275,-16.666218,-22.635744
3.631250,-9.304383,-1.926254,27.407913,-24.718195,-10.781457,-23.070631
3.637500,-26.788952,-1.921765,28.626842,-25.277863,-5.117963,-23.506659
3.643750,-43.477261,-1.917613,31.095642,-25.842119,0.295492,-23.924330
3.650000,-58.876163,-1.914080,32.949917,-26.365808,5.372290,-24.306589
3.656250,-72.555466,-1.911124,35.751411,-26.773886,10.024796,-24.636713
3.662500,-84.173164,-1.908888,38.677280,-27.112474,14.158423,-24.909636
3.668750,-93.492348,-1.907530,42.647400,-27.359112,17.631075,-25.131567
3.675000,-100.388756,-1.906783,45.987007,-27.486012,20.359936,-25.301596
3.681250,-104.859978,-1.906183,48.425587,-27.490421,22.285446,-25.418074
3.687500,-107.029396,-1.906028,49.721569,-27.385447,23.331236,-25.483965
3.693750,-107.137718,-1.907130,49.726974,-27.197006,23.446074,-25.508610
3.700000,-105.523140,-1.909360,48.448135,-26.930153,22.636381,-25.502766
3.706250,-102.606598,-1.911785,46.039078,-26.603590,21.033936,-25.459026
3.712500,-98.878342,-1.913982,42.482510,-26.256159,18.856308,-25.371347
3.718750,-94.876320,-1.916461,36.074306,-25.914389,16.254827,-25.245274
3.725000,-88.981071,-1.919624,28.737278,-25.594456,13.557630,-25.095711
3.731250,-83.083855,-1.922884,20.200628,-25.341122,11.372952,-24.962128
3.737500,-77.181549,-1.925640,12.400500,-25.177336,10.114295,-24.856258
3.743750,-71.276917,-1.928135,4.085086,-25.088593,10.190899,-24.801003
3.750000,-65.373665,-1.930725,-4.193392,-25.062838,10.204982,-24.710941
3.756250,-59.471382,-1.933320,-12.037970,-25.095978,10.130570,-24.606192
3.762500,-53.568352,-1.935722,-19.033098,-25.166975,11.297110,-24.487022
3.768750,-47.665394,-1.938164,-24.735107,-25.240301,13.446946,-24.402857
3.775000,-41.764004,-1.940914,-28.914785,-25.325672,16.118980,-24.342150
3.781250,-35.862850,-1.943746,-31.463978,-25.411821,18.714653,-24.289423
3.787500,-29.960344,-1.946303,-32.032665,-25.477646,20.871267,-24.237425
3.793750,-24.057800,-1.948981,-30.530582,-25.537928,22.278915,-24.190002
3.800000,-18.157375,-1.952078,-26.994019,-25.537354,22.744200,-24.138935
3.806250,-12.257553,-1.955514,-22.572683,-25.450153,22.279160,-24.048252
3.812500,-6.356304,-1.959123,-16.635750,-25.316080,20.746683,-23.926086
3.818750,-0.454379,-1.963099,-9.769647,-25.151966,18.033060,-23.783413
3.825000,5.447979,-1.967411,-2.575759,-24.972507,14.273752,-23.626797
3.831250,11.354338,-1.971412,6.515297,-24.791992,9.733380,-23.467085
3.837500,17.264629,-1.974802,15.585031,-24.624483,4.733751,-23.340864
3.843750,23.174347,-1.978310,24.674160,-24.466146,-0.385802,-23.203144
3.850000,29.081429,-1.982301,31.975018,-24.310192,-6.310915,-23.036232
3.856250,34.989429,-1.986094,39.046707,-24.166538,-11.852139,-22.879154
3.862500,40.901234,-1.989152,45.350414,-24.033445,-16.988590,-22.740746
3.868750,46.812626,-1.992029,50.453762,-23.897594,-21.696995,-22.618139
3.875000,52.717445,-1.995972,53.952103,-23.737326,-26.002789,-22.500130
3.881250,58.617889,-2.001100,55.423645,-23.558441,-29.976280,-22.371218
3.887500,64.522194,-2.006325,54.432198,-23.362263,-33.801117,-22.236055
3.893750,70.433212,-2.011088,50.894337,-23.131018,-37.732433,-22.099827
3.900000,76.345741,-2.016105,46.898716,-22.854889,-41.902065,-21.954674
3.906250,82.255226,-2.022168,41.037292,-22.533241,-44.611053,-21.798944
3.912500,88.165154,-2.029225,33.841942,-22.168037,-47.726578,-21.628073
3.918750,94.081528,-2.036650,25.865366,-21.766451,-50.961117,-21.429176
3.925000,98.112007,-2.043900,17.577230,-21.355337,-54.069668,-21.174852
3.931250,101.877571,-2.050791,9.430799,-20.960655,-57.123188,-20.955164
3.937500,104.844093,-2.057234,1.980727,-20.602085,-57.913059,-20.765846
3.943750,106.519379,-2.063026,-4.326087,-20.302912,-57.521515,-20.615295
3.950000,106.476936,-2.067682,-9.153873,-20.085035,-55.480801,-20.517418
3.956250,104.375679,-2.070665,-12.277913,-19.966671,-51.439236,-20.487478
3.962500,99.975853,-2.071964,-13.549977,-19.957527,-45.146343,-20.537903
3.968750,93.151863,-2.071814,-12.904522,-20.055386,-36.461956,-20.677019
3.975000,83.901192,-2.070346,-12.250102,-20.226242,-25.394346,-20.915451
3.981250,72.344467,-2.067605,-10.043545,-20.519983,-12.109138,-21.281921
3.987500,58.717319,-2.063740,-5.696851,-20.921076,1.783776,-21.690233
3.993750,43.358047,-2.059076,-0.413619,-21.384899,16.950247,-22.201723
4.000000,26.692980,-2.053770,5.162367,-21.907936,32.574512,-22.823280
4.006250,9.214740,-2.047833,10.678249,-22.473507,47.796745,-23.588043
4.012500,-8.546312,-2.041729,15.864203,-23.054096,61.529621,-24.349648
4.018750,-26.046171,-2.036387,20.471546,-23.616924,74.481461,-25.087513
4.025000,-42.751129,-2.031945,24.213186,-24.146151,84.688141,-25.835773
4.031250,-58.164009,-2.028023,28.953405,-24.632477,93.055305,-26.598532
4.037500,-71.855942,-2.024662,31.323641,-25.054937,98.710915,-27.321959
4.043750,-83.489120,-2.022559,33.367233,-25.400747,101.940628,-27.975647
4.050000,-92.825249,-2.021868,34.937248,-25.669931,103.143738,-28.542593
4.056250,-99.736038,-2.021545,35.965256,-25.852858,102.848824,-29.012947
4.062500,-104.218895,-2.020994,36.528683,-25.931890,99.858429,-29.353504
4.068750,-106.401878,-2.021224,36.574841,-25.923946,96.574074,-29.550501
4.075000,-106.527176,-2.023386,36.120747,-25.846359,93.055298,-29.611210
4.081250,-104.928520,-2.026842,35.346573,-25.712555,89.530006,-29.540028
4.087500,-102.023026,-2.030098,34.507465,-25.531460,84.161949,-29.338169
4.093750,-98.303185,-2.032659,33.906277,-25.311480,78.676430,-29.011684
4.100000,-94.310799,-2.035498,31.962616,-25.067295,72.931976,-28.581528
4.106250,-88.427521,-2.039223,30.671158,-24.804123,66.830093,-28.087181
4.112500,-82.544525,-2.043430,29.939619,-24.513382,60.453808,-27.486143
4.118750,-76.658302,-2.047920,29.505302,-24.211647,53.971310,-26.815083
4.125000,-70.770515,-2.053038,29.077028,-23.913906,47.117973,-26.114746
4.131250,-64.881454,-2.058757,28.484552,-23.629539,40.040127,-25.415308
4.137500,-58.987751,-2.064511,27.615177,-23.361633,32.938076,-24.740620
4.143750,-53.087807,-2.069935,26.379778,-23.109642,26.022968,-24.108032
4.150000,-47.184910,-2.075366,24.694181,-22.872301,19.481516,-23.530630
4.156250,-41.282089,-2.081166,24.654907,-22.646086,13.488133,-23.008755
4.162500,-35.377743,-2.087265,24.851568,-22.420212,8.187055,-22.555275
4.168750,-29.469990,-2.093479,23.871944,-22.183289,5.289059,-22.173195
4.175000,-23.558369,-2.099766,23.572840,-21.954931,2.215978,-21.860062
4.181250,-17.642839,-2.105964,23.759321,-21.739721,0.693045,-21.609344
4.187500,-11.722690,-2.111779,24.235329,-21.542318,0.598277,-21.358908
4.193750,-5.798193,-2.117219,24.778570,-21.368879,2.002287,-21.221542
4.200000,0.130136,-2.122051,25.156605,-21.227160,2.967721,-21.167374
4.206250,6.061988,-2.125961,25.154549,-21.124250,4.183034,-21.175268
4.212500,11.996383,-2.128730,24.608543,-21.057259,6.680071,-21.201750
4.218750,17.929417,-2.130791,25.581804,-21.015034,8.225766,-21.251451
4.225000,23.858725,-2.132594,24.665768,-20.993607,8.817738,-21.324841
4.231250,29.784101,-2.134244,23.840067,-20.981297,8.308196,-21.407944
4.237500,35.706871,-2.135679,22.896921,-20.977800,6.527093,-21.478247
4.243750,41.627476,-2.136872,21.501713,-20.999577,5.392711,-21.545059
4.250000,47.546619,-2.137735,19.493198,-21.031878,3.286356,-21.607325
4.256250,53.463829,-2.138189,16.727600,-21.056894,0.731160,-21.649019
4.262500,59.376709,-2.138708,12.971669,-21.060064,-1.858262,-21.658817
4.268750,65.282112,-2.140039,8.026663,-21.030560,-4.127299,-21.626274
4.275000,71.180939,-2.142552,1.713299,-20.961384,-5.761096,-21.544416
4.281250,77.079147,-2.145702,-3.962137,-20.840023,-6.491547,-21.400875
4.287500,82.979492,-2.149246,-10.529627,-20.664150,-6.117645,-21.166876
4.293750,88.879288,-2.153986,-17.733130,-20.456413,-4.736062,-20.912769
4.300000,94.778412,-2.160081,-25.200840,-20.218594,-2.620629,-20.640778
4.306250,98.789505,-2.166404,-32.491253,-19.954004,0.424070,-20.348200
4.312500,102.539200,-2.171861,-39.286362,-19.673391,4.191225,-20.045145
4.318750,105.490051,-2.176870,-45.315636,-19.391619,8.415217,-19.744728
4.325000,107.141838,-2.182377,-50.377644,-19.129854,12.792332,-19.464830
4.331250,107.069923,-2.188264,-54.324600,-18.911148,17.011534,-19.220221
4.337500,104.940521,-2.193465,-57.061489,-18.784271,20.801521,-19.013388
4.343750,100.517601,-2.197534,-58.607708,-18.656992,23.939444,-18.788681
4.350000,93.674911,-2.200659,-57.959545,-18.601990,25.951235,-18.667469
4.356250,84.410164,-2.202715,-56.015625,-18.654703,28.505104,-18.631889
4.362500,72.845901,-2.203146,-52.571545,-18.814018,30.359297,-18.693802
4.368750,59.216530,-2.202403,-47.717911,-19.071825,31.839708,-18.876408
4.375000,43.856495,-2.201273,-41.659248,-19.414896,33.239437,-19.120621
4.381250,27.192945,-2.199658,-34.666485,-19.821728,34.594570,-19.409824
4.387500,9.722634,-2.196880,-27.063978,-20.265993,36.705658,-19.750443
4.393750,-8.023458,-2.193252,-19.264042,-20.731020,37.893497,-20.170868
4.400000,-25.505583,-2.189934,-11.726079,-21.204184,39.720764,-20.646578
4.406250,-42.191334,-2.187067,-2.653011,-21.667612,41.769836,-21.151257
4.412500,-57.582142,-2.183845,4.371483,-22.107706,43.746925,-21.666277
4.418750,-71.250084,-2.180352,11.190960,-22.519106,45.439545,-22.177847
4.425000,-82.860138,-2.177515,17.635712,-22.839298,46.764427,-22.638430
4.431250,-92.176003,-2.175723,23.530632,-23.068333,47.732697,-23.019947
4.437500,-99.070496,-2.174325,28.487701,-23.218046,48.112679,-23.318880
4.443750,-103.541077,-2.173090,32.460129,-23.296097,47.904415,-23.528414
4.450000,-105.713799,-2.172902,35.513870,-23.304325,47.236584,-23.641077
4.456250,-105.826454,-2.174239,37.778149,-23.247255,46.277840,-23.655420
4.462500,-104.213783,-2.176296,39.452587,-23.135189,45.210804,-23.577478
4.468750,-101.298767,-2.178653,40.826344,-22.987383,44.256489,-23.429108
4.475000,-97.576485,-2.181758,40.383484,-22.802361,43.711346,-23.196428
4.481250,-93.581306,-2.185723,40.291088,-22.573689,42.298279,-22.865856
4.487500,-87.686409,-2.189636,40.210510,-22.333368,41.549332,-22.483709
4.493750,-81.786079,-2.193248,39.949467,-22.102922,41.163548,-22.079550
4.500000,-75.886971,-2.197715,39.441936,-21.893330,40.922768,-21.675058
4.506250,-69.991142,-2.203772,38.663387,-21.705048,40.616077,-21.284786
4.512500,-64.090248,-2.210294,37.605560,-21.525585,40.025238,-20.918434
4.518750,-58.176846,-2.215706,36.270130,-21.299171,38.903404,-20.585699
4.525000,-52.254776,-2.220148,34.683308,-21.113514,36.933540,-20.321592
4.531250,-46.333630,-2.224879,33.930462,-20.975397,33.672432,-20.115952
4.537500,-40.414280,-2.230208,33.506302,-20.841337,30.471964,-19.944843
4.543750,-34.489483,-2.235334,32.001961,-20.700291,25.835299,-19.819876
4.550000,-28.556377,-2.239444,31.139141,-20.579365,20.091383,-19.716797
4.556250,-22.617727,-2.242654,30.628553,-20.500931,13.649071,-19.696859
4.562500,-16.677326,-2.245340,30.251282,-20.484615,7.210054,-19.775227
4.568750,-10.735867,-2.247512,29.785219,-20.556082,0.755572,-19.949478
4.575000,-4.791698,-2.248873,29.002884,-20.772640,-5.538118,-20.167391
4.581250,1.155793,-2.249039,27.723572,-21.054235,-11.342442,-20.440378
4.587500,7.104352,-2.247928,24.675611,-21.420589,-16.160582,-20.779922
4.593750,13.051291,-2.245894,22.732254,-21.891796,-19.808222,-21.179029
4.600000,18.994507,-2.243065,20.026501,-22.471609,-22.234612,-21.617344
4.606250,24.934052,-2.239168,16.431774,-23.222908,-23.583925,-22.106369
4.612500,30.868990,-2.234328,12.876655,-24.012222,-24.129267,-22.636469
4.618750,36.794468,-2.229532,8.717023,-24.873650,-23.938692,-23.185450
4.625000,42.707718,-2.225516,4.294115,-25.786995,-23.294640,-23.737562
4.631250,48.614670,-2.221695,-0.100276,-26.718792,-22.517609,-24.279415
4.637500,54.520245,-2.217041,-4.207000,-27.626131,-21.972294,-24.793539
4.643750,60.421055,-2.212078,-7.777575,-28.456203,-22.022202,-25.245304
4.650000,66.308304,-2.208391,-12.507573,-29.148195,-23.017576,-25.587273
4.656250,72.180695,-2.206765,-14.534652,-29.674454,-25.338531,-25.826353
4.662500,78.047188,-2.206728,-15.909226,-30.026749,-27.555071,-25.984531
4.668750,83.912704,-2.207978,-16.500383,-30.174793,-31.048141,-26.034988
4.675000,89.777557,-2.210723,-16.332005,-30.106125,-35.580193,-25.969835
4.681250,93.748146,-2.214850,-15.536977,-29.823410,-40.943314,-25.789730
4.687500,97.450089,-2.219707,-14.317912,-29.350470,-46.912209,-25.506172
4.693750,100.349564,-2.225449,-12.921572,-28.725252,-53.219482,-25.130798
4.700000,101.951691,-2.233230,-11.642935,-27.975815,-59.518951,-24.665855
4.706250,101.831673,-2.242750,-10.963390,-27.106415,-65.445473,-24.104462
4.712500,99.660339,-2.252171,-11.131808,-26.158720,-70.563599,-23.498074
4.718750,95.203918,-2.260306,-12.489373,-25.208498,-76.275986,-22.904438
4.725000,88.331902,-2.267844,-13.464217,-24.317133,-81.112045,-22.343287
4.731250,79.036942,-2.275707,-15.603081,-23.507154,-85.225670,-21.849491
4.737500,67.444237,-2.283088,-18.648819,-22.797764,-88.837166,-21.388586
4.743750,53.796276,-2.288902,-22.383141,-22.202023,-92.229912,-20.967016
4.750000,38.429390,-2.293481,-26.553396,-21.716373,-93.343048,-20.592251
4.756250,21.762241,-2.297691,-30.860628,-21.285322,-93.717110,-20.321409
4.762500,4.287770,-2.301308,-35.024307,-20.988291,-92.906563,-20.147915
4.768750,-13.456543,-2.303697,-37.507034,-20.805939,-90.760521,-20.052885
4.775000,-30.927355,-2.304965,-38.733765,-20.700216,-86.978714,-20.022982
4.781250,-47.597336,-2.305806,-38.110050,-20.633434,-81.317444,-20.057459
4.787500,-62.975803,-2.306678,-36.967384,-20.541218,-73.572609,-20.130268
4.793750,-76.634178,-2.307583,-34.166782,-20.489431,-65.244926,-20.193148
4.800000,-88.230232,-2.308655,-29.361399,-20.435686,-55.032143,-20.261951
4.806250,-97.525917,-2.309840,-23.194862,-20.372820,-43.571220,-20.329943
4.812500,-104.398796,-2.311010,-16.226753,-20.299013,-31.465685,-20.384087
4.818750,-108.848862,-2.312438,-9.012017,-20.214127,-19.300432,-20.411327
4.825000,-110.999878,-2.314834,-2.114943,-20.124689,-7.626794,-20.416630
4.831250,-111.086388,-2.317922,6.076368,-20.047131,3.033445,-20.423429
4.837500,-109.441284,-2.320299,13.739804,-19.994074,12.266671,-20.408628
4.843750,-106.491608,-2.321556,19.248098,-19.931946,20.162752,-20.337778
4.850000,-102.739105,-2.323124,24.347960,-19.879364,26.120321,-20.248171
4.856250,-98.721794,-2.326270,28.535923,-19.851381,30.102386,-20.154922
4.862500,-92.810265,-2.330045,31.550301,-19.851681,32.265743,-20.065834
4.868750,-86.889610,-2.332954,33.256615,-19.867039,32.881172,-19.978355
4.875000,-80.962173,-2.335009,33.612465,-19.875280,32.270004,-19.891479
4.881250,-75.037476,-2.337199,32.684971,-19.868265,30.738256,-19.811247
4.887500,-69.116661,-2.339877,30.839548,-19.868114,28.628447,-19.741617
4.893750,-63.196236,-2.342781,28.248924,-19.865963,26.303381,-19.685389
4.900000,-57.273956,-2.345742,25.080055,-19.861540,24.108185,-19.639883
4.906250,-51.350346,-2.348829,21.625660,-19.853409,22.358994,-19.592915
4.912500,-45.424812,-2.351669,18.084307,-19.827633,21.341856,-19.521383
4.918750,-39.496490,-2.354239,14.781890,-19.801151,21.502188,-19.470892
4.925000,-33.568352,-2.357054,12.078615,-19.796677,23.333656,-19.450325
4.931250,-27.639797,-2.359959,10.153522,-19.830286,24.606379,-19.457199
4.937500,-21.705900,-2.361969,9.117662,-19.911760,26.829536,-19.495760
4.943750,-15.764430,-2.362415,9.012391,-20.047949,29.644133,-19.573790
4.950000,-9.823752,-2.362135,9.841450,-20.236588,32.695675,-19.696774
4.956250,-3.889206,-2.362044,11.565434,-20.469633,35.639736,-19.875034
4.962500,2.042711,-2.361555,12.191952,-20.726475,38.115440,-20.168737
4.968750,7.976957,-2.360016,15.355294,-20.999262,38.968716,-20.382252
4.975000,13.909724,-2.358031,18.732466,-21.307981,40.101746,-20.670105
4.981250,19.835932,-2.356149,22.247229,-21.628014,39.954937,-21.021957
4.987500,25.759632,-2.353801,25.697046,-21.948643,38.555798,-21.425850
4.993750,31.684563,-2.350166,28.820957,-22.262804,35.846340,-21.873411
5.000000,37.603916,-2.346277,31.409250,-22.558723,31.794867,-22.352636
5.006250,43.510323,-2.343591,33.308720,-22.820126,28.287855,-22.841454
5.012500,49.407627,-2.341963,34.398331,-23.022274,23.620350,-23.272995
5.018750,55.305538,-2.340293,34.575195,-23.140600,18.271660,-23.640753
5.025000,61.204411,-2.338499,33.842350,-23.214993,12.380604,-23.982704
5.031250,67.098969,-2.337264,32.376167,-23.242001,6.738348,-24.267963
5.037500,72.987778,-2.336689,30.312164,-23.225245,1.725871,-24.481804
5.043750,78.874603,-2.336528,27.628298,-23.208931,-2.405082,-24.619501
5.050000,84.759132,-2.337284,24.279198,-23.150633,-5.430430,-24.675755
5.056250,90.639999,-2.339441,21.411312,-23.055904,-7.102890,-24.637671
5.062500,96.523369,-2.341913,18.127871,-22.971825,-7.284204,-24.509371
5.068750,100.519936,-2.343470,14.833302,-22.915281,-5.925207,-24.301880
5.075000,104.244850,-2.344857,11.921502,-22.886242,-2.958920,-24.024994
5.081250,107.155769,-2.347881,7.887551,-22.870771,1.661906,-23.687773
5.087500,108.763290,-2.352525,4.758593,-22.858423,7.930968,-23.306152
5.093750,108.652985,-2.357097,2.490804,-22.860849,15.737626,-22.905718
5.100000,106.486679,-2.360934,0.903489,-22.862497,24.797346,-22.493717
5.106250,102.018021,-2.365293,-0.287416,-22.843975,34.547264,-22.061459
5.112500,95.121384,-2.370914,-1.265326,-22.789536,44.758236,-21.642956
5.118750,85.805122,-2.376633,-2.197088,-22.691151,55.051872,-21.260496
5.125000,74.195000,-2.381621,-3.240170,-22.545109,64.869438,-20.927141
5.131250,60.523304,-2.386565,-4.519104,-22.348623,73.629211,-20.646038
5.137500,45.124737,-2.392232,-6.133258,-22.103104,80.784065,-20.406076
5.143750,28.430149,-2.398288,-6.010855,-21.815022,85.859627,-20.128222
5.150000,10.936850,-2.403955,-5.586802,-21.499002,89.389427,-20.012724
5.156250,-6.823247,-2.409184,-6.270627,-21.147436,91.465446,-19.893068
5.162500,-24.306265,-2.414166,-5.984035,-20.775887,91.551010,-19.807369
5.168750,-40.979469,-2.418649,-5.039468,-20.410213,90.044327,-19.762032
5.175000,-56.350163,-2.422219,-3.654374,-20.070475,87.525139,-19.752386
5.181250,-69.992607,-2.424917,-2.034593,-19.772341,84.654816,-19.766521
5.187500,-81.568741,-2.426776,-0.416328,-19.531569,79.991058,-19.796555
5.193750,-90.842323,-2.427912,0.948764,-19.365454,75.732605,-19.877235
5.200000,-97.693871,-2.428574,1.830923,-19.292181,72.154869,-20.041039
5.206250,-102.124504,-2.429200,4.252934,-19.301693,68.554459,-20.160355
5.212500,-104.255348,-2.429711,4.981306,-19.367428,65.706093,-20.296688
5.218750,-104.319710,-2.429682,5.874516,-19.490440,63.602406,-20.457268
5.225000,-102.657036,-2.428719,6.732626,-19.626328,62.102390,-20.636559
5.231250,-99.698120,-2.426901,7.507875,-19.819334,60.987511,-20.831579
5.237500,-95.938240,-2.424617,6.856043,-20.078362,59.919693,-21.053270
5.243750,-91.913292,-2.422559,5.519361,-20.366920,58.582188,-21.299276
5.250000,-86.002815,-2.421586,3.137105,-20.667809,56.702808,-21.561178
5.256250,-80.097115,-2.421340,-0.626084,-20.967403,53.986492,-21.833467
5.262500,-74.188751,-2.420468,-3.888025,-21.253969,50.184021,-22.105597
5.268750,-68.277931,-2.418576,-8.202008,-21.520651,45.076462,-22.362682
5.275000,-62.375313,-2.417483,-13.220544,-21.762438,38.454723,-22.586447
5.281250,-56.486641,-2.418705,-18.632832,-21.974117,30.281628,-22.779253
5.287500,-50.601368,-2.421059,-24.153069,-22.151011,20.875969,-22.964268
5.293750,-44.707077,-2.422548,-29.523521,-22.289656,10.304738,-23.119858
5.300000,-38.808544,-2.423609,-34.494736,-22.383106,-1.228397,-23.230083
5.306250,-32.918636,-2.426299,-38.833717,-22.423038,-13.343768,-23.283487
5.312500,-27.037138,-2.431069,-42.374348,-22.406525,-25.612049,-23.274239
5.318750,-21.152031,-2.436663,-45.005352,-22.329977,-37.588840,-23.196775
5.325000,-15.257336,-2.442488,-46.654289,-22.192093,-48.828716,-23.038891
5.331250,-9.357578,-2.449142,-47.356037,-22.014154,-58.958012,-22.867256
5.337500,-3.452751,-2.456336,-45.127899,-21.810574,-68.066978,-22.613844
5.343750,2.464435,-2.462699,-42.815044,-21.564789,-75.349884,-22.341597
5.350000,8.392898,-2.467855,-38.954475,-21.326908,-81.023544,-22.086630
5.356250,14.324265,-2.473044,-33.717152,-21.121309,-84.976242,-21.879053
5.362500,20.256813,-2.478306,-27.354685,-20.968102,-87.207138,-21.746193
5.368750,26.198664,-2.482188,-20.175285,-20.878447,-87.918861,-21.672106
5.375000,32.151386,-2.483923,-12.506858,-20.851725,-87.385811,-21.638634
5.381250,38.105644,-2.484491,-4.724634,-20.876934,-85.765007,-21.620722
5.387500,44.055088,-2.484361,2.725014,-20.959459,-82.525764,-21.744911
5.393750,50.004257,-2.482798,9.521620,-21.119865,-78.633163,-21.955875
5.400000,55.954063,-2.479319,15.669392,-21.341707,-74.458321,-22.246485
5.406250,61.895714,-2.475327,20.938482,-21.602646,-70.288704,-22.625456
5.412500,67.823875,-2.471831,25.117056,-21.874178,-66.146141,-22.988798
5.418750,73.744560,-2.468113,28.033401,-22.135445,-62.184105,-23.343107
5.425000,79.662117,-2.463658,29.594774,-22.367489,-58.819748,-23.675781
5.431250,85.571030,-2.459525,29.860863,-22.552446,-56.056091,-23.965052
5.437500,91.465538,-2.456918,29.056549,-22.673580,-53.839123,-24.182714
5.443750,97.350143,-2.455928,27.519711,-22.719238,-52.117325,-24.309065
5.450000,101.337372,-2.456228,25.605873,-22.680086,-50.823242,-24.333065
5.456250,105.051178,-2.457718,23.720108,-22.553375,-49.791859,-24.250559
5.462500,107.960312,-2.460098,22.304020,-22.350971,-48.858257,-24.090952
5.468750,109.575943,-2.462703,19.936394,-22.085005,-47.834629,-23.827063
5.475000,109.469658,-2.465777,18.801474,-21.748201,-45.834217,-23.448343
5.481250,107.295670,-2.470595,18.755440,-21.366957,-43.357304,-23.019276
5.487500,102.819557,-2.477092,19.521358,-20.973845,-40.102421,-22.577438
5.493750,95.930847,-2.483395,20.925888,-20.595146,-35.773018,-22.153915
5.500000,86.635307,-2.488107,22.817850,-20.247826,-30.138237,-21.771345
5.506250,75.044823,-2.492068,25.049129,-19.938070,-23.048025,-21.436861
5.512500,61.387135,-2.496514,27.448994,-19.648064,-14.532560,-21.067698
5.518750,46.007351,-2.500818,29.846006,-19.401081,-5.187704,-20.821859
5.525000,29.339111,-2.503639,31.623659,-19.240355,4.732137,-20.648752
5.531250,11.872396,-2.505150,33.367344,-19.140972,15.218522,-20.542683
5.537500,-5.868391,-2.506199,34.759750,-19.102194,25.745872,-20.495249
5.543750,-23.337654,-2.506735,35.483032,-19.131315,35.782150,-20.499725
5.550000,-39.999454,-2.506294,35.277431,-19.234049,44.932098,-20.602713
5.556250,-55.362793,-2.504933,33.959957,-19.417915,52.918510,-20.786520
5.562500,-69.003807,-2.502941,31.410192,-19.690872,60.111313,-20.991501
5.568750,-80.581970,-2.500292,27.676813,-20.019066,65.610001,-21.250389
5.575000,-89.860748,-2.496983,24.982212,-20.400356,69.551384,-21.562702
5.581250,-96.720894,-2.493504,20.006086,-20.835556,72.202454,-21.910389
5.587500,-101.163528,-2.490060,14.996273,-21.323265,73.901810,-22.255814
5.593750,-103.308395,-2.486336,10.036739,-21.864113,74.791084,-22.660509
5.600000,-103.393188,-2.482781,5.326526,-22.425272,73.417999,-23.062269
5.606250,-101.761971,-2.480400,1.064602,-22.986320,71.921684,-23.455997
5.612500,-98.839798,-2.478968,-2.715381,-23.535261,70.036705,-23.838757
5.618750,-95.109558,-2.477049,-5.904436,-24.056376,67.638573,-24.205919
5.625000,-91.104095,-2.474413,-8.383685,-24.532124,64.620003,-24.554680
5.631250,-85.213913,-2.473081,-10.045564,-24.941240,60.874485,-24.865818
5.637500,-79.338066,-2.474277,-10.808463,-25.260307,56.251358,-25.102209
5.643750,-73.463142,-2.476523,-12.541552,-25.461292,52.628925,-25.221441
5.650000,-67.578972,-2.478194,-11.494017,-25.522684,48.394459,-25.249983
5.656250,-61.692181,-2.480061,-9.805578,-25.465857,43.182320,-25.223928
5.662500,-55.813305,-2.483634,-7.680759,-25.291597,37.946190,-25.111433
5.668750,-49.939304,-2.489054,-5.195629,-24.999065,32.949745,-24.904217
5.675000,-44.060059,-2.495221,-2.595363,-24.604353,28.378307,-24.606703
5.681250,-38.171375,-2.501562,-0.161209,-24.130856,24.406113,-24.226555
5.687500,-32.276951,-2.508242,1.827626,-23.614809,21.242105,-23.774822
5.693750,-26.376612,-2.514829,2.999688,-23.064703,19.178661,-23.280573
5.700000,-20.469746,-2.521018,2.727842,-22.478281,18.655464,-22.766026
5.706250,-14.559738,-2.527582,3.057946,-21.917133,17.832159,-22.262772
5.712500,-8.649389,-2.535114,2.362651,-21.420164,18.364243,-21.806618
5.718750,-2.731263,-2.542371,0.850077,-21.008539,19.855362,-21.424778
5.725000,3.201806,-2.547825,-1.277035,-20.691565,23.712509,-21.107662
5.731250,9.144862,-2.551557,-3.823973,-20.469595,27.802553,-20.827328
5.737500,15.086990,-2.554828,-6.598785,-20.328997,32.319038,-20.614975
5.743750,21.026909,-2.557654,-9.450055,-20.249783,36.372753,-20.531969
5.750000,26.970942,-2.558911,-12.370214,-20.250851,40.474018,-20.540674
5.756250,32.918232,-2.558525,-15.328382,-20.320076,44.321869,-20.624836
5.762500,38.860611,-2.557523,-15.933980,-20.431093,47.570366,-20.770605
5.768750,44.794559,-2.556336,-17.352423,-20.555559,49.872692,-20.979570
5.775000,50.724274,-2.554541,-17.449852,-20.667276,50.768532,-21.184965
5.781250,56.649822,-2.552158,-16.421198,-20.762978,51.216957,-21.390982
5.787500,62.566662,-2.550187,-14.523969,-20.834064,50.247681,-21.601706
5.793750,68.473488,-2.549299,-11.963252,-20.868856,48.031094,-21.801920
5.800000,74.375092,-2.549235,-9.019420,-20.858700,44.646679,-21.970367
5.806250,80.275230,-2.549543,-6.017152,-20.801592,40.223091,-22.084303
5.812500,86.175270,-2.550085,-3.293488,-20.700455,34.985100,-22.138626
5.818750,92.073730,-2.550963,-1.171068,-20.564983,29.324781,-22.153652
5.825000,96.072701,-2.553032,2.204785,-20.421114,21.416945,-22.151945
5.831250,99.793381,-2.557205,5.198277,-20.330568,13.140304,-22.073139
5.837500,102.707962,-2.563328,6.510882,-20.192369,4.580922,-21.942036
5.843750,104.335442,-2.569710,8.188389,-20.075842,-4.511758,-21.792299
5.850000,104.255211,-2.574667,9.665232,-20.013771,-13.993413,-21.646330
5.856250,102.120750,-2.578232,10.876582,-20.014166,-23.630526,-21.518671
5.862500,97.683159,-2.581666,11.773720,-20.075121,-33.205917,-21.420828
5.868750,90.819313,-2.585225,12.329381,-20.174543,-42.573296,-21.352898
5.875000,81.533607,-2.588314,12.673188,-20.313334,-51.697571,-21.305222
5.881250,69.949997,-2.590641,13.266510,-20.518850,-60.690693,-21.295547
5.887500,56.302841,-2.592321,14.082332,-20.764017,-67.313820,-21.322350
5.893750,40.932232,-2.592885,15.300824,-21.034298,-72.888901,-21.372656
5.900000,24.264647,-2.592318,15.272733,-21.335213,-77.026619,-21.435944
5.906250,6.786767,-2.591558,15.881484,-21.699833,-81.474586,-21.524744
5.912500,-10.971897,-2.591298,16.958488,-22.056356,-84.417984,-21.630238
5.918750,-28.458681,-2.590544,18.700428,-22.414635,-86.232796,-21.739492
5.925000,-45.136024,-2.588339,20.352522,-22.796112,-87.305687,-21.850269
5.931250,-60.519444,-2.585923,21.799776,-23.204565,-87.917686,-21.966612
5.937500,-74.189331,-2.584645,22.962692,-23.629509,-88.303215,-22.089930
5.943750,-85.800163,-2.584024,23.801077,-24.052427,-88.648666,-22.219868
5.950000,-95.105560,-2.582783,24.509974,-24.455667,-89.195679,-22.314375
5.956250,-101.986534,-2.581470,25.271400,-24.819960,-90.425446,-22.370216
5.962500,-106.451309,-2.581534,25.982496,-25.130022,-89.639671,-22.434870
5.968750,-108.617279,-2.582385,26.514219,-25.375767,-89.063210,-22.497719
5.975000,-108.710732,-2.582142,26.776800,-25.545689,-88.248154,-22.554773
5.981250,-107.075653,-2.580916,26.690594,-25.633535,-86.762207,-22.605818
5.987500,-104.151741,-2.580903,26.194342,-25.633738,-84.220856,-22.648922
5.993750,-100.434105,-2.582809,25.265240,-25.542871,-80.292915,-22.680136
6.000000,-96.442566,-2.585423,23.894129,-25.359615,-74.757423,-22.692034
6.006250,-90.549049,-2.587912,22.117479,-25.074722,-67.558174,-22.641071
6.012500,-84.654579,-2.591042,19.991774,-24.647356,-59.078758,-22.570036
6.018750,-78.761169,-2.595134,19.442564,-24.208048,-49.615616,-22.484440
6.025000,-72.862091,-2.599184,17.138405,-23.732901,-39.120274,-22.386036
6.031250,-66.955826,-2.602751,15.525075,-23.247154,-28.049221,-22.289057
6.037500,-61.047619,-2.606703,14.458012,-22.794090,-16.943769,-22.210823
6.043750,-55.139114,-2.611117,13.865487,-22.418999,-6.251352,-22.136631
6.050000,-49.224632,-2.614832,13.806817,-22.113377,3.768473,-22.049932
6.056250,-43.301785,-2.617503,14.281159,-21.904274,12.655218,-21.987930
6.062500,-37.379055,-2.620129,15.016302,-21.820539,20.163689,-21.972359
6.068750,-31.458576,-2.622880,14.049891,-21.869179,26.150661,-22.004770
6.075000,-25.533291,-2.624485,12.985196,-22.038681,30.617882,-22.081522
6.081250,-19.601339,-2.624206,13.444042,-22.295292,33.638012,-22.198198
6.087500,-13.673670,-2.623409,13.549184,-22.562452,35.285480,-22.332747
6.093750,-7.757854,-2.623520,13.202043,-22.872974,35.539337,-22.471334
6.100000,-1.849234,-2.624180,11.817238,-23.194513,34.574223,-22.618000
6.106250,4.060953,-2.624678,9.823917,-23.476748,32.684402,-22.763681
6.112500,9.971702,-2.624920,7.136200,-23.688988,30.043934,-22.893599
6.118750,15.877655,-2.625597,3.672091,-23.812979,26.786427,-22.990412
6.125000,21.778646,-2.627068,-0.616686,-23.843332,23.058825,-23.032326
6.131250,27.677040,-2.629571,-3.556298,-23.785946,19.119766,-23.017372
6.137500,33.575047,-2.633124,-6.409450,-23.639160,15.782373,-22.957937
6.143750,39.476803,-2.637051,-10.369926,-23.402853,11.176414,-22.837959
6.150000,45.387329,-2.640289,-13.321403,-23.104570,6.735530,-22.671913
6.156250,51.303497,-2.642784,-15.306054,-22.771942,2.420455,-22.473433
6.162500,57.218624,-2.645608,-16.339787,-22.428694,-1.734104,-22.256279
6.168750,63.130302,-2.649129,-16.449146,-22.093546,-5.657139,-22.031057
6.175000,69.045761,-2.652359,-15.720184,-21.785683,-9.281096,-21.809586
6.181250,74.968872,-2.654470,-14.289712,-21.520861,-12.535211,-21.607229
6.187500,80.893677,-2.655929,-12.322407,-21.313297,-15.285227,-21.502016
6.193750,86.815758,-2.657394,-10.031867,-21.187103,-17.809748,-21.372494
6.200000,92.736931,-2.658424,-7.609242,-21.122585,-19.897015,-21.305191
6.206250,96.764198,-2.658745,-4.759509,-21.112053,-21.444214,-21.318787
6.212500,100.516685,-2.658859,-1.755638,-21.175264,-22.614622,-21.424034
6.218750,103.458313,-2.659182,1.223414,-21.299999,-23.586153,-21.658644
6.225000,105.098907,-2.659643,3.992752,-21.461254,-22.962259,-21.895668
6.231250,105.014023,-2.660061,6.196314,-21.686472,-23.221361,-22.213144
6.237500,102.863022,-2.660388,7.531216,-21.960657,-23.512678,-22.606733
6.243750,98.409424,-2.660364,7.968095,-22.264919,-23.747747,-23.061792
6.250000,91.532249,-2.659693,9.512868,-22.586630,-23.955893,-23.559111
6.256250,82.228127,-2.659045,10.686371,-22.918287,-24.162346,-24.078966
6.262500,70.614258,-2.656885,10.029860,-23.255602,-24.345856,-24.603634
6.268750,56.911785,-2.657602,9.661447,-23.581278,-24.258818,-25.071783
6.275000,41.511925,-2.657058,9.558445,-23.875969,-23.569191,-25.490093
6.281250,24.817678,-2.655398,9.587959,-24.134928,-22.394407,-25.850021
6.287500,7.308888,-2.654438,9.640885,-24.353588,-20.587202,-26.134584
6.293750,-10.484960,-2.655306,9.665603,-24.522415,-17.898006,-26.326834
6.300000,-28.006161,-2.656788,9.645437,-24.626419,-14.066255,-26.409086
6.306250,-44.713776,-2.657823,9.549287,-24.649420,-8.893705,-26.364441
6.312500,-60.121143,-2.659015,9.322315,-24.573418,-2.292859,-26.176996
6.318750,-73.807053,-2.661401,8.837547,-24.407473,5.570693,-25.902462
6.325000,-85.428017,-2.664666,10.018445,-24.185953,14.311453,-25.547314
6.331250,-94.741394,-2.668068,9.635052,-23.899797,23.701250,-25.101355
6.337500,-101.626366,-2.672033,9.928305,-23.545004,33.495884,-24.604984
6.343750,-106.085945,-2.677001,10.606883,-23.153646,43.262791,-24.097767
6.350000,-108.237946,-2.682291,11.437304,-22.756559,52.433300,-23.613508
6.356250,-108.314545,-2.686805,12.265072,-22.380404,60.407524,-23.180748
6.362500,-106.658524,-2.690555,12.960618,-22.047071,66.608795,-22.810249
6.368750,-103.702652,-2.693973,13.408591,-21.771812,70.527710,-22.443205
6.375000,-99.941048,-2.696817,13.485744,-21.563692,72.300255,-22.243544
6.381250,-95.904556,-2.698942,12.932144,-21.440514,71.592484,-22.161991
6.387500,-89.973984,-2.700716,12.871404,-21.386324,68.269653,-22.200363
6.393750,-84.046303,-2.702250,12.446267,-21.418579,62.643974,-22.311430
6.400000,-78.118980,-2.703003,11.918808,-21.537567,55.120808,-22.414602
6.406250,-72.191681,-2.702730,11.354046,-21.735430,44.064533,-22.643429
6.412500,-66.270149,-2.702498,10.779997,-21.996952,31.890417,-22.937363
6.418750,-60.357716,-2.703178,10.186881,-22.307949,18.419825,-23.261341
6.425000,-54.447739,-2.703927,9.576829,-22.642744,4.130636,-23.583319
6.431250,-48.535816,-2.704059,8.944025,-22.974695,-10.431898,-23.873573
6.437500,-42.625530,-2.704129,8.230242,-23.277149,-24.737127,-24.102688
6.443750,-36.722137,-2.705207,9.543006,-23.519745,-38.293140,-24.236704
6.450000,-30.823111,-2.707169,11.401141,-23.691158,-50.842583,-24.324680
6.456250,-24.921497,-2.709247,12.209156,-23.795424,-62.292397,-24.354303
6.462500,-19.016827,-2.711370,13.963043,-23.827858,-70.669617,-24.284288
6.468750,-13.112139,-2.713842,16.468636,-23.787271,-77.344070,-24.149633
6.475000,-7.204706,-2.716202,19.451416,-23.682123,-81.837112,-23.979677
6.481250,-1.293346,-2.718010,22.586601,-23.537069,-83.933601,-23.801758
6.487500,4.617875,-2.719961,25.571930,-23.380306,-83.527107,-23.633310
6.493750,10.526697,-2.722499,28.252708,-23.214558,-80.494743,-23.452799
6.500000,16.437498,-2.724748,28.622202,-23.047745,-76.814598,-23.262350
6.506250,22.354912,-2.725932,28.048948,-22.893101,-71.059845,-23.088024
6.512500,28.272427,-2.726818,28.007277,-22.776882,-63.730194,-22.961481
6.518750,34.183926,-2.728612,26.446201,-22.726248,-55.596466,-22.875093
6.525000,40.093403,-2.730853,23.535536,-22.735195,-47.373154,-22.820852
6.531250,46.008984,-2.732307,19.456110,-22.795872,-39.667305,-22.794092
6.537500,51.929291,-2.732863,14.369140,-22.899282,-33.022129,-22.791481
6.543750,57.845890,-2.733690,8.471083,-23.034485,-27.906879,-22.812737
6.550000,63.757210,-2.735045,1.997721,-23.186525,-22.864819,-22.834660
6.556250,69.669769,-2.736331,-4.744996,-23.322268,-19.892555,-22.846786
6.562500,75.584961,-2.737250,-11.314523,-23.436443,-18.446527,-22.859306
6.568750,81.499420,-2.738173,-16.639853,-23.562435,-18.158251,-22.870157
6.575000,87.412384,-2.738904,-22.518473,-23.665253,-18.724976,-22.902216
6.581250,93.324814,-2.739359,-26.874250,-23.739202,-19.692875,-22.933470
6.587500,97.339783,-2.740243,-29.738518,-23.787680,-20.534376,-22.964703
6.593750,101.077431,-2.742107,-31.123014,-23.816050,-22.773293,-23.001842
6.600000,104.010132,-2.743908,-31.073986,-23.828823,-24.355242,-23.046947
6.606250,105.650726,-2.744705,-29.667973,-23.826818,-25.386099,-23.098358
6.612500,105.567162,-2.745117,-27.044176,-23.811804,-25.992281,-23.154018
6.618750,103.410667,-2.746476,-23.405758,-23.783306,-26.317139,-23.209770
6.625000,98.945633,-2.748922,-18.997219,-23.741413,-24.603786,-23.262070
6.631250,92.058434,-2.751364,-14.124942,-23.688993,-22.631102,-23.322987
6.637500,82.751785,-2.753562,-6.929146,-23.622801,-20.087978,-23.311237
6.643750,71.140907,-2.756467,-0.936313,-23.523264,-18.796034,-23.281614
6.650000,57.462315,-2.760273,5.635068,-23.385656,-16.787647,-23.235155
6.656250,42.062798,-2.763942,12.257458,-23.214182,-14.465202,-23.162430
6.662500,25.372845,-2.766860,18.478857,-23.003622,-12.193685,-23.051916
6.668750,7.879219,-2.769436,23.884632,-22.743931,-10.382704,-22.897654
6.675000,-9.890155,-2.772248,27.985044,-22.451845,-9.577912,-22.732592
6.681250,-27.387493,-2.775414,32.459019,-22.144548,-8.053160,-22.568087
6.687500,-44.078087,-2.778738,35.694275,-21.832451,-7.457530,-22.412317
6.693750,-59.468300,-2.782289,37.903584,-21.549452,-7.660106,-22.282131
6.700000,-73.128838,-2.785304,39.171165,-21.277163,-8.520029,-22.218695
6.706250,-84.716957,-2.787150,39.395367,-21.023800,-9.706584,-22.190298
6.712500,-94.001427,-2.788176,39.040073,-20.834726,-10.663971,-22.214527
6.718750,-100.865639,-2.789386,38.238159,-20.733032,-11.573906,-22.316265
6.725000,-105.309456,-2.790879,37.058559,-20.726871,-12.102056,-22.487196
6.731250,-107.448463,-2.791839,35.528767,-20.816257,-13.968960,-22.738533
6.737500,-107.518097,-2.791709,33.663479,-20.989201,-15.216948,-23.072714
6.743750,-105.864258,-2.790959,31.425938,-21.250376,-16.111975,-23.454529
6.750000,-102.917885,-2.789978,28.687347,-21.627470,-16.809725,-23.845657
6.756250,-99.170509,-2.788899,26.186306,-21.997831,-17.386927,-24.208652
6.762500,-95.154030,-2.788010,23.867437,-22.404476,-18.055723,-24.542059
6.768750,-89.246857,-2.787364,21.598480,-22.840488,-18.946976,-24.826736
6.775000,-83.341148,-2.786337,19.461012,-23.288145,-17.924994,-25.045485
6.781250,-77.434914,-2.784558,17.483923,-23.727907,-16.427584,-25.187511
6.787500,-71.532562,-2.782740,15.678992,-24.140207,-14.020030,-25.245193
6.793750,-65.638664,-2.781812,14.040571,-24.506924,-10.303470,-25.214466
6.800000,-59.750954,-2.781831,12.550053,-24.812199,-4.931515,-25.093386
6.806250,-53.861980,-2.782038,11.177949,-25.042883,0.205321,-24.881151
6.812500,-47.971508,-2.782649,9.875278,-25.190985,6.694512,-24.557251
6.818750,-42.083023,-2.784388,8.560183,-25.265627,14.426562,-24.201778
6.825000,-36.193325,-2.786819,9.262844,-25.307611,21.869431,-23.810925
6.831250,-30.296415,-2.788820,9.027896,-25.241222,29.759893,-23.421448
6.837500,-24.393417,-2.790596,9.739685,-25.127790,37.311268,-23.081581
6.843750,-18.492739,-2.793451,11.169091,-24.994595,43.836292,-22.809776
6.850000,-12.592643,-2.797431,13.284662,-24.856958,50.487560,-22.604298
6.856250,-6.683486,-2.800826,16.025270,-24.725767,55.310253,-22.495287
6.862500,-0.762886,-2.802700,19.304207,-24.604614,58.493324,-22.490553
6.868750,5.159464,-2.804106,23.040972,-24.484680,60.228218,-22.580164
6.875000,11.075700,-2.806078,27.161366,-24.340561,60.778645,-22.743805
6.881250,16.988806,-2.808355,31.714117,-24.205540,60.462318,-22.928061
6.887500,22.903664,-2.810367,35.140850,-24.101118,59.466846,-23.154598
6.893750,28.820810,-2.812102,38.802269,-24.022287,57.703911,-23.404104
6.900000,34.737061,-2.813580,42.186157,-24.015930,55.920872,-23.627386
6.906250,40.652889,-2.814497,44.811714,-23.977329,54.501804,-23.789078
6.912500,46.567020,-2.815063,47.400410,-23.937643,51.830471,-23.872650
6.918750,52.474186,-2.816296,48.715851,-23.914951,49.788433,-23.870979
6.925000,58.375038,-2.818576,48.778725,-23.891218,48.095249,-23.780123
6.931250,64.276329,-2.821179,47.652740,-23.815512,46.470901,-23.599466
6.937500,70.181732,-2.823698,47.003471,-23.793047,44.568214,-23.353907
6.943750,76.088371,-2.826432,43.884319,-23.771271,43.860809,-23.083437
6.950000,81.995728,-2.829298,40.673748,-23.731594,42.235142,-22.750492
6.956250,87.907990,-2.831339,37.383354,-23.661707,39.843201,-22.389215
6.962500,93.824776,-2.832341,34.020290,-23.557341,37.068249,-22.034952
6.968750,97.842194,-2.833785,30.568499,-23.424637,33.987320,-21.713566
6.975000,101.578751,-2.836633,27.042170,-23.270189,30.610321,-21.442270
6.981250,104.510735,-2.839932,23.516317,-23.095718,26.945965,-21.228134
6.987500,106.153801,-2.842088,20.069536,-22.902195,22.975832,-21.070274
6.993750,106.078560,-2.843053,16.777378,-22.684088,18.654943,-20.951429
7.000000,103.934273,-2.844052,13.713834,-22.423067,13.860082,-20.882059
7.006250,99.480339,-2.845834,10.888603,-22.096483,10.395452,-20.884504
7.012500,92.600494,-2.848225,9.949259,-21.824995,6.927462,-20.936497
7.018750,83.298431,-2.850840,9.657080,-21.593681,3.881028,-21.018658
7.025000,71.697777,-2.853378,9.144608,-21.331102,1.645146,-21.169207
7.031250,58.035152,-2.855566,9.956374,-21.103550,-1.356200,-21.363909
7.037500,42.649784,-2.857591,11.708007,-20.950712,-3.030106,-21.589182
7.043750,25.966944,-2.859905,14.146706,-20.905869,-4.284717,-21.875639
7.050000,8.479394,-2.862473,17.037687,-20.993986,-5.256400,-22.234068
7.056250,-9.275096,-2.864187,20.215698,-21.204731,-6.035141,-22.669100
7.062500,-26.749142,-2.864504,21.610069,-21.533850,-6.711338,-23.190186
7.068750,-43.416340,-2.864057,24.648012,-21.984877,-7.393359,-23.827253
7.075000,-58.790028,-2.863468,27.242268,-22.533031,-7.509078,-24.427361
7.081250,-72.440903,-2.862559,29.312691,-23.090014,-9.569464,-25.048851
7.087500,-84.025490,-2.860668,30.865509,-23.731491,-12.110835,-25.694958
7.093750,-93.308693,-2.858010,30.641972,-24.405897,-13.411184,-26.344627
7.100000,-100.172813,-2.855046,29.447306,-25.065395,-15.211246,-26.968304
7.106250,-104.619392,-2.851935,27.063181,-25.684258,-17.362516,-27.533367
7.112500,-106.770424,-2.849082,23.316677,-26.250692,-19.701107,-28.004978
7.118750,-106.863838,-2.846978,17.974245,-26.709902,-22.030970,-28.341015
7.125000,-105.237885,-2.845614,12.953480,-27.039043,-26.264870,-28.492622
7.131250,-102.315384,-2.844214,7.055145,-27.247316,-30.571177,-28.499886
7.137500,-98.588249,-2.842855,0.681409,-27.345530,-35.031063,-28.352991
7.143750,-94.595406,-2.842784,-5.798451,-27.339176,-39.939232,-28.045591
7.150000,-88.716003,-2.844750,-12.017866,-27.233545,-45.300133,-27.589594
7.156250,-82.836205,-2.847700,-17.656284,-27.035614,-51.021698,-27.008116
7.162500,-76.946426,-2.850245,-22.446537,-26.758089,-56.963928,-26.337238
7.168750,-71.050209,-2.852542,-26.192068,-26.419979,-62.980812,-25.629875
7.175000,-65.155190,-2.855556,-28.744783,-26.042852,-68.971420,-24.901640
7.181250,-59.260071,-2.859082,-30.006706,-25.648756,-75.068428,-24.168211
7.187500,-53.358253,-2.862193,-29.929956,-25.256924,-78.960785,-23.489058
7.193750,-47.449547,-2.864650,-28.509962,-24.868593,-82.109451,-22.906698
7.200000,-41.539200,-2.866990,-27.690947,-24.485159,-83.911018,-22.447371
7.206250,-35.628052,-2.869092,-24.275263,-24.178328,-83.759338,-22.070782
7.212500,-29.713678,-2.870535,-20.062046,-23.929403,-83.048798,-21.821354
7.218750,-23.798346,-2.871681,-15.335565,-23.744286,-80.627060,-21.726406
7.225000,-17.886898,-2.873479,-10.367467,-23.612448,-76.329903,-21.757889
7.231250,-11.976810,-2.875723,-5.444517,-23.520336,-70.591118,-21.893648
7.237500,-6.061838,-2.877342,-0.972142,-23.479166,-63.930206,-22.103762
7.243750,-0.141991,-2.878137,4.841686,-23.485443,-56.890663,-22.340149
7.250000,5.776036,-2.878872,10.469595,-23.519533,-50.038811,-22.523582
7.256250,11.689137,-2.880011,16.174669,-23.570665,-44.709572,-22.771631
7.262500,17.599915,-2.881322,20.262518,-23.644464,-38.848595,-23.002123
7.268750,23.509880,-2.882940,24.571442,-23.737703,-34.121841,-23.156319
7.275000,29.417959,-2.885454,29.069456,-23.784098,-30.591999,-23.232319
7.281250,35.324753,-2.888769,33.268475,-23.805429,-28.300220,-23.235672
7.287500,41.237030,-2.891804,36.786251,-23.795500,-27.077398,-23.168247
7.293750,47.157810,-2.893544,39.526775,-23.729288,-26.682972,-23.035448
7.300000,53.082260,-2.894201,41.588711,-23.634670,-26.885458,-22.852686
7.306250,59.002266,-2.894582,43.253582,-23.519415,-27.450895,-22.641436
7.312500,64.914909,-2.895643,44.466095,-23.374952,-28.144583,-22.425240
7.318750,70.822136,-2.897571,45.428246,-23.212132,-28.810371,-22.220222
7.325000,76.729668,-2.900036,44.576599,-23.032122,-29.407322,-22.033335
7.331250,82.642822,-2.901961,44.045105,-22.819633,-29.827089,-21.890425
7.337500,88.562531,-2.902801,43.536472,-22.602968,-30.013475,-21.813284
7.343750,94.482452,-2.903042,42.797882,-22.405809,-30.068783,-21.806402
7.350000,98.501839,-2.903686,41.737831,-22.239290,-28.245699,-21.845697
7.356250,102.243118,-2.905038,40.309715,-22.106203,-26.245981,-21.941917
7.362500,105.178749,-2.906665,38.464165,-22.004911,-23.315781,-22.113075
7.368750,106.819275,-2.907995,36.149662,-21.926008,-21.454899,-22.324772
7.375000,106.736069,-2.909205,33.302849,-21.859634,-18.987831,-22.544773
7.381250,104.586342,-2.910512,31.954117,-21.803411,-16.116987,-22.741285
7.387500,100.131821,-2.912289,30.489513,-21.790998,-13.137198,-22.908504
7.393750,93.251091,-2.914923,29.099064,-21.792713,-8.272859,-23.046707
7.400000,83.947083,-2.918131,28.009680,-21.798950,-3.040374,-23.137392
7.406250,72.346779,-2.920829,27.593147,-21.829205,0.949768,-23.171877
7.412500,58.688160,-2.922406,27.901543,-21.898224,5.510565,-23.151520
7.418750,43.305626,-2.923622,28.865980,-22.016298,10.271520,-23.083122
7.425000,26.620735,-2.925313,30.348608,-22.192657,14.871446,-22.978430
7.431250,9.128055,-2.927187,32.188595,-22.429457,18.988132,-22.844822
7.437500,-8.634422,-2.928639,34.219353,-22.721771,22.375689,-22.673914
7.443750,-26.120573,-2.929792,38.442558,-23.049446,24.802975,-22.467670
7.450000,-42.800179,-2.930990,41.407612,-23.396011,25.831493,-22.278116
7.456250,-58.180943,-2.931703,44.685913,-23.821611,25.318392,-22.120869
7.462500,-71.830879,-2.931172,48.076763,-24.313822,23.340038,-22.007521
7.468750,-83.413422,-2.929691,51.412613,-24.881847,19.997185,-21.947969
7.475000,-92.697983,-2.928230,54.602917,-25.450687,15.504643,-21.936131
7.481250,-99.563004,-2.926822,57.437054,-26.032070,10.166965,-21.965300
7.487500,-104.002884,-2.924627,57.596432,-26.625223,4.285379,-22.034290
7.493750,-106.139740,-2.921660,56.624569,-27.210342,-1.712171,-22.131554
7.500000,-106.217400,-2.919152,54.012211,-27.746235,-7.217526,-22.245403
7.506250,-104.578659,-2.917571,51.429111,-28.210712,-11.515535,-22.376955
7.512500,-101.644714,-2.916233,46.920048,-28.606972,-14.008865,-22.505682
7.518750,-97.904121,-2.914770,40.783890,-28.905512,-14.157434,-22.611866
7.525000,-93.894737,-2.913944,33.366470,-29.090631,-11.414404,-22.691999
7.531250,-87.997589,-2.914555,24.977627,-29.165134,-7.415532,-22.739180
7.537500,-82.102142,-2.915903,15.986162,-29.142357,-2.133722,-22.725681
7.543750,-76.204109,-2.917321,6.964826,-28.990891,5.722120,-22.666477
7.550000,-70.306000,-2.919423,-1.631852,-28.737383,15.160954,-22.578909
7.556250,-64.410622,-2.922664,-9.534957,-28.415239,25.288956,-22.481697
7.562500,-58.513924,-2.926466,-18.150900,-28.042187,35.232533,-22.397697
7.568750,-52.611279,-2.930106,-25.313080,-27.624603,44.193642,-22.344997
7.575000,-46.702827,-2.933266,-30.917532,-27.205395,51.661034,-22.280567
7.581250,-40.791752,-2.935943,-34.783531,-26.798370,56.860771,-22.240093
7.587500,-34.878872,-2.937901,-37.173401,-26.408329,61.296127,-22.243031
7.593750,-28.965612,-2.939096,-38.272171,-26.045584,63.296326,-22.293108
7.600000,-23.055954,-2.940211,-38.168453,-25.715277,63.229195,-22.382986
7.606250,-17.152020,-2.941863,-36.967148,-25.419029,61.532520,-22.499184
7.612500,-11.250702,-2.943674,-34.810116,-25.152962,58.683846,-22.626055
7.618750,-5.346875,-2.945003,-31.881046,-24.910656,55.133434,-22.765211
7.625000,0.556625,-2.946146,-28.446398,-24.687584,51.271881,-22.941647
7.631250,6.454203,-2.948002,-22.641005,-24.480558,47.505901,-23.113556
7.637500,12.348209,-2.950557,-18.007914,-24.280840,43.707897,-23.238369
7.643750,18.243034,-2.953199,-12.657140,-24.047562,40.610588,-23.339613
7.650000,24.138815,-2.956075,-6.948721,-23.741686,38.246525,-23.422153
7.656250,30.032082,-2.959909,-1.696609,-23.440235,36.404400,-23.500668
7.662500,35.923294,-2.965042,2.503807,-23.135506,34.773117,-23.579201
7.668750,41.818810,-2.970685,7.624866,-22.824162,33.085857,-23.654572
7.675000,47.724583,-2.975726,11.906049,-22.515795,32.919014,-23.733074
7.681250,53.639111,-2.979773,15.492636,-22.229988,32.261261,-23.824564
7.687500,59.556648,-2.983160,18.590828,-21.990189,31.219572,-23.938406
7.693750,65.474823,-2.986121,21.490023,-21.806435,29.875957,-24.086582
7.700000,71.393463,-2.988555,22.699583,-21.668901,28.281958,-24.300751
7.706250,77.313148,-2.990415,24.073565,-21.592155,26.450495,-24.520847
7.712500,83.233047,-2.991623,25.297350,-21.572552,23.504795,-24.719608
7.718750,89.151443,-2.992321,26.151733,-21.594721,22.109039,-24.957792
7.725000,95.069054,-2.992475,26.239460,-21.692701,20.611858,-25.228327
7.731250,99.089760,-2.992134,25.314268,-21.846836,19.304808,-25.507811
7.737500,102.832138,-2.991890,23.361736,-22.027962,18.316710,-25.765846
7.743750,105.761742,-2.992526,22.380901,-22.209852,17.729221,-25.960642
7.750000,107.388756,-2.994127,20.808403,-22.373148,17.526421,-26.057617
7.756250,107.291901,-2.996069,18.931520,-22.506159,17.365007,-26.095892
7.762500,105.133347,-2.997988,16.965126,-22.610489,17.235443,-26.046091
7.768750,100.672394,-3.000367,15.101936,-22.682558,17.169313,-25.896788
7.775000,93.785278,-3.003891,13.586101,-22.718929,17.032148,-25.649967
7.781250,84.475388,-3.008264,12.570291,-22.727730,16.679800,-25.321684
7.787500,72.871078,-3.012302,12.111831,-22.722057,15.995625,-24.936602
7.793750,59.211857,-3.015467,12.233191,-22.715214,14.941201,-24.520510
7.800000,43.831947,-3.018123,12.922478,-22.717846,13.619486,-24.061195
7.806250,27.154938,-3.020510,14.158454,-22.731518,12.169090,-23.549704
7.812500,9.675165,-3.022144,13.982905,-22.756855,10.648393,-23.046379
7.818750,-8.073826,-3.022665,15.992958,-22.808058,7.992178,-22.616661
7.825000,-25.550226,-3.022659,18.071804,-22.913431,5.776018,-22.253437
7.831250,-42.224380,-3.022554,20.014994,-23.096052,3.945557,-21.961584
7.837500,-57.600967,-3.021815,21.748838,-23.388437,2.581809,-21.739199
7.843750,-71.250221,-3.019756,23.196934,-23.725403,1.839668,-21.588434
7.850000,-82.836830,-3.017242,24.899260,-24.100039,1.808974,-21.519175
7.856250,-92.130333,-3.015398,26.058321,-24.530319,0.421131,-21.528549
7.862500,-99.005753,-3.014117,26.732246,-25.001204,-0.804786,-21.605202
7.868750,-103.455002,-3.012245,25.082989,-25.482704,-2.184647,-21.732634
7.875000,-105.598808,-3.009466,22.738285,-25.951370,-3.973576,-21.884850
7.881250,-105.681969,-3.006755,21.223156,-26.406000,-6.360712,-22.007547
7.887500,-104.048500,-3.004690,18.750700,-26.820421,-9.448975,-22.138639
7.893750,-101.120323,-3.002828,15.515369,-27.175772,-12.261377,-22.280346
7.900000,-97.387558,-3.001116,11.715418,-27.442337,-15.177099,-22.371897
7.906250,-93.386597,-3.000395,7.634056,-27.595106,-18.066324,-22.422091
7.912500,-87.495667,-3.000977,3.396641,-27.642780,-20.646082,-22.442122
7.918750,-81.601860,-3.000977,-0.795089,-27.642780,-22.518721,-22.442122
7.925000,-81.601860,-3.000977,-0.795089,-27.642780,-22.518721,-22.442122
7.931250,-81.601860,-3.000977,-0.795089,-27.642780,-22.518721,-22.442122
7.937500,-81.601860,-3.000977,-0.795089,-27.642780,-22.518721,-22.442122
7.943750,-81.601860,-3.000977,-0.795089,-27.642780,-22.518721,-22.442122
7.950000,-81.601860,-3.000977,-0.795089,-27.642780,-22.518721,-22.442122
7.956250,-81.601860,-3.000977,-0.795089,-27.642780,-22.518721,-22.442122
7.962500,-81.601860,-3.000977,-0.795089,-27.642780,-22.518721,-22.442122
7.968750,-81.601860,-3.000977,-0.795089,-27.642780,-22.518721,-22.442122
7.975000,-81.601860,-3.000977,-0.795089,-27.642780,-22.518721,-22.442122
7.981250,-81.601860,-3.000977,-0.795089,-27.642780,-22.518721,-22.442122
7.987500,-81.601860,-3.000977,-0.795089,-27.642780,-22.518721,-22.442122
7.993750,-81.601860,-3.000977,-0.795089,-27.642780,-22.518721,-22.442122
8.000000,-81.601860,-3.000977,-0.795089,-27.642780,-22.518721,-22.442122
