Anritsu VNA Frequency[GHz],S21[deg],S21[dB],S11[deg],S11[dB],S22[deg],S22[dB]
1338090007.19,2012_05_27_04:40:07,+40.603,+10.265,+54.977,+10.275,+13.920,+13.730,+14.025,+13.776,10.377262,-16.387
3.006250,33.174656,-1.747873,58.504036,-26.677523,-81.158806,-27.451580
3.012500,33.174656,-1.747873,58.504036,-26.677523,-81.158806,-27.451580
3.018750,33.174656,-1.747873,58.504036,-26.677523,-81.158806,-27.451580
3.025000,33.174656,-1.747873,58.504036,-26.677523,-81.158806,-27.451580
3.031250,33.174656,-1.747873,58.504036,-26.677523,-81.158806,-27.451580
3.037500,33.174656,-1.747873,58.504036,-26.677523,-81.158806,-27.451580
3.043750,33.174656,-1.747873,58.504036,-26.677523,-81.158806,-27.451580
3.050000,33.174656,-1.747873,58.504036,-26.677523,-81.158806,-27.451580
3.056250,33.174656,-1.747873,58.504036,-26.677523,-81.158806,-27.451580
3.062500,33.174656,-1.747873,58.504036,-26.677523,-81.158806,-27.451580
3.068750,33.174656,-1.747873,58.504036,-26.677523,-81.158806,-27.451580
3.075000,33.174656,-1.747873,58.504036,-26.677523,-81.158806,-27.451580
3.081250,33.174656,-1.747873,58.504036,-26.677523,-81.158806,-27.451580
3.087500,33.174656,-1.747873,58.504036,-26.677523,-81.158806,-27.451580
3.093750,33.174656,-1.749726,58.504036,-26.478735,-81.158806,-27.198139
3.100000,39.079288,-1.751929,55.841522,-26.331551,-83.110855,-26.962065
3.106250,44.984261,-1.754110,52.303017,-26.257000,-83.461899,-26.745771
3.112500,50.889984,-1.756312,48.241608,-26.274895,-81.854080,-26.521013
3.118750,56.795013,-1.758734,42.258331,-26.322922,-80.129128,-26.215591
3.125000,62.698971,-1.761263,37.472157,-26.371674,-76.037750,-25.951979
3.131250,68.602806,-1.763870,33.103546,-26.447290,-69.872284,-25.660990
3.137500,74.505615,-1.766791,29.406559,-26.550501,-61.989483,-25.333963
3.143750,80.406845,-1.770215,26.586897,-26.671930,-52.573032,-24.979473
3.150000,86.308937,-1.773882,24.819920,-26.796631,-41.778519,-24.609806
3.156250,92.214256,-1.777310,24.229658,-26.910496,-29.775579,-24.243420
3.162500,96.226967,-1.780420,24.880852,-27.000267,-16.762777,-23.903788
3.168750,99.966072,-1.783623,26.793749,-27.059141,-2.950358,-23.640841
3.175000,102.898781,-1.787072,30.013767,-27.065302,9.603271,-23.396166
3.181250,104.534447,-1.790613,32.783230,-27.006449,22.933561,-23.175079
3.187500,104.447617,-1.793968,36.561111,-26.899487,35.717010,-23.008278
3.193750,102.297218,-1.797099,40.647301,-26.757393,47.456539,-22.912182
3.200000,97.845467,-1.799855,44.472424,-26.588118,57.746365,-22.889755
3.206250,90.970970,-1.802303,47.555466,-26.402657,66.195175,-22.940384
3.212500,81.671799,-1.804574,49.479847,-26.215137,72.487335,-23.072878
3.218750,70.068245,-1.807082,49.932266,-26.035995,76.400932,-23.268818
3.225000,56.399002,-1.809479,50.912247,-25.859528,77.559822,-23.473885
3.231250,41.006695,-1.811368,50.957230,-25.685717,76.135208,-23.696461
3.237500,24.316853,-1.812961,48.575993,-25.514366,74.132355,-23.928322
3.243750,6.817337,-1.814850,45.880531,-25.321030,69.966324,-24.146664
3.250000,-10.958994,-1.817337,42.737793,-25.148399,64.239059,-24.332815
3.256250,-28.461748,-1.819982,38.791893,-25.007843,57.507580,-24.485577
3.262500,-45.156013,-1.822265,34.281910,-24.882336,50.401077,-24.593887
3.268750,-60.551418,-1.824186,29.153730,-24.768032,43.615479,-24.649115
3.275000,-74.223541,-1.826237,23.281799,-24.664272,37.735912,-24.651297
3.281250,-85.832901,-1.828665,16.556774,-24.561962,33.269192,-24.607904
3.287500,-95.140419,-1.831458,8.887777,-24.447861,30.596935,-24.533447
3.293750,-102.022369,-1.834346,0.237430,-24.282988,29.976980,-24.426834
3.300000,-106.478241,-1.837100,-7.216479,-24.115280,31.577183,-24.290079
3.306250,-108.629250,-1.839581,-15.890343,-23.980064,35.370155,-24.149874
3.312500,-108.712868,-1.841837,-24.566307,-23.858820,41.176857,-24.037958
3.318750,-107.070915,-1.843942,-32.952774,-23.758972,48.732475,-23.974867
3.325000,-104.130539,-1.845922,-40.785221,-23.698570,57.697792,-23.970808
3.331250,-100.383156,-1.847541,-47.806221,-23.702330,67.641190,-24.028625
3.337500,-96.362183,-1.848763,-53.834705,-23.831041,78.045654,-24.146729
3.343750,-90.446083,-1.849638,-58.873291,-23.994814,88.371696,-24.310572
3.350000,-84.530113,-1.850189,-63.309002,-24.216251,98.114601,-24.463493
3.356250,-78.614746,-1.850426,-66.747368,-24.540684,106.991806,-24.661030
3.362500,-72.701355,-1.850518,-67.470245,-24.989510,114.056503,-24.909075
3.368750,-66.789734,-1.850348,-67.121750,-25.544407,119.394318,-25.197233
3.375000,-60.878227,-1.849599,-65.579720,-26.178326,122.541016,-25.571682
3.381250,-54.968864,-1.848493,-62.858353,-26.857389,123.256317,-25.904621
3.387500,-49.065647,-1.847738,-59.053394,-27.543278,122.037636,-26.225100
3.393750,-43.168507,-1.847824,-54.324589,-28.191418,118.232216,-26.525331
3.400000,-37.273735,-1.848235,-48.890614,-28.759258,112.278450,-26.798548
3.406250,-31.377903,-1.848444,-43.087307,-29.225851,105.058517,-27.075405
3.412500,-25.482492,-1.848792,-37.241791,-29.566357,97.119476,-27.321857
3.418750,-19.592207,-1.850027,-29.418402,-29.759289,86.998260,-27.516993
3.425000,-13.705005,-1.852231,-23.156872,-29.800312,76.897133,-27.654613
3.431250,-7.815071,-1.854539,-16.605206,-29.705620,67.182190,-27.740656
3.437500,-1.920946,-1.856718,-10.016621,-29.458393,58.265045,-27.778755
3.443750,3.972395,-1.859542,-3.415186,-29.057482,50.815971,-27.717484
3.450000,9.864321,-1.863325,2.679515,-28.548304,43.124504,-27.585627
3.456250,15.760087,-1.867236,8.105042,-27.969223,37.008064,-27.396717
3.462500,21.664377,-1.870490,12.858896,-27.363636,32.238571,-27.152727
3.468750,27.573734,-1.873120,17.023933,-26.777897,28.592363,-26.850204
3.475000,33.483379,-1.875513,20.710644,-26.277063,25.820677,-26.506178
3.481250,39.392586,-1.877769,24.173622,-25.814030,23.635891,-26.135197
3.487500,45.301582,-1.880042,26.144875,-25.417940,21.803953,-25.731117
3.493750,51.209045,-1.882716,28.013508,-25.124578,20.008427,-25.301558
3.500000,57.115955,-1.885850,29.604631,-24.939289,17.933462,-24.858332
3.506250,63.026066,-1.888676,30.810461,-24.846989,15.348094,-24.411930
3.512500,68.940613,-1.890706,31.541389,-24.814390,12.070189,-23.971609
3.518750,74.855515,-1.892562,31.769640,-24.755583,7.965946,-23.542223
3.525000,80.764343,-1.895318,31.653885,-24.737291,2.923900,-23.129934
3.531250,86.668976,-1.899126,31.770212,-24.724068,-3.182338,-22.749397
3.537500,92.576248,-1.903237,31.767927,-24.677990,-8.298396,-22.417213
3.543750,96.594482,-1.907086,31.889782,-24.589964,-13.890486,-22.129383
3.550000,100.342216,-1.911047,32.480263,-24.431839,-19.677826,-21.848785
3.556250,103.282883,-1.915791,31.980528,-24.205782,-25.178101,-21.521536
3.562500,104.928726,-1.920818,32.097004,-23.941263,-30.124041,-21.280798
3.568750,104.858795,-1.925084,32.489964,-23.665064,-33.269684,-21.110983
3.575000,102.732040,-1.927970,32.881187,-23.403574,-35.639030,-21.013504
3.581250,98.305840,-1.929814,32.991405,-23.191916,-36.963024,-21.001671
3.587500,91.453812,-1.931307,32.556725,-23.066267,-37.264179,-21.035225
3.593750,82.176102,-1.932391,31.469616,-23.015390,-36.405014,-21.137028
3.600000,70.598503,-1.932438,29.676809,-23.051405,-34.237179,-21.321716
3.606250,56.958435,-1.931127,29.021769,-23.188999,-30.917980,-21.583282
3.612500,41.591156,-1.928988,28.044090,-23.413027,-26.723854,-21.895308
3.618750,24.920382,-1.926471,27.147833,-23.741171,-22.051016,-22.233137
3.625000,7.440424,-1.923278,26.443920,-24.183359,-17.683008,-22.638432
3.631250,-10.314889,-1.919239,26.542585,-24.702141,-11.812045,-23.073751
3.637500,-27.802340,-1.914880,27.751898,-25.262690,-6.159586,-23.510384
3.643750,-44.493561,-1.910896,30.210236,-25.828022,-0.756085,-23.928843
3.650000,-59.894955,-1.907564,32.053669,-26.353046,4.310716,-24.312000
3.656250,-73.576553,-1.904800,34.842094,-26.762907,8.957059,-24.642921
3.662500,-85.196472,-1.902725,37.753448,-27.102156,13.090364,-24.916500
3.668750,-94.517632,-1.901583,41.711914,-27.349691,16.567787,-25.139172
3.675000,-101.415802,-1.901040,45.037254,-27.477415,19.301361,-25.309603
3.681250,-105.888763,-1.900611,47.462605,-27.482182,21.234697,-25.426210
3.687500,-108.059921,-1.900646,48.749229,-27.377045,22.291077,-25.492256
3.693750,-108.169693,-1.901961,48.749683,-27.188368,22.417904,-25.516665
3.700000,-106.556694,-1.904356,47.466270,-26.921461,21.621002,-25.509869
3.706250,-103.641350,-1.906961,45.060722,-26.594133,20.031921,-25.464907
3.712500,-99.914444,-1.909345,41.511429,-26.245609,17.864969,-25.375603
3.718750,-95.914055,-1.912028,35.113144,-25.902838,15.270971,-25.246881
3.725000,-90.020538,-1.915327,27.789639,-25.581610,12.579240,-25.094940
3.731250,-84.124977,-1.918753,19.265282,-25.327282,10.399910,-24.958481
3.737500,-78.224236,-1.921644,11.478604,-25.162296,9.139898,-24.849770
3.743750,-72.321320,-1.924323,3.176773,-25.072227,9.214417,-24.790359
3.750000,-66.420029,-1.927050,-5.088759,-25.045235,9.222181,-24.696087
3.756250,-60.519901,-1.929768,-12.923408,-25.077360,9.139431,-24.587137
3.762500,-54.618736,-1.932274,-19.908684,-25.146997,10.295321,-24.463926
3.768750,-48.717754,-1.934768,-25.601463,-25.218229,12.437253,-24.375778
3.775000,-42.818336,-1.937578,-29.771168,-25.302889,15.097981,-24.311501
3.781250,-36.919212,-1.940386,-32.318790,-25.388157,17.682129,-24.255161
3.787500,-31.018789,-1.942915,-32.889175,-25.452868,19.826773,-24.200191
3.793750,-25.118208,-1.945534,-31.393723,-25.510759,21.224619,-24.150171
3.800000,-19.219646,-1.948548,-27.859421,-25.509384,21.681801,-24.096743
3.806250,-13.321699,-1.951854,-23.447231,-25.420757,21.213736,-24.004351
3.812500,-7.421836,-1.955306,-17.518604,-25.285515,19.676947,-23.881472
3.818750,-1.521510,-1.959112,-10.660867,-25.120682,16.959267,-23.738789
3.825000,4.379818,-1.963227,-3.476801,-24.940304,13.196163,-23.582766
3.831250,10.285161,-1.966977,5.601487,-24.759026,8.657048,-23.424114
3.837500,16.194420,-1.970134,14.656219,-24.591068,3.660736,-23.300259
3.843750,22.103062,-1.973470,23.731222,-24.431913,-1.449974,-23.164204
3.850000,28.009228,-1.977305,31.019682,-24.275675,-7.372496,-22.999706
3.856250,33.916321,-1.980929,38.079430,-24.132101,-12.906569,-22.845694
3.862500,39.827602,-1.983817,44.373920,-23.999470,-18.032824,-22.717926
3.868750,45.738056,-1.986638,49.469429,-23.864923,-22.737299,-22.597319
3.875000,51.641537,-1.990547,52.959545,-23.706251,-27.032808,-22.481379
3.881250,57.541031,-1.995665,54.429272,-23.528883,-30.997068,-22.354450
3.887500,63.443962,-2.000931,53.432804,-23.334890,-34.812939,-22.221384
3.893750,69.353050,-2.005751,49.891792,-23.106043,-38.735943,-22.086786
3.900000,75.263443,-2.010838,45.893875,-22.832300,-42.897778,-21.943304
3.906250,81.170692,-2.017036,40.029282,-22.513334,-45.600746,-21.789022
3.912500,87.078018,-2.024207,32.834373,-22.150993,-48.713516,-21.619558
3.918750,92.991608,-2.031813,24.859205,-21.752337,-51.946430,-21.421608
3.925000,97.019012,-2.039196,16.569742,-21.344452,-55.056484,-21.168621
3.931250,100.781403,-2.046185,8.420238,-20.952435,-58.113533,-20.949499
3.937500,103.744743,-2.052735,0.965876,-20.596287,-58.910240,-20.761082
3.943750,105.416473,-2.058604,-5.347082,-20.299202,-58.526443,-20.611084
3.950000,105.370598,-2.063312,-10.181508,-20.082895,-56.495647,-20.513449
3.956250,103.266052,-2.066311,-13.310764,-19.965782,-52.463066,-20.483562
3.962500,98.863068,-2.067609,-14.591944,-19.957624,-46.179409,-20.533606
3.968750,92.036324,-2.067437,-13.956609,-20.056202,-37.503166,-20.672117
3.975000,82.782814,-2.065945,-13.312696,-20.228966,-26.440094,-20.909920
3.981250,71.223785,-2.063127,-11.122851,-20.523796,-13.157078,-21.268972
3.987500,57.594692,-2.059191,-6.786387,-20.925621,0.748357,-21.673220
3.993750,42.233501,-2.054419,-1.508209,-21.391369,15.916757,-22.179863
4.000000,25.567009,-2.048987,4.055381,-21.916405,31.549416,-22.795303
4.006250,8.087650,-2.042888,9.559835,-22.484562,46.788017,-23.550434
4.012500,-9.674451,-2.036658,14.733599,-23.068510,60.551418,-24.302496
4.018750,-27.175083,-2.031166,19.329338,-23.635256,73.525902,-25.027555
4.025000,-43.880352,-2.026551,23.059582,-24.168926,83.759827,-25.764021
4.031250,-59.293709,-2.022433,27.787956,-24.659752,92.157898,-26.514215
4.037500,-72.985893,-2.018861,30.146034,-25.086107,97.844139,-27.224684
4.043750,-84.619583,-2.016645,32.176468,-25.435635,101.102737,-27.866291
4.050000,-93.956215,-2.015765,33.732536,-25.707541,102.330643,-28.422424
4.056250,-100.867523,-2.015258,34.749081,-25.892254,102.054573,-28.883711
4.062500,-105.351151,-2.014587,35.299580,-25.971899,99.077545,-29.217363
4.068750,-107.535248,-2.014716,35.337891,-25.963585,95.799271,-29.409542
4.075000,-107.661629,-2.016817,34.878437,-25.884377,92.278305,-29.468164
4.081250,-106.064102,-2.020210,34.103874,-25.748074,88.744865,-29.397495
4.087500,-103.160042,-2.023400,33.268711,-25.563404,83.360344,-29.198736
4.093750,-99.441765,-2.025976,32.674660,-25.338833,77.853943,-28.877420
4.100000,-95.450966,-2.028820,30.739130,-25.089443,72.083717,-28.454901
4.106250,-89.569778,-2.032549,29.461695,-24.820724,65.951271,-27.969212
4.112500,-83.688515,-2.036827,28.747572,-24.524342,59.546413,-27.378445
4.118750,-77.804092,-2.041372,28.335018,-24.217152,53.030769,-26.718132
4.125000,-71.918175,-2.046492,27.930853,-23.914631,46.145348,-26.028784
4.131250,-66.030716,-2.052243,27.362385,-23.626095,39.039932,-25.340212
4.137500,-60.138718,-2.058008,26.514286,-23.355244,31.912712,-24.675119
4.143750,-54.240391,-2.063448,25.301323,-23.101065,24.977610,-24.050848
4.150000,-48.339180,-2.068911,23.636219,-22.862654,18.422310,-23.479845
4.156250,-42.437744,-2.074703,23.615528,-22.636307,12.420131,-22.962107
4.162500,-36.534935,-2.080854,23.828060,-22.409891,7.119160,-22.517962
4.168750,-30.628599,-2.087111,22.867662,-22.173809,4.215547,-22.139355
4.175000,-24.718290,-2.093459,22.577450,-21.946413,1.150398,-21.829088
4.181250,-18.803982,-2.099686,22.776527,-21.732807,-0.361700,-21.580692
4.187500,-12.885260,-2.105602,23.261587,-21.537382,-0.443021,-21.334415
4.193750,-6.961887,-2.111120,23.815247,-21.366068,0.968158,-21.199781
4.200000,-1.034756,-2.116043,24.205751,-21.226080,1.951926,-21.149044
4.206250,4.895785,-2.120039,24.216284,-21.124983,3.182407,-21.160074
4.212500,10.828848,-2.122917,23.681589,-21.059523,5.694981,-21.189537
4.218750,16.760626,-2.125088,24.667290,-21.018784,7.256248,-21.242657
4.225000,22.688463,-2.126925,23.762051,-20.998438,7.858766,-21.319143
4.231250,28.612432,-2.128691,22.947538,-20.987009,7.355863,-21.405083
4.237500,34.533958,-2.130191,22.013065,-20.984255,5.578567,-21.477613
4.243750,40.453014,-2.131411,20.628279,-21.006342,4.442019,-21.546196
4.250000,46.370625,-2.132252,18.627254,-21.038467,2.328786,-21.610058
4.256250,52.286026,-2.132677,15.867036,-21.063263,-0.236583,-21.652697
4.262500,58.197083,-2.133186,12.113997,-21.065960,-2.841644,-21.663010
4.268750,64.100655,-2.134502,7.168782,-21.035912,-5.129115,-21.630388
4.275000,69.997566,-2.137002,0.852049,-20.966021,-6.786318,-21.548380
4.281250,75.893883,-2.140067,-4.830743,-20.843849,-7.539340,-21.404396
4.287500,81.792320,-2.143586,-11.410147,-20.666868,-7.188721,-21.170212
4.293750,87.689957,-2.148234,-18.628008,-20.458258,-5.836398,-20.915920
4.300000,93.587181,-2.154317,-26.113314,-20.219625,-3.745902,-20.643919
4.306250,97.596581,-2.160593,-33.424160,-19.954355,-0.725552,-20.351557
4.312500,101.344582,-2.165965,-40.241913,-19.673365,3.019307,-20.048609
4.318750,104.293770,-2.170912,-46.293621,-19.391102,7.224599,-19.748680
4.325000,105.944176,-2.176390,-51.378094,-19.129116,11.586967,-19.469477
4.331250,105.870872,-2.182214,-55.347336,-18.910774,15.796004,-19.225504
4.337500,103.740532,-2.187398,-58.101379,-18.786049,19.581341,-19.019329
4.343750,99.316826,-2.191389,-59.657341,-18.657444,22.721056,-18.793299
4.350000,92.473557,-2.194451,-59.019329,-18.602634,24.732698,-18.672710
4.356250,83.208351,-2.196434,-57.077923,-18.655878,27.290636,-18.636909
4.362500,71.643585,-2.196863,-53.630116,-18.816074,29.155209,-18.696604
4.368750,58.013744,-2.196085,-48.764061,-19.074860,30.675888,-18.878548
4.375000,42.653217,-2.194917,-42.684711,-19.418644,32.093716,-19.121672
4.381250,25.989220,-2.193276,-35.666435,-19.826033,33.466106,-19.409245
4.387500,8.518535,-2.190464,-28.033434,-20.270401,35.599018,-19.748405
4.393750,-9.228152,-2.186787,-20.200565,-20.735367,36.808357,-20.167105
4.400000,-26.711485,-2.183475,-12.629532,-21.208281,38.652641,-20.640749
4.406250,-43.398251,-2.180649,-3.523582,-21.671219,40.714367,-21.143297
4.412500,-58.790291,-2.177395,3.530940,-22.110678,42.701920,-21.655895
4.418750,-72.459900,-2.173861,10.376984,-22.520403,44.402317,-22.165270
4.425000,-84.071716,-2.171044,16.843115,-22.838943,45.733059,-22.622807
4.431250,-93.389526,-2.169285,22.753584,-23.065920,46.701260,-23.001785
4.437500,-100.285683,-2.167855,27.719826,-23.213207,47.077663,-23.298182
4.443750,-104.758194,-2.166661,31.696053,-23.288458,46.863361,-23.505028
4.450000,-106.933044,-2.166521,34.749016,-23.293539,46.187874,-23.615349
4.456250,-107.047829,-2.167889,37.007572,-23.233345,45.220600,-23.627651
4.462500,-105.437149,-2.169982,38.674294,-23.118046,44.143257,-23.548170
4.468750,-102.523819,-2.172344,40.037544,-22.967421,43.178967,-23.399199
4.475000,-98.803200,-2.175522,39.582146,-22.780109,42.626617,-23.165291
4.481250,-94.809647,-2.179459,39.477764,-22.549522,41.210564,-22.834597
4.487500,-88.916069,-2.183378,39.382790,-22.308027,40.457569,-22.453201
4.493750,-83.017334,-2.187011,39.109417,-22.077286,40.071095,-22.050688
4.500000,-77.119743,-2.191513,38.589447,-21.868425,39.833447,-21.648359
4.506250,-71.225403,-2.197604,37.799351,-21.681845,39.534615,-21.260824
4.512500,-65.325836,-2.204110,36.732838,-21.504509,38.954006,-20.897600
4.518750,-59.413395,-2.209486,35.388100,-21.278374,37.843601,-20.568386
4.525000,-53.492687,-2.213949,33.788956,-21.097507,35.883221,-20.309700
4.531250,-47.573158,-2.218702,33.024261,-20.964323,32.618778,-20.106844
4.537500,-41.655575,-2.224074,32.592697,-20.834351,29.421200,-19.939693
4.543750,-35.732262,-2.229240,31.084818,-20.697886,24.786518,-19.818888
4.550000,-29.800514,-2.233423,30.213831,-20.581974,19.037231,-19.719976
4.556250,-23.863508,-2.236713,29.695597,-20.508968,12.583293,-19.704157
4.562500,-17.924990,-2.239478,29.315456,-20.498016,6.129438,-19.787020
4.568750,-11.985433,-2.241755,28.847996,-20.574804,-0.351931,-19.965380
4.575000,-6.043141,-2.243245,28.065992,-20.798100,-6.680283,-20.186075
4.581250,-0.097277,-2.243516,26.788385,-21.083481,-12.519427,-20.461813
4.587500,5.849466,-2.242474,23.737955,-21.454014,-17.373226,-20.804375
4.593750,11.794469,-2.240490,21.795294,-21.928362,-21.056362,-21.206545
4.600000,17.735672,-2.237707,19.088785,-22.510666,-23.520998,-21.647524
4.606250,23.673384,-2.233845,15.491056,-23.260582,-24.910810,-22.139082
4.612500,29.606440,-2.229023,11.902537,-24.048660,-25.491201,-22.671024
4.618750,35.529812,-2.224265,7.722401,-24.906893,-25.331816,-23.221266
4.625000,41.440891,-2.220243,3.271691,-25.814632,-24.708683,-23.774393
4.631250,47.346241,-2.216366,-1.160412,-26.738693,-23.945957,-24.316746
4.637500,53.250153,-2.211614,-5.311276,-27.636395,-23.403090,-24.831236
4.643750,59.149200,-2.206610,-8.933293,-28.455387,-23.445511,-25.282297
4.650000,65.034386,-2.202895,-13.718127,-29.135208,-24.422319,-25.622328
4.656250,70.905167,-2.201284,-15.801712,-29.648792,-26.716373,-25.860004
4.662500,76.770058,-2.201230,-17.232719,-29.988752,-28.901182,-26.015732
4.668750,82.633980,-2.202484,-17.874599,-30.125277,-32.355495,-26.063272
4.675000,88.497398,-2.205247,-17.752129,-30.046436,-36.847099,-25.994745
4.681250,94.361198,-2.209391,-16.993731,-29.755322,-42.170856,-25.811146
4.687500,98.334793,-2.214247,-15.801441,-29.276220,-48.105732,-25.523851
4.693750,102.038849,-2.220051,-14.418390,-28.647747,-54.382988,-25.144541
4.700000,104.936806,-2.227869,-13.138165,-27.897934,-60.659668,-24.675209
4.706250,106.540031,-2.237361,-12.454276,-27.029716,-66.570366,-24.108410
4.712500,106.432640,-2.246736,-12.605169,-26.084890,-71.671356,-23.499361
4.718750,104.277351,-2.254820,-13.939848,-25.140579,-77.375893,-22.902815
4.725000,99.827576,-2.262315,-14.889562,-24.256268,-82.214455,-22.339161
4.731250,92.954422,-2.270050,-16.994024,-23.454334,-86.335793,-21.843739
4.737500,83.662125,-2.277308,-20.005621,-22.753149,-89.966660,-21.379871
4.743750,72.077896,-2.282993,-23.707664,-22.165510,-93.378914,-20.955631
4.750000,58.433788,-2.287436,-27.847895,-21.687752,-94.504883,-20.578852
4.756250,43.062710,-2.291464,-32.128368,-21.261562,-94.890007,-20.307638
4.762500,26.392065,-2.294905,-36.269329,-20.970747,-94.094032,-20.134029
4.768750,8.919219,-2.297171,-38.729233,-20.792225,-91.962357,-20.038473
4.775000,-8.826044,-2.298346,-39.942356,-20.688978,-88.196548,-20.008196
4.781250,-26.302816,-2.299117,-39.312588,-20.623646,-82.548332,-20.042152
4.787500,-42.980343,-2.299918,-38.173000,-20.534184,-74.812019,-20.113400
4.793750,-58.364597,-2.300789,-35.348354,-20.482632,-66.493523,-20.175417
4.800000,-72.027107,-2.301903,-30.538076,-20.428528,-56.288788,-20.243574
4.806250,-83.625977,-2.303149,-24.368746,-20.365473,-44.837517,-20.310760
4.812500,-92.923676,-2.304361,-17.395411,-20.291479,-32.738724,-20.363811
4.818750,-99.798500,-2.305882,-10.174532,-20.206474,-20.579517,-20.389400
4.825000,-104.252983,-2.308409,-3.270066,-20.117182,-8.908954,-20.393349
4.831250,-106.405563,-2.311592,4.930626,-20.040186,1.749655,-20.399364
4.837500,-106.486389,-2.313999,12.604539,-19.987411,10.985664,-20.381968
4.843750,-104.835808,-2.315328,18.126976,-19.925428,18.891125,-20.309656
4.850000,-101.890648,-2.316967,23.239382,-19.873491,24.856600,-20.219257
4.856250,-98.148285,-2.320148,27.440117,-19.846304,28.851627,-20.125484
4.862500,-94.133392,-2.323908,30.466595,-19.847843,31.033781,-20.036182
4.868750,-88.214745,-2.326741,32.185711,-19.864443,31.673111,-19.948851
4.875000,-82.289787,-2.328696,32.550587,-19.873322,31.087875,-19.862642
4.881250,-76.367561,-2.330764,31.627243,-19.866638,29.582832,-19.783691
4.887500,-70.449516,-2.333389,29.793810,-19.867477,27.497257,-19.715916
4.893750,-64.531868,-2.336186,27.211779,-19.866508,25.194685,-19.662216
4.900000,-58.612595,-2.339013,24.049219,-19.863913,23.015028,-19.619640
4.906250,-52.692112,-2.341934,20.597534,-19.857422,21.276690,-19.575399
4.912500,-46.769512,-2.344667,17.045691,-19.831820,20.261026,-19.506113
4.918750,-40.844234,-2.347130,13.735905,-19.805769,20.426893,-19.458950
4.925000,-34.919155,-2.349881,11.024395,-19.801920,22.254786,-19.441229
4.931250,-28.993067,-2.352710,9.087642,-19.835762,23.513994,-19.450453
4.937500,-23.061707,-2.354699,8.037470,-19.917568,25.719751,-19.490570
4.943750,-17.122515,-2.355147,7.913161,-20.053345,28.516619,-19.569441
4.950000,-11.183846,-2.354845,8.721216,-20.241129,31.549376,-19.692707
4.956250,-5.251206,-2.354760,10.422213,-20.472685,34.476994,-19.870926
4.962500,0.678990,-2.354330,11.026421,-20.727308,36.934734,-20.154099
4.968750,6.611971,-2.352821,14.171277,-20.997530,37.722580,-20.365038
4.975000,12.543463,-2.350929,17.529913,-21.303734,38.834755,-20.647356
4.981250,18.468729,-2.349102,21.028578,-21.621155,38.655708,-20.991552
4.987500,24.391605,-2.346744,24.467129,-21.939037,37.215157,-21.386190
4.993750,30.315731,-2.343140,27.581034,-22.250757,34.455601,-21.823336
5.000000,36.234322,-2.339322,30.164307,-22.544659,30.348148,-22.291510
5.006250,42.139614,-2.336666,32.063007,-22.804113,26.778753,-22.769056
5.012500,48.035984,-2.335036,33.154099,-23.004332,22.041706,-23.187979
5.018750,53.932915,-2.333333,33.337154,-23.121180,16.621336,-23.546185
5.025000,59.830681,-2.331470,32.608761,-23.194862,10.658271,-23.879641
5.031250,65.723663,-2.330164,31.149981,-23.221292,4.952122,-24.158073
5.037500,71.610977,-2.329530,29.097713,-23.204628,-0.119003,-24.367353
5.043750,77.496536,-2.329276,26.428400,-23.190460,-4.302272,-24.502876
5.050000,83.379349,-2.329990,23.094831,-23.131802,-7.369965,-24.558825
5.056250,89.258682,-2.332068,20.243088,-23.038315,-9.070290,-24.522411
5.062500,95.140518,-2.334453,16.979063,-22.956045,-9.267585,-24.397993
5.068750,99.135811,-2.335927,13.705082,-22.901510,-7.908688,-24.196224
5.075000,102.859207,-2.337269,10.813700,-22.874371,-4.925827,-23.926424
5.081250,105.768234,-2.340343,6.799959,-22.859758,-0.271068,-23.597137
5.087500,107.374298,-2.345027,3.690878,-22.847918,6.045778,-23.224337
5.093750,107.262756,-2.349613,1.453552,-22.851685,13.914618,-22.833311
5.100000,105.095047,-2.353554,-0.107911,-22.854284,23.039520,-22.430391
5.106250,100.625137,-2.358037,-1.277837,-22.836185,32.854553,-22.006823
5.112500,93.726913,-2.363768,-2.238132,-22.782064,43.136078,-21.596544
5.118750,84.409439,-2.369591,-3.155951,-22.683338,53.495239,-21.221354
5.125000,72.798248,-2.374678,-4.189499,-22.536896,63.366508,-20.893869
5.131250,59.124973,-2.379751,-5.463619,-22.339903,72.166451,-20.616766
5.137500,43.724922,-2.385528,-7.077384,-22.093925,79.343269,-20.378424
5.143750,27.028852,-2.391588,-6.959246,-21.805355,84.426308,-20.111788
5.150000,9.534260,-2.397251,-6.545252,-21.489445,88.002403,-19.997002
5.156250,-8.227092,-2.402408,-7.247050,-21.137730,90.077629,-19.879902
5.162500,-25.711632,-2.407311,-6.978623,-20.766241,90.154190,-19.797062
5.168750,-42.386242,-2.411642,-6.057036,-20.401331,88.638565,-19.754553
5.175000,-57.758297,-2.415029,-4.696840,-20.062731,86.111252,-19.747686
5.181250,-71.402527,-2.417430,-3.105158,-19.765963,83.233536,-19.764252
5.187500,-82.980232,-2.419025,-1.515731,-19.527266,78.565437,-19.796396
5.193750,-92.255692,-2.419837,-0.178251,-19.363541,74.313057,-19.880592
5.200000,-99.109261,-2.420204,0.676026,-19.293669,70.745087,-20.042999
5.206250,-103.542252,-2.420507,3.073187,-19.306791,67.136810,-20.163284
5.212500,-105.675148,-2.420746,3.784562,-19.375847,64.301697,-20.300001
5.218750,-105.741692,-2.420399,4.658083,-19.502644,62.210426,-20.460030
5.225000,-104.081825,-2.419173,5.498838,-19.640383,60.720852,-20.638023
5.231250,-101.125488,-2.417121,6.261212,-19.838552,59.614349,-20.831804
5.237500,-97.368553,-2.414685,5.600699,-20.101995,58.548424,-21.052423
5.243750,-93.346306,-2.412578,4.255486,-20.394800,57.209122,-21.297260
5.250000,-87.438675,-2.411543,1.863690,-20.699202,55.324608,-21.558090
5.256250,-81.535942,-2.411334,-1.908983,-21.001472,52.600430,-21.829851
5.262500,-75.629967,-2.410486,-5.175682,-21.290619,48.784470,-22.102089
5.268750,-69.721649,-2.408724,-9.495093,-21.559822,43.654518,-22.360098
5.275000,-63.821423,-2.407832,-14.520012,-21.803694,37.008385,-22.585241
5.281250,-57.934956,-2.409248,-19.941162,-22.016647,28.810724,-22.780603
5.287500,-52.051624,-2.411797,-25.472393,-22.194103,19.384750,-22.968630
5.293750,-46.158947,-2.413547,-30.855358,-22.332415,8.788782,-23.127092
5.300000,-40.261818,-2.414811,-35.840595,-22.424881,-2.766698,-23.240042
5.306250,-34.373314,-2.417721,-40.194206,-22.463207,-14.900330,-23.295898
5.312500,-28.492937,-2.422712,-43.749825,-22.444454,-27.181833,-23.288786
5.318750,-22.608334,-2.428417,-46.393696,-22.365322,-39.166073,-23.212355
5.325000,-16.714184,-2.434342,-48.054932,-22.224682,-50.407547,-23.054213
5.331250,-10.814876,-2.441068,-48.768780,-22.044521,-60.534195,-22.880157
5.337500,-4.910188,-2.448331,-46.549820,-21.836933,-69.594841,-22.624664
5.343750,1.007020,-2.454581,-44.237820,-21.588522,-76.859985,-22.349630
5.350000,6.935434,-2.459680,-40.379948,-21.348684,-82.498833,-22.090832
5.356250,12.866589,-2.464773,-35.143742,-21.141798,-86.400551,-21.878965
5.362500,18.798841,-2.469942,-28.776714,-20.987965,-88.571404,-21.741137
5.368750,24.740377,-2.473608,-21.588833,-20.898193,-89.223145,-21.659929
5.375000,30.692413,-2.475177,-13.908178,-20.871820,-88.623642,-21.618074
5.381250,36.645557,-2.475567,-6.109340,-20.897465,-86.936142,-21.597424
5.387500,42.593788,-2.475322,1.359304,-20.980558,-83.613014,-21.717121
5.393750,48.541000,-2.473562,8.171989,-21.142391,-79.662094,-21.924841
5.400000,54.488594,-2.469961,14.339749,-21.365767,-75.437408,-22.213455
5.406250,60.427864,-2.465852,19.628757,-21.628103,-71.228043,-22.589994
5.412500,66.353348,-2.462267,23.827307,-21.900429,-67.045296,-22.952002
5.418750,72.271164,-2.458430,26.762489,-22.161779,-63.073902,-23.305508
5.425000,78.185745,-2.453912,28.342915,-22.393187,-59.707935,-23.637703
5.431250,84.091324,-2.449739,28.629570,-22.577532,-56.951550,-23.926514
5.437500,89.982971,-2.447087,27.846636,-22.698120,-54.752949,-24.143492
5.443750,95.864861,-2.446080,26.325954,-22.742628,-53.057358,-24.269028
5.450000,99.849373,-2.446371,24.427416,-22.701626,-51.790989,-24.291857
5.456250,103.560699,-2.447863,22.554905,-22.572672,-50.793228,-24.207956
5.462500,106.467941,-2.450265,21.149807,-22.368193,-49.894932,-24.047874
5.468750,108.081825,-2.452874,18.791792,-22.100262,-48.900520,-23.781860
5.475000,107.974083,-2.455953,17.664574,-21.761581,-46.930710,-23.402418
5.481250,105.798271,-2.460856,17.622513,-21.378832,-44.480030,-22.973314
5.487500,101.320831,-2.467448,18.388746,-20.984724,-41.244217,-22.532064
5.493750,94.430984,-2.473789,19.789301,-20.605499,-36.926315,-22.109653
5.500000,85.133934,-2.478594,21.674648,-20.258005,-31.294289,-21.728764
5.506250,73.542091,-2.482701,23.896885,-19.948479,-24.198994,-21.395624
5.512500,59.882729,-2.487326,26.287073,-19.657816,-15.676824,-21.032547
5.518750,44.501118,-2.491699,28.676237,-19.412529,-6.374023,-20.791388
5.525000,27.831326,-2.494684,30.436163,-19.252987,3.545463,-20.623747
5.531250,10.362584,-2.496330,32.167282,-19.154799,14.018867,-20.524017
5.537500,-7.380748,-2.497524,33.548035,-19.117767,24.521912,-20.482590
5.543750,-24.852221,-2.498157,34.256859,-19.149260,34.525227,-20.493744
5.550000,-41.516350,-2.497806,34.037624,-19.254925,43.648159,-20.606014
5.556250,-56.882221,-2.496521,32.707939,-19.442034,51.615585,-20.792871
5.562500,-70.525642,-2.494529,30.143515,-19.718607,58.765945,-21.003347
5.568750,-82.106651,-2.491848,26.397535,-20.050200,64.236221,-21.267139
5.575000,-91.387695,-2.488460,23.695692,-20.435778,68.159081,-21.582689
5.581250,-98.250587,-2.484910,18.710070,-20.875322,70.802483,-21.932154
5.587500,-102.695938,-2.481374,13.690494,-21.368139,72.506226,-22.279072
5.593750,-104.843468,-2.477499,8.722713,-21.913954,73.396904,-22.682322
5.600000,-104.930962,-2.473829,4.011945,-22.479555,72.050407,-23.081833
5.606250,-103.302330,-2.471285,-0.251031,-23.044966,70.583832,-23.472263
5.612500,-100.382767,-2.469691,-4.028894,-23.597923,68.735237,-23.851032
5.618750,-96.655190,-2.467610,-7.212049,-24.122324,66.379097,-24.213686
5.625000,-92.652321,-2.464823,-9.682755,-24.600693,63.406219,-24.557394
5.631250,-86.764793,-2.463375,-11.331446,-25.011528,59.704624,-24.862728
5.637500,-80.891312,-2.464494,-12.079497,-25.331175,55.118786,-25.092581
5.643750,-75.018456,-2.466594,-13.794072,-25.531315,51.532612,-25.204660
5.650000,-69.136337,-2.468072,-12.727137,-25.590689,47.321949,-25.228857
5.656250,-63.251785,-2.469859,-11.020872,-25.531231,42.124355,-25.198217
5.662500,-57.374771,-2.473361,-8.879160,-25.353521,36.889702,-25.082062
5.668750,-51.502728,-2.478709,-6.378111,-25.056784,31.879421,-24.872026
5.675000,-45.625023,-2.484766,-3.765402,-24.657494,27.278734,-24.572836
5.681250,-39.737495,-2.491023,-1.322214,-24.179270,23.265903,-24.192173
5.687500,-33.844360,-2.497587,0.668957,-23.658266,20.052420,-23.741116
5.693750,-27.945242,-2.504085,1.835233,-23.101770,17.938690,-23.248917
5.700000,-22.039474,-2.510183,1.556239,-22.509989,17.366106,-22.737650
5.706250,-16.130947,-2.516735,1.872566,-21.944443,16.491882,-22.239048
5.712500,-10.221680,-2.524242,1.154900,-21.443556,16.980913,-21.788309
5.718750,-4.304497,-2.531437,-0.383798,-21.028099,18.433445,-21.412481
5.725000,1.627944,-2.536881,-2.540434,-20.707563,22.259388,-21.100163
5.731250,7.570057,-2.540631,-5.119795,-20.481968,26.327478,-20.822535
5.737500,13.511300,-2.543943,-7.927897,-20.337914,30.816927,-20.619167
5.743750,19.450209,-2.546856,-10.809694,-20.255486,34.873341,-20.541565
5.750000,25.393755,-2.548176,-13.758321,-20.254648,38.973793,-20.554741
5.756250,31.340044,-2.547898,-16.746927,-20.321877,42.823990,-20.642569
5.762500,37.281708,-2.547397,-17.375601,-20.431328,46.075584,-20.791342
5.768750,43.203281,-2.546237,-18.809458,-20.554266,48.378826,-21.004528
5.775000,49.131878,-2.544497,-18.915201,-20.664787,49.266724,-21.210934
5.781250,55.056622,-2.542175,-17.894833,-20.760233,49.698517,-21.418577
5.787500,60.972164,-2.540292,-15.997878,-20.831516,48.717663,-21.630823
5.793750,66.877861,-2.539487,-13.431493,-20.866896,46.482937,-21.832083
5.800000,72.778557,-2.539450,-10.478266,-20.858118,43.074116,-22.000860
5.806250,78.677841,-2.539817,-7.462921,-20.802916,38.620720,-22.114695
5.812500,84.576881,-2.540415,-4.725310,-20.703983,33.352570,-22.168858
5.818750,90.474075,-2.541385,-2.587775,-20.571526,27.667501,-22.184387
5.825000,96.366539,-2.543534,0.802074,-20.431316,19.735079,-22.183220
5.831250,100.358620,-2.547872,3.806994,-20.345219,11.449030,-22.103493
5.837500,104.077515,-2.554073,5.134542,-20.210340,2.876134,-21.972473
5.843750,107.001793,-2.560501,6.819395,-20.097652,-6.219233,-21.823214
5.850000,108.645149,-2.565437,8.297468,-20.039267,-15.690009,-21.678247
5.856250,108.574753,-2.568974,9.507212,-20.043243,-25.303602,-21.551682
5.862500,106.437828,-2.572382,10.397528,-20.107370,-34.847443,-21.455322
5.868750,101.996277,-2.575896,10.946782,-20.209501,-44.177261,-21.389210
5.875000,95.133102,-2.578877,11.287051,-20.352205,-53.266582,-21.343100
5.881250,85.850067,-2.581200,11.871110,-20.560917,-62.224995,-21.335470
5.887500,74.266846,-2.582756,12.677865,-20.808500,-68.813255,-21.364023
5.893750,60.619892,-2.583251,13.885903,-21.081400,-74.359505,-21.415665
5.900000,45.248619,-2.582612,13.845127,-21.385010,-78.472984,-21.480225
5.906250,28.574705,-2.581848,14.439229,-21.754438,-82.896736,-21.570076
5.912500,11.088058,-2.581599,15.474422,-22.114408,-85.822716,-21.675722
5.918750,-6.672625,-2.580824,17.212582,-22.476757,-87.631653,-21.784498
5.925000,-24.156488,-2.578638,18.841522,-22.862978,-88.702454,-21.894445
5.931250,-40.838673,-2.576303,20.253227,-23.276911,-89.313828,-22.009352
5.937500,-56.234413,-2.575125,21.374947,-23.707552,-89.700226,-22.130709
5.943750,-69.911560,-2.574575,22.166134,-24.136133,-90.047256,-22.258490
5.950000,-81.520256,-2.573413,22.826529,-24.544430,-90.596420,-22.346418
5.956250,-90.826050,-2.572181,23.536463,-24.913183,-91.840652,-22.399141
5.962500,-97.716469,-2.572311,24.196716,-25.226860,-91.055946,-22.459452
5.968750,-102.186218,-2.573155,24.681534,-25.475079,-90.486305,-22.517935
5.975000,-104.346695,-2.572846,24.901876,-25.646175,-89.682068,-22.570621
5.981250,-104.438629,-2.571602,24.782007,-25.733902,-88.211021,-22.617552
5.987500,-102.815399,-2.571568,24.261772,-25.732576,-85.687775,-22.656967
5.993750,-99.906425,-2.573489,23.321091,-25.639040,-81.781464,-22.685276
6.000000,-96.190811,-2.576035,21.950521,-25.451836,-76.271439,-22.695009
6.006250,-92.195213,-2.578461,20.187654,-25.161894,-69.101608,-22.641920
6.012500,-86.304123,-2.581576,18.087948,-24.728077,-60.675507,-22.570515
6.018750,-80.413971,-2.585645,17.566593,-24.282818,-51.248257,-22.485367
6.025000,-74.518547,-2.589665,15.301707,-23.801458,-40.790268,-22.388481
6.031250,-68.615547,-2.593252,13.732849,-23.309967,-29.759954,-22.293737
6.037500,-62.710644,-2.597255,12.709305,-22.852045,-18.693176,-22.218058
6.043750,-56.804962,-2.601727,12.155828,-22.473715,-8.036154,-22.145187
6.050000,-50.892887,-2.605537,12.134818,-22.164577,1.953862,-22.060408
6.056250,-44.972698,-2.608280,12.641731,-21.953669,10.819650,-22.000761
6.062500,-39.052025,-2.610964,13.394645,-21.869553,18.321314,-21.986597
6.068750,-33.133598,-2.613809,12.434470,-21.919296,24.313042,-22.019314
6.075000,-27.209980,-2.615400,11.366108,-22.090740,28.796768,-22.095831
6.081250,-21.279581,-2.615116,11.813866,-22.350254,31.843885,-22.211281
6.087500,-15.353764,-2.614338,11.904934,-22.618423,33.522282,-22.343359
6.093750,-9.439810,-2.614428,11.570225,-22.931448,33.804665,-22.479141
6.100000,-3.532679,-2.615057,10.156345,-23.255369,32.875397,-22.622890
6.106250,2.375863,-2.615412,8.147583,-23.539207,31.022900,-22.765631
6.112500,8.284613,-2.615548,5.451688,-23.752062,28.413586,-22.892822
6.118750,14.188603,-2.616128,1.983012,-23.875975,25.179560,-22.987095
6.125000,20.087852,-2.617449,-2.303297,-23.905674,21.466509,-23.026054
6.131250,25.984488,-2.619808,-5.237802,-23.846725,17.532856,-23.008951
6.137500,31.880510,-2.623179,-8.083140,-23.698351,14.213552,-22.947918
6.143750,37.780663,-2.626921,-12.029624,-23.459402,9.606436,-22.827621
6.150000,43.689865,-2.629935,-14.965199,-23.157925,5.158644,-22.661425
6.156250,49.604633,-2.632219,-16.934563,-22.821896,0.837767,-22.463385
6.162500,55.517815,-2.634842,-17.953417,-22.475157,-3.320984,-22.246952
6.168750,61.428127,-2.638155,-18.046907,-22.136599,-7.247506,-22.022612
6.175000,67.342628,-2.641145,-17.304014,-21.825468,-10.872866,-21.802452
6.181250,73.264503,-2.643015,-15.861236,-21.557642,-14.124946,-21.601412
6.187500,79.188210,-2.644273,-13.883489,-21.347477,-16.865780,-21.496849
6.193750,85.108971,-2.645528,-11.586961,-21.219280,-19.405537,-21.367851
6.200000,91.028831,-2.646380,-9.161095,-21.152872,-21.482090,-21.301748
6.206250,96.949562,-2.646540,-6.311168,-21.141129,-23.019505,-21.316429
6.212500,100.973778,-2.646533,-3.313011,-21.204243,-24.187119,-21.423178
6.218750,104.719719,-2.646809,-0.342638,-21.328865,-25.160534,-21.669863
6.225000,107.656738,-2.647232,2.419039,-21.490156,-24.567480,-21.909580
6.231250,109.295090,-2.647653,4.608496,-21.716801,-24.855591,-22.233170
6.237500,109.208092,-2.648023,5.921996,-21.992588,-25.170410,-22.636269
6.243750,107.055565,-2.648051,6.337790,-22.298965,-25.441156,-23.103483
6.250000,102.600891,-2.647481,7.858771,-22.623165,-25.695156,-23.615005
6.256250,95.718925,-2.646954,9.007277,-22.957796,-25.952347,-24.149990
6.262500,86.405922,-2.647335,8.327505,-23.298616,-26.188660,-24.688234
6.268750,74.789536,-2.647915,7.933789,-23.627537,-26.142523,-25.170277
6.275000,61.112778,-2.647279,7.810361,-23.924843,-25.496119,-25.601746
6.281250,45.714714,-2.645520,7.823852,-24.186016,-24.354250,-25.972292
6.287500,29.009844,-2.644561,7.863858,-24.406673,-22.567360,-26.264345
6.293750,11.487474,-2.645380,7.880704,-24.577133,-19.881397,-26.460472
6.300000,-6.308402,-2.646840,7.861061,-24.682297,-16.036394,-26.542648
6.306250,-23.823011,-2.647811,7.772429,-24.705608,-10.835995,-26.494135
6.312500,-40.529263,-2.648986,7.560647,-24.629293,-4.195450,-26.300903
6.318750,-55.941490,-2.651420,7.098026,-24.461533,3.710247,-26.017839
6.325000,-69.628822,-2.654682,8.302621,-24.238081,12.506059,-25.650763
6.331250,-81.245605,-2.658136,7.946012,-23.949110,21.955242,-25.192038
6.337500,-90.555527,-2.662146,8.267081,-23.591070,31.811415,-24.682421
6.343750,-97.440125,-2.667202,8.970197,-23.196041,41.633141,-24.162184
6.350000,-101.895714,-2.672513,9.821943,-22.794596,50.851864,-23.666016
6.356250,-104.038811,-2.677066,10.665815,-22.413986,58.862206,-23.222559
6.362500,-104.108841,-2.680829,11.371600,-22.076113,65.088562,-22.843115
6.368750,-102.452736,-2.684248,11.823103,-21.796162,69.012535,-22.470474
6.375000,-99.498512,-2.687110,11.898659,-21.583935,70.813820,-22.267624
6.381250,-95.737312,-2.689207,11.336931,-21.457161,70.100616,-22.185099
6.387500,-91.703789,-2.690945,11.267072,-21.400637,66.766304,-22.223822
6.393750,-85.778694,-2.692446,10.830052,-21.430815,61.124489,-22.337305
6.400000,-79.854065,-2.693099,10.286021,-21.548805,53.567650,-22.432964
6.406250,-73.929924,-2.692791,9.706418,-21.746046,42.500561,-22.664650
6.412500,-68.011642,-2.692547,9.119279,-22.008526,30.310207,-22.958464
6.418750,-62.102127,-2.693164,8.516528,-22.321344,16.822287,-23.279224
6.425000,-56.195099,-2.693875,7.903244,-22.658878,2.522163,-23.595640
6.431250,-50.285492,-2.694006,7.273685,-22.994455,-12.042855,-23.878204
6.437500,-44.377468,-2.694122,6.568752,-23.301008,-26.346121,-24.097635
6.443750,-38.476097,-2.695277,7.895146,-23.547419,-39.895401,-24.222778
6.450000,-32.578735,-2.697318,9.772403,-23.722675,-52.443676,-24.302389
6.456250,-26.678076,-2.699491,10.599582,-23.831234,-63.879723,-24.323090
6.462500,-20.774298,-2.701755,12.372461,-23.867685,-72.254120,-24.244867
6.468750,-14.870302,-2.704371,14.897124,-23.830330,-78.917206,-24.104670
6.475000,-8.963714,-2.706861,17.897846,-23.727957,-83.402832,-23.931309
6.481250,-3.052507,-2.708781,21.046459,-23.585783,-85.494293,-23.752510
6.487500,2.858242,-2.710908,24.039835,-23.433147,-85.083862,-23.584152
6.493750,8.766657,-2.713595,26.721346,-23.270781,-82.050270,-23.406052
6.500000,14.677167,-2.715878,28.988297,-23.106892,-78.377678,-23.220066
6.506250,20.594027,-2.717099,28.684612,-22.955790,-72.625725,-23.052490
6.512500,26.510693,-2.718038,29.436544,-22.844318,-65.299141,-22.933125
6.518750,32.420872,-2.719800,29.155598,-22.799234,-57.170761,-22.854145
6.525000,38.329041,-2.721948,27.950485,-22.814173,-48.947868,-22.807207
6.531250,44.243053,-2.723289,25.914190,-22.881296,-41.243317,-22.787174
6.537500,50.161469,-2.723750,23.106108,-22.991302,-34.596252,-22.789909
6.543750,56.075947,-2.724409,19.607504,-23.132618,-29.477823,-22.815348
6.550000,61.985130,-2.725619,15.535445,-23.290731,-24.426855,-22.840055
6.556250,67.895561,-2.726688,11.073339,-23.431068,-21.447910,-22.854195
6.562500,73.808243,-2.727462,6.553853,-23.549818,-19.992819,-22.867708
6.568750,79.720230,-2.728213,2.927324,-23.678583,-19.701101,-22.879568
6.575000,85.630768,-2.728795,-1.676188,-23.783369,-20.261820,-22.910315
6.581250,91.540596,-2.729129,-5.239327,-23.857716,-21.220175,-22.940245
6.587500,97.447906,-2.729944,-7.841687,-23.905363,-22.059851,-22.969692
6.593750,101.456497,-2.731711,-9.510778,-23.932196,-24.295694,-23.004539
6.600000,105.193062,-2.733471,-10.278334,-23.942795,-25.874596,-23.047165
6.606250,108.129730,-2.734234,-10.177788,-23.937876,-26.903566,-23.095831
6.612500,109.769226,-2.734636,-9.283231,-23.919422,-27.509672,-23.148649
6.618750,109.676239,-2.736014,-7.709969,-23.887194,-25.939528,-23.201694
6.625000,107.512634,-2.738464,-5.601217,-23.841499,-23.956266,-23.251608
6.631250,103.048492,-2.740899,-3.146422,-23.785324,-21.183523,-23.309687
6.637500,96.164452,-2.743106,1.633311,-23.715170,-17.354273,-23.294834
6.643750,86.854622,-2.746008,5.332584,-23.612001,-14.333416,-23.263868
6.650000,75.240234,-2.749806,9.847593,-23.471087,-10.263398,-23.216408
6.656250,61.564827,-2.753420,14.753887,-23.296413,-5.644019,-23.143326
6.662500,46.171505,-2.756241,19.684238,-23.082264,-0.956018,-23.033104
6.668750,29.482342,-2.758761,24.290577,-22.816992,3.264611,-22.881428
6.675000,11.984534,-2.761513,28.124729,-22.519615,6.354311,-22.719494
6.681250,-5.787439,-2.764587,30.701893,-22.207487,9.935290,-22.559362
6.687500,-23.285307,-2.767866,33.932274,-21.889666,12.240949,-22.408604
6.693750,-39.975174,-2.771249,36.134300,-21.599552,13.321690,-22.283646
6.700000,-55.362347,-2.774200,37.401226,-21.321831,13.252357,-22.221407
6.706250,-69.017914,-2.775943,37.609547,-21.062149,12.324976,-22.199415
6.712500,-80.606773,-2.776939,37.237091,-20.866884,11.050505,-22.227346
6.718750,-89.897278,-2.778066,36.417160,-20.759335,9.309338,-22.331093
6.725000,-96.767273,-2.779551,35.221111,-20.748207,7.454611,-22.501455
6.731250,-101.210609,-2.780473,33.673183,-20.833164,3.827401,-22.749979
6.737500,-103.347672,-2.780357,31.790808,-21.002792,0.483020,-23.079750
6.743750,-103.420753,-2.779632,29.534924,-21.261076,-2.753270,-23.455122
6.750000,-101.774132,-2.778691,26.780338,-21.638186,-5.919106,-23.837912
6.756250,-98.834068,-2.777694,24.252956,-22.007973,-8.973351,-24.192749
6.762500,-95.092377,-2.776844,21.920961,-22.415459,-11.998531,-24.516794
6.768750,-91.081848,-2.776283,19.635639,-22.853563,-15.002293,-24.792244
6.775000,-85.177658,-2.775315,17.479591,-23.303804,-15.748806,-25.002535
6.781250,-79.272743,-2.773574,15.484127,-23.747068,-15.588131,-25.137007
6.787500,-73.372025,-2.771801,13.659368,-24.163494,-14.018342,-25.188465
6.793750,-67.479820,-2.770916,12.001050,-24.534731,-10.596895,-25.152960
6.800000,-61.593575,-2.770941,10.492536,-24.844650,-7.134329,-25.029135
6.806250,-55.707211,-2.771130,9.103789,-25.079807,-2.000061,-24.815615
6.812500,-49.819534,-2.771734,7.787076,-25.231678,4.494087,-24.491896
6.818750,-43.933929,-2.773457,6.461852,-25.309347,12.250787,-24.139496
6.825000,-38.047684,-2.775822,7.153793,-25.355381,19.725100,-23.753328
6.831250,-32.154049,-2.777734,6.915714,-25.290703,27.654348,-23.370050
6.837500,-26.255482,-2.779463,7.620717,-25.177923,35.254093,-23.038107
6.843750,-20.359688,-2.782360,9.046964,-25.044666,41.830139,-22.774679
6.850000,-14.464840,-2.786304,11.162291,-24.906296,48.531986,-22.577461
6.856250,-8.560997,-2.789640,13.904848,-24.773628,53.406796,-22.477266
6.862500,-2.645932,-2.791548,17.188046,-24.650267,56.636993,-22.481199
6.868750,3.270681,-2.792994,20.931383,-24.528036,58.411724,-22.578976
6.875000,9.181639,-2.795081,25.060764,-24.382685,58.988178,-22.750414
6.881250,15.090123,-2.797450,29.613741,-24.244194,58.683590,-22.946091
6.887500,21.000883,-2.799592,33.051933,-24.137184,57.681805,-23.177992
6.893750,26.914612,-2.801433,36.722439,-24.056181,55.933243,-23.432878
6.900000,32.828537,-2.803049,40.114880,-24.047237,54.140038,-23.660477
6.906250,38.742752,-2.804086,42.733921,-24.007103,52.704449,-23.825157
6.912500,44.655571,-2.804772,45.334408,-23.965754,50.014534,-23.910360
6.918750,50.562477,-2.806159,46.651325,-23.941738,47.952595,-23.909304
6.925000,56.464092,-2.808548,46.709324,-23.917049,46.241203,-23.817274
6.931250,62.366829,-2.811219,45.580200,-23.838409,44.601517,-23.634720
6.937500,68.273911,-2.813820,44.939095,-23.814034,42.687489,-23.386702
6.943750,74.182922,-2.816694,41.813011,-23.790428,41.973145,-23.112604
6.950000,80.093185,-2.819536,38.594872,-23.748878,40.344173,-22.775820
6.956250,86.008209,-2.821541,35.298805,-23.677137,37.952843,-22.410561
6.962500,91.926941,-2.822567,31.932655,-23.570692,35.181908,-22.052818
6.968750,95.946465,-2.824050,28.477964,-23.436123,32.107605,-21.728476
6.975000,99.684349,-2.826939,24.947838,-23.280054,28.737238,-21.455015
6.981250,102.617126,-2.830212,21.418846,-23.104212,25.080694,-21.239418
6.987500,104.261230,-2.832340,17.970490,-22.909536,21.115795,-21.080740
6.993750,104.186249,-2.833323,14.677202,-22.690937,16.801165,-20.961779
7.000000,102.041420,-2.834294,11.613026,-22.430014,12.007312,-20.893387
7.006250,97.586594,-2.836107,8.792882,-22.101812,8.542396,-20.897055
7.012500,90.704803,-2.838518,7.855170,-21.829115,5.072726,-20.949543
7.018750,81.400803,-2.841164,7.573487,-21.596210,2.026136,-21.030945
7.025000,69.797737,-2.843722,7.042253,-21.333473,-0.201965,-21.178885
7.031250,56.132267,-2.845973,7.851870,-21.104137,-3.169532,-21.371620
7.037500,40.743847,-2.848074,9.598709,-20.948753,-4.858239,-21.593956
7.043750,24.057528,-2.850491,12.024128,-20.901602,-6.095552,-21.875105
7.050000,6.566803,-2.853140,14.893029,-20.987593,-7.038771,-22.225849
7.056250,-11.191103,-2.854938,18.033916,-21.196276,-7.779603,-22.651602
7.062500,-28.668570,-2.855322,19.389774,-21.523775,-8.412456,-23.162382
7.068750,-45.339176,-2.854955,22.379158,-21.974031,-9.040170,-23.787411
7.075000,-60.715912,-2.854439,24.917763,-22.523203,-9.131995,-24.376657
7.081250,-74.369720,-2.853554,26.929365,-23.083555,-11.150116,-24.987694
7.087500,-85.956848,-2.851673,28.434706,-23.729147,-13.653870,-25.624727
7.093750,-95.242111,-2.849020,28.145576,-24.409536,-14.924970,-26.267000
7.100000,-102.108391,-2.845970,26.894028,-25.076120,-16.704760,-26.884920
7.106250,-106.556816,-2.842802,24.459249,-25.702663,-18.850264,-27.446608
7.112500,-108.709244,-2.839913,20.666246,-26.275990,-21.195030,-27.916967
7.118750,-108.803589,-2.837673,15.291153,-26.744226,-23.545410,-28.253790
7.125000,-107.178406,-2.836112,10.262265,-27.081356,-27.811567,-28.409044
7.131250,-104.256233,-2.834594,4.361441,-27.296272,-32.155910,-28.421783
7.137500,-100.530266,-2.833154,-2.001498,-27.399633,-36.659439,-28.281771
7.143750,-96.537766,-2.833031,-8.455813,-27.396658,-41.617397,-27.982227
7.150000,-90.659355,-2.834975,-14.636052,-27.292608,-47.030331,-27.534786
7.156250,-84.780037,-2.837913,-20.219452,-27.094322,-52.802235,-26.961866
7.162500,-78.890663,-2.840471,-24.942963,-26.814756,-58.790173,-26.299397
7.168750,-72.995354,-2.842836,-28.614561,-26.473118,-64.845001,-25.599651
7.175000,-67.101387,-2.845926,-31.090092,-26.091257,-70.865715,-24.877823
7.181250,-61.207222,-2.849609,-32.275055,-25.691580,-76.977097,-24.150150
7.187500,-55.306675,-2.852869,-32.130146,-25.293283,-80.874649,-23.475548
7.193750,-49.399406,-2.855516,-30.652994,-24.898983,-84.013916,-22.896687
7.200000,-43.490829,-2.857991,-29.797106,-24.510984,-85.799568,-22.440460
7.206250,-37.581421,-2.860244,-26.340219,-24.200378,-85.628860,-22.067173
7.212500,-31.669130,-2.861776,-22.115236,-23.948505,-84.920692,-21.820091
7.218750,-25.755915,-2.863075,-17.391964,-23.762001,-82.442314,-21.726696
7.225000,-19.846230,-2.864929,-12.447055,-23.629482,-78.104958,-21.759325
7.231250,-13.938166,-2.867141,-7.565536,-23.537939,-72.330559,-21.896385
7.237500,-8.024917,-2.868682,-3.143645,-23.498360,-65.639702,-22.107450
7.243750,-2.106907,-2.869346,2.601175,-23.507456,-58.573727,-22.344439
7.250000,3.809381,-2.869921,8.154326,-23.545027,-51.712582,-22.529087
7.256250,9.720468,-2.870828,13.784060,-23.598993,-46.347408,-22.777170
7.262500,15.629533,-2.871914,17.795856,-23.674868,-40.472580,-23.007404
7.268750,21.537779,-2.873304,22.034040,-23.770138,-35.745453,-23.161596
7.275000,27.444487,-2.875514,26.463118,-23.817511,-32.215298,-23.237476
7.281250,33.350121,-2.878566,30.610834,-23.838461,-29.930803,-23.240492
7.287500,39.261368,-2.881226,34.089363,-23.827372,-28.719759,-23.172882
7.293750,45.181366,-2.882586,36.807030,-23.760584,-28.343418,-23.040237
7.300000,51.104515,-2.882939,38.855015,-23.662495,-28.567329,-22.858274
7.306250,57.023430,-2.883100,40.503506,-23.543024,-29.157171,-22.648003
7.312500,62.934372,-2.883984,41.716019,-23.393791,-29.879187,-22.433290
7.318750,68.840637,-2.885769,42.688927,-23.225681,-30.574997,-22.229790
7.325000,74.746765,-2.888088,41.854477,-23.039780,-31.200008,-22.046011
7.331250,80.658989,-2.889903,41.344563,-22.821806,-31.644463,-21.906326
7.337500,86.577492,-2.890692,40.857002,-22.599470,-31.856758,-21.832378
7.343750,92.495613,-2.890922,40.140358,-22.396654,-31.932100,-21.828489
7.350000,96.513420,-2.891631,39.100914,-22.224863,-30.127087,-21.870930
7.356250,100.252792,-2.893102,37.690533,-22.086943,-28.137600,-21.970968
7.362500,103.186417,-2.894832,35.859737,-21.981302,-25.214769,-22.145397
7.368750,104.825066,-2.896334,33.558372,-21.899080,-23.353180,-22.359722
7.375000,104.739700,-2.897642,30.719946,-21.830582,-20.885195,-22.582211
7.381250,102.587662,-2.899155,29.380926,-21.772469,-18.011621,-22.780109
7.387500,98.130852,-2.901116,27.938997,-21.757631,-15.027665,-22.949169
7.393750,91.248032,-2.903954,26.580359,-21.760063,-10.153490,-23.088606
7.400000,81.941872,-2.907284,25.513893,-21.767059,-4.913085,-23.179390
7.406250,70.339638,-2.910101,25.125980,-21.798544,-0.915580,-23.213305
7.412500,56.679134,-2.911822,25.471231,-21.868980,3.651524,-23.191944
7.418750,41.294456,-2.913171,26.480259,-21.989281,8.419217,-23.121752
7.425000,24.607738,-2.914985,28.010538,-22.167936,13.021852,-23.014513
7.431250,7.113372,-2.916989,29.898502,-22.407921,17.140682,-22.877844
7.437500,-10.649475,-2.918608,31.972429,-22.703922,20.529751,-22.703424
7.443750,-28.136114,-2.919853,36.233337,-23.036110,22.955517,-22.494020
7.450000,-44.816494,-2.921152,39.226936,-23.386007,23.984850,-22.300766
7.456250,-60.197365,-2.921973,42.529507,-23.813112,23.472706,-22.139418
7.462500,-73.846558,-2.921482,45.925255,-24.306057,21.497444,-22.021816
7.468750,-85.428482,-2.920078,49.247364,-24.873636,18.159349,-21.957869
7.475000,-94.712410,-2.918728,52.378357,-25.443796,13.672328,-21.942066
7.481250,-101.576393,-2.917332,55.155075,-26.023844,8.341350,-21.968069
7.487500,-106.015381,-2.915168,55.241016,-26.614262,2.467662,-22.034378
7.493750,-108.151840,-2.912164,54.175770,-27.195412,-3.520419,-22.129215
7.500000,-108.229050,-2.909631,51.451492,-27.726891,-9.017344,-22.241695
7.506250,-106.590393,-2.908001,48.745445,-28.187040,-13.309691,-22.371159
7.512500,-103.657021,-2.906577,44.110451,-28.578480,-15.801724,-22.498404
7.518750,-99.917686,-2.904951,37.852894,-28.872530,-15.947831,-22.603703
7.525000,-95.910034,-2.904048,30.322346,-29.053949,-13.207509,-22.683348
7.531250,-90.015396,-2.904490,21.833462,-29.124771,-9.207862,-22.730829
7.537500,-84.122795,-2.905678,12.762241,-29.099506,-3.930392,-22.717598
7.543750,-78.228409,-2.906958,3.674094,-28.947351,3.919014,-22.659279
7.550000,-72.334373,-2.908922,-4.959729,-28.693323,13.352561,-22.573523
7.556250,-66.443413,-2.912044,-12.874955,-28.371384,23.474146,-22.478418
7.562500,-60.551231,-2.915720,-21.483824,-27.999741,33.415417,-22.397877
7.568750,-54.653240,-2.919288,-28.623697,-27.583534,42.374680,-22.348953
7.575000,-48.749493,-2.922403,-34.204693,-27.164988,49.844559,-22.289034
7.581250,-42.843021,-2.925028,-38.029953,-26.759090,55.050632,-22.253994
7.587500,-36.934731,-2.926963,-40.367992,-26.369747,59.492237,-22.262905
7.593750,-31.025494,-2.928170,-41.412331,-26.007576,61.500320,-22.319263
7.600000,-25.119476,-2.929351,-41.257618,-25.677370,61.441074,-22.415710
7.606250,-19.218985,-2.931131,-40.008278,-25.381233,59.752525,-22.538582
7.612500,-13.319975,-2.933019,-37.806576,-25.114491,56.909157,-22.671951
7.618750,-7.418939,-2.934412,-34.835026,-24.871084,53.360157,-22.816933
7.625000,-1.517790,-2.935708,-31.359903,-24.646173,49.494396,-22.997738
7.631250,4.378783,-2.937696,-25.516720,-24.437469,45.725700,-23.172897
7.637500,10.272008,-2.940335,-20.850189,-24.236973,41.929459,-23.300398
7.643750,16.165302,-2.943146,-15.469290,-24.003613,38.824226,-23.403091
7.650000,22.060665,-2.946181,-9.732748,-23.698914,36.448647,-23.486267
7.656250,27.953451,-2.950191,-4.422856,-23.396048,34.596218,-23.564241
7.662500,33.844090,-2.955498,-0.179867,-23.091066,32.955975,-23.640406
7.668750,39.739197,-2.961278,4.981465,-22.779837,31.267298,-23.713322
7.675000,45.645245,-2.966430,9.306042,-22.471918,31.105984,-23.789013
7.681250,51.559143,-2.970578,12.938021,-22.186302,30.456936,-23.877472
7.687500,57.476555,-2.974115,16.080795,-21.946560,29.426594,-23.987768
7.693750,63.394020,-2.977202,19.023775,-21.761494,28.099518,-24.131811
7.700000,69.311951,-2.979769,20.272591,-21.623161,26.523949,-24.339993
7.706250,75.230888,-2.981702,21.676153,-21.545321,24.722967,-24.556616
7.712500,81.149704,-2.983029,22.927500,-21.524256,21.801044,-24.750792
7.718750,87.066818,-2.983803,23.789051,-21.545408,20.431236,-24.983795
7.725000,92.983177,-2.983956,23.902645,-21.641716,18.959091,-25.248766
7.731250,97.002373,-2.983545,22.993677,-21.794878,17.673180,-25.521725
7.737500,100.742920,-2.983274,21.052715,-21.975582,16.704708,-25.773705
7.743750,103.670670,-2.983851,20.082273,-22.158127,16.130762,-25.961950
7.750000,105.296349,-2.985271,18.522356,-22.322899,15.934974,-26.052988
7.756250,105.197868,-2.986948,16.663055,-22.457554,15.773705,-26.085381
7.762500,103.037521,-2.988543,14.716011,-22.563797,15.637689,-26.030180
7.768750,98.574608,-2.990579,12.874013,-22.638371,15.559171,-25.876230
7.775000,91.685211,-2.993730,11.380899,-22.677870,15.404072,-25.625534
7.781250,82.373528,-2.997664,10.392597,-22.689878,15.029328,-25.294292
7.787500,70.767609,-3.001224,9.966071,-22.687843,14.317760,-24.907604
7.793750,57.106174,-3.003890,10.120550,-22.684395,13.233194,-24.490574
7.800000,41.724125,-3.006104,10.842481,-22.690647,11.878600,-24.032230
7.806250,25.044964,-3.008025,12.101266,-22.707212,10.392841,-23.522987
7.812500,7.562721,-3.009274,11.951690,-22.735294,8.838632,-23.022799
7.818750,-10.189008,-3.009540,13.984767,-22.788368,6.138469,-22.596069
7.825000,-27.667831,-3.009272,16.073969,-22.894930,3.884033,-22.236406
7.831250,-44.344841,-3.008995,18.015141,-23.076868,2.020400,-21.947718
7.837500,-59.723980,-3.008081,19.733038,-23.363838,0.626924,-21.728548
7.843750,-73.375633,-3.005974,21.147106,-23.704565,-0.143046,-21.581579
7.850000,-84.964729,-3.003450,22.809128,-24.077200,-0.199285,-21.515057
7.856250,-94.260681,-3.001716,23.917580,-24.503922,-1.610659,-21.526667
7.862500,-101.137993,-3.000523,24.528341,-24.970558,-2.852640,-21.604694
7.868750,-105.589127,-2.998689,22.802380,-25.447290,-4.241400,-21.733200
7.875000,-107.734520,-2.995962,20.369549,-25.911871,-6.035452,-21.886171
7.881250,-107.818710,-2.993302,18.761282,-26.361938,-8.419539,-22.011190
7.887500,-106.185905,-2.991280,16.200609,-26.772022,-11.510305,-22.141785
7.893750,-103.258781,-2.989460,12.877960,-27.123787,-14.316557,-22.283888
7.900000,-99.526527,-2.987724,8.995827,-27.387568,-17.232531,-22.376331
7.906250,-95.525871,-2.987037,4.851581,-27.538454,-20.114466,-22.426645
7.912500,-89.634888,-2.987624,0.561541,-27.584787,-22.690176,-22.447777
7.918750,-83.740158,-2.987624,-3.667961,-27.584787,-24.561121,-22.447777
7.925000,-83.740158,-2.987624,-3.667961,-27.584787,-24.561121,-22.447777
7.931250,-83.740158,-2.987624,-3.667961,-27.584787,-24.561121,-22.447777
7.937500,-83.740158,-2.987624,-3.667961,-27.584787,-24.561121,-22.447777
7.943750,-83.740158,-2.987624,-3.667961,-27.584787,-24.561121,-22.447777
7.950000,-83.740158,-2.987624,-3.667961,-27.584787,-24.561121,-22.447777
7.956250,-83.740158,-2.987624,-3.667961,-27.584787,-24.561121,-22.447777
7.962500,-83.740158,-2.987624,-3.667961,-27.584787,-24.561121,-22.447777
7.968750,-83.740158,-2.987624,-3.667961,-27.584787,-24.561121,-22.447777
7.975000,-83.740158,-2.987624,-3.667961,-27.584787,-24.561121,-22.447777
7.981250,-83.740158,-2.987624,-3.667961,-27.584787,-24.561121,-22.447777
7.987500,-83.740158,-2.987624,-3.667961,-27.584787,-24.561121,-22.447777
7.993750,-83.740158,-2.987624,-3.667961,-27.584787,-24.561121,-22.447777
8.000000,-83.740158,-2.987624,-3.667961,-27.584787,-24.561121,-22.447777
