Anritsu VNA Frequency[GHz],S21[deg],S21[dB],S11[deg],S11[dB],S22[deg],S22[dB]
1338068756.92,2012_05_26_22:45:56,+42.353,+62.484,+63.487,+62.624,+68.160,+69.507,+67.873,+68.403,66.959595,-12.799
3.006250,37.258945,-2.015691,62.468281,-26.880659,-84.419823,-27.899458
3.012500,37.258945,-2.015691,62.468281,-26.880659,-84.419823,-27.899458
3.018750,37.258945,-2.015691,62.468281,-26.880659,-84.419823,-27.899458
3.025000,37.258945,-2.015691,62.468281,-26.880659,-84.419823,-27.899458
3.031250,37.258945,-2.015691,62.468281,-26.880659,-84.419823,-27.899458
3.037500,37.258945,-2.015691,62.468281,-26.880659,-84.419823,-27.899458
3.043750,37.258945,-2.015691,62.468281,-26.880659,-84.419823,-27.899458
3.050000,37.258945,-2.015691,62.468281,-26.880659,-84.419823,-27.899458
3.056250,37.258945,-2.015691,62.468281,-26.880659,-84.419823,-27.899458
3.062500,37.258945,-2.015691,62.468281,-26.880659,-84.419823,-27.899458
3.068750,37.258945,-2.015691,62.468281,-26.880659,-84.419823,-27.899458
3.075000,37.258945,-2.015691,62.468281,-26.880659,-84.419823,-27.899458
3.081250,37.258945,-2.015691,62.468281,-26.880659,-84.419823,-27.899458
3.087500,37.258945,-2.015691,62.468281,-26.880659,-84.419823,-27.899458
3.093750,37.258945,-2.017710,62.468281,-26.680468,-84.419823,-27.615974
3.100000,43.173874,-2.020106,59.464359,-26.520342,-84.317665,-27.351517
3.106250,49.088978,-2.022546,55.597946,-26.428686,-83.335808,-27.110819
3.112500,55.004684,-2.025056,51.279217,-26.420847,-81.212402,-26.870632
3.118750,60.919598,-2.027743,45.119671,-26.465460,-77.691139,-26.513174
3.125000,66.833405,-2.030564,40.082535,-26.500513,-72.814911,-26.226280
3.131250,72.746803,-2.033518,35.555939,-26.560684,-66.812874,-25.914883
3.137500,78.658951,-2.036842,31.744909,-26.650166,-59.139191,-25.566614
3.143750,84.569588,-2.040722,28.853827,-26.761707,-49.934990,-25.189823
3.150000,90.480408,-2.044908,27.053268,-26.881523,-39.342796,-24.796898
3.156250,96.394501,-2.048905,26.462484,-26.995483,-27.528479,-24.407345
3.162500,100.415833,-2.052609,27.138678,-27.089298,-16.578430,-24.044777
3.168750,104.164131,-2.056411,29.097557,-27.152376,-5.072139,-23.750450
3.175000,107.105721,-2.060427,32.360035,-27.166159,6.283772,-23.498489
3.181250,108.750198,-2.064528,35.140385,-27.116652,17.393320,-23.264681
3.187500,108.672211,-2.068437,38.967499,-27.017767,27.096863,-23.084940
3.193750,106.530647,-2.072068,43.111549,-26.879915,35.025013,-22.976227
3.200000,102.088036,-2.075351,46.978363,-26.711061,40.956089,-22.944288
3.206250,95.222473,-2.078243,50.077133,-26.520327,44.721310,-22.987944
3.212500,85.933014,-2.080910,51.987190,-26.321848,46.242844,-23.114643
3.218750,74.339424,-2.083723,52.387650,-26.126677,45.563370,-23.323008
3.225000,60.679680,-2.086375,53.275753,-25.932583,42.524166,-23.535940
3.231250,45.296978,-2.088506,53.200409,-25.738846,37.459297,-23.769295
3.237500,28.617279,-2.090303,50.682064,-25.547487,32.627850,-24.017839
3.243750,11.128488,-2.092305,47.830795,-25.340572,26.588375,-24.261196
3.250000,-6.636929,-2.094877,44.550365,-25.145180,20.041613,-24.478872
3.256250,-24.129175,-2.097598,40.484409,-24.985933,13.606132,-24.665041
3.262500,-40.812737,-2.099991,35.841755,-24.847128,7.890254,-24.809160
3.268750,-56.197151,-2.102064,30.596800,-24.723820,3.510933,-24.901081
3.275000,-69.858246,-2.104189,24.644577,-24.614986,0.944636,-24.938335
3.281250,-81.456230,-2.106721,17.883720,-24.512640,0.535525,-24.924948
3.287500,-90.752869,-2.109663,10.224380,-24.404263,2.472645,-24.871601
3.293750,-97.623650,-2.112728,1.623899,-24.259085,6.781879,-24.779261
3.300000,-102.068298,-2.115701,-5.775890,-24.090042,13.365664,-24.648724
3.306250,-104.207947,-2.118464,-14.229426,-23.961397,21.972601,-24.502674
3.312500,-104.280365,-2.121035,-22.684006,-23.846060,32.190472,-24.369785
3.318750,-102.627228,-2.123521,-30.807079,-23.748022,43.524666,-24.272556
3.325000,-99.675713,-2.125817,-38.339741,-23.682030,55.433430,-24.223492
3.331250,-95.917480,-2.127800,-45.034042,-23.670591,67.334595,-24.228159
3.337500,-91.885284,-2.129402,-50.700924,-23.762291,78.617508,-24.287558
3.343750,-85.957832,-2.130610,-55.234577,-23.913088,90.866440,-24.391422
3.350000,-80.030945,-2.131483,-59.350788,-24.104393,100.323425,-24.497131
3.356250,-74.104347,-2.132018,-62.422089,-24.387117,108.629112,-24.630205
3.362500,-68.179756,-2.132368,-62.744141,-24.787676,114.624672,-24.824898
3.368750,-62.257282,-2.132411,-62.028015,-25.294228,118.398201,-25.064409
3.375000,-56.335106,-2.131902,-60.161919,-25.883642,119.592545,-25.372370
3.381250,-50.414814,-2.130980,-57.172344,-26.524361,118.059875,-25.686949
3.387500,-44.500320,-2.130303,-53.161789,-27.180906,114.325249,-25.987759
3.393750,-38.592186,-2.130353,-48.300930,-27.811163,107.969162,-26.275635
3.400000,-32.686832,-2.130802,-42.808743,-28.373724,99.484749,-26.527109
3.406250,-26.780792,-2.131079,-37.012009,-28.845165,89.876945,-26.795507
3.412500,-20.874836,-2.131471,-31.243780,-29.202728,79.864288,-27.042347
3.418750,-14.973605,-2.132670,-25.461405,-29.423737,68.023994,-27.244038
3.425000,-9.075706,-2.134815,-19.675690,-29.501326,56.642418,-27.392967
3.431250,-3.175703,-2.137175,-14.173043,-29.444595,46.148853,-27.492374
3.437500,2.728413,-2.139408,-9.167840,-29.247606,36.994678,-27.549364
3.443750,8.632213,-2.142196,-4.645861,-28.898474,29.801567,-27.513151
3.450000,14.534463,-2.145949,-0.934839,-28.437338,22.936737,-27.406939
3.456250,20.439951,-2.150010,1.877407,-27.901297,18.140738,-27.243948
3.462500,26.353624,-2.153469,3.897021,-27.330441,15.104283,-27.027575
3.468750,32.272930,-2.156303,5.336696,-26.768225,13.506838,-26.755270
3.475000,38.192577,-2.158870,6.440434,-26.267731,12.998357,-26.439707
3.481250,44.111481,-2.161391,7.547378,-25.818384,13.190824,-26.096283
3.487500,50.029846,-2.164006,7.511085,-25.419092,13.706306,-25.720179
3.493750,55.947163,-2.166984,7.873246,-25.110836,14.130877,-25.316545
3.500000,61.863712,-2.170336,8.485797,-24.903643,14.032142,-24.896492
3.506250,67.783043,-2.173554,9.280725,-24.787569,13.076665,-24.470118
3.512500,73.706711,-2.176004,10.181700,-24.734480,11.000476,-24.046413
3.518750,79.630829,-2.178212,11.126532,-24.675751,7.607526,-23.630386
3.525000,85.549469,-2.181220,12.088381,-24.632399,2.754366,-23.228045
3.531250,91.463654,-2.185283,13.901183,-24.610714,-1.517812,-22.852697
3.537500,95.485031,-2.189689,15.921902,-24.563650,-6.655814,-22.521492
3.543750,99.238892,-2.193769,18.316238,-24.478409,-12.212145,-22.238132
3.550000,102.190514,-2.197953,21.284216,-24.335848,-17.910828,-21.963457
3.556250,103.843079,-2.202774,23.169020,-24.127619,-23.323570,-21.671320
3.562500,103.772980,-2.207918,25.593674,-23.880585,-28.127441,-21.429735
3.568750,101.645699,-2.212362,28.072628,-23.621414,-32.869640,-21.269201
3.575000,97.225113,-2.215520,30.218489,-23.375677,-37.067039,-21.185036
3.581250,90.384239,-2.217582,31.655025,-23.176237,-39.048576,-21.198919
3.587500,81.118271,-2.219182,32.048973,-23.061090,-40.918377,-21.261753
3.593750,69.548248,-2.220403,31.212898,-23.026966,-42.580257,-21.391237
3.600000,55.915031,-2.220674,31.289082,-23.075531,-43.656326,-21.605204
3.606250,40.560104,-2.219657,30.602268,-23.225666,-44.126049,-21.898302
3.612500,23.906033,-2.217718,29.565344,-23.469610,-44.074463,-22.246389
3.618750,6.440994,-2.215422,28.598394,-23.813066,-43.687054,-22.618750
3.625000,-11.300876,-2.212588,27.870411,-24.273140,-43.461720,-23.053156
3.631250,-28.772114,-2.208906,27.900536,-24.815462,-41.473148,-23.516424
3.637500,-45.442280,-2.204887,29.029203,-25.404402,-39.223568,-23.978363
3.643750,-60.823883,-2.201196,31.410545,-26.002356,-36.544849,-24.418276
3.650000,-74.489105,-2.198154,33.185936,-26.565704,-33.374783,-24.817938
3.656250,-86.094154,-2.195730,35.920673,-27.031055,-29.700048,-25.159899
3.662500,-95.400665,-2.194028,38.840744,-27.402493,-25.554434,-25.436058
3.668750,-102.287178,-2.193188,42.870781,-27.684555,-21.061556,-25.651615
3.675000,-106.752029,-2.193000,46.267849,-27.842987,-16.371193,-25.807413
3.681250,-108.913345,-2.193063,48.795528,-27.870062,-11.631113,-25.902111
3.687500,-109.010231,-2.193554,50.210365,-27.775196,-7.047257,-25.938560
3.693750,-107.385689,-2.195219,50.347481,-27.583487,-2.845367,-25.925566
3.700000,-104.465836,-2.198006,49.165386,-27.311762,0.770343,-25.875986
3.706250,-100.736496,-2.201083,46.849964,-26.963573,3.685225,-25.788950
3.712500,-96.728210,-2.203891,43.402328,-26.581160,5.894749,-25.657547
3.718750,-90.824112,-2.206904,37.057487,-26.197552,7.339017,-25.485874
3.725000,-84.921059,-2.210574,29.723156,-25.834345,8.097825,-25.284025
3.731250,-79.016304,-2.214333,21.162672,-25.527784,8.583842,-25.098701
3.737500,-73.106003,-2.217600,13.301283,-25.311476,9.114374,-24.942385
3.743750,-67.192627,-2.220507,4.845315,-25.178650,9.960504,-24.835323
3.750000,-61.279766,-2.223413,-3.622692,-25.116875,11.714588,-24.718678
3.756250,-55.367958,-2.226230,-11.670075,-25.122238,13.174623,-24.589794
3.762500,-49.454948,-2.228782,-18.876394,-25.176809,13.971441,-24.442520
3.768750,-43.541710,-2.231271,-24.791567,-25.243423,15.673930,-24.334232
3.775000,-37.629955,-2.234016,-29.131634,-25.324684,17.961187,-24.258921
3.781250,-31.718542,-2.236791,-31.830034,-25.417784,20.166931,-24.198490
3.787500,-25.806025,-2.239274,-32.523563,-25.497414,21.932344,-24.144684
3.793750,-19.893698,-2.241787,-31.089724,-25.568657,22.967411,-24.099037
3.800000,-13.983078,-2.244658,-29.419416,-25.602829,23.086735,-24.056740
3.806250,-8.073788,-2.247830,-25.302382,-25.542341,22.290503,-23.983397
3.812500,-2.163445,-2.251172,-20.067488,-25.432154,20.506435,-23.880375
3.818750,3.746856,-2.254811,-14.329853,-25.289806,17.626926,-23.757818
3.825000,9.657221,-2.258851,-8.644783,-25.128492,13.771962,-23.620876
3.831250,15.570934,-2.262711,-1.371753,-24.961794,9.202602,-23.478697
3.837500,21.487921,-2.266077,5.652875,-24.802986,4.250108,-23.356762
3.843750,27.404720,-2.269430,12.560474,-24.652294,-0.720344,-23.250097
3.850000,33.318848,-2.273280,17.650171,-24.501591,-6.586806,-23.099258
3.856250,39.233780,-2.277061,22.617300,-24.359520,-11.923211,-22.953318
3.862500,45.152302,-2.280163,27.016829,-24.227158,-16.816607,-22.824402
3.868750,51.070969,-2.283127,30.507599,-24.094093,-21.271646,-22.711681
3.875000,56.983509,-2.287059,32.778873,-23.939121,-25.328266,-22.606564
3.881250,62.892078,-2.292186,33.521385,-23.754381,-29.063040,-22.493505
3.887500,68.803802,-2.297516,32.305588,-23.556021,-32.642929,-22.371756
3.893750,74.722420,-2.302412,29.027180,-23.325693,-36.337002,-22.248339
3.900000,80.643539,-2.307472,25.809912,-23.051397,-40.305523,-22.117111
3.906250,86.561996,-2.313504,21.222521,-22.731653,-44.736374,-21.975765
3.912500,92.480171,-2.320557,15.741757,-22.368282,-47.973972,-21.819872
3.918750,96.509674,-2.328057,9.845221,-21.967806,-51.882793,-21.639793
3.925000,100.274406,-2.335422,3.922826,-21.553417,-56.171413,-21.411570
3.931250,103.241699,-2.342417,-1.679489,-21.151840,-60.709660,-21.196980
3.937500,104.917419,-2.348978,-6.562951,-20.783575,-63.375286,-21.013174
3.943750,104.874054,-2.354952,-10.393282,-20.471312,-65.094460,-20.865591
3.950000,102.771782,-2.359908,-12.948798,-20.236862,-65.258804,-20.766069
3.956250,98.373619,-2.363267,-14.109494,-20.098627,-63.392494,-20.729141
3.962500,91.555511,-2.364946,-13.832191,-20.066936,-59.131859,-20.766819
3.968750,82.313850,-2.365190,-12.132690,-20.141043,-52.231995,-20.887732
3.975000,70.767166,-2.364135,-10.982312,-20.295801,-42.600914,-21.101543
3.981250,57.151524,-2.361841,-6.730866,-20.545038,-30.315235,-21.452074
3.987500,41.806332,-2.358408,-2.181668,-20.917915,-17.129816,-21.833155
3.993750,25.156811,-2.354161,3.152079,-21.355782,-2.008152,-22.313295
4.000000,7.694443,-2.349280,8.743265,-21.851192,14.043179,-22.900286
4.006250,-10.048018,-2.343710,14.205315,-22.390781,30.144375,-23.612507
4.012500,-27.526289,-2.337868,19.259663,-22.949450,45.323135,-24.367313
4.018750,-44.209560,-2.332580,23.659956,-23.496763,58.012707,-25.100634
4.025000,-59.605701,-2.328171,27.145002,-24.013912,69.832245,-25.815893
4.031250,-73.282951,-2.324255,29.700146,-24.493753,79.660675,-26.559288
4.037500,-84.898537,-2.320856,31.460608,-24.917126,86.328575,-27.270374
4.043750,-94.218094,-2.318607,32.340172,-25.270494,90.151039,-27.917696
4.050000,-101.118774,-2.317664,32.255581,-25.552181,91.510338,-28.482565
4.056250,-105.594986,-2.317154,31.207336,-25.756063,90.926613,-28.953375
4.062500,-107.765388,-2.316472,29.364803,-25.861515,87.193535,-29.304867
4.068750,-107.872856,-2.316414,26.827240,-25.881245,82.751457,-29.516895
4.075000,-106.263069,-2.318245,23.721684,-25.831604,77.750290,-29.594606
4.081250,-103.357452,-2.321404,20.348093,-25.725538,72.465096,-29.541933
4.087500,-99.638840,-2.324584,17.085356,-25.570923,67.296700,-29.360205
4.093750,-95.638214,-2.327101,12.458823,-25.375313,60.528065,-29.054220
4.100000,-89.743111,-2.329809,8.508948,-25.150526,53.966911,-28.641060
4.106250,-83.852127,-2.333394,5.145561,-24.903067,47.542976,-28.156502
4.112500,-77.962143,-2.337606,2.344370,-24.627350,41.280819,-27.579874
4.118750,-72.068993,-2.342179,0.000338,-24.333187,35.433868,-26.924227
4.125000,-66.174126,-2.347325,-2.087252,-24.035227,29.681581,-26.233160
4.131250,-60.277691,-2.353113,-4.024162,-23.743351,24.075317,-25.538759
4.137500,-54.376793,-2.359064,-5.869500,-23.462381,18.727840,-24.865459
4.143750,-48.469769,-2.364806,-7.663486,-23.192804,13.757573,-24.231859
4.150000,-42.559383,-2.370519,-9.461368,-22.934603,9.254834,-23.651869
4.156250,-36.647987,-2.376618,-9.162090,-22.684959,5.284395,-23.127712
4.162500,-30.735447,-2.383092,-8.198315,-22.439209,1.885128,-22.638620
4.168750,-24.819128,-2.389733,-8.039620,-22.186373,0.782307,-22.251442
4.175000,-18.898912,-2.396492,-6.798644,-21.938351,-0.839066,-21.924423
4.181250,-12.974586,-2.403212,-4.796157,-21.704205,-1.249879,-21.658154
4.187500,-7.045619,-2.409619,-2.323713,-21.489653,-0.651326,-21.413166
4.193750,-1.111870,-2.415647,0.298312,-21.301163,0.804975,-21.239592
4.200000,4.825381,-2.421107,2.741932,-21.146612,3.650470,-21.160702
4.206250,10.766080,-2.425676,4.687189,-21.033325,4.931915,-21.158594
4.212500,16.709333,-2.429152,8.032235,-20.960993,7.573895,-21.178661
4.218750,22.651869,-2.431812,11.220995,-20.919239,9.243267,-21.223358
4.225000,28.590820,-2.434134,12.645731,-20.902412,10.013394,-21.297850
4.231250,34.525421,-2.436234,14.167171,-20.899687,9.739896,-21.391722
4.237500,40.457478,-2.438123,15.466006,-20.905947,8.247377,-21.485121
4.243750,46.386860,-2.439634,16.107597,-20.938519,7.470258,-21.578165
4.250000,52.315033,-2.440806,15.795150,-20.985243,5.777599,-21.673779
4.256250,58.241146,-2.441478,14.313924,-21.028351,3.641113,-21.756050
4.262500,64.162712,-2.442185,11.377458,-21.052666,1.473971,-21.812431
4.268750,70.077362,-2.443499,6.745969,-21.047020,-0.381884,-21.830160
4.275000,75.985123,-2.445915,2.396343,-21.004604,-1.626211,-21.800821
4.281250,81.891617,-2.449010,-3.184201,-20.914549,-2.004842,-21.712358
4.287500,87.799812,-2.452498,-9.616508,-20.770901,-1.327659,-21.538090
4.293750,93.707672,-2.457049,-16.609631,-20.590221,0.382435,-21.321842
4.300000,97.719795,-2.462969,-23.836737,-20.378626,2.747304,-21.084635
4.306250,101.464592,-2.469271,-30.867157,-20.138332,5.958523,-20.819126
4.312500,104.414452,-2.474834,-37.379456,-19.878578,9.831795,-20.532385
4.318750,106.074013,-2.479889,-43.109711,-19.611853,14.099750,-20.236149
4.325000,106.008232,-2.485372,-47.864017,-19.357254,18.458767,-19.947060
4.331250,103.877510,-2.491345,-51.510006,-19.135815,22.594681,-19.680744
4.337500,99.451302,-2.496798,-53.960823,-18.980358,26.232698,-19.444124
4.343750,92.610580,-2.501124,-55.215813,-18.868158,29.135015,-19.205561
4.350000,83.350624,-2.504491,-54.333447,-18.787758,31.009781,-19.036913
4.356250,71.790962,-2.506903,-52.150932,-18.806028,33.347343,-18.953207
4.362500,58.168499,-2.507771,-48.533226,-18.926868,34.975044,-18.963602
4.368750,42.822289,-2.507424,-43.555607,-19.144939,36.273960,-19.093922
4.375000,26.173582,-2.506541,-37.422199,-19.449972,37.573269,-19.313047
4.381250,8.713869,-2.505154,-30.409296,-19.823267,38.763908,-19.574173
4.387500,-9.020080,-2.502661,-22.839205,-20.240849,40.714417,-19.882961
4.393750,-26.482756,-2.499224,-15.107126,-20.684305,41.755089,-20.279043
4.400000,-43.148663,-2.495944,-7.661683,-21.141378,43.550922,-20.742630
4.406250,-58.525711,-2.493083,-0.609117,-21.595341,45.615669,-21.244493
4.412500,-72.181435,-2.489937,5.992270,-22.031464,47.644272,-21.763111
4.418750,-83.773979,-2.486368,11.843171,-22.440573,49.414402,-22.282358
4.425000,-93.070953,-2.483354,16.769543,-22.776480,50.807213,-22.764313
4.431250,-99.952820,-2.481330,20.726994,-23.021828,51.840218,-23.170790
4.437500,-104.414391,-2.479759,23.432865,-23.186989,52.314426,-23.494968
4.443750,-106.574387,-2.478362,24.916777,-23.278973,52.190697,-23.729248
4.450000,-106.673492,-2.477951,25.357830,-23.299311,51.581059,-23.865326
4.456250,-105.053940,-2.479150,25.011745,-23.251160,50.648537,-23.899782
4.462500,-102.137032,-2.481246,24.203941,-23.142550,49.572937,-23.835945
4.468750,-98.409821,-2.483669,23.330259,-22.989368,48.570293,-23.689243
4.475000,-94.407578,-2.486793,20.982203,-22.801851,47.910347,-23.470110
4.481250,-88.510895,-2.490772,19.361956,-22.567589,46.256992,-23.142498
4.487500,-82.610085,-2.494949,18.307211,-22.313757,45.312351,-22.753126
4.493750,-76.703705,-2.498915,17.621222,-22.064341,44.685265,-22.335258
4.500000,-70.797226,-2.503640,17.233007,-21.833515,44.153728,-21.913439
4.506250,-64.893448,-2.509883,17.101231,-21.625479,43.518528,-21.505243
4.512500,-58.984802,-2.516647,17.179356,-21.432741,42.580963,-21.122520
4.518750,-53.063713,-2.522470,17.403147,-21.222092,41.122284,-20.775841
4.525000,-47.132938,-2.527236,17.685272,-21.009623,38.877560,-20.494074
4.531250,-41.201263,-2.532061,19.137266,-20.861759,35.468777,-20.291759
4.537500,-35.272041,-2.537389,20.991034,-20.736673,32.175800,-20.122709
4.543750,-29.338049,-2.542589,21.758223,-20.606947,27.506065,-20.007101
4.550000,-23.395681,-2.546798,23.121115,-20.496202,21.846376,-19.926453
4.556250,-17.447638,-2.550027,24.628239,-20.426882,15.518836,-19.911760
4.562500,-11.497804,-2.552743,25.950741,-20.418383,9.394985,-20.007532
4.568750,-5.546975,-2.554951,26.778570,-20.494797,3.385119,-20.212521
4.575000,0.406051,-2.556360,26.817081,-20.699120,-2.305818,-20.467480
4.581250,6.362518,-2.556628,25.822523,-20.999157,-7.568112,-20.771496
4.587500,12.319648,-2.555655,24.725935,-21.371513,-11.781760,-21.142315
4.593750,18.275204,-2.553706,22.869638,-21.845783,-14.789425,-21.575420
4.600000,24.226780,-2.551029,20.286852,-22.427580,-16.574408,-22.052498
4.606250,30.174126,-2.547440,16.956442,-23.177376,-17.279474,-22.574078
4.612500,36.116505,-2.542983,13.146516,-23.974838,-17.210548,-23.135958
4.618750,42.050045,-2.538493,9.105376,-24.842514,-16.495829,-23.714804
4.625000,47.972004,-2.534750,4.747080,-25.763954,-15.418989,-24.294771
4.631250,53.887325,-2.531256,0.317378,-26.707203,-14.316155,-24.861761
4.637500,59.801125,-2.527035,-3.933273,-27.631151,-13.554225,-25.401602
4.643750,65.710762,-2.522382,-7.758159,-28.485226,-13.505561,-25.881443
4.650000,71.607536,-2.518819,-12.842057,-29.212206,-14.533698,-26.258417
4.656250,77.489937,-2.517281,-15.276277,-29.770702,-16.971079,-26.512440
4.662500,83.365173,-2.517403,-17.034966,-30.154774,-19.286837,-26.685877
4.668750,89.239746,-2.518748,-18.064367,-30.337082,-23.008724,-26.752270
4.675000,95.114128,-2.521504,-18.325005,-30.302465,-27.801159,-26.700897
4.681250,99.094101,-2.525603,-17.907015,-30.050625,-33.433556,-26.530695
4.687500,102.804825,-2.530514,-16.980198,-29.602179,-39.666061,-26.251299
4.693750,105.713356,-2.536332,-15.765388,-28.993576,-46.225227,-25.875151
4.700000,107.324684,-2.543941,-14.519855,-28.264027,-52.770618,-25.407513
4.706250,107.213448,-2.553333,-13.702367,-27.409990,-58.933765,-24.843056
4.712500,105.048668,-2.562928,-13.642548,-26.473572,-64.316299,-24.207140
4.718750,100.598495,-2.571373,-14.570151,-25.517542,-70.268845,-23.582792
4.725000,93.733490,-2.579142,-14.911094,-24.616333,-75.293777,-22.984711
4.731250,84.445778,-2.587133,-16.315308,-23.795906,-79.582954,-22.450792
4.737500,72.859581,-2.594837,-18.520733,-23.075523,-83.302521,-21.957874
4.743750,59.217777,-2.601090,-21.341146,-22.468758,-86.858673,-21.499891
4.750000,43.857121,-2.606045,-24.567928,-21.974129,-88.136551,-21.080332
4.756250,27.197094,-2.610577,-27.950006,-21.553347,-88.740120,-20.761517
4.762500,9.729450,-2.614586,-31.227661,-21.235579,-88.012970,-20.550291
4.768750,-8.008419,-2.617470,-32.958405,-21.041580,-85.927635,-20.423389
4.775000,-25.472244,-2.619251,-33.601646,-20.927382,-82.182289,-20.366291
4.781250,-42.134285,-2.620526,-32.603237,-20.856314,-76.519447,-20.372488
4.787500,-57.504341,-2.621772,-31.386398,-20.760031,-68.744476,-20.430788
4.793750,-71.154091,-2.623060,-28.208904,-20.698406,-60.467224,-20.485229
4.800000,-82.741806,-2.624489,-23.482668,-20.632616,-50.196171,-20.546421
4.806250,-92.028831,-2.626096,-17.533279,-20.554581,-38.673817,-20.608160
4.812500,-98.893127,-2.627739,-10.888038,-20.462576,-26.526505,-20.657722
4.818750,-103.334160,-2.629589,-4.082343,-20.356468,-14.361560,-20.678253
4.825000,-105.475723,-2.632300,2.346262,-20.242136,-2.735566,-20.671825
4.831250,-105.552597,-2.635725,10.037278,-20.134333,7.845829,-20.656422
4.837500,-103.899055,-2.638523,17.180981,-20.049755,16.944130,-20.637287
4.843750,-100.940498,-2.640219,22.102486,-19.968025,24.519653,-20.555859
4.850000,-97.178246,-2.641998,26.689651,-19.892893,30.225422,-20.448336
4.856250,-93.150223,-2.645155,30.431648,-19.842865,33.896294,-20.334158
4.862500,-87.229462,-2.649030,33.047134,-19.825926,35.688950,-20.224527
4.868750,-81.300064,-2.652041,34.403652,-19.832424,35.885975,-20.120602
4.875000,-75.363129,-2.654040,34.464214,-19.842176,34.838512,-20.022354
4.881250,-69.428108,-2.656014,33.277737,-19.835136,32.892132,-19.935314
4.887500,-63.497807,-2.658403,31.195217,-19.840952,30.412743,-19.864378
4.893750,-57.568314,-2.660949,28.494965,-19.852196,27.781961,-19.813866
4.900000,-51.637058,-2.663497,25.294098,-19.864702,25.365078,-19.781965
4.906250,-45.704765,-2.666091,21.893476,-19.880451,23.493240,-19.756351
4.912500,-39.771461,-2.668555,18.508963,-19.881575,22.444658,-19.710371
4.918750,-33.836246,-2.670775,15.408237,-19.878069,22.600384,-19.677551
4.925000,-27.901510,-2.673235,12.980258,-19.893200,24.580282,-19.679426
4.931250,-21.966669,-2.675955,11.410812,-19.943808,26.096075,-19.706936
4.937500,-16.027704,-2.678026,10.796020,-20.038906,28.621674,-19.761528
4.943750,-10.081282,-2.678662,11.158353,-20.184889,31.778757,-19.848995
4.950000,-4.134673,-2.678542,12.475286,-20.380325,35.188606,-19.973955
4.956250,1.806316,-2.678635,14.684258,-20.617109,38.488686,-20.142620
4.962500,7.743374,-2.678599,15.762950,-20.879084,41.299458,-20.396376
4.968750,13.682723,-2.677648,19.332577,-21.146667,43.232010,-20.603083
4.975000,19.621849,-2.676178,23.116959,-21.444490,44.869705,-20.853418
4.981250,25.555901,-2.674849,26.899223,-21.751482,45.336559,-21.154993
4.987500,31.486944,-2.673128,30.524961,-22.054625,44.709362,-21.499907
4.993750,37.419426,-2.670250,33.720341,-22.347878,42.915955,-21.882929
5.000000,43.347839,-2.666903,36.261127,-22.621307,39.890980,-22.297186
5.006250,49.264709,-2.664457,37.990337,-22.861698,35.589939,-22.731195
5.012500,55.172306,-2.663067,38.791592,-23.049713,31.792416,-23.130722
5.018750,61.079937,-2.661737,38.587337,-23.158760,26.736086,-23.455547
5.025000,66.988724,-2.660132,37.492901,-23.214308,20.739334,-23.767765
5.031250,72.893967,-2.658905,35.591927,-23.227858,14.379013,-24.041321
5.037500,78.792824,-2.658324,33.060310,-23.199011,8.189941,-24.259438
5.043750,84.689827,-2.658162,29.938065,-23.157692,2.494391,-24.415203
5.050000,90.584587,-2.658822,26.238487,-23.124392,-2.411054,-24.503595
5.056250,96.475822,-2.660693,23.028154,-23.030603,-6.205408,-24.512230
5.062500,100.473495,-2.662978,19.507811,-22.947195,-8.621121,-24.438202
5.068750,104.205292,-2.664557,16.085773,-22.896418,-9.502856,-24.289261
5.075000,107.133316,-2.665885,11.255391,-22.880829,-8.694346,-24.072758
5.081250,108.755630,-2.668674,7.018236,-22.887474,-6.054871,-23.794729
5.087500,108.646385,-2.673187,3.218241,-22.899370,-1.490811,-23.468054
5.093750,106.477631,-2.677851,-0.180765,-22.927113,4.987472,-23.114912
5.100000,102.015755,-2.681841,-3.251892,-22.959488,13.196734,-22.754856
5.106250,95.131424,-2.686145,-6.236440,-22.974415,22.620001,-22.361071
5.112500,85.818893,-2.691648,-9.245127,-22.953033,32.960304,-21.967857
5.118750,74.206856,-2.697473,-12.341518,-22.884706,43.918941,-21.600243
5.125000,60.537373,-2.702718,-15.578941,-22.764334,54.921715,-21.272928
5.131250,45.147743,-2.707781,-18.976456,-22.587967,65.332321,-20.991011
5.137500,28.458742,-2.713520,-22.531092,-22.356300,74.522591,-20.749317
5.143750,10.965622,-2.719687,-24.068130,-22.073847,81.917702,-20.493881
5.150000,-6.794453,-2.725596,-24.936493,-21.753740,87.059235,-20.377041
5.156250,-24.274227,-2.731050,-26.506117,-21.398342,91.072952,-20.259371
5.162500,-40.944084,-2.736193,-26.626139,-21.012808,93.019958,-20.177729
5.168750,-56.312241,-2.740856,-25.564951,-20.624279,92.934456,-20.140284
5.175000,-69.950729,-2.744665,-23.574966,-20.255125,91.303123,-20.143353
5.181250,-81.520164,-2.747544,-20.896696,-19.923096,88.729446,-20.174109
5.187500,-90.785797,-2.749630,-17.815819,-19.645456,85.906723,-20.217474
5.193750,-97.627312,-2.751019,-14.653873,-19.439623,81.499092,-20.300646
5.200000,-102.046852,-2.751866,-11.734337,-19.324907,77.756889,-20.549906
5.206250,-104.166557,-2.752621,-7.159749,-19.305382,75.001534,-20.696123
5.212500,-104.222908,-2.753269,-4.295475,-19.350107,71.996941,-20.869602
5.218750,-102.553261,-2.753341,-1.304931,-19.461042,70.026108,-21.081520
5.225000,-99.584351,-2.752493,1.448374,-19.612183,68.933632,-21.326715
5.231250,-95.810799,-2.750770,3.770002,-19.780685,68.493523,-21.598059
5.237500,-91.769257,-2.748683,4.339438,-20.045778,68.360687,-21.900002
5.243750,-85.840164,-2.746812,3.775468,-20.353657,68.150078,-22.231041
5.250000,-79.919891,-2.745830,1.689648,-20.684277,67.526382,-22.579674
5.256250,-74.004761,-2.745651,-0.096839,-21.021336,66.134827,-22.936306
5.262500,-68.087669,-2.745016,-3.229367,-21.349846,63.661217,-23.289026
5.268750,-62.167679,-2.743411,-7.356019,-21.663334,59.825024,-23.619648
5.275000,-56.254608,-2.742341,-12.114614,-21.957191,54.351078,-23.907503
5.281250,-50.354694,-2.743355,-17.199112,-22.224949,47.089989,-24.136379
5.287500,-44.460167,-2.745709,-22.336374,-22.459402,38.287136,-24.343050
5.293750,-38.557873,-2.747430,-27.283686,-22.654999,28.060440,-24.505440
5.300000,-32.650383,-2.748592,-31.817417,-22.803625,16.520638,-24.605402
5.306250,-26.750286,-2.751065,-35.725250,-22.894756,4.035079,-24.631363
5.312500,-20.859526,-2.755641,-38.854961,-22.922768,-8.951378,-24.578680
5.318750,-14.966620,-2.761181,-41.112305,-22.883205,-21.962170,-24.444347
5.325000,-9.064559,-2.766941,-42.438992,-22.772593,-34.502445,-24.222927
5.331250,-3.156699,-2.773415,-42.869537,-22.601807,-46.130726,-23.913288
5.337500,2.755478,-2.780556,-40.387466,-22.423038,-56.809757,-23.572552
5.343750,8.678339,-2.787087,-38.050613,-22.170990,-65.682472,-23.189747
5.350000,14.612683,-2.792533,-34.109135,-21.913223,-72.887199,-22.810768
5.356250,20.550823,-2.797867,-28.891579,-21.678833,-78.247185,-22.473827
5.362500,26.490374,-2.803414,-22.647711,-21.490734,-81.684349,-22.216633
5.368750,32.438152,-2.807876,-15.681994,-21.363329,-83.316574,-22.035763
5.375000,38.396912,-2.810227,-8.312607,-21.299751,-83.434097,-21.916372
5.381250,44.358978,-2.811312,-0.894211,-21.293049,-82.152130,-21.741241
5.387500,50.316914,-2.811711,6.170762,-21.338102,-80.096451,-21.778711
5.393750,56.273666,-2.810871,12.616731,-21.460884,-76.207497,-21.916243
5.400000,62.231541,-2.808181,18.372766,-21.649996,-71.973442,-22.141962
5.406250,68.183464,-2.804657,23.253923,-21.884731,-67.677551,-22.459028
5.412500,74.122780,-2.801502,27.062605,-22.137508,-63.484085,-22.802607
5.418750,80.053810,-2.798151,29.659304,-22.384081,-59.369282,-23.143257
5.425000,85.981361,-2.794074,30.943829,-22.603138,-55.806396,-23.472511
5.431250,91.901443,-2.790112,30.963436,-22.775532,-52.852142,-23.770027
5.437500,97.808136,-2.787484,29.944979,-22.885334,-50.459053,-24.007828
5.443750,101.809242,-2.786429,28.246004,-22.922745,-48.575752,-24.162361
5.450000,105.533852,-2.786591,26.221928,-22.876503,-47.145748,-24.220367
5.456250,108.452354,-2.787833,24.267958,-22.741121,-46.018314,-24.173212
5.462500,110.073196,-2.790051,20.930758,-22.524843,-45.017059,-24.035479
5.468750,109.972389,-2.792621,18.297329,-22.242338,-43.954685,-23.831369
5.475000,107.808708,-2.795619,16.351446,-21.893293,-42.088512,-23.487019
5.481250,103.340599,-2.800169,15.044574,-21.494629,-39.643913,-23.081718
5.487500,96.448212,-2.806483,14.169837,-21.079113,-36.462391,-22.656389
5.493750,87.141251,-2.812937,13.599890,-20.676254,-32.249741,-22.243423
5.500000,75.547951,-2.817970,13.265291,-20.306122,-26.769922,-21.868000
5.506250,61.898693,-2.822111,13.120698,-19.979933,-19.857338,-21.544594
5.512500,46.523949,-2.826638,13.109398,-19.692530,-11.505042,-21.236645
5.518750,29.852404,-2.831102,13.181038,-19.411493,-2.016983,-21.001127
5.525000,12.384607,-2.834322,13.028710,-19.236979,7.889370,-20.853170
5.531250,-5.348579,-2.836101,13.024040,-19.129795,18.454800,-20.782267
5.537500,-22.808369,-2.837331,13.100183,-19.084282,29.176825,-20.776201
5.543750,-39.463764,-2.838054,13.006199,-19.106236,39.510204,-20.821047
5.550000,-54.820251,-2.837822,12.518243,-19.200991,49.021286,-20.946720
5.556250,-68.450500,-2.836645,11.463496,-19.375431,57.481075,-21.181227
5.562500,-80.017555,-2.834773,9.702991,-19.638016,64.978516,-21.419172
5.568750,-89.284752,-2.832228,7.220937,-19.960720,70.931953,-21.700563
5.575000,-96.130501,-2.828878,6.221588,-20.335917,75.273727,-22.026661
5.581250,-100.557816,-2.825284,3.296806,-20.763962,78.227219,-22.384497
5.587500,-102.689514,-2.821790,0.589083,-21.240395,80.105820,-22.743574
5.593750,-102.761276,-2.818115,-1.927464,-21.764666,81.165916,-23.138205
5.600000,-101.113029,-2.814508,-4.223502,-22.314337,79.746582,-23.531569
5.606250,-98.174950,-2.811835,-6.194923,-22.862757,78.120583,-23.910501
5.612500,-94.438766,-2.810218,-7.894013,-23.396395,76.004150,-24.273882
5.618750,-90.428871,-2.808380,-9.338264,-23.900534,73.276909,-24.619921
5.625000,-84.521309,-2.805788,-10.510443,-24.359577,69.857658,-24.947729
5.631250,-78.621452,-2.804162,-11.377679,-24.754562,65.682312,-25.248955
5.637500,-72.735207,-2.804921,-11.907070,-25.065115,60.625896,-25.485893
5.643750,-66.851669,-2.807026,-11.812897,-25.267698,56.535141,-25.627151
5.650000,-60.959991,-2.808641,-10.848297,-25.338856,51.875866,-25.644007
5.656250,-55.063908,-2.810355,-9.194526,-25.290213,46.500126,-25.629837
5.662500,-49.174152,-2.813563,-7.105968,-25.131264,41.113205,-25.540520
5.668750,-43.290302,-2.818685,-4.673526,-24.860569,36.107246,-25.363222
5.675000,-37.402134,-2.824713,-2.107018,-24.491390,31.678904,-25.099558
5.681250,-31.504616,-2.830921,0.323358,-24.044727,27.989653,-24.754730
5.687500,-25.601233,-2.837408,2.353488,-23.552647,25.214338,-24.335163
5.693750,-19.692692,-2.843986,3.655540,-23.047480,23.572296,-23.863636
5.700000,-13.778074,-2.850320,3.618371,-22.497093,23.484253,-23.368206
5.706250,-7.860652,-2.856950,4.185267,-21.964180,23.166809,-22.872530
5.712500,-1.942162,-2.864610,3.816921,-21.491436,24.187265,-22.410242
5.718750,3.982575,-2.872200,2.712302,-21.102001,26.102655,-22.012089
5.725000,9.921015,-2.878246,1.061499,-20.805538,28.429346,-21.680683
5.731250,15.870698,-2.882516,-0.958309,-20.602526,32.479450,-21.389975
5.737500,21.820677,-2.886179,-3.182658,-20.480375,36.251389,-21.130342
5.743750,27.768078,-2.889498,-5.475965,-20.418491,39.208305,-21.005804
5.750000,33.718845,-2.891431,-7.827298,-20.428762,41.580647,-20.974600
5.756250,39.672840,-2.891739,-10.276450,-20.503748,43.313683,-21.021057
5.762500,45.623791,-2.891278,-10.460469,-20.618618,44.191166,-21.131962
5.768750,51.566360,-2.890621,-11.560877,-20.746677,44.007668,-21.302546
5.775000,57.504108,-2.889412,-11.455952,-20.862583,42.542336,-21.511620
5.781250,63.438313,-2.887643,-10.320758,-20.955397,40.716549,-21.701424
5.787500,69.364555,-2.886159,-8.425830,-21.020136,37.753204,-21.904573
5.793750,75.281097,-2.885703,-5.998889,-21.046135,33.949024,-22.108620
5.800000,81.192108,-2.886018,-3.303672,-21.024967,29.468939,-22.292824
5.806250,87.101624,-2.886793,-0.644500,-20.954414,24.482548,-22.432775
5.812500,93.011200,-2.887747,1.661893,-20.837234,19.216141,-22.511333
5.818750,97.024162,-2.889088,3.319869,-20.681635,14.049631,-22.546886
5.825000,100.759872,-2.891430,6.216117,-20.509020,7.185979,-22.557472
5.831250,103.684753,-2.895850,8.745066,-20.362808,0.302440,-22.511528
5.837500,105.310867,-2.902134,11.338322,-20.207661,-6.484531,-22.398142
5.843750,105.221603,-2.908859,12.812688,-20.056507,-13.507924,-22.251942
5.850000,103.083542,-2.914221,14.704163,-19.951611,-20.790539,-22.098413
5.856250,98.654839,-2.918065,16.863222,-19.907328,-28.224703,-21.953770
5.862500,91.802101,-2.921553,19.185366,-19.926279,-35.697086,-21.833107
5.868750,82.522926,-2.925287,21.554546,-19.993704,-43.152599,-21.743769
5.875000,70.942184,-2.928468,23.954735,-20.085173,-50.620480,-21.671989
5.881250,57.300617,-2.930886,26.720041,-20.253973,-58.289246,-21.632662
5.887500,41.936512,-2.932577,29.830906,-20.471464,-64.025520,-21.633802
5.893750,25.275288,-2.933230,33.257774,-20.719666,-69.164055,-21.665531
5.900000,7.809216,-2.932770,35.242363,-20.999531,-73.328743,-21.716074
5.906250,-9.933723,-2.931949,37.570114,-21.329920,-76.147614,-21.789389
5.912500,-27.410902,-2.931574,39.934738,-21.688604,-79.294395,-21.889786
5.918750,-44.084724,-2.930902,42.446457,-22.040808,-81.202881,-21.999722
5.925000,-59.456978,-2.928943,44.432323,-22.414053,-82.281471,-22.113876
5.931250,-73.106766,-2.926526,45.681820,-22.815731,-82.840942,-22.234680
5.937500,-84.701195,-2.925149,46.114494,-23.238798,-83.133118,-22.363531
5.943750,-94.001083,-2.924641,45.719128,-23.665846,-83.354218,-22.499016
5.950000,-100.874718,-2.923731,44.758312,-24.079996,-83.721207,-22.645290
5.956250,-105.322266,-2.922619,43.501247,-24.461868,-84.680031,-22.698458
5.962500,-107.473915,-2.922628,41.951534,-24.794630,-83.679802,-22.775118
5.968750,-107.564751,-2.923588,40.095226,-25.066650,-82.850319,-22.852255
5.975000,-105.925461,-2.923698,37.952354,-25.265736,-81.729652,-22.924959
5.981250,-102.983917,-2.922801,35.565689,-25.384295,-79.892982,-22.992138
5.987500,-99.244026,-2.922752,32.984795,-25.415911,-76.970154,-23.052116
5.993750,-95.243950,-2.924694,30.289360,-25.356255,-72.645515,-23.101515
6.000000,-89.349854,-2.927529,27.556843,-25.204231,-66.705696,-23.137074
6.006250,-83.449295,-2.930259,24.885530,-24.953947,-59.081181,-23.133898
6.012500,-77.546181,-2.933406,22.370049,-24.585175,-50.048046,-23.086277
6.018750,-71.644913,-2.937539,19.987402,-24.161278,-40.096985,-23.026464
6.025000,-65.739609,-2.941797,17.673231,-23.707365,-29.160240,-22.954706
6.031250,-59.827236,-2.945639,16.057238,-23.236933,-17.646444,-22.881227
6.037500,-53.911942,-2.949677,15.036147,-22.787191,-6.116173,-22.820759
6.043750,-47.996105,-2.954256,14.518100,-22.400585,4.918422,-22.772577
6.050000,-42.075897,-2.958315,14.486693,-22.086830,15.148000,-22.703526
6.056250,-36.146816,-2.961362,15.003770,-21.856031,24.189301,-22.645061
6.062500,-30.216320,-2.964164,15.816630,-21.738876,31.746233,-22.624790
6.068750,-24.288052,-2.967119,14.903066,-21.747169,37.638348,-22.645983
6.075000,-18.356377,-2.969139,13.845732,-21.874889,41.859219,-22.706360
6.081250,-12.417607,-2.969303,14.252704,-22.096460,44.504356,-22.804373
6.087500,-6.481215,-2.968663,14.238646,-22.355379,45.700653,-22.924927
6.093750,-0.555317,-2.968709,13.764942,-22.633766,45.464924,-23.043907
6.100000,5.362288,-2.969420,12.296351,-22.940418,43.956726,-23.170116
6.106250,11.279866,-2.969964,10.143957,-23.221426,41.529423,-23.299742
6.112500,17.198574,-2.970228,7.297878,-23.442959,38.410263,-23.420742
6.118750,23.113344,-2.970797,3.693863,-23.583874,34.765556,-23.517015
6.125000,29.023506,-2.972069,-0.702210,-23.636335,30.755362,-23.568378
6.131250,34.930481,-2.974275,-3.710003,-23.602007,26.591446,-23.532068
6.137500,40.836945,-2.977472,-6.608166,-23.485907,22.869791,-23.475582
6.143750,46.746307,-2.981149,-10.606913,-23.281824,18.134283,-23.357468
6.150000,52.663078,-2.984276,-13.516597,-23.010178,13.641047,-23.185772
6.156250,58.586304,-2.986640,-15.421209,-22.698786,9.282935,-22.974104
6.162500,64.508850,-2.989182,-16.362955,-22.372028,5.079081,-22.737244
6.168750,70.427521,-2.992459,-16.377365,-22.048754,1.089724,-22.486820
6.175000,76.348770,-2.995669,-15.551380,-21.747637,-2.619082,-22.235224
6.181250,82.276497,-2.997808,-14.027447,-21.484608,-5.985128,-21.994841
6.187500,88.207466,-2.999223,-11.973774,-21.273165,-8.889631,-21.821959
6.193750,94.135330,-3.000614,-9.602186,-21.132797,-11.107689,-21.654333
6.200000,98.166870,-3.001703,-7.133359,-21.068306,-13.351098,-21.534674
6.206250,101.925438,-3.002161,-4.301590,-21.049614,-14.901095,-21.489721
6.212500,104.877106,-3.002354,-1.259753,-21.101225,-15.944471,-21.533442
6.218750,106.526184,-3.002767,1.721451,-21.216877,-16.654369,-21.693022
6.225000,106.447479,-3.003400,4.461483,-21.376934,-17.320787,-21.882795
6.231250,104.303207,-3.003978,6.684849,-21.589312,-17.248812,-22.142361
6.237500,99.856194,-3.004490,8.026133,-21.854881,-17.644577,-22.481781
6.243750,92.985680,-3.004704,8.436816,-22.153608,-18.354736,-22.888336
6.250000,83.692230,-3.004359,9.960505,-22.470840,-19.371935,-23.344168
6.256250,72.095322,-3.003939,11.126063,-22.796814,-20.681532,-23.828131
6.262500,58.427383,-3.004226,10.471048,-23.126322,-22.227974,-24.318405
6.268750,43.032764,-3.004862,10.089337,-23.447985,-23.802750,-24.771305
6.275000,26.344732,-3.004566,9.953793,-23.739861,-24.923559,-25.176083
6.281250,8.855682,-3.003057,9.970177,-23.993732,-25.543104,-25.525835
6.287500,-8.913124,-3.002006,9.999682,-24.206804,-25.528606,-25.804630
6.293750,-26.421295,-3.002703,9.974987,-24.372236,-24.568304,-25.996717
6.300000,-43.126911,-3.004317,9.874876,-24.477854,-22.326994,-26.086269
6.306250,-58.528210,-3.005571,9.677139,-24.509264,-18.525999,-26.059158
6.312500,-72.201614,-3.006781,9.339045,-24.450853,-12.992189,-25.902292
6.318750,-83.814171,-3.009077,8.777719,-24.298540,-5.742597,-25.644527
6.325000,-93.127678,-3.012404,9.956754,-24.084560,2.892868,-25.329422
6.331250,-100.014046,-3.016129,11.433151,-23.817080,12.636477,-24.926388
6.337500,-104.472794,-3.020363,11.943070,-23.484417,23.166954,-24.470497
6.343750,-106.628433,-3.025515,13.459743,-23.109701,34.156845,-24.004587
6.350000,-106.714996,-3.031055,15.669391,-22.723396,45.002026,-23.563690
6.356250,-105.067612,-3.035946,18.323112,-22.353306,55.026325,-23.177099
6.362500,-102.114250,-3.040052,21.193459,-22.022263,63.555542,-22.860466
6.368750,-98.353584,-3.043780,24.057100,-21.747202,69.952324,-22.569345
6.375000,-94.319214,-3.047035,26.678246,-21.540541,73.650154,-22.410275
6.381250,-88.387955,-3.049558,28.761354,-21.448223,75.183395,-22.372316
6.387500,-82.455841,-3.051568,31.388378,-21.400415,73.733276,-22.451292
6.393750,-76.525650,-3.053279,33.252182,-21.444929,69.487640,-22.615061
6.400000,-70.595062,-3.054281,34.746292,-21.587147,62.817116,-22.787550
6.406250,-64.663940,-3.054229,35.850971,-21.819317,54.034603,-23.040705
6.412500,-58.736832,-3.054033,36.515770,-22.126242,42.319866,-23.360344
6.418750,-52.817459,-3.054611,36.676498,-22.492344,29.145494,-23.705429
6.425000,-46.901287,-3.055428,36.290070,-22.891703,14.963981,-24.043924
6.431250,-40.982697,-3.055678,35.345161,-23.295265,0.318167,-24.345957
6.437500,-35.064381,-3.055620,33.809170,-23.674429,-14.255445,-24.584572
6.443750,-29.152428,-3.056454,33.838192,-23.995817,-28.236252,-24.730013
6.450000,-23.245443,-3.058367,32.150139,-24.237064,-41.239067,-24.802105
6.456250,-17.337311,-3.060534,30.762861,-24.398790,-53.142693,-24.840899
6.462500,-11.425623,-3.062787,29.573750,-24.476547,-61.996826,-24.763998
6.468750,-5.513254,-3.065321,28.544853,-24.466324,-69.224518,-24.616169
6.475000,0.401044,-3.067911,27.592468,-24.372126,-74.155464,-24.431932
6.481250,6.319667,-3.070036,26.602383,-24.213741,-76.545639,-24.238976
6.487500,12.238563,-3.072200,25.457836,-24.022163,-76.293823,-24.060446
6.493750,18.155491,-3.074974,24.164885,-23.809813,-73.334084,-23.885826
6.500000,24.073683,-3.077630,22.826628,-23.582153,-69.594177,-23.707012
6.506250,29.998199,-3.079383,19.504566,-23.359243,-63.719093,-23.528036
6.512500,35.924557,-3.080654,15.808009,-23.160233,-56.276962,-23.398722
6.518750,41.845863,-3.082543,13.313143,-23.021181,-47.928814,-23.314945
6.525000,47.764584,-3.084983,10.252716,-22.947376,-39.514553,-23.264853
6.531250,53.688416,-3.086777,6.844233,-22.934958,-31.670015,-23.240782
6.537500,59.618011,-3.087593,3.235931,-22.977999,-24.948627,-23.237576
6.543750,65.545250,-3.088400,-0.446182,-23.068264,-19.820135,-23.255636
6.550000,71.466698,-3.089721,-4.080749,-23.193703,-16.688438,-23.282387
6.556250,77.388634,-3.090970,-7.519025,-23.326715,-14.099597,-23.289444
6.562500,83.312729,-3.091818,-10.550598,-23.401520,-13.643717,-23.294384
6.568750,89.236473,-3.092543,-12.357391,-23.523222,-14.844420,-23.296957
6.575000,95.158447,-3.093251,-14.720366,-23.632490,-17.283367,-23.312376
6.581250,99.184250,-3.093694,-15.884080,-23.715029,-20.501329,-23.334522
6.587500,102.934761,-3.094408,-16.042112,-23.769579,-23.797512,-23.354780
6.593750,105.875763,-3.095973,-15.364245,-23.800539,-28.571062,-23.379513
6.600000,107.518135,-3.097716,-14.017521,-23.813211,-32.662445,-23.412640
6.606250,107.440338,-3.098644,-12.156259,-23.809111,-36.059978,-23.453585
6.612500,105.298607,-3.099066,-9.944660,-23.790768,-38.773449,-23.500959
6.618750,100.847870,-3.100252,-7.567665,-23.758499,-40.841312,-23.551107
6.625000,93.966774,-3.102614,-5.206287,-23.712307,-42.320244,-23.599081
6.631250,84.661552,-3.105174,-0.894086,-23.654875,-43.295410,-23.647053
6.637500,73.058624,-3.107538,1.932213,-23.585537,-41.971630,-23.645790
6.643750,59.390175,-3.110387,5.260731,-23.491669,-42.615585,-23.611237
6.650000,43.994610,-3.114143,8.871413,-23.361483,-42.783661,-23.559525
6.656250,27.304546,-3.117882,12.418494,-23.198069,-42.892185,-23.483383
6.662500,9.815478,-3.120854,15.565397,-23.000860,-43.184338,-23.374653
6.668750,-7.944023,-3.123479,18.055763,-22.758682,-43.923901,-23.224752
6.675000,-25.432360,-3.126326,19.593889,-22.479544,-45.459473,-23.055826
6.681250,-42.116703,-3.129578,19.813356,-22.185213,-45.998695,-22.888010
6.687500,-57.501762,-3.132955,20.715893,-21.883755,-47.083012,-22.729137
6.693750,-71.158882,-3.136459,20.784742,-21.602083,-48.442917,-22.592405
6.700000,-82.746231,-3.139539,20.312643,-21.363129,-49.876266,-22.507221
6.706250,-92.024559,-3.141528,19.203396,-21.122089,-51.076744,-22.477943
6.712500,-98.875938,-3.142729,17.958006,-20.938211,-51.515827,-22.491348
6.718750,-103.306465,-3.143945,16.869509,-20.840555,-51.247627,-22.575954
6.725000,-105.437904,-3.145496,16.028677,-20.840178,-50.108868,-22.725887
6.731250,-105.501450,-3.146618,15.451464,-20.939079,-47.810997,-22.938814
6.737500,-103.835564,-3.146712,15.111753,-21.127174,-45.978851,-23.239895
6.743750,-100.871109,-3.146089,14.921259,-21.400471,-43.125172,-23.593523
6.750000,-97.105087,-3.145242,14.686635,-21.780863,-39.654663,-23.963333
6.756250,-93.069466,-3.144297,16.570381,-22.184431,-35.859699,-24.309759
6.762500,-87.142014,-3.143461,17.434259,-22.609135,-32.107361,-24.623913
6.768750,-81.217896,-3.142889,18.883043,-23.056997,-28.815819,-24.893620
6.775000,-75.294540,-3.142009,20.773386,-23.511734,-24.055727,-25.101524
6.781250,-69.369728,-3.140432,22.940985,-23.954771,-19.445011,-25.236664
6.787500,-63.447723,-3.138581,25.195330,-24.366547,-14.710993,-25.292213
6.793750,-57.533394,-3.137567,27.331175,-24.729439,-9.575102,-25.264671
6.800000,-51.626568,-3.137640,29.143284,-25.028088,-3.770644,-25.152981
6.806250,-45.720413,-3.137976,30.439081,-25.250006,2.951327,-24.958109
6.812500,-39.812489,-3.138629,31.043640,-25.387669,10.809643,-24.669994
6.818750,-33.906384,-3.140204,32.965927,-25.444160,17.890104,-24.310776
6.825000,-28.001852,-3.142563,34.683674,-25.456621,24.869610,-23.935371
6.831250,-22.092594,-3.144797,34.808846,-25.377470,32.457092,-23.553238
6.837500,-16.178835,-3.146780,35.615669,-25.240307,39.789635,-23.208872
6.843750,-10.267583,-3.149713,36.664680,-25.078316,46.215443,-22.944134
6.850000,-4.358478,-3.153805,37.914330,-24.910963,50.996510,-22.735992
6.856250,1.556647,-3.157643,39.338173,-24.751581,55.559181,-22.616474
6.862500,7.482162,-3.160043,40.905441,-24.607786,58.052811,-22.602081
6.868750,13.410708,-3.161837,42.607555,-24.475348,58.711143,-22.687298
6.875000,19.333519,-3.164099,44.452332,-24.335531,57.827770,-22.856138
6.881250,25.252569,-3.166862,44.603764,-24.174179,55.788349,-23.069141
6.887500,31.173483,-3.169434,45.222603,-24.059587,52.928253,-23.308146
6.893750,37.097099,-3.171578,45.702984,-23.971991,49.301804,-23.580338
6.900000,43.021133,-3.173431,45.601143,-23.928049,45.569511,-23.838093
6.906250,48.945053,-3.174768,44.688885,-23.909937,42.280476,-24.041824
6.912500,54.867928,-3.175676,43.598751,-23.862738,37.948502,-24.168419
6.918750,60.785267,-3.177114,41.539871,-23.826256,34.537159,-24.207495
6.925000,66.696609,-3.179579,38.630455,-23.795910,31.824032,-24.153843
6.931250,72.608131,-3.182470,35.068100,-23.728819,29.586418,-24.004541
6.937500,78.523987,-3.185189,30.869879,-23.685068,27.540627,-23.774734
6.943750,84.442314,-3.187984,26.143684,-23.653498,25.311281,-23.508137
6.950000,90.361496,-3.190898,21.665447,-23.611183,24.382507,-23.191936
6.956250,96.283730,-3.193237,17.543385,-23.545223,22.479111,-22.825140
6.962500,100.315742,-3.194569,13.844324,-23.447687,20.110584,-22.454018
6.968750,104.071754,-3.196110,10.575767,-23.321520,17.400879,-22.108932
6.975000,107.014221,-3.198900,7.725564,-23.173449,14.353324,-21.810909
6.981250,108.657806,-3.202291,5.319756,-23.005932,10.966864,-21.571383
6.987500,108.584496,-3.204844,3.374821,-22.821074,7.219288,-21.393902
6.993750,106.452766,-3.206129,1.883914,-22.615622,3.070995,-21.268139
7.000000,102.016205,-3.207210,0.823917,-22.377184,-1.556900,-21.187195
7.006250,95.148346,-3.209039,0.114605,-22.077892,-4.784360,-21.184168
7.012500,85.852913,-3.211458,1.608412,-21.803732,-8.095757,-21.245487
7.018750,74.256416,-3.214224,3.503308,-21.587965,-11.000102,-21.348852
7.025000,60.597618,-3.216920,4.730161,-21.348423,-13.151879,-21.493977
7.031250,45.217491,-3.219310,7.294064,-21.129665,-13.980443,-21.713205
7.037500,28.541658,-3.221483,10.440290,-20.974066,-14.824792,-21.955111
7.043750,11.061060,-3.223938,13.822688,-20.915792,-14.709672,-22.252684
7.050000,-6.691943,-3.226653,17.143829,-20.979488,-13.917295,-22.616282
7.056250,-24.166838,-3.228743,20.171743,-21.168547,-12.626706,-23.049637
7.062500,-40.828541,-3.229445,24.916126,-21.471682,-11.031874,-23.555811
7.068750,-56.189651,-3.229221,27.848362,-21.892546,-9.340668,-24.161116
7.075000,-69.829460,-3.228809,30.893158,-22.414303,-7.626299,-24.760872
7.081250,-81.406433,-3.228138,33.908173,-22.983057,-7.597661,-25.359640
7.087500,-90.680161,-3.226570,36.751892,-23.582169,-8.358995,-25.969124
7.093750,-97.529991,-3.224133,38.376541,-24.241413,-8.340741,-26.576067
7.100000,-101.960114,-3.221282,39.248840,-24.897152,-9.362196,-27.155338
7.106250,-104.094063,-3.218248,39.111023,-25.519535,-11.313138,-27.678373
7.112500,-104.168846,-3.215384,37.710651,-26.098333,-14.046074,-28.114668
7.118750,-102.526474,-3.213049,34.781784,-26.600574,-17.365540,-28.429029
7.125000,-99.592300,-3.211401,31.979107,-26.969423,-21.003096,-28.569756
7.131250,-95.854614,-3.209849,28.075846,-27.221634,-26.725174,-28.550053
7.137500,-91.845345,-3.208311,23.466719,-27.368933,-32.417675,-28.392708
7.143750,-85.947624,-3.207796,18.427179,-27.417292,-38.440311,-28.083841
7.150000,-80.058640,-3.209253,13.246942,-27.371815,-44.795403,-27.631907
7.156250,-74.171349,-3.211960,8.209286,-27.236982,-51.357040,-27.058014
7.162500,-68.275146,-3.214446,3.562785,-27.021917,-57.946781,-26.394445
7.168750,-62.372021,-3.216570,-0.492441,-26.741976,-64.381538,-25.690256
7.175000,-56.468960,-3.219253,-3.790718,-26.415764,-70.498703,-24.992762
7.181250,-50.567188,-3.222606,-6.193135,-26.063059,-76.434677,-24.279449
7.187500,-44.659950,-3.225807,-7.598904,-25.702265,-80.028534,-23.614531
7.193750,-38.745541,-3.228442,-7.930287,-25.339554,-82.648544,-23.042374
7.200000,-32.828548,-3.230786,-9.040039,-24.953627,-83.726173,-22.592901
7.206250,-26.910473,-3.233036,-7.370443,-24.630859,-82.737785,-22.251295
7.212500,-20.989834,-3.234773,-5.081774,-24.356070,-81.111832,-22.011333
7.218750,-15.066770,-3.236136,-2.095298,-24.133732,-77.609093,-21.929615
7.225000,-9.146504,-3.237972,1.367753,-23.957253,-72.312973,-21.974018
7.231250,-3.227650,-3.240341,5.093158,-23.818617,-65.681587,-22.122421
7.237500,2.695668,-3.242243,8.781298,-23.719740,-58.290016,-22.346663
7.243750,8.624917,-3.243263,12.089957,-23.667290,-50.722656,-22.606342
7.250000,14.553513,-3.244004,16.981544,-23.646915,-43.587173,-22.827354
7.256250,20.477636,-3.245089,20.004601,-23.647730,-37.631462,-23.072477
7.262500,26.398783,-3.246519,23.040871,-23.670303,-31.711519,-23.311697
7.268750,32.318848,-3.248211,25.795765,-23.724222,-27.159370,-23.485880
7.275000,38.238163,-3.250615,28.145098,-23.756004,-23.866018,-23.574409
7.281250,44.156349,-3.253760,29.996534,-23.764755,-21.887842,-23.582918
7.287500,50.078629,-3.256762,30.936964,-23.752499,-21.073872,-23.515045
7.293750,56.008148,-3.258556,30.923580,-23.693979,-21.160465,-23.375593
7.300000,61.941547,-3.259303,30.086720,-23.591524,-21.870792,-23.177975
7.306250,67.871521,-3.259745,28.994337,-23.483994,-22.931480,-22.943712
7.312500,73.793381,-3.260791,27.679077,-23.351915,-24.068674,-22.698416
7.318750,79.709579,-3.262708,26.407818,-23.197178,-25.054226,-22.470238
7.325000,85.624527,-3.265240,23.694630,-23.031097,-25.798622,-22.262209
7.331250,91.544853,-3.267435,21.705215,-22.835953,-26.252865,-22.095182
7.337500,95.576752,-3.268615,20.345343,-22.627272,-26.282057,-21.997606
7.343750,99.336548,-3.269082,19.340536,-22.431282,-25.949484,-21.982824
7.350000,102.285858,-3.269832,18.573193,-22.263090,-23.531446,-22.035297
7.356250,103.931152,-3.271331,17.971218,-22.128014,-20.824131,-22.130180
7.362500,103.851303,-3.273208,17.443966,-22.026552,-17.114536,-22.320446
7.368750,101.708420,-3.274845,16.876434,-21.952269,-14.296227,-22.568901
7.375000,97.264740,-3.276237,16.124254,-21.897825,-10.844640,-22.840818
7.381250,90.396286,-3.277682,17.137371,-21.859276,-7.010554,-23.102427
7.387500,81.101913,-3.279477,18.280277,-21.855215,-3.089247,-23.331087
7.393750,69.503090,-3.282026,19.623529,-21.882854,2.658413,-23.530188
7.400000,55.838379,-3.285182,21.174305,-21.912342,8.597075,-23.681438
7.406250,40.454441,-3.288023,23.211731,-21.964609,13.126139,-23.770636
7.412500,23.779490,-3.289810,25.738371,-22.054106,18.042128,-23.794413
7.418750,6.300519,-3.291073,28.598236,-22.190722,22.962399,-23.756058
7.425000,-11.455540,-3.292698,31.563890,-22.382044,27.507753,-23.665413
7.431250,-28.941410,-3.294776,34.398640,-22.631550,31.350622,-23.531509
7.437500,-45.618851,-3.296594,39.054600,-22.937073,34.241016,-23.353756
7.443750,-60.994865,-3.298007,43.971966,-23.285543,35.985821,-23.126360
7.450000,-74.644638,-3.299456,47.582134,-23.648384,36.302048,-22.887867
7.456250,-86.228844,-3.300601,51.641605,-24.067694,34.937679,-22.669697
7.462500,-95.505180,-3.300720,55.624992,-24.547304,32.007820,-22.484375
7.468750,-102.355301,-3.299766,59.436508,-25.086580,27.663956,-22.347269
7.475000,-106.784927,-3.298726,62.844948,-25.651188,22.141541,-22.261591
7.481250,-108.917122,-3.297783,65.789520,-26.217163,15.804354,-22.220034
7.487500,-108.984978,-3.296217,65.954445,-26.786936,9.008445,-22.223789
7.493750,-107.327423,-3.293750,64.813507,-27.348072,2.162721,-22.266720
7.500000,-104.377396,-3.291455,61.841454,-27.868547,-4.159774,-22.329792
7.506250,-100.630997,-3.290036,58.760746,-28.314783,-9.244764,-22.419382
7.512500,-96.616623,-3.288890,53.715088,-28.689823,-12.391719,-22.523596
7.518750,-90.707275,-3.287562,46.899776,-28.975012,-13.087944,-22.618570
7.525000,-84.801735,-3.286734,38.746426,-29.151657,-10.811194,-22.693390
7.531250,-78.903809,-3.287142,29.622910,-29.216114,-7.213905,-22.745680
7.537500,-73.008850,-3.288430,19.931356,-29.183043,-2.320633,-22.751900
7.543750,-67.112419,-3.289908,10.172285,-29.040499,5.294323,-22.710308
7.550000,-61.215141,-3.291874,0.978469,-28.787348,14.600388,-22.637184
7.556250,-55.319820,-3.294901,-7.376362,-28.460598,24.660789,-22.549261
7.562500,-49.423714,-3.298660,-16.353899,-28.082500,34.586914,-22.465193
7.568750,-43.521843,-3.302406,-23.809441,-27.659124,43.560482,-22.411310
7.575000,-37.613144,-3.305688,-29.712317,-27.219978,50.917130,-22.357244
7.581250,-31.700212,-3.308476,-33.844254,-26.800819,56.160137,-22.313522
7.587500,-25.785086,-3.310590,-36.411015,-26.397829,60.662495,-22.305862
7.593750,-19.868433,-3.311995,-37.631142,-26.020191,62.710133,-22.342690
7.600000,-13.953629,-3.313198,-37.632793,-25.673868,62.659946,-22.420704
7.606250,-8.043874,-3.314912,-36.528877,-25.362919,60.960705,-22.528948
7.612500,-2.135675,-3.316903,-34.465996,-25.084551,58.103123,-22.652687
7.618750,3.775043,-3.318432,-31.628765,-24.831598,54.575790,-22.786392
7.625000,9.687368,-3.319608,-28.268366,-24.598331,50.805744,-22.945784
7.631250,15.596224,-3.321253,-22.516903,-24.381254,47.237003,-23.180933
7.637500,21.501806,-3.323639,-17.943804,-24.174919,43.871204,-23.334225
7.643750,27.407129,-3.326260,-12.690938,-23.954956,41.077400,-23.474199
7.650000,33.315613,-3.329102,-7.088759,-23.681358,39.225719,-23.609320
7.656250,39.223476,-3.332711,-1.733338,-23.383139,38.134789,-23.748901
7.662500,45.130268,-3.337590,2.596571,-23.085304,37.457569,-23.901217
7.668750,51.040928,-3.343105,7.826544,-22.783667,36.863544,-24.061380
7.675000,56.962254,-3.348310,12.246750,-22.484159,36.014496,-24.229502
7.681250,62.893127,-3.352474,16.009291,-22.201324,36.384823,-24.409908
7.687500,68.829285,-3.355919,19.306595,-21.956619,35.886559,-24.606819
7.693750,74.766098,-3.358976,22.391630,-21.767673,34.602486,-24.826262
7.700000,80.702560,-3.361655,23.715942,-21.627821,32.608246,-25.083635
7.706250,86.640007,-3.363782,25.222715,-21.543045,30.005419,-25.393265
7.712500,92.577728,-3.365305,26.560167,-21.517946,25.573109,-25.637451
7.718750,96.618835,-3.366289,27.479580,-21.537601,22.704035,-25.890324
7.725000,100.385216,-3.366654,27.699631,-21.615862,19.467556,-26.164423
7.731250,103.343033,-3.366532,26.831432,-21.759972,16.238670,-26.438868
7.737500,104.996269,-3.366440,24.868673,-21.940594,13.270407,-26.687508
7.743750,104.917366,-3.367032,23.873198,-22.131468,10.751495,-26.874760
7.750000,102.766869,-3.368523,22.314486,-22.313692,8.788718,-26.957962
7.756250,98.312820,-3.370312,20.509233,-22.471478,7.308769,-26.960117
7.762500,91.437050,-3.372080,18.718664,-22.600679,6.094693,-26.876791
7.768750,82.137215,-3.374175,17.124300,-22.700922,5.335370,-26.692789
7.775000,70.531815,-3.377297,15.948671,-22.767260,4.959298,-26.408859
7.781250,56.860878,-3.381414,15.365809,-22.804377,4.837596,-26.039101
7.787500,41.472462,-3.385442,15.437383,-22.823610,4.830606,-25.608683
7.793750,24.795620,-3.388520,16.169195,-22.835861,4.840460,-25.147291
7.800000,7.318927,-3.391062,17.518440,-22.853390,4.846351,-24.662998
7.806250,-10.429914,-3.393409,19.418594,-22.880592,4.956660,-24.142656
7.812500,-27.903702,-3.395264,19.909180,-22.914764,5.085226,-23.551441
7.818750,-44.567722,-3.396190,22.583200,-22.966511,3.869301,-23.068092
7.825000,-59.932526,-3.396448,25.312088,-23.053925,3.165027,-22.652319
7.831250,-73.575325,-3.396558,27.845139,-23.203783,2.543210,-22.305731
7.837500,-85.152985,-3.396264,30.054985,-23.433668,1.987625,-22.031975
7.843750,-94.426086,-3.394830,31.859055,-23.753094,1.586737,-21.829592
7.850000,-101.275955,-3.392773,33.524559,-24.087748,1.437309,-21.707121
7.856250,-105.709389,-3.391085,34.716919,-24.469189,1.612676,-21.667004
7.862500,-107.846558,-3.390012,35.273834,-24.893806,0.097731,-21.701630
7.868750,-107.917725,-3.388494,33.345970,-25.339104,-1.538496,-21.798216
7.875000,-106.260284,-3.386024,30.599092,-25.777340,-3.566741,-21.935434
7.881250,-103.308517,-3.383326,28.639864,-26.203945,-6.195085,-22.076162
7.887500,-99.559753,-3.381205,25.606415,-26.602278,-9.593623,-22.175055
7.893750,-95.543243,-3.379448,21.740437,-26.950768,-12.351578,-22.326595
7.900000,-89.633804,-3.377859,17.265963,-27.228985,-15.453431,-22.441191
7.906250,-83.729240,-3.377130,12.482932,-27.406631,-18.394625,-22.511143
7.912500,-77.830505,-3.377686,7.629594,-27.481247,-20.956257,-22.547472
7.918750,-71.930801,-3.377686,2.893505,-27.481247,-22.763554,-22.547472
7.925000,-71.930801,-3.377686,2.893505,-27.481247,-22.763554,-22.547472
7.931250,-71.930801,-3.377686,2.893505,-27.481247,-22.763554,-22.547472
7.937500,-71.930801,-3.377686,2.893505,-27.481247,-22.763554,-22.547472
7.943750,-71.930801,-3.377686,2.893505,-27.481247,-22.763554,-22.547472
7.950000,-71.930801,-3.377686,2.893505,-27.481247,-22.763554,-22.547472
7.956250,-71.930801,-3.377686,2.893505,-27.481247,-22.763554,-22.547472
7.962500,-71.930801,-3.377686,2.893505,-27.481247,-22.763554,-22.547472
7.968750,-71.930801,-3.377686,2.893505,-27.481247,-22.763554,-22.547472
7.975000,-71.930801,-3.377686,2.893505,-27.481247,-22.763554,-22.547472
7.981250,-71.930801,-3.377686,2.893505,-27.481247,-22.763554,-22.547472
7.987500,-71.930801,-3.377686,2.893505,-27.481247,-22.763554,-22.547472
7.993750,-71.930801,-3.377686,2.893505,-27.481247,-22.763554,-22.547472
8.000000,-71.930801,-3.377686,2.893505,-27.481247,-22.763554,-22.547472
