Anritsu VNA Frequency[GHz],S21[deg],S21[dB],S11[deg],S11[dB],S22[deg],S22[dB]
1338043515.72,2012_05_26_15:45:15,+170.52,+265.79,+270.91,+266.18,+272.20,+273.21,+268.28,+268.55,227.253311,-5.639
3.006250,68.364365,-2.974347,30.328119,-28.807531,-57.521832,-29.942490
3.012500,68.364365,-2.974347,30.328119,-28.807531,-57.521832,-29.942490
3.018750,68.364365,-2.974347,30.328119,-28.807531,-57.521832,-29.942490
3.025000,68.364365,-2.974347,30.328119,-28.807531,-57.521832,-29.942490
3.031250,68.364365,-2.974347,30.328119,-28.807531,-57.521832,-29.942490
3.037500,68.364365,-2.974347,30.328119,-28.807531,-57.521832,-29.942490
3.043750,68.364365,-2.974347,30.328119,-28.807531,-57.521832,-29.942490
3.050000,68.364365,-2.974347,30.328119,-28.807531,-57.521832,-29.942490
3.056250,68.364365,-2.974347,30.328119,-28.807531,-57.521832,-29.942490
3.062500,68.364365,-2.974347,30.328119,-28.807531,-57.521832,-29.942490
3.068750,68.364365,-2.974347,30.328119,-28.807531,-57.521832,-29.942490
3.075000,68.364365,-2.974347,30.328119,-28.807531,-57.521832,-29.942490
3.081250,68.364365,-2.974347,30.328119,-28.807531,-57.521832,-29.942490
3.087500,68.364365,-2.974347,30.328119,-28.807531,-57.521832,-29.942490
3.093750,68.364365,-2.976986,30.328119,-28.635532,-57.521832,-29.955610
3.100000,74.343895,-2.980147,23.676682,-28.444447,-58.487514,-29.893581
3.106250,80.321877,-2.983756,17.316048,-28.248531,-58.856785,-29.757496
3.112500,86.301208,-2.987470,9.929427,-28.066475,-58.376877,-29.546612
3.118750,92.282021,-2.991134,3.697626,-27.917740,-56.797981,-29.254526
3.125000,96.367783,-2.994884,-1.395282,-27.810282,-53.930580,-28.879482
3.131250,100.179596,-2.998790,-5.115554,-27.692408,-49.688538,-28.438635
3.137500,103.184875,-3.002902,-7.575882,-27.590864,-43.991592,-27.939846
3.143750,104.891182,-3.007396,-8.955724,-27.522705,-36.717907,-27.391088
3.150000,104.871735,-3.012249,-9.247300,-27.490902,-29.781229,-26.810152
3.156250,102.788696,-3.017150,-8.469024,-27.490597,-21.656399,-26.221748
3.162500,98.405380,-3.021821,-6.683419,-27.511444,-13.011189,-25.653349
3.168750,91.599045,-3.026315,-3.989067,-27.540087,-4.503372,-25.131891
3.175000,82.368668,-3.030984,-0.525445,-27.557507,3.245584,-24.687525
3.181250,70.835518,-3.035742,3.851740,-27.530663,9.691235,-24.344353
3.187500,57.237675,-3.040478,9.473059,-27.475166,14.625535,-24.037043
3.193750,41.916851,-3.045059,14.251040,-27.390841,17.707691,-23.767357
3.200000,25.299316,-3.049575,19.112831,-27.271315,18.779793,-23.599792
3.206250,7.877879,-3.053869,23.412371,-27.117735,18.007944,-23.527723
3.212500,-9.815081,-3.057814,26.644911,-26.936523,15.352297,-23.543119
3.218750,-27.234793,-3.061775,30.573498,-26.738361,11.099375,-23.649723
3.225000,-43.849758,-3.065798,33.536797,-26.532801,5.672121,-23.894989
3.231250,-59.166046,-3.069640,35.863537,-26.322353,-0.847074,-24.116884
3.237500,-72.755348,-3.073047,36.025291,-26.108927,-8.086218,-24.375586
3.243750,-84.279327,-3.076283,35.986137,-25.896240,-15.362708,-24.670948
3.250000,-93.503967,-3.079923,35.558510,-25.679821,-22.486908,-24.984785
3.256250,-100.306549,-3.084008,34.553028,-25.462378,-29.335934,-25.294374
3.262500,-104.683418,-3.088025,32.677387,-25.269646,-35.866806,-25.579880
3.268750,-106.755035,-3.091608,29.781544,-25.101007,-42.101337,-25.828981
3.275000,-106.760536,-3.094953,25.825409,-24.951603,-48.080151,-26.028538
3.281250,-105.043823,-3.098572,20.687183,-24.815575,-51.959240,-26.165886
3.287500,-102.031921,-3.102746,14.243640,-24.684912,-55.472294,-26.233892
3.293750,-98.214249,-3.107280,8.565194,-24.550283,-58.279678,-26.229746
3.300000,-94.121391,-3.111838,2.253320,-24.391874,-60.106552,-26.148853
3.306250,-88.131035,-3.116256,-4.237893,-24.196259,-60.736507,-25.994682
3.312500,-82.138634,-3.120483,-10.796438,-24.021080,-60.051872,-25.779905
3.318750,-76.145538,-3.124771,-17.020187,-23.851366,-58.058830,-25.526648
3.325000,-70.152161,-3.129098,-22.484589,-23.684938,-54.875935,-25.258928
3.331250,-64.156479,-3.133328,-27.003147,-23.527784,-48.486496,-24.993250
3.337500,-58.158234,-3.137055,-30.454618,-23.391533,-40.463486,-24.742573
3.343750,-52.157654,-3.140299,-32.789623,-23.294874,-32.504162,-24.519075
3.350000,-46.156372,-3.143150,-34.008621,-23.262894,-22.878433,-24.329433
3.356250,-40.155354,-3.145563,-34.171593,-23.365408,-12.113357,-24.169107
3.362500,-34.154919,-3.147659,-32.749931,-23.463991,-0.818714,-24.025309
3.368750,-28.154699,-3.149283,-29.739178,-23.655527,10.116645,-23.963434
3.375000,-22.155310,-3.150427,-25.671188,-23.965029,19.999348,-23.981953
3.381250,-16.156170,-3.150869,-20.646822,-24.385691,28.366749,-24.087112
3.387500,-10.159887,-3.150920,-14.833006,-24.899498,34.709137,-24.278984
3.393750,-4.168653,-3.151113,-8.475417,-25.479504,38.737564,-24.526594
3.400000,1.817887,-3.151565,-1.858603,-26.090342,40.204529,-24.808674
3.406250,7.802548,-3.151988,4.706298,-26.696203,38.956703,-25.048800
3.412500,13.786308,-3.152254,8.972398,-27.268770,35.564552,-25.384380
3.418750,19.767097,-3.152764,14.406474,-27.780739,30.578918,-25.738113
3.425000,25.743593,-3.154027,18.865845,-28.207201,24.293543,-26.080568
3.431250,31.717897,-3.155869,22.146446,-28.528772,17.489748,-26.395405
3.437500,37.694210,-3.157673,24.113863,-28.735403,11.033059,-26.674395
3.443750,43.671829,-3.159523,24.716824,-28.819393,5.809109,-26.914440
3.450000,49.646744,-3.162148,24.070881,-28.762318,2.769960,-27.079082
3.456250,55.619732,-3.165650,22.285709,-28.575502,0.844692,-27.162825
3.462500,61.596600,-3.169265,19.505280,-28.283901,0.001065,-27.173489
3.468750,67.579437,-3.172334,16.072014,-27.915730,1.597236,-27.110720
3.475000,73.564537,-3.175052,12.439363,-27.501520,5.082738,-26.975277
3.481250,79.547684,-3.177941,9.076156,-27.079273,9.848647,-26.776217
3.487500,85.528595,-3.181233,4.600073,-26.680355,15.236464,-26.521238
3.493750,91.508644,-3.184938,1.388940,-26.275541,20.582338,-26.212374
3.500000,95.594841,-3.188898,-0.687776,-25.907454,25.254343,-25.853088
3.506250,99.409592,-3.193044,-1.841602,-25.602432,28.654430,-25.452988
3.512500,102.420944,-3.196781,-2.091851,-25.370855,30.262341,-25.026140
3.518750,104.136772,-3.200130,-1.469801,-25.210533,29.683468,-24.586128
3.525000,104.125290,-3.203723,-0.032589,-25.103788,28.835268,-24.142574
3.531250,102.043381,-3.208268,2.105011,-25.017067,26.209534,-23.705612
3.537500,97.657486,-3.213610,4.773650,-24.856506,22.261782,-23.285213
3.543750,90.851593,-3.218962,9.477708,-24.754704,17.480860,-22.896957
3.550000,81.626297,-3.224044,14.497669,-24.643705,12.319809,-22.571384
3.556250,70.100456,-3.229276,18.376625,-24.502926,7.145667,-22.282995
3.562500,56.508968,-3.234977,22.841890,-24.316723,2.104117,-22.007742
3.568750,41.195465,-3.240765,27.335945,-24.093264,-2.284473,-21.771097
3.575000,24.591452,-3.245901,31.247078,-23.854643,-6.028500,-21.615583
3.581250,7.188253,-3.249970,34.060123,-23.626554,-9.205081,-21.557676
3.587500,-10.485679,-3.253235,35.328838,-23.438816,-11.888196,-21.626373
3.593750,-27.887501,-3.256148,36.888485,-23.321518,-14.383298,-21.778702
3.600000,-44.483276,-3.258624,37.159302,-23.298660,-15.635361,-21.997513
3.606250,-59.778851,-3.260060,36.599323,-23.364897,-17.148230,-22.308002
3.612500,-73.347252,-3.260294,35.640579,-23.528269,-18.861385,-22.705465
3.618750,-84.852203,-3.259760,32.694336,-23.796703,-20.799908,-23.166832
3.625000,-94.059273,-3.258780,29.751717,-24.171610,-23.038519,-23.661678
3.631250,-100.845047,-3.257152,26.549936,-24.662434,-25.797560,-24.195890
3.637500,-105.209564,-3.254778,22.908171,-25.248035,-27.090452,-24.748394
3.643750,-107.277481,-3.252152,18.708735,-25.893719,-28.252344,-25.285761
3.650000,-107.287956,-3.249891,13.747665,-26.562492,-28.897333,-25.783342
3.656250,-105.580917,-3.248198,7.790608,-27.211084,-28.757616,-26.220060
3.662500,-102.580292,-3.246995,0.618700,-27.786144,-27.629330,-26.577007
3.668750,-98.777359,-3.246334,-5.827727,-28.238905,-25.392345,-26.840143
3.675000,-94.705055,-3.246412,-13.369866,-28.592205,-22.017424,-27.006304
3.681250,-88.740433,-3.247247,-21.627365,-28.809805,-17.590061,-27.080273
3.687500,-82.776611,-3.248571,-30.100288,-28.871752,-12.259109,-27.066254
3.693750,-76.813423,-3.250742,-38.465969,-28.776587,-6.231907,-26.969271
3.700000,-70.852730,-3.254157,-46.428265,-28.541334,0.213349,-26.799713
3.706250,-64.890541,-3.258532,-53.717430,-28.207031,6.756689,-26.573515
3.712500,-58.922642,-3.263037,-60.064270,-27.834074,13.095362,-26.306225
3.718750,-52.948818,-3.267450,-64.767044,-27.355524,18.978500,-26.005674
3.725000,-46.973171,-3.272244,-69.779808,-26.863344,24.201509,-25.673695
3.731250,-40.995941,-3.277636,-73.444901,-26.401609,28.587616,-25.305010
3.737500,-35.013699,-3.282982,-73.945915,-26.002651,32.142960,-24.945776
3.743750,-29.024330,-3.287820,-73.115158,-25.704580,35.242981,-24.641668
3.750000,-23.029644,-3.292146,-70.909264,-25.521383,37.844193,-24.399513
3.756250,-17.033342,-3.296084,-67.278572,-25.448067,40.261539,-24.215725
3.762500,-11.035669,-3.299664,-62.312241,-25.473494,41.190334,-24.052622
3.768750,-5.036629,-3.302869,-56.183472,-25.576311,42.619171,-23.889227
3.775000,0.962724,-3.305920,-49.121895,-25.726278,44.479988,-23.773232
3.781250,6.960958,-3.308978,-41.422916,-25.893347,45.231743,-23.728710
3.787500,12.959106,-3.311768,-35.381538,-26.070263,45.914616,-23.725420
3.793750,18.957922,-3.314169,-29.727152,-26.237503,46.217083,-23.749168
3.800000,24.955326,-3.316513,-23.029696,-26.371977,45.910244,-23.793470
3.806250,30.948933,-3.319181,-17.376680,-26.469528,44.852943,-23.851782
3.812500,36.939537,-3.322152,-12.807148,-26.478001,43.009953,-23.901548
3.818750,42.929073,-3.325347,-9.182486,-26.393444,40.440495,-23.921690
3.825000,48.916695,-3.328916,-6.734360,-26.240826,37.089165,-23.914406
3.831250,54.903313,-3.332908,-5.304575,-26.038321,33.031738,-23.881716
3.837500,60.890331,-3.336899,-4.590318,-25.802624,28.513603,-23.824631
3.843750,66.878311,-3.340722,-4.219581,-25.552124,23.850029,-23.750401
3.850000,72.865700,-3.344712,-3.762976,-25.301716,19.404648,-23.671902
3.856250,78.851212,-3.349035,-4.634064,-25.055826,15.624054,-23.566404
3.862500,84.836914,-3.353253,-4.764836,-24.822502,11.115685,-23.429985
3.868750,90.824196,-3.357162,-4.338836,-24.613121,7.686069,-23.281874
3.875000,94.914566,-3.361272,-3.527632,-24.433302,5.126538,-23.132536
3.881250,98.727493,-3.366424,-2.473637,-24.275688,3.266987,-22.984097
3.887500,101.732452,-3.372361,-1.304136,-24.110418,1.925734,-22.832094
3.893750,103.444084,-3.378107,-0.185068,-23.886236,0.862678,-22.671600
3.900000,103.435799,-3.383428,0.171600,-23.695059,-0.227116,-22.503990
3.906250,101.361305,-3.389091,1.892791,-23.483952,-1.687640,-22.335577
3.912500,96.979919,-3.395847,3.492343,-23.236731,-3.828041,-22.166506
3.918750,90.173828,-3.403705,5.157224,-22.946924,-6.923145,-21.991951
3.925000,80.948715,-3.411913,7.015233,-22.617008,-11.266713,-21.805992
3.931250,69.428696,-3.419974,9.120438,-22.257259,-17.151783,-21.596336
3.937500,55.849598,-3.427824,11.469509,-21.882853,-24.870602,-21.365746
3.943750,40.550362,-3.435555,14.035999,-21.514265,-32.704865,-21.160337
3.950000,23.957834,-3.443105,16.785631,-21.171930,-42.138672,-20.983109
3.956250,6.566657,-3.449863,19.642118,-20.874765,-52.670746,-20.839211
3.962500,-11.089800,-3.455223,22.474926,-20.640158,-63.897747,-20.739473
3.968750,-28.467192,-3.459139,25.411285,-20.481129,-75.415527,-20.694902
3.975000,-45.037010,-3.461751,28.570795,-20.402990,-86.820618,-20.715212
3.981250,-60.309879,-3.463320,31.790319,-20.402388,-97.724998,-20.810474
3.987500,-73.858734,-3.463756,34.896759,-20.458763,-107.774239,-21.004225
3.993750,-85.343224,-3.463000,37.608673,-20.611345,-116.595505,-21.245258
4.000000,-94.528076,-3.461230,39.563969,-20.851654,-123.767616,-21.558666
4.006250,-101.292999,-3.458614,40.883801,-21.156410,-129.439011,-21.960497
4.012500,-105.639305,-3.455061,41.408440,-21.516666,-133.408829,-22.451561
4.018750,-107.689003,-3.450921,41.029587,-21.920061,-135.596725,-23.032993
4.025000,-107.681671,-3.446805,39.737366,-22.348623,-136.080276,-23.692802
4.031250,-105.958939,-3.443077,35.659954,-22.782310,-135.495773,-24.320419
4.037500,-102.945770,-3.439652,32.600929,-23.212172,-134.011612,-24.961678
4.043750,-99.132942,-3.436715,28.715921,-23.628643,-130.034927,-25.623034
4.050000,-95.052803,-3.434562,24.173294,-24.017841,-125.432678,-26.276773
4.056250,-89.082497,-3.433198,19.169237,-24.371227,-120.388626,-26.898968
4.062500,-83.113838,-3.432070,13.922976,-24.686506,-115.175644,-27.469505
4.068750,-77.146767,-3.431027,8.733143,-24.946461,-110.072311,-27.969000
4.075000,-71.185440,-3.431119,3.981739,-25.137581,-105.309456,-28.373659
4.081250,-65.231339,-3.432923,-0.133935,-25.270784,-101.088654,-28.664721
4.087500,-59.279213,-3.435925,-5.236481,-25.354839,-97.609764,-28.834871
4.093750,-53.320164,-3.438782,-9.365953,-25.392393,-94.981743,-28.878183
4.100000,-47.356339,-3.441213,-12.724648,-25.385052,-93.202614,-28.793171
4.106250,-41.395119,-3.444146,-15.522859,-25.333858,-92.189499,-28.585054
4.112500,-35.440166,-3.448307,-17.941458,-25.241190,-91.779327,-28.269485
4.118750,-29.486509,-3.453393,-20.129980,-25.110781,-91.741905,-27.875305
4.125000,-23.529545,-3.458847,-22.216345,-24.939219,-91.673141,-27.376320
4.131250,-17.569239,-3.464556,-24.345114,-24.729795,-91.144501,-26.797928
4.137500,-11.606958,-3.470637,-26.682653,-24.492256,-90.059929,-26.181393
4.143750,-5.641906,-3.476925,-29.318394,-24.233524,-88.071304,-25.556276
4.150000,0.326975,-3.483196,-30.112862,-23.958788,-84.806831,-24.945211
4.156250,6.298769,-3.489662,-30.437063,-23.672871,-79.952858,-24.365496
4.162500,12.272632,-3.496386,-29.790157,-23.378063,-73.272247,-23.823858
4.168750,18.249781,-3.503365,-29.614286,-23.078384,-64.633987,-23.306353
4.175000,24.230637,-3.510556,-27.928333,-22.779526,-54.149971,-22.897747
4.181250,30.216244,-3.517870,-24.973272,-22.476593,-43.974720,-22.550493
4.187500,36.207424,-3.525039,-21.067747,-22.180183,-32.314369,-22.267485
4.193750,42.204777,-3.531928,-16.671759,-21.905407,-20.204060,-22.052622
4.200000,48.207577,-3.538434,-12.182653,-21.664347,-8.457692,-21.888020
4.206250,54.214363,-3.544463,-8.000643,-21.466562,2.215337,-21.753603
4.212500,60.224983,-3.549706,-2.340940,-21.321867,11.671936,-21.738487
4.218750,66.239090,-3.554044,3.094747,-21.236450,19.193026,-21.869690
4.225000,72.253609,-3.557690,8.537431,-21.206026,25.607609,-21.964193
4.231250,78.265625,-3.561040,12.316214,-21.220720,29.400333,-22.102539
4.237500,84.274826,-3.564198,16.217968,-21.269684,31.105885,-22.288874
4.243750,90.281876,-3.566873,19.818830,-21.338058,31.072498,-22.512157
4.250000,96.288101,-3.569039,22.657537,-21.428701,29.682940,-22.757084
4.256250,100.397202,-3.570668,24.219234,-21.545137,27.329056,-23.013290
4.262500,104.228775,-3.571989,24.214544,-21.668434,24.416395,-23.271248
4.268750,107.249695,-3.573269,24.521509,-21.778811,21.404121,-23.512495
4.275000,108.965004,-3.575164,23.514208,-21.863287,18.733130,-23.718161
4.281250,108.948570,-3.577880,21.475212,-21.913713,16.774260,-23.872633
4.287500,106.863853,-3.581113,18.697111,-21.921185,15.844371,-23.960014
4.293750,102.476082,-3.584784,15.461049,-21.877171,16.182039,-23.961628
4.300000,95.661552,-3.589551,11.997641,-21.779093,17.893837,-23.853525
4.306250,86.419991,-3.595638,8.495321,-21.633682,20.832300,-23.676128
4.312500,74.879562,-3.602248,5.132535,-21.447508,24.729580,-23.435158
4.318750,61.281822,-3.608504,2.095206,-21.224646,29.587914,-23.126951
4.325000,45.964046,-3.614685,-0.479592,-20.972462,35.142628,-22.759045
4.331250,29.347410,-3.621727,-2.531523,-20.703308,41.025719,-22.347847
4.337500,11.925958,-3.629588,-4.037762,-20.431219,46.843369,-21.911062
4.343750,-5.760798,-3.637349,-5.010133,-20.173157,52.205276,-21.467676
4.350000,-23.164507,-3.644288,-3.335789,-19.953264,56.732372,-21.031567
4.356250,-39.754627,-3.650554,-2.346116,-19.795227,60.097420,-20.604931
4.362500,-55.043110,-3.656144,0.361111,-19.646706,64.021896,-20.247633
4.368750,-68.601326,-3.660733,4.144723,-19.577286,66.838638,-19.975512
4.375000,-80.089417,-3.664157,8.787635,-19.601883,67.103767,-19.812607
4.381250,-89.274101,-3.666779,14.134211,-19.723890,66.794777,-19.807354
4.387500,-96.035782,-3.668535,19.965157,-19.937185,65.795609,-19.909586
4.393750,-100.370689,-3.668941,26.021311,-20.227699,64.910828,-20.083385
4.400000,-102.403755,-3.668177,30.110687,-20.578979,63.364777,-20.274603
4.406250,-102.376328,-3.666931,33.532047,-20.976902,59.966087,-20.646257
4.412500,-100.630806,-3.665357,37.601315,-21.409903,56.221870,-21.109056
4.418750,-97.590790,-3.662947,40.223289,-21.859327,51.945766,-21.629738
4.425000,-93.747650,-3.659669,41.305916,-22.306128,47.240429,-22.182423
4.431250,-89.639511,-3.656267,40.833458,-22.728325,42.263660,-22.742716
4.437500,-83.646492,-3.653211,38.955982,-23.088524,37.267525,-23.269524
4.443750,-77.660553,-3.650279,35.874458,-23.371544,32.533314,-23.730480
4.450000,-71.680374,-3.647592,31.799671,-23.576422,28.229979,-24.109928
4.456250,-65.709404,-3.646019,27.115253,-23.698748,24.607212,-24.392796
4.462500,-59.747173,-3.646205,22.292582,-23.735167,21.948362,-24.567106
4.468750,-53.787605,-3.647500,15.967520,-23.684780,20.513933,-24.624456
4.475000,-47.824642,-3.649167,10.319914,-23.553225,20.533659,-24.563169
4.481250,-41.860130,-3.651288,5.353615,-23.355265,22.185917,-24.394875
4.487500,-35.898335,-3.654559,1.088340,-23.105400,23.733032,-24.131495
4.493750,-29.936565,-3.658774,-2.395461,-22.804401,27.029335,-23.759048
4.500000,-23.972635,-3.663699,-5.112843,-22.473629,31.511213,-23.310930
4.506250,-18.007374,-3.669810,-7.168699,-22.140303,36.500374,-22.824575
4.512500,-12.039661,-3.677183,-8.596819,-21.824455,41.465900,-22.329897
4.518750,-6.064926,-3.684922,-9.415334,-21.537146,45.919762,-21.852116
4.525000,-0.077981,-3.691720,-9.657963,-21.279688,49.399502,-21.411383
4.531250,5.918830,-3.697565,-9.389575,-21.034731,51.475185,-21.024443
4.537500,11.916698,-3.703328,-6.567111,-20.779327,51.727436,-20.720823
4.543750,17.913900,-3.709519,-5.172236,-20.613750,49.644978,-20.509764
4.550000,23.914562,-3.715509,-2.999211,-20.498295,44.529900,-20.365089
4.556250,29.922596,-3.720635,-0.193490,-20.411293,40.610058,-20.303526
4.562500,35.936092,-3.724870,2.775155,-20.363468,34.777546,-20.291895
4.568750,41.953152,-3.728458,5.379072,-20.375715,27.899837,-20.382662
4.575000,47.970879,-3.731514,7.199004,-20.472431,19.860620,-20.613951
4.581250,53.992161,-3.733750,10.070682,-20.680393,12.197426,-20.988306
4.587500,60.016186,-3.734812,12.414442,-21.019260,4.169663,-21.381290
4.593750,66.042198,-3.734663,12.996289,-21.426085,-2.311343,-21.845602
4.600000,72.067322,-3.733451,13.603343,-21.932756,-7.328773,-22.382586
4.606250,78.088364,-3.731539,13.921044,-22.544182,-10.814212,-22.978752
4.612500,84.104836,-3.729027,13.848712,-23.253635,-12.793522,-23.612690
4.618750,90.116295,-3.726058,13.265386,-24.058920,-13.416518,-24.274574
4.625000,96.120522,-3.723162,12.187237,-24.920660,-12.927963,-24.948498
4.631250,100.222610,-3.720612,10.679134,-25.807304,-11.520130,-25.609245
4.637500,104.047554,-3.717889,8.678059,-26.693302,-9.498013,-26.240347
4.643750,107.065292,-3.714267,4.343160,-27.546009,-7.243003,-26.832565
4.650000,108.779541,-3.710269,1.583286,-28.326887,-5.151377,-27.372299
4.656250,108.754936,-3.707433,-1.348370,-28.995270,-3.715049,-27.816124
4.662500,106.649025,-3.706669,-4.301246,-29.508759,-3.403150,-28.137091
4.668750,102.233734,-3.707566,-7.149343,-29.833677,-2.327304,-28.327150
4.675000,95.392662,-3.709512,-9.883157,-29.967037,-2.416821,-28.415833
4.681250,86.127411,-3.712664,-12.454837,-29.901066,-3.580673,-28.394705
4.687500,74.558395,-3.717050,-14.735542,-29.631611,-5.603037,-28.255049
4.693750,60.923836,-3.722611,-16.698349,-29.172821,-8.383698,-27.999889
4.700000,45.565937,-3.729333,-18.367842,-28.552843,-11.817351,-27.637209
4.706250,28.911207,-3.737790,-19.795704,-27.817175,-15.751623,-27.177692
4.712500,11.453862,-3.747879,-21.105694,-27.023561,-20.002466,-26.631426
4.718750,-6.266590,-3.758413,-22.694920,-26.144657,-24.333008,-25.992393
4.725000,-23.699722,-3.768272,-22.545418,-25.241135,-28.397715,-25.297359
4.731250,-40.317196,-3.777798,-22.071785,-24.369007,-31.471010,-24.615740
4.737500,-55.632919,-3.787503,-21.213528,-23.585234,-35.655693,-23.964800
4.743750,-69.217339,-3.796886,-19.872881,-22.915283,-39.276894,-23.391775
4.750000,-80.726242,-3.805064,-17.931255,-22.367138,-42.645557,-22.840784
4.756250,-89.924866,-3.812007,-15.371939,-21.934677,-46.144543,-22.325060
4.762500,-96.698349,-3.818278,-12.245479,-21.593990,-49.621552,-21.831930
4.768750,-101.046791,-3.823933,-8.694387,-21.315723,-51.814373,-21.488388
4.775000,-103.089363,-3.828335,-4.993717,-21.152536,-54.240471,-21.246317
4.781250,-103.064484,-3.831525,-0.964634,-21.060270,-56.698101,-21.090130
4.787500,-101.317429,-3.834029,3.253828,-21.005774,-59.199814,-21.007833
4.793750,-98.277542,-3.836280,7.315009,-20.963781,-61.765213,-20.991199
4.800000,-94.436676,-3.838372,10.839523,-20.916121,-64.424446,-21.030865
4.806250,-90.325317,-3.840401,13.444003,-20.851257,-67.107147,-21.089762
4.812500,-84.322563,-3.842542,14.797131,-20.762325,-69.836510,-21.159235
4.818750,-78.322136,-3.844825,14.623528,-20.648146,-72.724922,-21.230663
4.825000,-72.323303,-3.847303,14.899594,-20.509848,-75.709297,-21.281424
4.831250,-66.326843,-3.850408,14.169364,-20.353352,-78.666557,-21.290918
4.837500,-60.331402,-3.853941,12.911052,-20.188385,-81.347092,-21.274675
4.843750,-54.331955,-3.857175,9.751800,-20.029486,-83.457588,-21.237728
4.850000,-48.328312,-3.859617,6.838330,-19.898396,-84.895226,-21.177374
4.856250,-42.325428,-3.862277,4.220335,-19.789934,-85.336655,-21.065922
4.862500,-36.329117,-3.866119,2.020737,-19.701536,-84.509468,-20.914570
4.868750,-30.332596,-3.870484,0.094848,-19.655209,-82.334152,-20.746538
4.875000,-24.328163,-3.873962,-1.578900,-19.657316,-78.610336,-20.576279
4.881250,-18.316738,-3.876304,-2.948919,-19.703665,-73.171318,-20.416037
4.887500,-12.307372,-3.878480,-3.957160,-19.772234,-65.953766,-20.274796
4.893750,-6.303408,-3.881135,-4.494118,-19.826149,-56.988720,-20.159008
4.900000,-0.301286,-3.883903,-4.178843,-19.924639,-46.447769,-20.079250
4.906250,5.703068,-3.886380,-2.882667,-20.044964,-34.621754,-20.041672
4.912500,11.708115,-3.888475,-0.725043,-20.179939,-21.875675,-20.040894
4.918750,17.711843,-3.890476,2.310504,-20.318281,-8.659979,-20.059841
4.925000,23.713280,-3.892620,6.081795,-20.433142,4.591241,-20.056902
4.931250,29.712784,-3.895190,10.641135,-20.543636,17.643661,-20.100132
4.937500,35.711250,-3.898116,15.943448,-20.664749,30.386234,-20.179632
4.943750,41.713768,-3.900609,21.776697,-20.805941,42.141407,-20.279335
4.950000,47.721401,-3.902017,27.846773,-20.972513,52.658043,-20.396034
4.956250,53.729153,-3.902936,34.128849,-21.162975,61.809967,-20.528088
4.962500,59.731129,-3.904315,40.575020,-21.373714,69.568985,-20.675930
4.968750,65.730110,-3.906036,46.845001,-21.596895,75.975868,-20.841646
4.975000,71.731537,-3.907204,52.617432,-21.818266,81.155533,-21.032532
4.981250,77.735725,-3.907805,57.561962,-22.027885,85.282143,-21.237005
4.987500,83.737297,-3.908367,61.307209,-22.232271,87.048798,-21.423565
4.993750,89.737267,-3.908734,63.596516,-22.423731,87.858704,-21.633924
5.000000,95.738304,-3.908273,64.297325,-22.595598,87.571754,-21.874777
5.006250,99.843407,-3.907246,63.305565,-22.743513,86.093414,-22.147232
5.012500,103.668304,-3.906566,60.609619,-22.864216,83.346375,-22.453651
5.018750,106.680893,-3.906541,56.299454,-22.951828,79.269493,-22.803637
5.025000,108.394478,-3.906370,50.838142,-22.994373,73.751846,-23.141529
5.031250,108.384827,-3.905648,44.731014,-22.977573,68.376938,-23.436558
5.037500,106.306007,-3.904944,38.158474,-22.916561,61.681587,-23.728212
5.043750,101.918625,-3.904754,31.235102,-22.832884,54.130516,-24.014364
5.050000,95.102325,-3.905060,24.325571,-22.732157,46.297115,-24.279644
5.056250,85.860146,-3.905752,17.730795,-22.635239,38.629452,-24.511761
5.062500,74.313667,-3.906978,11.686409,-22.604431,31.546698,-24.699638
5.068750,60.701633,-3.908476,6.690306,-22.535257,25.463249,-24.828745
5.075000,45.365677,-3.909613,1.194927,-22.495449,20.763628,-24.886438
5.081250,28.730854,-3.910895,-3.344340,-22.508432,15.848105,-24.868147
5.087500,11.282878,-3.913562,-7.178522,-22.573109,12.600455,-24.771362
5.093750,-6.442977,-3.918003,-10.547628,-22.669014,10.727121,-24.600574
5.100000,-23.891291,-3.922749,-13.639935,-22.784037,9.915455,-24.366631
5.106250,-40.524174,-3.926805,-16.465370,-22.928408,9.775393,-24.088009
5.112500,-55.856068,-3.930861,-19.275949,-23.075039,9.831326,-23.809185
5.118750,-69.466599,-3.935964,-22.292345,-23.196787,11.288135,-23.463181
5.125000,-81.012527,-3.941909,-25.600407,-23.271683,11.880656,-23.095627
5.131250,-90.249771,-3.947812,-29.249847,-23.285788,12.007644,-22.741447
5.137500,-97.057190,-3.953679,-31.089224,-23.230164,11.634147,-22.419178
5.143750,-101.438881,-3.960083,-32.461227,-23.101015,10.693582,-22.139065
5.150000,-103.517113,-3.967000,-32.828529,-22.898399,9.129928,-21.901224
5.156250,-103.523521,-3.973926,-33.588917,-22.626101,6.916585,-21.689226
5.162500,-101.797226,-3.980320,-32.713013,-22.295240,4.021746,-21.516384
5.168750,-98.766960,-3.986234,-30.422379,-21.921553,2.121583,-21.413780
5.175000,-94.928169,-3.991698,-26.961679,-21.510576,0.437685,-21.340223
5.181250,-90.813660,-3.996657,-22.670000,-21.083492,-0.697311,-21.303034
5.187500,-84.802399,-4.001035,-17.993141,-20.666637,-2.709865,-21.300133
5.193750,-78.788635,-4.004987,-13.339761,-20.283819,-3.479161,-21.319828
5.200000,-72.773857,-4.008292,-9.099720,-19.956522,-3.068655,-21.333845
5.206250,-66.757904,-4.011055,-3.472944,-19.705477,-1.465970,-21.380207
5.212500,-60.742638,-4.013475,1.853336,-19.552361,-0.580959,-21.498486
5.218750,-54.727314,-4.015492,5.231286,-19.509418,0.791720,-21.599846
5.225000,-48.709911,-4.016547,8.635839,-19.556309,2.222332,-21.699800
5.231250,-42.690929,-4.016409,11.785396,-19.689520,2.929599,-21.814604
5.237500,-36.675106,-4.015592,14.294497,-19.898701,2.570866,-21.948778
5.243750,-30.666321,-4.014780,15.932877,-20.118238,0.864956,-22.105137
5.250000,-24.664761,-4.014258,16.214695,-20.459002,-2.443115,-22.292250
5.256250,-18.668161,-4.014177,16.933256,-20.873472,-7.574349,-22.519558
5.262500,-12.673934,-4.014222,16.916519,-21.357367,-12.497794,-22.785608
5.268750,-6.679085,-4.013758,16.403263,-21.866051,-18.631321,-23.086599
5.275000,-0.685160,-4.012486,15.279498,-22.360121,-25.428364,-23.419090
5.281250,5.302011,-4.011568,14.174721,-22.856274,-32.315018,-23.771061
5.287500,11.276903,-4.012229,13.281240,-23.350048,-38.788494,-24.120529
5.293750,17.245144,-4.014142,12.675879,-23.826727,-44.381771,-24.417074
5.300000,23.216610,-4.015839,12.381045,-24.271105,-50.568981,-24.730387
5.306250,29.190624,-4.017156,12.379384,-24.666679,-55.281143,-25.025677
5.312500,35.158215,-4.019652,12.655688,-24.994514,-58.888828,-25.271463
5.318750,41.115456,-4.024320,13.167290,-25.239140,-61.436771,-25.449011
5.325000,47.072258,-4.030219,13.854358,-25.385611,-62.984200,-25.543522
5.331250,53.037739,-4.036247,14.648798,-25.422958,-63.622150,-25.543877
5.337500,59.008781,-4.042603,15.720014,-25.347458,-63.505413,-25.444130
5.343750,64.981056,-4.049886,17.216431,-25.160244,-62.838078,-25.242287
5.350000,70.956520,-4.057614,18.956465,-24.883213,-61.950928,-25.004604
5.356250,76.940086,-4.065156,20.687481,-24.545959,-60.978184,-24.676554
5.362500,82.930107,-4.072735,22.452612,-24.136581,-60.144909,-24.316832
5.368750,88.924553,-4.080586,23.960175,-23.701824,-57.702328,-23.969807
5.375000,94.926506,-4.087627,24.990023,-23.277706,-55.205803,-23.676479
5.381250,99.045135,-4.093014,25.474318,-22.891376,-52.351810,-23.465969
5.387500,102.896889,-4.096933,25.382475,-22.562155,-49.091778,-23.298519
5.393750,105.942513,-4.100113,22.828287,-22.293108,-45.219608,-23.171915
5.400000,107.690155,-4.102206,21.618282,-22.085726,-40.711849,-23.176863
5.406250,107.715714,-4.102576,19.754442,-21.969694,-35.879711,-23.307642
5.412500,105.675316,-4.101579,17.259535,-21.948174,-30.641762,-23.547367
5.418750,101.326172,-4.099943,14.350651,-22.009710,-25.271154,-23.884195
5.425000,94.546692,-4.097629,11.206600,-22.134628,-20.007957,-24.278162
5.431250,85.339043,-4.094254,8.013829,-22.298107,-14.966500,-24.678782
5.437500,73.822533,-4.090470,4.925181,-22.473410,-10.454283,-25.062248
5.443750,60.228355,-4.087427,2.141874,-22.611412,-6.607298,-25.402475
5.450000,44.899113,-4.085394,-0.001831,-22.714333,-3.395334,-25.670401
5.456250,28.267645,-4.083929,-2.643702,-22.793476,-0.777975,-25.836136
5.462500,10.827831,-4.083052,-4.176830,-22.810555,1.293175,-25.880850
5.468750,-6.888767,-4.083163,-4.873997,-22.750853,2.938356,-25.796766
5.475000,-24.335745,-4.084213,-4.955724,-22.612169,4.358656,-25.587233
5.481250,-40.978863,-4.086287,-4.640103,-22.402365,5.791021,-25.275528
5.487500,-56.324814,-4.089944,-4.131953,-22.129393,7.582503,-24.839468
5.493750,-69.946846,-4.095454,-3.591364,-21.799809,8.196474,-24.311209
5.500000,-81.496376,-4.101708,-3.248266,-21.438158,9.225781,-23.744278
5.506250,-90.729805,-4.107423,-3.319901,-21.071283,10.364616,-23.181534
5.512500,-97.528893,-4.112589,-3.923163,-20.722340,11.367935,-22.661160
5.518750,-101.901924,-4.118267,-2.953968,-20.410055,11.983649,-22.219414
5.525000,-103.970505,-4.124432,-3.666747,-20.140535,11.952622,-21.871170
5.531250,-103.964005,-4.129885,-3.903034,-19.905306,12.686512,-21.544395
5.537500,-102.221542,-4.134049,-3.765107,-19.712610,11.872529,-21.360434
5.543750,-99.175911,-4.137278,-3.633012,-19.601789,10.015776,-21.301567
5.550000,-95.323723,-4.139879,-3.509449,-19.561848,7.471598,-21.354753
5.556250,-91.196625,-4.141553,-3.491517,-19.590271,4.353581,-21.499657
5.562500,-85.172516,-4.142119,-3.758827,-19.688917,0.845617,-21.720268
5.568750,-79.148827,-4.141821,-4.484975,-19.861628,-2.564174,-22.055340
5.575000,-73.127083,-4.140607,-3.616316,-20.104021,-5.331426,-22.431866
5.581250,-67.108177,-4.138411,-2.561322,-20.401800,-7.348433,-22.843277
5.587500,-61.093739,-4.135609,-2.788997,-20.746531,-10.266221,-23.279734
5.593750,-55.087589,-4.132790,-2.301799,-21.130356,-12.014734,-23.723080
5.600000,-49.089218,-4.130155,-1.281262,-21.542864,-12.730711,-24.150276
5.606250,-43.096436,-4.127603,0.080219,-21.975748,-12.639112,-24.562431
5.612500,-37.109524,-4.125513,1.594851,-22.417068,-12.049138,-24.944151
5.618750,-31.129129,-4.124251,3.137901,-22.843391,-11.037406,-25.270699
5.625000,-25.150824,-4.123162,4.549037,-23.240364,-9.959183,-25.542782
5.631250,-19.172384,-4.121729,5.631504,-23.600048,-9.119987,-25.764425
5.637500,-13.198977,-4.120829,6.526783,-23.912926,-8.756620,-25.939936
5.643750,-7.235053,-4.121735,7.411969,-24.170515,-9.079836,-26.081474
5.650000,-1.276032,-4.123988,8.207481,-24.362368,-10.322708,-26.191269
5.656250,4.687751,-4.126291,8.858153,-24.474379,-12.851277,-26.219255
5.662500,10.657389,-4.128348,9.288863,-24.496729,-16.827160,-26.161879
5.668750,16.623037,-4.131319,9.382259,-24.429329,-20.574759,-26.076317
5.675000,22.583229,-4.135901,9.007547,-24.282461,-23.944851,-25.971209
5.681250,28.544767,-4.141404,8.092472,-24.063940,-27.766964,-25.838444
5.687500,34.513733,-4.146862,6.617685,-23.780918,-31.218983,-25.674616
5.693750,40.488121,-4.152374,4.564954,-23.446541,-33.537094,-25.476397
5.700000,46.464352,-4.158231,1.893441,-23.086134,-34.019920,-25.236839
5.706250,52.442009,-4.164468,0.732547,-22.745911,-31.990126,-24.945999
5.712500,58.422455,-4.171234,-0.414262,-22.390303,-30.627720,-24.658594
5.718750,64.405319,-4.178727,-1.516912,-22.037273,-26.386011,-24.368881
5.725000,70.394310,-4.186419,-1.789846,-21.735937,-20.153109,-24.090425
5.731250,76.394501,-4.193082,-1.034776,-21.508327,-12.687008,-23.847887
5.737500,82.404877,-4.198400,0.845238,-21.360954,-4.757303,-23.640278
5.743750,88.417389,-4.203109,3.837333,-21.290136,2.730763,-23.439474
5.750000,94.428673,-4.207551,7.833906,-21.282515,10.984223,-23.256172
5.756250,98.546967,-4.211162,12.618464,-21.325634,17.404507,-23.149193
5.762500,102.396713,-4.213442,17.849148,-21.416636,21.776979,-23.107996
5.768750,105.439262,-4.214926,23.467800,-21.541866,26.172810,-23.119690
5.775000,107.177742,-4.216333,29.431631,-21.679726,29.044071,-23.172192
5.781250,107.186279,-4.217571,35.365852,-21.808861,30.770363,-23.255081
5.787500,105.127136,-4.218297,40.855541,-21.908859,31.752022,-23.368504
5.793750,100.761742,-4.218901,45.478306,-21.965496,32.433167,-23.473192
5.800000,93.965462,-4.219922,48.814938,-21.973795,31.496124,-23.568613
5.806250,84.738655,-4.221686,50.540241,-21.925869,30.751406,-23.657389
5.812500,73.206306,-4.223883,50.427010,-21.819069,30.140162,-23.728844
5.818750,59.608189,-4.226309,50.480373,-21.655836,29.598743,-23.767355
5.825000,44.283550,-4.229021,49.287003,-21.441235,29.083368,-23.748074
5.831250,27.658077,-4.232635,47.376106,-21.187943,28.612827,-23.656948
5.837500,10.223969,-4.237703,43.401459,-20.915874,28.432732,-23.537783
5.843750,-7.482794,-4.244135,39.560478,-20.648977,28.664087,-23.388235
5.850000,-24.907307,-4.250659,35.904190,-20.412144,27.237360,-23.190439
5.856250,-41.512005,-4.255749,32.575092,-20.197334,25.717533,-22.956833
5.862500,-56.809307,-4.259274,29.622246,-20.027454,23.724678,-22.714497
5.868750,-70.382347,-4.262611,26.949167,-19.928436,21.029831,-22.492123
5.875000,-81.895065,-4.266394,24.605017,-19.910362,17.480186,-22.315426
5.881250,-91.104164,-4.269972,22.712254,-19.961708,12.969549,-22.203186
5.887500,-97.882713,-4.272501,21.400946,-20.041634,7.286186,-22.128605
5.893750,-102.234070,-4.274139,19.016756,-20.193869,2.339309,-22.101812
5.900000,-104.283905,-4.275182,17.830038,-20.416653,-3.183037,-22.143103
5.906250,-104.270828,-4.275670,17.098063,-20.681658,-8.806636,-22.245073
5.912500,-102.535034,-4.275794,16.518307,-20.977348,-14.112450,-22.382721
5.918750,-99.505951,-4.276011,15.857052,-21.306612,-18.670961,-22.548763
5.925000,-95.674316,-4.276175,14.936580,-21.669277,-21.912889,-22.751413
5.931250,-91.569511,-4.275710,13.782163,-22.027603,-25.687183,-22.958876
5.937500,-85.571320,-4.274798,12.279571,-22.390888,-28.397154,-23.156010
5.943750,-79.581566,-4.274601,8.347631,-22.765657,-30.297602,-23.336355
5.950000,-73.599022,-4.275439,5.816684,-23.145744,-31.572880,-23.493649
5.956250,-67.616173,-4.276361,2.873148,-23.521656,-32.402603,-23.624615
5.962500,-61.629665,-4.276713,-0.376819,-23.877619,-32.972267,-23.726025
5.968750,-55.644268,-4.277209,-3.815729,-24.197603,-33.477638,-23.833513
5.975000,-49.664513,-4.278397,-7.340820,-24.466757,-34.151253,-23.846266
5.981250,-43.685642,-4.279531,-10.845826,-24.671650,-32.801754,-23.842133
5.987500,-37.704163,-4.279975,-14.237846,-24.804867,-31.338963,-23.832037
5.993750,-31.726807,-4.280901,-17.428699,-24.860300,-29.310360,-23.821358
6.000000,-25.758394,-4.283537,-20.318094,-24.834858,-26.333946,-23.814217
6.006250,-19.792597,-4.287304,-22.830269,-24.729591,-22.100193,-23.814156
6.012500,-13.819938,-4.290846,-24.890652,-24.545418,-16.369194,-23.822632
6.018750,-7.841258,-4.294115,-26.172468,-24.286118,-9.014982,-23.844669
6.025000,-1.863427,-4.298083,-26.406527,-23.954189,-0.128716,-23.857706
6.031250,4.113205,-4.302724,-25.662022,-23.554998,9.892750,-23.863850
6.037500,10.094296,-4.307411,-24.202377,-23.136780,20.881342,-23.887905
6.043750,16.081486,-4.312014,-22.240023,-22.717045,32.572857,-23.935177
6.050000,22.070896,-4.316750,-19.869343,-22.314760,44.486168,-24.005537
6.056250,28.063293,-4.321471,-17.351446,-21.958456,56.071220,-24.096527
6.062500,34.061310,-4.325532,-14.928523,-21.671772,66.878983,-24.177475
6.068750,40.063190,-4.329070,-12.778621,-21.465330,76.707832,-24.263964
6.075000,46.065178,-4.332479,-10.802790,-21.346972,85.276535,-24.371914
6.081250,52.069046,-4.335390,-8.944040,-21.327913,92.164505,-24.496252
6.087500,58.077312,-4.336941,-7.369170,-21.407349,97.305260,-24.634075
6.093750,64.086388,-4.337395,-6.162262,-21.569466,100.781837,-24.784988
6.100000,70.088425,-4.337948,-5.384182,-21.780947,102.745651,-24.959021
6.106250,76.082222,-4.339121,-5.117338,-22.008524,103.225319,-25.104664
6.112500,82.073433,-4.340376,-5.613246,-22.258524,102.220535,-25.230370
6.118750,88.065308,-4.341373,-6.963587,-22.500202,100.232193,-25.349756
6.125000,94.056442,-4.342381,-6.933751,-22.703207,97.487625,-25.460049
6.131250,98.148132,-4.343760,-6.930017,-22.848486,94.137909,-25.553509
6.137500,101.964470,-4.345698,-6.491620,-22.925779,90.330254,-25.618202
6.143750,104.973740,-4.348120,-7.072005,-22.931686,86.227753,-25.634216
6.150000,106.685364,-4.351019,-6.652717,-22.871565,82.013649,-25.516031
6.156250,106.674484,-4.353949,-5.402030,-22.747484,77.795570,-25.396669
6.162500,104.601173,-4.356576,-3.490140,-22.562258,73.093231,-25.221277
6.168750,100.225677,-4.359340,-1.208496,-22.337090,68.536659,-24.988747
6.175000,93.424431,-4.362733,1.164000,-22.092178,64.104324,-24.710703
6.181250,84.199295,-4.366403,3.399967,-21.847204,59.830288,-24.402452
6.187500,72.677055,-4.369555,5.293727,-21.618134,55.769241,-24.078703
6.193750,59.094154,-4.372057,6.675832,-21.417765,52.001892,-23.753296
6.200000,43.785984,-4.374452,9.554589,-21.260183,48.619328,-23.448328
6.206250,27.177893,-4.376795,10.550400,-21.155312,45.836662,-23.192533
6.212500,9.765015,-4.378937,11.715290,-21.109558,42.779839,-22.952156
6.218750,-7.920508,-4.380858,12.925612,-21.119183,40.576054,-22.780111
6.225000,-25.334188,-4.382923,14.063845,-21.178942,38.911446,-22.696653
6.231250,-41.943508,-4.385084,14.915333,-21.293398,37.638226,-22.725830
6.237500,-57.253700,-4.387069,15.324445,-21.457399,36.610466,-22.869072
6.243750,-70.836937,-4.388688,15.202038,-21.658632,36.283154,-23.051842
6.250000,-82.354210,-4.390114,14.416472,-21.894873,35.808537,-23.335993
6.256250,-91.569122,-4.391232,15.027646,-22.160269,35.151581,-23.716127
6.262500,-98.361061,-4.392003,13.794081,-22.438354,34.377689,-24.170647
6.268750,-102.730782,-4.392742,12.835609,-22.717964,33.476974,-24.672485
6.275000,-104.802025,-4.393763,12.065157,-22.989557,32.445805,-25.186239
6.281250,-104.808182,-4.394515,11.402899,-23.246000,31.331350,-25.659122
6.287500,-103.088478,-4.394613,10.792388,-23.475777,30.434788,-26.097170
6.293750,-100.074600,-4.394776,10.205068,-23.664610,30.182289,-26.468931
6.300000,-96.264145,-4.396240,9.565373,-23.808134,28.554934,-26.746901
6.306250,-92.185760,-4.398823,8.796323,-23.904629,27.378830,-26.914091
6.312500,-86.208519,-4.401279,7.865206,-23.952684,26.417030,-26.959103
6.318750,-80.226898,-4.403121,6.772933,-23.945360,25.451902,-26.874407
6.325000,-74.248230,-4.405447,5.801340,-23.875410,24.274513,-26.656435
6.331250,-68.276817,-4.409274,5.198716,-23.736242,22.653660,-26.311993
6.337500,-62.307426,-4.414230,4.870192,-23.534357,20.302567,-25.879181
6.343750,-56.333488,-4.419713,4.633060,-23.293053,16.918262,-25.439972
6.350000,-50.354198,-4.425484,4.391591,-23.022278,14.128859,-24.925241
6.356250,-44.369991,-4.431376,4.129301,-22.719318,9.532151,-24.396799
6.362500,-38.379509,-4.436935,3.718565,-22.401966,4.081646,-23.915707
6.368750,-32.383587,-4.441977,2.963444,-22.097176,-2.058258,-23.523886
6.375000,-26.385555,-4.446794,1.765940,-21.827782,-8.742579,-23.250156
6.381250,-20.386707,-4.451545,0.088863,-21.611320,-15.850932,-23.091549
6.387500,-14.384448,-4.455786,0.095741,-21.462156,-23.427240,-23.019073
6.393750,-8.378526,-4.459264,-1.478305,-21.402489,-29.986757,-23.117279
6.400000,-2.370586,-4.462139,-2.546271,-21.455076,-36.254086,-23.356331
6.406250,3.636887,-4.464345,-2.721931,-21.560656,-41.777721,-23.711987
6.412500,9.644663,-4.465776,-2.486726,-21.759003,-46.240597,-24.126007
6.418750,15.651167,-4.466696,-1.921639,-22.050749,-49.391876,-24.546026
6.425000,21.652990,-4.467815,-1.077585,-22.427790,-51.915611,-25.034321
6.431250,27.651089,-4.469038,-0.031570,-22.872219,-53.327061,-25.523560
6.437500,33.649845,-4.469580,1.127675,-23.359880,-53.646523,-25.974354
6.443750,39.649502,-4.469205,2.540553,-23.866291,-53.040390,-26.358555
6.450000,45.643398,-4.469065,4.340405,-24.358992,-51.718075,-26.649710
6.456250,51.628193,-4.469986,6.366301,-24.805296,-49.919781,-26.826496
6.462500,57.608578,-4.471645,8.399918,-25.176058,-47.950382,-26.881607
6.468750,63.590565,-4.473282,10.189896,-25.451544,-46.190193,-26.849819
6.475000,69.574059,-4.474906,11.455562,-25.627983,-44.987873,-26.716049
6.481250,75.557526,-4.476645,11.990060,-25.701412,-41.912754,-26.465366
6.487500,81.539688,-4.478344,11.670591,-25.668562,-39.033501,-26.150017
6.493750,87.520927,-4.480431,10.379145,-25.540995,-35.990032,-25.806988
6.500000,93.499191,-4.483289,8.022295,-25.341400,-32.359455,-25.468287
6.506250,97.582832,-4.486809,6.773776,-25.097218,-29.589315,-25.157419
6.512500,101.397896,-4.490027,3.507690,-24.825155,-25.599821,-24.876610
6.518750,104.412796,-4.492736,0.541425,-24.540098,-20.543842,-24.624699
6.525000,106.129768,-4.495622,-2.059288,-24.262466,-14.678974,-24.358107
6.531250,106.120155,-4.499150,-4.241310,-24.013252,-10.255403,-24.179697
6.537500,104.048035,-4.502553,-5.999094,-23.822077,-5.335473,-24.073339
6.543750,99.679855,-4.505002,-7.281235,-23.698875,-1.046953,-24.016123
6.550000,92.889671,-4.506858,-7.984118,-23.640789,2.226185,-23.994589
6.556250,83.672203,-4.508977,-8.100227,-23.643023,4.185697,-24.001701
6.562500,72.149879,-4.511160,-7.668663,-23.694506,4.643522,-24.069523
6.568750,58.563892,-4.512824,-6.749709,-23.776497,3.453579,-24.104099
6.575000,43.253834,-4.514058,-5.158024,-23.854225,2.203510,-24.147831
6.581250,26.642271,-4.515361,-2.737098,-23.895348,-0.345811,-24.203669
6.587500,9.221292,-4.516906,-0.271226,-23.968521,-3.685243,-24.269346
6.593750,-8.473798,-4.518598,2.353557,-24.033318,-7.283271,-24.350050
6.600000,-25.897062,-4.520479,4.962190,-24.072575,-12.447346,-24.434582
6.606250,-42.516033,-4.522537,7.265018,-24.081606,-16.929205,-24.514565
6.612500,-57.836884,-4.524406,8.973192,-24.064497,-20.777849,-24.589855
6.618750,-71.432648,-4.526008,9.861924,-24.029242,-24.033449,-24.660707
6.625000,-82.966103,-4.528220,11.952680,-23.979954,-26.736864,-24.724300
6.631250,-92.203239,-4.531568,11.920383,-23.918816,-28.928955,-24.775257
6.637500,-99.017136,-4.535645,11.848336,-23.848637,-30.680979,-24.808031
6.643750,-103.401901,-4.539654,11.660872,-23.769073,-32.077152,-24.810949
6.650000,-105.479538,-4.543542,11.287099,-23.680130,-33.220234,-24.760349
6.656250,-105.490791,-4.547692,10.651367,-23.582479,-34.273262,-24.685987
6.662500,-103.777100,-4.551976,9.705731,-23.467854,-35.667297,-24.567326
6.668750,-100.762314,-4.555988,8.429543,-23.327923,-37.311722,-24.409443
6.675000,-96.939262,-4.559669,6.738008,-23.161938,-39.514725,-24.219427
6.681250,-92.844986,-4.563823,4.576808,-22.968037,-42.433998,-23.999784
6.687500,-86.857666,-4.568602,1.917657,-22.743408,-44.069229,-23.757147
6.693750,-80.866859,-4.573433,0.876788,-22.496273,-45.983875,-23.513594
6.700000,-74.870255,-4.577775,0.030452,-22.241812,-47.854073,-23.285061
6.706250,-68.868172,-4.581520,-2.012504,-21.993439,-49.307610,-23.082411
6.712500,-62.863682,-4.584660,-3.178868,-21.775911,-50.034241,-22.919613
6.718750,-56.859089,-4.587406,-3.664006,-21.705177,-49.804264,-22.816090
6.725000,-50.855480,-4.590220,-3.117397,-21.573471,-48.444481,-22.782343
6.731250,-44.852215,-4.593178,-2.083084,-21.521498,-45.810749,-22.812567
6.737500,-38.846592,-4.595771,-0.948682,-21.578114,-41.883167,-22.894909
6.743750,-32.836262,-4.597392,0.202137,-21.749119,-36.719707,-22.967319
6.750000,-26.824183,-4.598199,1.274887,-22.029278,-30.131102,-23.142241
6.756250,-20.814428,-4.598741,4.300181,-22.409346,-23.882376,-23.371313
6.762500,-14.808199,-4.599181,5.883769,-22.875639,-17.060083,-23.621172
6.768750,-8.803709,-4.599429,8.024236,-23.409470,-10.135483,-23.866314
6.775000,-2.800388,-4.599358,10.575189,-23.970356,-3.580109,-24.082317
6.781250,3.201748,-4.599015,13.342362,-24.527948,4.270455,-24.261230
6.787500,9.201995,-4.598135,15.962891,-25.070826,11.583292,-24.395441
6.793750,15.199545,-4.596910,18.168484,-25.581657,18.517242,-24.476580
6.800000,21.190006,-4.596276,19.776234,-26.040819,25.230076,-24.500111
6.806250,27.172773,-4.596656,20.628281,-26.430269,29.999119,-24.465311
6.812500,33.153259,-4.597657,22.769312,-26.735619,34.625980,-24.374384
6.818750,39.136894,-4.598536,22.857143,-26.946642,38.757694,-24.232117
6.825000,45.121544,-4.599342,22.968126,-27.057631,42.070770,-24.045294
6.831250,51.102749,-4.600845,23.005281,-27.068800,44.294556,-23.816610
6.837500,57.081013,-4.603031,22.875353,-26.986038,45.218090,-23.545109
6.843750,63.060612,-4.605484,22.505737,-26.817186,44.477337,-23.280836
6.850000,69.041679,-4.608400,21.851734,-26.575033,41.995621,-23.044090
6.856250,75.021797,-4.612057,20.839283,-26.283997,37.781666,-22.870140
6.862500,81.004784,-4.615833,19.434286,-25.971676,31.904346,-22.900143
6.868750,86.995163,-4.618675,17.692783,-25.660898,23.828653,-22.884182
6.875000,92.989227,-4.620748,13.826634,-25.369408,16.115839,-22.975866
6.881250,97.084549,-4.623201,9.582963,-25.110540,7.483048,-23.190989
6.887500,100.900803,-4.626489,6.745194,-24.886988,-1.361021,-23.520605
6.893750,103.911926,-4.629873,3.623261,-24.683548,-9.698050,-23.939068
6.900000,105.630402,-4.632563,0.432160,-24.382944,-16.851971,-24.409325
6.906250,105.625832,-4.634717,-3.294817,-24.213158,-22.224203,-24.894798
6.912500,103.552803,-4.636754,-7.183051,-24.075514,-25.332767,-25.369398
6.918750,99.173035,-4.638912,-10.953342,-23.971298,-27.642479,-25.799648
6.925000,92.365433,-4.641607,-14.548063,-23.889881,-27.158869,-26.146732
6.931250,83.130577,-4.645256,-17.684246,-23.794941,-24.233833,-26.381538
6.937500,71.592751,-4.649469,-22.403814,-23.703480,-19.389587,-26.486353
6.943750,57.994297,-4.653472,-24.955589,-23.618444,-13.242013,-26.454508
6.950000,42.676109,-4.656994,-27.177494,-23.530170,-6.457815,-26.286877
6.956250,26.059832,-4.660671,-29.068468,-23.444241,0.259762,-25.999609
6.962500,8.636648,-4.664556,-30.721277,-23.367506,6.164113,-25.640310
6.968750,-9.057271,-4.668231,-32.090183,-23.288479,10.516428,-25.221786
6.975000,-26.475739,-4.671585,-33.166706,-23.196146,13.926109,-24.717901
6.981250,-43.088776,-4.675170,-34.031170,-23.084307,14.752560,-24.202753
6.987500,-58.405254,-4.679238,-34.791195,-22.951374,15.101454,-23.717155
6.993750,-71.992630,-4.682874,-35.576763,-22.800915,13.571503,-23.292307
7.000000,-83.507957,-4.685328,-34.333378,-22.635897,10.715742,-22.949236
7.006250,-92.719536,-4.687141,-32.504044,-22.456388,7.142560,-22.697224
7.012500,-99.511673,-4.689224,-31.567150,-22.260294,3.449491,-22.533865
7.018750,-103.884613,-4.692014,-29.549967,-22.041340,0.154727,-22.465878
7.025000,-105.955070,-4.695110,-26.766144,-21.809931,-2.440521,-22.518639
7.031250,-105.957085,-4.698110,-23.691738,-21.601824,-3.917488,-22.675394
7.037500,-104.230591,-4.700942,-20.706688,-21.477444,-3.926231,-22.906244
7.043750,-101.204590,-4.703643,-17.918821,-21.324802,-2.238959,-23.055513
7.050000,-97.372635,-4.706580,-15.501900,-21.211693,2.166584,-23.356665
7.056250,-93.267601,-4.709924,-12.075078,-21.175644,6.807528,-23.688223
7.062500,-87.265343,-4.713278,-9.195561,-21.239067,12.856212,-24.042742
7.068750,-81.256851,-4.715889,-8.361914,-21.415516,19.848265,-24.414431
7.075000,-75.243431,-4.717551,-7.534213,-21.708841,27.320234,-24.800203
7.081250,-69.230209,-4.718835,-6.831043,-22.113457,34.804321,-25.197001
7.087500,-63.219860,-4.719999,-6.351014,-22.611834,41.865341,-25.596418
7.093750,-57.209656,-4.720693,-6.201561,-23.181604,48.144043,-25.971397
7.100000,-51.197647,-4.720452,-6.475700,-23.783203,53.573673,-26.307396
7.106250,-45.186611,-4.719480,-7.277458,-24.394842,57.990906,-26.607412
7.112500,-39.180817,-4.718251,-8.956977,-25.027884,61.088970,-26.870724
7.118750,-33.181179,-4.716959,-9.231385,-25.641376,62.721397,-27.089695
7.125000,-27.186819,-4.715678,-9.409457,-26.208809,62.834595,-27.253172
7.131250,-21.196644,-4.714520,-9.028584,-26.724817,61.446518,-27.348108
7.137500,-15.210140,-4.713337,-7.689184,-27.214544,58.663715,-27.354498
7.143750,-9.226928,-4.712050,-5.639436,-27.542896,54.686260,-27.232058
7.150000,-3.249310,-4.711207,-2.345420,-27.773045,49.827690,-26.982334
7.156250,2.720510,-4.711711,2.350379,-27.923323,43.024570,-26.668758
7.162500,8.686051,-4.713552,8.264480,-28.003593,35.603004,-26.269054
7.168750,14.655164,-4.715505,15.145492,-28.018854,27.654734,-25.790644
7.175000,20.631176,-4.716841,22.680330,-27.974281,19.391174,-25.254082
7.181250,26.608574,-4.718102,30.500975,-27.875357,11.066165,-24.688740
7.187500,32.582321,-4.720287,38.207703,-27.730728,2.953325,-24.135992
7.193750,38.554749,-4.723126,45.668983,-27.550097,-4.701766,-23.650890
7.200000,44.532040,-4.725704,52.777359,-27.342039,-11.983583,-23.170359
7.206250,50.514408,-4.728006,59.178001,-27.112000,-18.639805,-22.757757
7.212500,56.497700,-4.730509,64.565392,-26.854713,-24.282887,-22.443975
7.218750,62.480427,-4.733328,68.703270,-26.515797,-28.869822,-22.242140
7.225000,68.465546,-4.736235,71.144043,-26.224960,-32.488625,-22.153088
7.231250,74.453140,-4.739271,71.491463,-25.943855,-35.356636,-22.183094
7.237500,80.441582,-4.742702,70.102425,-25.662369,-37.622845,-22.315277
7.243750,86.433296,-4.746014,66.918877,-25.384977,-39.434315,-22.530008
7.250000,92.430283,-4.748550,62.270306,-25.115122,-40.970463,-22.804502
7.256250,96.534920,-4.750391,56.574562,-24.857925,-42.420612,-23.110945
7.262500,100.362930,-4.752507,50.030865,-24.617027,-43.976002,-23.415094
7.268750,103.379951,-4.755242,42.869846,-24.398247,-45.842312,-23.685175
7.275000,105.097481,-4.758628,35.357029,-24.205175,-48.300297,-23.915651
7.281250,105.092278,-4.762061,27.781061,-24.040422,-49.431961,-24.095795
7.287500,103.024330,-4.765262,20.427565,-23.906536,-50.646610,-24.200071
7.293750,98.655663,-4.767936,13.595928,-23.793812,-51.502621,-24.210135
7.300000,91.864616,-4.769845,7.585095,-23.687002,-51.706844,-24.127266
7.306250,82.648880,-4.771182,2.545499,-23.584164,-51.001266,-23.961304
7.312500,71.123886,-4.772732,-1.381186,-23.463198,-49.129498,-23.724207
7.318750,57.526756,-4.775074,-5.898773,-23.264954,-45.895264,-23.432804
7.325000,42.199928,-4.778397,-8.570583,-23.112459,-41.201885,-23.113188
7.331250,25.576626,-4.782234,-10.010128,-22.950790,-35.047546,-22.797449
7.337500,8.152637,-4.785925,-10.675049,-22.772095,-27.518841,-22.520945
7.343750,-9.539458,-4.788924,-10.825495,-22.583330,-18.846371,-22.305998
7.350000,-26.955563,-4.791365,-10.703666,-22.389521,-9.460150,-22.173237
7.356250,-43.567802,-4.793923,-10.482605,-22.190054,0.273261,-22.168118
7.362500,-58.885731,-4.797235,-10.430660,-22.002401,9.765565,-22.255205
7.368750,-72.478874,-4.800950,-10.814051,-21.845213,18.337564,-22.436899
7.375000,-84.001587,-4.804368,-9.621759,-21.729074,25.686260,-22.688663
7.381250,-93.216545,-4.807266,-8.322590,-21.659040,31.629768,-23.089300
7.387500,-100.004601,-4.809635,-8.406931,-21.636593,35.697666,-23.584578
7.393750,-104.368980,-4.811948,-7.891214,-21.658974,37.324810,-24.128826
7.400000,-106.432541,-4.814394,-7.026566,-21.725199,36.340683,-24.677780
7.406250,-106.430832,-4.816996,-6.143982,-21.840828,32.699459,-25.192635
7.412500,-104.702820,-4.819417,-5.703782,-22.000893,26.429274,-25.652054
7.418750,-101.673393,-4.821060,-6.340572,-22.183285,17.709940,-26.033007
7.425000,-97.837334,-4.822061,-8.346978,-22.400482,6.910414,-26.311619
7.431250,-93.732384,-4.823379,-9.912102,-22.663485,-5.539927,-26.475557
7.437500,-87.738625,-4.825675,-12.849379,-22.975994,-19.150459,-26.519888
7.443750,-81.745705,-4.828415,-17.055397,-23.337465,-33.357071,-26.447483
7.450000,-75.747375,-4.830871,-22.394823,-23.748346,-47.559196,-26.267050
7.456250,-69.744820,-4.832642,-28.676348,-24.204569,-61.116787,-25.983511
7.462500,-63.741329,-4.834305,-35.640072,-24.692913,-73.405640,-25.603474
7.468750,-57.738277,-4.835731,-42.988586,-25.190596,-83.945526,-25.155859
7.475000,-51.733196,-4.836564,-50.487419,-25.694872,-92.380836,-24.680170
7.481250,-45.727448,-4.836816,-57.988819,-26.217398,-98.328438,-24.207912
7.487500,-39.724415,-4.836935,-65.163834,-26.751028,-101.476067,-23.767044
7.493750,-33.722763,-4.836692,-71.621117,-27.277792,-101.642853,-23.379930
7.500000,-27.721428,-4.835685,-76.764450,-27.777800,-98.760979,-23.058371
7.506250,-21.721312,-4.834004,-80.081909,-28.235256,-92.916969,-22.811108
7.512500,-15.728703,-4.832561,-81.441971,-28.637375,-86.251190,-22.643072
7.518750,-9.744142,-4.831688,-80.767540,-28.966646,-77.444580,-22.543163
7.525000,-3.763005,-4.830950,-78.050735,-29.198881,-67.313675,-22.501642
7.531250,2.216135,-4.830134,-73.428909,-29.324560,-56.575947,-22.508314
7.537500,8.189807,-4.829950,-67.221893,-29.348356,-46.059113,-22.516970
7.543750,14.156300,-4.830928,-59.728935,-29.266212,-36.335884,-22.557997
7.550000,20.119467,-4.832767,-51.302605,-29.080727,-27.798016,-22.614931
7.556250,26.083561,-4.835162,-42.390663,-28.804024,-21.022377,-22.652895
7.562500,32.048286,-4.838285,-33.445267,-28.444958,-16.175627,-22.652227
7.568750,38.011696,-4.842521,-24.613899,-28.012087,-13.396252,-22.620003
7.575000,43.978348,-4.847227,-16.095051,-27.527662,-12.627943,-22.566122
7.581250,49.952271,-4.851687,-8.345707,-27.014339,-13.636049,-22.504833
7.587500,55.931961,-4.855587,-1.669480,-26.480663,-16.068771,-22.454685
7.593750,61.914486,-4.859227,3.820653,-25.950062,-19.456205,-22.429892
7.600000,67.897263,-4.862579,8.310733,-25.463995,-23.153179,-22.410807
7.606250,73.880646,-4.865740,11.825312,-25.021032,-26.604416,-22.412506
7.612500,79.863342,-4.869090,14.493512,-24.621231,-29.393377,-22.450621
7.618750,85.845268,-4.872749,16.605486,-24.268408,-30.973003,-22.528744
7.625000,91.829361,-4.876070,16.645063,-23.964287,-30.834953,-22.641216
7.631250,95.922935,-4.878542,16.655453,-23.704168,-28.584267,-22.779577
7.637500,99.744545,-4.880565,16.527063,-23.476751,-23.977880,-22.938902
7.643750,102.755257,-4.882936,16.128166,-23.273256,-16.947460,-23.124779
7.650000,104.463058,-4.886153,15.286108,-23.094324,-7.559770,-23.356855
7.656250,104.445068,-4.889825,13.870443,-22.933931,3.975762,-23.625687
7.662500,102.364288,-4.893684,11.839824,-22.776157,16.584909,-23.857315
7.668750,97.982147,-4.897925,9.142304,-22.601372,30.270884,-24.095282
7.675000,91.176773,-4.902861,5.668855,-22.405132,44.211651,-24.348572
7.681250,81.950508,-4.907919,3.442188,-22.197498,57.375626,-24.627316
7.687500,70.428726,-4.912459,1.037636,-21.988037,68.738495,-24.935797
7.693750,56.846958,-4.916228,-2.896645,-21.783945,79.553482,-25.271009
7.700000,41.541161,-4.919609,-6.239127,-21.595209,87.588326,-25.625946
7.706250,24.935814,-4.922981,-9.072210,-21.437201,92.572144,-25.995228
7.712500,7.523824,-4.926418,-11.504374,-21.329079,94.338074,-26.371908
7.718750,-10.159653,-4.929509,-13.620934,-21.282284,92.859932,-26.747353
7.725000,-27.567446,-4.931874,-15.430527,-21.283583,88.273499,-27.103224
7.731250,-44.168476,-4.933592,-17.050041,-21.338781,80.868462,-27.411280
7.737500,-59.474701,-4.935038,-18.679567,-21.450489,70.979065,-27.664459
7.743750,-73.059753,-4.936486,-20.463236,-21.622494,58.950497,-27.866020
7.750000,-84.582718,-4.938313,-20.388548,-21.858410,45.421265,-28.000326
7.756250,-93.806145,-4.940472,-19.897879,-22.144579,31.105326,-28.051125
7.762500,-100.605408,-4.942681,-18.557386,-22.461626,16.713167,-28.001465
7.768750,-104.978523,-4.944654,-16.048435,-22.789814,2.957048,-27.830296
7.775000,-107.049660,-4.946462,-14.091798,-23.112000,-9.532672,-27.526403
7.781250,-107.058151,-4.948953,-11.037271,-23.410358,-20.353695,-27.123680
7.787500,-105.345245,-4.952659,-7.522566,-23.672798,-29.095098,-26.631203
7.793750,-102.332970,-4.956820,-2.314979,-23.895725,-35.305714,-26.059856
7.800000,-98.506409,-4.960360,0.423109,-24.077814,-38.789227,-25.431547
7.806250,-94.400009,-4.962961,4.338768,-24.222088,-39.509464,-24.778955
7.812500,-88.398888,-4.965475,7.373431,-24.334921,-37.559658,-24.141151
7.818750,-82.401245,-4.968492,9.399269,-24.422201,-33.086689,-23.540329
7.825000,-76.403236,-4.971599,10.348277,-24.486038,-28.137951,-22.973110
7.831250,-70.400742,-4.974042,10.185304,-24.528919,-21.502645,-22.439350
7.837500,-64.394592,-4.976007,8.915668,-24.555523,-14.159634,-21.957537
7.843750,-58.389221,-4.977924,6.549007,-24.577942,-6.171166,-21.614183
7.850000,-52.383423,-4.979596,3.162993,-24.612003,1.261393,-21.376427
7.856250,-46.374756,-4.980413,-1.087605,-24.670572,7.621666,-21.236803
7.862500,-40.364212,-4.980572,-5.968212,-24.761566,12.594141,-21.188526
7.868750,-34.356201,-4.980391,-11.197714,-24.881418,16.011255,-21.216309
7.875000,-28.349575,-4.979878,-16.190683,-25.018164,17.776167,-21.308619
7.881250,-22.342205,-4.978302,-20.439352,-25.167368,17.921808,-21.456842
7.887500,-16.335737,-4.975685,-23.771639,-25.321745,16.636213,-21.647436
7.893750,-10.335827,-4.972855,-26.007547,-25.465008,14.245322,-21.862087
7.900000,-4.345826,-4.970600,-27.037781,-25.583225,11.157782,-22.079281
7.906250,1.636422,-4.969028,-26.915270,-25.689508,7.801342,-22.284773
7.912500,7.614795,-4.967843,-25.663801,-25.778130,4.595580,-22.473423
7.918750,13.590294,-4.967843,-23.258635,-25.778130,2.013895,-22.473423
7.925000,13.590294,-4.967843,-23.258635,-25.778130,2.013895,-22.473423
7.931250,13.590294,-4.967843,-23.258635,-25.778130,2.013895,-22.473423
7.937500,13.590294,-4.967843,-23.258635,-25.778130,2.013895,-22.473423
7.943750,13.590294,-4.967843,-23.258635,-25.778130,2.013895,-22.473423
7.950000,13.590294,-4.967843,-23.258635,-25.778130,2.013895,-22.473423
7.956250,13.590294,-4.967843,-23.258635,-25.778130,2.013895,-22.473423
7.962500,13.590294,-4.967843,-23.258635,-25.778130,2.013895,-22.473423
7.968750,13.590294,-4.967843,-23.258635,-25.778130,2.013895,-22.473423
7.975000,13.590294,-4.967843,-23.258635,-25.778130,2.013895,-22.473423
7.981250,13.590294,-4.967843,-23.258635,-25.778130,2.013895,-22.473423
7.987500,13.590294,-4.967843,-23.258635,-25.778130,2.013895,-22.473423
7.993750,13.590294,-4.967843,-23.258635,-25.778130,2.013895,-22.473423
8.000000,13.590294,-4.967843,-23.258635,-25.778130,2.013895,-22.473423
