Anritsu VNA Frequency[GHz],S21[deg],S21[dB],S11[deg],S11[dB],S22[deg],S22[dB]
1338088699.26,2012_05_27_04:18:19,+40.606,+10.250,+55.015,+10.264,+13.914,+13.724,+14.019,+13.770,10.368486,-16.487
3.006250,33.421459,-1.744495,58.727295,-26.676514,-80.868889,-27.440495
3.012500,33.421459,-1.744495,58.727295,-26.676514,-80.868889,-27.440495
3.018750,33.421459,-1.744495,58.727295,-26.676514,-80.868889,-27.440495
3.025000,33.421459,-1.744495,58.727295,-26.676514,-80.868889,-27.440495
3.031250,33.421459,-1.744495,58.727295,-26.676514,-80.868889,-27.440495
3.037500,33.421459,-1.744495,58.727295,-26.676514,-80.868889,-27.440495
3.043750,33.421459,-1.744495,58.727295,-26.676514,-80.868889,-27.440495
3.050000,33.421459,-1.744495,58.727295,-26.676514,-80.868889,-27.440495
3.056250,33.421459,-1.744495,58.727295,-26.676514,-80.868889,-27.440495
3.062500,33.421459,-1.744495,58.727295,-26.676514,-80.868889,-27.440495
3.068750,33.421459,-1.744495,58.727295,-26.676514,-80.868889,-27.440495
3.075000,33.421459,-1.744495,58.727295,-26.676514,-80.868889,-27.440495
3.081250,33.421459,-1.744495,58.727295,-26.676514,-80.868889,-27.440495
3.087500,33.421459,-1.744495,58.727295,-26.676514,-80.868889,-27.440495
3.093750,33.421459,-1.746371,58.727295,-26.476221,-80.868889,-27.188480
3.100000,39.326920,-1.748568,56.057911,-26.327423,-82.848526,-26.954714
3.106250,45.232376,-1.750798,52.515747,-26.251202,-83.217056,-26.739693
3.112500,51.138264,-1.753092,48.450657,-26.266554,-81.619820,-26.517088
3.118750,57.043190,-1.755553,42.467510,-26.313211,-79.896599,-26.214798
3.125000,62.947117,-1.758190,37.681805,-26.360346,-75.822266,-25.952913
3.131250,68.850662,-1.760897,33.312267,-26.434643,-69.655525,-25.663631
3.137500,74.752991,-1.763933,29.615715,-26.536076,-61.769691,-25.338215
3.143750,80.653618,-1.767492,26.796453,-26.656307,-52.347206,-24.985317
3.150000,86.555145,-1.771342,25.030905,-26.780497,-41.544933,-24.616671
3.156250,92.459801,-1.774929,24.441946,-26.894245,-29.535208,-24.250853
3.162500,96.471947,-1.778183,25.092649,-26.984486,-16.517546,-23.911840
3.168750,100.210945,-1.781535,27.005005,-27.043499,-2.700188,-23.648384
3.175000,103.143227,-1.785156,30.223295,-27.050304,9.856822,-23.403963
3.181250,104.778717,-1.788839,32.991089,-26.992399,23.187590,-23.182377
3.187500,104.691925,-1.792338,36.767883,-26.886589,35.967972,-23.015511
3.193750,102.541794,-1.795594,40.852058,-26.745596,47.707306,-22.919312
3.200000,98.090477,-1.798478,44.675301,-26.577591,57.992401,-22.896105
3.206250,91.216461,-1.801044,47.758560,-26.393129,66.437119,-22.946301
3.212500,81.918060,-1.803454,49.681473,-26.206797,72.723564,-23.077909
3.218750,70.315598,-1.806043,50.131828,-26.028606,76.628769,-23.273960
3.225000,56.647133,-1.808548,51.112370,-25.853071,77.782272,-23.478720
3.231250,41.255680,-1.810503,51.158417,-25.679941,76.353012,-23.701052
3.237500,24.566854,-1.812194,48.778961,-25.508932,74.346588,-23.932550
3.243750,7.068481,-1.814151,46.085705,-25.316826,70.177147,-24.150726
3.250000,-10.706574,-1.816727,42.946621,-25.144968,64.452187,-24.336390
3.256250,-28.208202,-1.819479,39.003216,-25.005255,57.720676,-24.488724
3.262500,-44.901173,-1.821828,34.498833,-24.880934,50.617302,-24.596483
3.268750,-60.295216,-1.823836,29.373680,-24.768030,43.836330,-24.651226
3.275000,-73.966202,-1.825976,23.506330,-24.665743,37.964584,-24.652580
3.281250,-85.574257,-1.828490,16.786371,-24.564522,33.506863,-24.608343
3.287500,-94.880440,-1.831359,9.120307,-24.451609,30.843880,-24.532583
3.293750,-101.760872,-1.834247,0.474562,-24.288557,30.236982,-24.425354
3.300000,-106.215157,-1.837047,-6.975824,-24.121754,31.845407,-24.287308
3.306250,-108.364746,-1.839582,-15.647865,-23.987650,35.648949,-24.145853
3.312500,-108.446999,-1.841813,-24.321720,-23.866915,41.466053,-24.032562
3.318750,-106.803452,-1.843913,-32.705540,-23.767763,49.032288,-23.968246
3.325000,-103.861870,-1.845815,-40.537704,-23.707705,58.005886,-23.962873
3.331250,-100.113289,-1.847306,-47.559448,-23.711809,67.953926,-24.019438
3.337500,-96.091156,-1.848390,-53.595207,-23.840265,78.362892,-24.136560
3.343750,-90.174263,-1.849144,-58.624992,-24.001785,88.690742,-24.299675
3.350000,-84.257706,-1.849511,-63.068493,-24.222496,96.540550,-24.452250
3.356250,-78.342033,-1.849551,-66.510689,-24.545265,105.145287,-24.648907
3.362500,-72.428207,-1.849458,-67.240105,-24.992474,111.403648,-24.897137
3.368750,-66.516457,-1.849084,-66.895401,-25.545238,115.440262,-25.186031
3.375000,-60.605118,-1.848141,-65.356903,-26.176418,116.858093,-25.561867
3.381250,-54.695808,-1.846869,-62.640182,-26.852631,115.499847,-25.895510
3.387500,-48.792519,-1.846001,-58.840218,-27.535482,111.974998,-26.217567
3.393750,-42.895561,-1.845905,-54.115273,-28.180271,105.739098,-26.520569
3.400000,-37.000900,-1.846223,-48.683529,-28.744999,97.355415,-26.796276
3.406250,-31.104954,-1.846359,-42.883739,-29.208681,87.823357,-27.076458
3.412500,-25.209249,-1.846665,-37.039944,-29.546623,77.809166,-27.326384
3.418750,-19.318340,-1.847886,-29.215553,-29.737270,65.952545,-27.525194
3.425000,-13.430238,-1.850107,-22.952745,-29.776825,54.541370,-27.666321
3.431250,-7.539229,-1.852462,-16.399075,-29.680779,44.009346,-27.755878
3.437500,-1.644002,-1.854722,-9.808352,-29.433037,34.808113,-27.797516
3.443750,4.250528,-1.857622,-3.205672,-29.032181,27.619162,-27.738695
3.450000,10.143897,-1.861511,2.893214,-28.523539,20.721907,-27.608969
3.456250,16.041319,-1.865565,8.322189,-27.945679,15.894777,-27.421778
3.462500,21.947069,-1.868991,13.078539,-27.342043,12.842222,-27.178978
3.468750,27.858028,-1.871800,17.246546,-26.758329,11.253386,-26.877218
3.475000,33.769093,-1.874400,20.933430,-26.259672,10.777230,-26.532709
3.481250,39.679550,-1.876870,24.398840,-25.798948,11.017813,-26.161030
3.487500,45.589417,-1.879351,26.370953,-25.405434,11.608327,-25.755878
3.493750,51.497650,-1.882240,28.240992,-25.114706,12.117727,-25.324738
3.500000,57.404922,-1.885553,29.831005,-24.931423,12.110427,-24.879526
3.506250,63.315334,-1.888605,31.039413,-24.840691,11.256425,-24.430876
3.512500,69.229736,-1.890836,31.772003,-24.808727,9.284785,-23.988382
3.518750,75.144333,-1.892852,32.009369,-24.750341,5.994737,-23.556787
3.525000,81.052719,-1.895744,31.886419,-24.733965,1.236620,-23.142536
3.531250,86.956795,-1.899708,32.010239,-24.721052,-2.966622,-22.760315
3.537500,92.863403,-1.903903,32.011826,-24.675701,-8.075888,-22.426956
3.543750,96.880714,-1.907794,32.140835,-24.587692,-13.662145,-22.137737
3.550000,100.627808,-1.911803,32.736649,-24.430157,-19.442860,-21.855682
3.556250,103.568062,-1.916524,32.240219,-24.204487,-24.939611,-21.526857
3.562500,105.213524,-1.921529,32.360085,-23.940498,-29.877298,-21.285526
3.568750,105.142860,-1.925733,32.755951,-23.665058,-33.023323,-21.115108
3.575000,103.016014,-1.928527,33.151871,-23.404428,-35.393520,-21.016474
3.581250,98.589706,-1.930271,33.264420,-23.193373,-36.716934,-21.003998
3.587500,91.737839,-1.931574,32.833706,-23.068544,-37.020073,-21.036469
3.593750,82.460632,-1.932516,31.751293,-23.017870,-36.163307,-21.137730
3.600000,70.883820,-1.932348,29.955622,-23.054590,-33.998402,-21.321535
3.606250,57.244091,-1.930877,29.297842,-23.191849,-30.682213,-21.582563
3.612500,41.877506,-1.928543,28.321276,-23.415768,-26.492834,-21.893986
3.618750,25.207453,-1.925770,27.425642,-23.743385,-21.823721,-22.230759
3.625000,7.728428,-1.922374,26.723904,-24.184660,-17.458399,-22.635857
3.631250,-10.026104,-1.918157,26.823755,-24.702324,-11.590072,-23.070910
3.637500,-27.512794,-1.913606,28.031878,-25.261404,-5.943588,-23.506954
3.643750,-44.203018,-1.909485,30.490051,-25.825346,-0.543946,-23.925098
3.650000,-59.603851,-1.906022,32.333351,-26.348911,4.521252,-24.308239
3.656250,-73.284874,-1.903154,35.122150,-26.757467,9.167366,-24.638977
3.662500,-84.904327,-1.901058,38.030750,-27.095474,13.296449,-24.912676
3.668750,-94.224678,-1.899895,41.987087,-27.341948,16.771303,-25.135406
3.675000,-101.122345,-1.899335,45.310249,-27.468596,19.503164,-25.306086
3.681250,-105.594948,-1.898946,47.732700,-27.472759,21.435514,-25.423330
3.687500,-107.765648,-1.899067,49.014847,-27.367514,22.492203,-25.489958
3.693750,-107.875084,-1.900460,49.009789,-27.179319,22.618786,-25.514910
3.700000,-106.261688,-1.902969,47.723446,-26.913006,21.822786,-25.509394
3.706250,-103.346100,-1.905654,45.312202,-26.586704,20.234344,-25.465414
3.712500,-99.619057,-1.908109,41.757732,-26.239513,18.068781,-25.377508
3.718750,-95.618408,-1.910877,35.353657,-25.898626,15.478106,-25.250214
3.725000,-89.724342,-1.914244,28.023361,-25.579489,12.790517,-25.099934
3.731250,-83.828552,-1.917672,19.494844,-25.327019,10.615048,-24.965178
3.737500,-77.927551,-1.920653,11.704441,-25.164305,9.360380,-24.857954
3.743750,-72.024323,-1.923339,3.402677,-25.076838,9.438515,-24.801287
3.750000,-66.122398,-1.926051,-4.864519,-25.052296,9.449572,-24.708675
3.756250,-60.221760,-1.928781,-12.700694,-25.086607,9.371558,-24.601688
3.762500,-54.319893,-1.931238,-19.685167,-25.158730,10.530810,-24.480246
3.768750,-48.418083,-1.933752,-25.378231,-25.231693,12.676398,-24.394262
3.775000,-42.517906,-1.936521,-29.549732,-25.318378,15.338652,-24.331577
3.781250,-36.618099,-1.939364,-32.092838,-25.404716,17.923428,-24.277285
3.787500,-30.716690,-1.941868,-32.657467,-25.470715,20.067356,-24.223883
3.793750,-24.815624,-1.944456,-31.159750,-25.529726,21.465330,-24.175142
3.800000,-18.916157,-1.947470,-27.620991,-25.528524,21.919476,-24.123051
3.806250,-13.017322,-1.950811,-23.203331,-25.440142,21.448772,-24.031433
3.812500,-7.117154,-1.954266,-17.269152,-25.304789,19.908876,-23.908947
3.818750,-1.216299,-1.958113,-10.404597,-25.139595,17.190878,-23.766659
3.825000,4.685288,-1.962211,-3.213367,-24.958477,13.428458,-23.610296
3.831250,10.590759,-1.965976,5.873391,-24.776163,8.891233,-23.451040
3.837500,16.500271,-1.969186,14.937884,-24.607269,3.896828,-23.326242
3.843750,22.409836,-1.972484,24.023975,-24.447044,-1.212676,-23.189026
3.850000,28.316166,-1.976282,31.321819,-24.289738,-7.127896,-23.023079
3.856250,34.223923,-1.979914,38.392059,-24.145105,-12.655686,-22.867449
3.862500,40.135979,-1.982798,44.696419,-24.011568,-17.772896,-22.730347
3.868750,46.047291,-1.985547,49.802013,-23.876034,-22.462051,-22.608906
3.875000,51.952061,-1.989363,53.302601,-23.716236,-26.746496,-22.492188
3.881250,57.852810,-1.994429,54.778187,-23.538097,-30.699471,-22.364204
3.887500,63.757172,-1.999618,53.789085,-23.343498,-34.504673,-22.230175
3.893750,69.668152,-2.004326,50.253422,-23.114155,-38.416775,-22.094835
3.900000,75.580421,-2.009316,46.260731,-22.839615,-42.569401,-21.950731
3.906250,81.489357,-2.015408,40.400845,-22.520227,-45.266113,-21.795757
3.912500,87.398338,-2.022539,33.206486,-22.157467,-48.373375,-21.625645
3.918750,93.313583,-2.030030,25.231752,-21.758780,-51.602180,-21.427200
3.925000,97.342323,-2.037363,16.940491,-21.350676,-54.710060,-21.173159
3.931250,101.105927,-2.044316,8.792459,-20.958412,-57.763275,-20.953867
3.937500,104.070076,-2.050834,1.335278,-20.602150,-58.559856,-20.764797
3.943750,105.742363,-2.056720,-4.979867,-20.305157,-58.176437,-20.614355
3.950000,105.696716,-2.061469,-9.815279,-20.089062,-56.146603,-20.516445
3.956250,103.592407,-2.064559,-12.945811,-19.972368,-52.115345,-20.486517
3.962500,99.189201,-2.065935,-14.228825,-19.964699,-45.832256,-20.536440
3.968750,92.361954,-2.065882,-13.594241,-20.063635,-37.159115,-20.674921
3.975000,83.108124,-2.064530,-12.947941,-20.236446,-26.100695,-20.912981
3.981250,71.548470,-2.061891,-10.756017,-20.531023,-12.820286,-21.274792
3.987500,57.918533,-2.058121,-6.416163,-20.933302,1.084963,-21.680861
3.993750,42.557064,-2.053554,-1.137628,-21.398882,16.246368,-22.189156
4.000000,25.890205,-2.048300,4.432703,-21.923532,31.881063,-22.806942
4.006250,8.410490,-2.042406,9.942424,-22.491158,47.121456,-23.566032
4.012500,-9.351460,-2.036369,15.124226,-23.074387,60.880005,-24.321842
4.018750,-26.851835,-2.031060,19.729229,-23.639969,73.859612,-25.051716
4.025000,-43.557293,-2.026635,23.467783,-24.172594,84.096214,-25.792580
4.031250,-58.970089,-2.022673,28.207001,-24.662113,92.499275,-26.547302
4.037500,-72.661949,-2.019275,30.574661,-25.087587,98.192749,-27.262341
4.043750,-84.295113,-2.017146,32.615257,-25.436207,101.458290,-27.908207
4.050000,-93.630890,-2.016379,34.181908,-25.707346,102.695496,-28.468021
4.056250,-100.541519,-2.016011,35.209408,-25.891687,102.428276,-28.932011
4.062500,-105.024521,-2.015370,35.771614,-25.971220,99.461670,-29.267601
4.068750,-107.208000,-2.015469,35.816483,-25.963091,96.193283,-29.461056
4.075000,-107.334084,-2.017553,35.362968,-25.884420,92.681969,-29.519705
4.081250,-105.736420,-2.020883,34.593910,-25.748857,89.155434,-29.448055
4.087500,-102.832031,-2.023989,33.760967,-25.565186,83.778633,-29.247456
4.093750,-99.113571,-2.026439,33.168209,-25.341888,78.279045,-28.923677
4.100000,-95.123024,-2.029168,31.232882,-25.093880,72.513115,-28.497667
4.106250,-89.241638,-2.032731,29.953516,-24.826296,66.384254,-28.008425
4.112500,-83.360542,-2.036802,29.230873,-24.531336,59.979710,-27.413551
4.118750,-77.476044,-2.041169,28.812214,-24.225346,53.465984,-26.749180
4.125000,-71.590019,-2.046143,28.399645,-23.923687,46.579254,-26.055937
4.131250,-65.702545,-2.051741,27.819715,-23.635927,39.471714,-25.363684
4.137500,-59.810394,-2.057367,26.960705,-23.365244,32.340889,-24.695335
4.143750,-53.911720,-2.062693,25.736603,-23.111032,25.400314,-24.068556
4.150000,-48.009918,-2.068027,24.059893,-22.872360,18.841133,-23.495863
4.156250,-42.107582,-2.073782,24.026369,-22.645437,12.834568,-22.977310
4.162500,-36.203804,-2.079864,24.228699,-22.419308,7.526265,-22.530436
4.168750,-30.296337,-2.086063,23.251820,-22.182331,4.617002,-22.150831
4.175000,-24.384939,-2.092360,22.951880,-21.954311,1.549359,-21.840260
4.181250,-18.469496,-2.098605,23.137867,-21.740004,0.028101,-21.591734
4.187500,-12.549650,-2.104541,23.614256,-21.543903,-0.061343,-21.344225
4.193750,-6.625029,-2.110069,24.156521,-21.372066,1.349321,-21.208670
4.200000,-0.696849,-2.114992,24.534483,-21.231596,2.325707,-21.156719
4.206250,5.234659,-2.118990,24.533890,-21.129944,3.555670,-21.166138
4.212500,11.168490,-2.121893,23.989620,-21.064104,6.064368,-21.194298
4.218750,17.101107,-2.124064,24.965384,-21.022936,7.624254,-21.245659
4.225000,23.029654,-2.125966,24.051819,-21.002151,8.227967,-21.320391
4.231250,28.953928,-2.127753,23.229334,-20.990499,7.725738,-21.404398
4.237500,34.875565,-2.129227,22.287384,-20.987179,5.951619,-21.475479
4.243750,40.794655,-2.130445,20.894461,-21.008806,4.818181,-21.542725
4.250000,46.712257,-2.131319,18.888786,-21.040430,2.708021,-21.605282
4.256250,52.627804,-2.131763,16.124937,-21.064671,0.146194,-21.647017
4.262500,58.538906,-2.132268,12.368239,-21.066772,-2.453875,-21.656746
4.268750,64.442551,-2.133579,7.422337,-21.036106,-4.737699,-21.623941
4.275000,70.339615,-2.136078,1.106232,-20.965719,-6.391432,-21.541798
4.281250,76.236374,-2.139129,-4.574868,-20.842936,-7.142651,-21.398300
4.287500,82.135246,-2.142621,-11.151975,-20.665499,-6.790802,-21.164248
4.293750,88.033615,-2.147310,-18.364258,-20.456228,-5.436814,-20.910528
4.300000,93.931534,-2.153386,-25.844336,-20.217302,-3.346745,-20.639111
4.306250,97.941803,-2.159665,-33.148277,-19.951643,-0.326137,-20.347366
4.312500,101.691086,-2.165037,-39.957409,-19.670231,3.417823,-20.045017
4.318750,104.641609,-2.169996,-46.001335,-19.387865,7.621320,-19.745537
4.325000,106.293388,-2.175508,-51.077755,-19.125776,11.981781,-19.466669
4.331250,106.221581,-2.181448,-55.039516,-18.907450,16.189127,-19.223129
4.337500,104.092628,-2.186659,-57.785896,-18.780836,19.972471,-19.017057
4.343750,99.670250,-2.190744,-59.341385,-18.652407,23.109394,-18.792000
4.350000,92.828308,-2.193943,-58.699589,-18.597298,25.115469,-18.671267
4.356250,83.564575,-2.196069,-56.757099,-18.649765,27.672693,-18.635988
4.362500,72.001129,-2.196619,-53.310616,-18.808804,29.533323,-18.695925
4.368750,58.372665,-2.195963,-48.449223,-19.066053,31.050068,-18.878771
4.375000,43.013027,-2.194906,-42.377151,-19.408085,32.464119,-19.122540
4.381250,26.349857,-2.193339,-35.367619,-19.813744,33.835197,-19.410606
4.387500,8.879951,-2.190635,-27.745663,-20.256489,35.962524,-19.751043
4.393750,-8.866047,-2.187065,-19.926085,-20.720030,37.169235,-20.170792
4.400000,-26.348738,-2.183782,-12.367621,-21.191519,39.011063,-20.645653
4.406250,-43.035061,-2.180929,-3.274650,-21.653265,41.072357,-21.149469
4.412500,-58.426914,-2.177631,3.768121,-22.091885,43.060383,-21.663851
4.418750,-72.096329,-2.174040,10.602907,-22.501307,44.761562,-22.174812
4.425000,-83.708061,-2.171099,17.059958,-22.819996,46.094727,-22.634140
4.431250,-93.026001,-2.169187,22.963762,-23.047647,47.067699,-23.014614
4.437500,-99.922600,-2.167608,27.925299,-23.196119,47.448303,-23.312580
4.443750,-104.395576,-2.166239,31.899078,-23.272900,47.238594,-23.521040
4.450000,-106.570900,-2.165891,34.951412,-23.279894,46.567322,-23.632740
4.456250,-106.686409,-2.167030,37.212200,-23.221931,45.604328,-23.646345
4.462500,-105.076515,-2.168947,38.882469,-23.109030,44.532177,-23.567715
4.468750,-102.163902,-2.171140,40.251495,-22.960836,43.571323,-23.419460
4.475000,-98.444153,-2.174135,39.803246,-22.775892,43.021053,-23.186243
4.481250,-94.451256,-2.177955,39.706234,-22.547329,41.603020,-22.855686
4.487500,-88.558273,-2.181751,39.620243,-22.307627,40.849213,-22.473965
4.493750,-82.660118,-2.185299,39.353989,-22.078276,40.459824,-22.070736
4.500000,-76.762993,-2.189758,38.841309,-21.870188,40.217323,-21.667540
4.506250,-70.868637,-2.195812,38.058319,-21.683901,39.910686,-21.278929
4.512500,-64.968994,-2.202281,36.997040,-21.506115,39.320934,-20.914249
4.518750,-59.056492,-2.207701,35.654552,-21.281363,38.200920,-20.583473
4.525000,-53.135098,-2.212193,34.060055,-21.099421,36.232407,-20.322615
4.531250,-47.214554,-2.216968,33.299358,-20.964827,32.961586,-20.118694
4.537500,-41.295765,-2.222366,32.868816,-20.833607,29.755445,-19.949694
4.543750,-35.371319,-2.227545,31.357622,-20.695974,25.115602,-19.827139
4.550000,-29.438282,-2.231717,30.485769,-20.578646,19.363001,-19.725903
4.556250,-23.500015,-2.234984,29.966923,-20.504042,12.908844,-19.707993
4.562500,-17.559904,-2.237763,29.584465,-20.491280,6.454297,-19.788780
4.568750,-11.618700,-2.240014,29.113804,-20.566467,-0.021331,-19.965221
4.575000,-5.674978,-2.241436,28.329123,-20.786556,-6.336882,-20.184101
4.581250,0.272183,-2.241662,27.054996,-21.070803,-12.166814,-20.458057
4.587500,6.220118,-2.240604,24.008986,-21.439285,-17.007198,-20.798988
4.593750,12.166132,-2.238597,22.071653,-21.912449,-20.674175,-21.199230
4.600000,18.108175,-2.235802,19.370882,-22.493063,-23.120733,-21.638441
4.606250,24.046535,-2.231949,15.785317,-23.241234,-24.490915,-22.128540
4.612500,29.980022,-2.227145,12.211859,-24.029251,-25.053261,-22.659292
4.618750,35.903679,-2.222394,8.052096,-24.887094,-24.872995,-23.208454
4.625000,41.815132,-2.218392,3.624368,-25.795052,-24.233004,-23.760931
4.631250,47.720215,-2.214601,-0.785279,-26.719988,-23.455286,-24.303087
4.637500,53.624298,-2.209950,-4.915164,-27.619118,-22.903944,-24.817572
4.643750,59.523483,-2.205013,-8.516871,-28.440046,-22.940258,-25.269360
4.650000,65.408607,-2.201391,-13.284917,-29.122242,-23.917313,-25.610434
4.656250,71.279541,-2.199849,-15.354486,-29.638515,-26.215479,-25.849039
4.662500,77.144669,-2.199875,-16.774902,-29.981382,-28.406050,-26.006273
4.668750,83.008728,-2.201199,-17.412178,-30.120716,-31.871912,-26.055515
4.675000,88.872543,-2.204031,-17.287832,-30.044525,-36.377487,-25.988831
4.681250,94.736931,-2.208238,-16.533585,-29.755966,-41.716873,-25.807116
4.687500,98.710922,-2.213137,-15.350267,-29.278994,-47.666973,-25.521532
4.693750,102.415512,-2.219021,-13.980507,-28.652107,-53.960110,-25.143919
4.700000,105.314552,-2.226860,-12.717627,-27.903246,-60.253086,-24.676416
4.706250,106.918495,-2.236414,-12.051443,-27.035898,-66.176758,-24.111511
4.712500,106.811760,-2.245857,-12.221922,-26.091610,-71.291649,-23.503252
4.718750,104.656845,-2.253988,-13.576181,-25.147175,-77.005707,-22.907398
4.725000,100.207573,-2.261520,-14.539983,-24.262238,-81.850616,-22.344183
4.731250,93.334908,-2.269322,-16.660736,-23.459446,-85.975876,-21.849241
4.737500,84.043083,-2.276663,-19.684429,-22.757385,-89.603073,-21.385933
4.743750,72.459053,-2.282407,-23.395033,-22.168865,-93.012383,-20.962244
4.750000,58.815018,-2.286907,-27.539595,-21.689819,-94.134850,-20.585600
4.756250,43.443939,-2.290980,-31.821182,-21.264107,-94.518364,-20.314411
4.762500,26.773230,-2.294464,-35.965916,-20.971930,-93.712608,-20.140923
4.768750,9.300076,-2.296732,-38.426857,-20.793253,-91.572464,-20.045637
4.775000,-8.445466,-2.297890,-39.639355,-20.689190,-87.797440,-20.015638
4.781250,-25.922371,-2.298599,-39.003445,-20.623720,-82.138893,-20.050137
4.787500,-42.600109,-2.299331,-37.859947,-20.534853,-74.394112,-20.121939
4.793750,-57.984493,-2.300111,-35.030628,-20.482645,-66.065491,-20.184519
4.800000,-71.647049,-2.301110,-30.218348,-20.428619,-55.855335,-20.253422
4.806250,-83.246223,-2.302213,-24.046951,-20.365561,-44.397339,-20.321003
4.812500,-92.543762,-2.303263,-17.070625,-20.291603,-32.293877,-20.374430
4.818750,-99.418640,-2.304652,-9.847085,-20.206501,-20.130199,-20.400640
4.825000,-103.872978,-2.307005,-2.940606,-20.117153,-8.459772,-20.404921
4.831250,-106.025520,-2.310030,5.261442,-20.039824,2.196745,-20.410717
4.837500,-106.106148,-2.312318,12.935812,-19.986797,11.429255,-20.393814
4.843750,-104.455391,-2.313495,18.457880,-19.924608,19.326168,-20.321516
4.850000,-101.509918,-2.315015,23.569176,-19.872526,25.282938,-20.230803
4.856250,-97.767303,-2.318125,27.767204,-19.845078,29.266367,-20.136595
4.862500,-93.751915,-2.321824,30.792274,-19.846060,31.435572,-20.046612
4.868750,-87.832794,-2.324636,32.508423,-19.862143,32.058529,-19.958626
4.875000,-81.907356,-2.326564,32.870632,-19.870733,31.457056,-19.871540
4.881250,-75.984657,-2.328635,31.945543,-19.863884,29.935953,-19.791382
4.887500,-70.065994,-2.331259,30.108116,-19.864065,27.836040,-19.722504
4.893750,-64.147491,-2.334045,27.522684,-19.862646,25.521183,-19.667751
4.900000,-58.227482,-2.336912,24.357374,-19.859221,23.331779,-19.624115
4.906250,-52.305962,-2.339882,20.902788,-19.851946,21.585844,-19.579029
4.912500,-46.382488,-2.342663,17.352903,-19.826218,20.569557,-19.508751
4.918750,-40.456238,-2.345164,14.041633,-19.799738,20.729599,-19.460669
4.925000,-34.530003,-2.347970,11.330548,-19.795282,22.559397,-19.442305
4.931250,-28.603029,-2.350861,9.394242,-19.828838,23.824823,-19.451061
4.937500,-22.670630,-2.352897,8.344971,-19.910137,26.038410,-19.490892
4.943750,-16.730627,-2.353366,8.221948,-20.045786,28.842730,-19.569756
4.950000,-10.791117,-2.353134,9.030881,-20.233637,31.884033,-19.693018
4.956250,-4.857547,-2.353122,10.733978,-20.465464,34.818886,-19.871130
4.962500,1.073342,-2.352760,11.338728,-20.720833,37.285210,-20.158016
4.968750,7.006975,-2.351310,14.483826,-20.991722,38.100094,-20.369808
4.975000,12.939046,-2.349446,17.843590,-21.298834,39.220268,-20.653687
4.981250,18.864897,-2.347695,21.345089,-21.617296,39.055149,-20.999987
4.987500,24.788500,-2.345391,24.783960,-21.936487,37.631187,-21.397444
4.993750,30.713081,-2.341834,27.900118,-22.249338,34.890594,-21.837732
5.000000,36.632225,-2.337992,30.484711,-22.544460,30.803423,-22.309235
5.006250,42.538166,-2.335339,32.385960,-22.805145,27.256638,-22.790184
5.012500,48.435135,-2.333692,33.481186,-23.006845,22.543613,-23.213293
5.018750,54.332546,-2.331936,33.667877,-23.125154,17.145308,-23.574707
5.025000,60.230820,-2.330061,32.944237,-23.200003,11.206294,-23.911009
5.031250,66.124313,-2.328706,31.490309,-23.227453,5.520331,-24.191729
5.037500,72.012123,-2.327958,29.442015,-23.211670,0.466420,-24.402687
5.043750,77.897804,-2.327630,26.776712,-23.197611,-3.704180,-24.539118
5.050000,83.780785,-2.328233,23.444927,-23.140015,-6.761909,-24.595051
5.056250,89.660255,-2.330191,20.594318,-23.046776,-8.458033,-24.558243
5.062500,95.541969,-2.332514,17.329887,-22.964441,-8.654815,-24.432684
5.068750,99.537193,-2.333912,14.053649,-22.909843,-7.300608,-24.228872
5.075000,103.260391,-2.335201,11.157990,-22.882423,-4.328064,-23.956465
5.081250,106.169479,-2.338207,7.138070,-22.867880,0.310732,-23.624346
5.087500,107.775322,-2.342840,4.022477,-22.856287,6.609917,-23.248320
5.093750,107.663963,-2.347406,1.774790,-22.859638,14.455101,-22.853806
5.100000,105.496689,-2.351338,0.204706,-22.861910,23.558376,-22.447584
5.106250,101.027069,-2.355828,-0.974507,-22.843819,33.353806,-22.020918
5.112500,94.129715,-2.361568,-1.943025,-22.789457,43.614513,-21.607771
5.118750,84.812912,-2.367444,-2.867529,-22.690807,53.955788,-21.230272
5.125000,73.202713,-2.372587,-3.906124,-22.544407,63.815041,-20.901100
5.131250,59.530869,-2.377669,-5.182992,-22.347380,72.608444,-20.623148
5.137500,44.132175,-2.383488,-6.797757,-22.101343,79.786064,-20.385191
5.143750,27.437452,-2.389584,-6.677258,-21.812599,84.875168,-20.114925
5.150000,9.944168,-2.395278,-6.258588,-21.496239,88.443253,-20.000261
5.156250,-7.815992,-2.400493,-6.952157,-21.144283,90.524887,-19.882822
5.162500,-25.299389,-2.405395,-6.676346,-20.772228,90.610619,-19.799454
5.168750,-41.973232,-2.409739,-5.744034,-20.406401,89.103554,-19.756021
5.175000,-57.344509,-2.413126,-4.372330,-20.066917,86.582909,-19.748030
5.181250,-70.988235,-2.415564,-2.766523,-19.769114,83.710716,-19.763250
5.187500,-82.566017,-2.417139,-1.162791,-19.529255,79.044914,-19.793842
5.193750,-91.841537,-2.417968,0.188034,-19.364031,74.790916,-19.875881
5.200000,-98.695236,-2.418318,1.057026,-19.292557,71.220161,-20.037468
5.206250,-103.128410,-2.418617,3.468104,-19.303780,67.618210,-20.155964
5.212500,-105.261887,-2.418850,4.187521,-19.371269,64.776527,-20.291210
5.218750,-105.329010,-2.418548,5.072076,-19.496325,62.681423,-20.450066
5.225000,-103.669426,-2.417323,5.919969,-19.633022,61.190224,-20.627176
5.231250,-100.713310,-2.415347,6.688582,-19.828848,60.083984,-20.820539
5.237500,-96.956467,-2.412948,6.031548,-20.090250,59.021641,-21.040583
5.243750,-92.934067,-2.410855,4.688674,-20.381241,57.688705,-21.285217
5.250000,-87.026360,-2.409893,2.297348,-20.683985,55.810452,-21.546379
5.256250,-81.123169,-2.409735,-1.475656,-20.985058,53.093307,-21.818378
5.262500,-75.216866,-2.408938,-4.745066,-21.272942,49.286755,-22.090963
5.268750,-69.307678,-2.407238,-9.067364,-21.540834,44.167824,-22.349316
5.275000,-63.406921,-2.406412,-14.096113,-21.783672,37.531052,-22.574900
5.281250,-57.519634,-2.407895,-19.519060,-21.996050,29.342327,-22.770452
5.287500,-51.635448,-2.410483,-25.052351,-22.173088,19.920824,-22.958710
5.293750,-45.742058,-2.412237,-30.435938,-22.311480,9.328856,-23.117542
5.300000,-39.844296,-2.413504,-35.421051,-22.404377,-2.225036,-23.230846
5.306250,-33.955055,-2.416430,-39.773315,-22.443453,-14.360022,-23.287043
5.312500,-28.074039,-2.421448,-43.326832,-22.425768,-26.646383,-23.280272
5.318750,-22.189201,-2.427167,-45.968075,-22.347845,-38.637596,-23.204304
5.325000,-16.294678,-2.433072,-47.626270,-22.208780,-49.888412,-23.047209
5.331250,-10.395047,-2.439816,-48.335533,-22.029852,-60.028427,-22.873558
5.337500,-4.490013,-2.447054,-46.112682,-21.823507,-69.111679,-22.618931
5.343750,1.427476,-2.453354,-43.797340,-21.576593,-76.389893,-22.344492
5.350000,7.356222,-2.458449,-39.935505,-21.337965,-82.045662,-22.086235
5.356250,13.287502,-2.463561,-34.696308,-21.131748,-85.967682,-21.875031
5.362500,19.220001,-2.468738,-28.326769,-20.978296,-88.158745,-21.737656
5.368750,25.162207,-2.472470,-21.136190,-20.888443,-88.828178,-21.657196
5.375000,31.114832,-2.474051,-13.454284,-20.862080,-88.244225,-21.616282
5.381250,37.068676,-2.474493,-5.655666,-20.887220,-86.571472,-21.594738
5.387500,43.017376,-2.474257,1.811820,-20.970007,-83.272583,-21.714500
5.393750,48.965725,-2.472524,8.626813,-21.130985,-79.330101,-21.922186
5.400000,54.914440,-2.468969,14.792969,-21.353434,-75.112083,-22.210518
5.406250,60.854801,-2.464894,20.079222,-21.614977,-70.905518,-22.586817
5.412500,66.781570,-2.461322,24.274817,-21.886810,-66.726990,-22.949146
5.418750,72.700623,-2.457528,27.207626,-22.147909,-62.750935,-23.302896
5.425000,78.616547,-2.453048,28.781900,-22.379251,-59.379501,-23.635603
5.431250,84.523468,-2.448884,29.061638,-22.563616,-56.615250,-23.924885
5.437500,90.416504,-2.446225,28.269724,-22.684149,-54.406532,-24.142763
5.443750,96.299751,-2.445247,26.740826,-22.728970,-52.700104,-24.269375
5.450000,100.285652,-2.445553,24.831993,-22.688442,-51.425365,-24.293402
5.456250,103.998299,-2.447054,22.949121,-22.560255,-50.417854,-24.211071
5.462500,106.906395,-2.449391,21.532051,-22.356342,-49.511360,-24.050247
5.468750,108.521339,-2.451964,19.162434,-22.089188,-48.512951,-23.785843
5.475000,108.414406,-2.455011,18.024466,-21.751249,-46.539169,-23.407227
5.481250,106.239784,-2.459830,17.971643,-21.369020,-44.085728,-22.978559
5.487500,101.763306,-2.466308,18.728466,-20.975306,-40.849209,-22.537174
5.493750,94.874146,-2.472528,20.122423,-20.596428,-36.532932,-22.114033
5.500000,85.577972,-2.477148,22.003107,-20.249182,-30.904984,-21.731884
5.506250,73.986931,-2.481119,24.222025,-19.939528,-23.816992,-21.397041
5.512500,60.328430,-2.485596,26.610336,-19.649368,-15.301502,-21.032305
5.518750,44.947697,-2.489839,28.997667,-19.404396,-5.989292,-20.788788
5.525000,28.278618,-2.492635,30.759882,-19.244896,3.928811,-20.618711
5.531250,10.810581,-2.494160,32.492489,-19.146656,14.403792,-20.516500
5.537500,-6.931849,-2.495253,33.876698,-19.109730,24.913044,-20.472406
5.543750,-24.402447,-2.495812,34.590302,-19.140940,34.924717,-20.480717
5.550000,-41.066059,-2.495418,34.376434,-19.246490,44.054482,-20.590572
5.556250,-56.431267,-2.494116,33.055092,-19.433300,52.027187,-20.775894
5.562500,-70.074455,-2.492151,30.499113,-19.709196,59.187256,-20.984383
5.568750,-81.654816,-2.489530,26.761738,-20.040232,64.664398,-21.246618
5.575000,-90.935669,-2.486225,24.068005,-20.425058,68.591347,-21.561152
5.581250,-97.798119,-2.482727,19.090391,-20.863462,71.234962,-21.909948
5.587500,-102.243088,-2.479273,14.081426,-21.354925,72.934792,-22.256790
5.593750,-104.390228,-2.475509,9.122623,-21.899082,73.821060,-22.659975
5.600000,-104.477280,-2.471902,4.419888,-22.463221,72.464462,-23.060211
5.606250,-102.848244,-2.469410,0.164074,-23.026987,70.986061,-23.451639
5.612500,-99.927963,-2.467840,-3.609308,-23.578230,69.126091,-23.831604
5.618750,-96.199661,-2.465814,-6.790082,-24.101059,66.755363,-24.195608
5.625000,-92.195885,-2.463057,-9.261195,-24.578030,63.768368,-24.540833
5.631250,-86.307381,-2.461633,-10.912898,-24.987703,60.054321,-24.848019
5.637500,-80.433060,-2.462707,-11.665901,-25.306484,55.458115,-25.079670
5.643750,-74.559059,-2.464859,-13.388554,-25.506342,51.863029,-25.194576
5.650000,-68.675850,-2.466386,-12.330335,-25.565636,47.646431,-25.220377
5.656250,-62.790028,-2.468197,-10.634823,-25.506464,42.448185,-25.191584
5.662500,-56.911915,-2.471757,-8.502311,-25.329464,37.215904,-25.077093
5.668750,-51.039158,-2.477177,-6.011019,-25.033674,32.212254,-24.868601
5.675000,-45.160908,-2.483327,-3.406280,-24.635635,27.623253,-24.570736
5.681250,-39.273010,-2.489709,-0.969995,-24.158819,23.624811,-24.190945
5.687500,-33.379326,-2.496405,1.019170,-23.639408,20.429728,-23.741072
5.693750,-27.480091,-2.503002,2.184486,-23.085297,18.334539,-23.249266
5.700000,-21.574413,-2.509256,1.903885,-22.495499,17.781141,-22.738152
5.706250,-15.665962,-2.515930,2.223395,-21.931564,16.925615,-22.239084
5.712500,-9.756965,-2.523519,1.513225,-21.432472,17.431244,-21.787823
5.718750,-3.839943,-2.530789,-0.017082,-21.018703,18.898191,-21.411461
5.725000,2.091884,-2.536311,-2.163519,-20.700096,22.739397,-21.098665
5.731250,8.033834,-2.540107,-4.733894,-20.476198,26.820749,-20.820501
5.737500,13.974698,-2.543425,-7.534951,-20.333689,31.320736,-20.615559
5.743750,19.913479,-2.546322,-10.410180,-20.252918,35.383476,-20.537302
5.750000,25.856739,-2.547593,-13.353508,-20.253193,39.489407,-20.549685
5.756250,31.803204,-2.547297,-16.337233,-20.321373,43.342411,-20.636627
5.762500,37.744965,-2.546407,-16.962631,-20.431904,46.596153,-20.784946
5.768750,43.678223,-2.545338,-18.396574,-20.555464,48.900425,-20.996998
5.775000,49.607193,-2.543627,-18.503183,-20.666660,49.793198,-21.203234
5.781250,55.532341,-2.541385,-17.484959,-20.762213,50.228683,-21.410295
5.787500,61.448318,-2.539613,-15.592086,-20.833607,49.251778,-21.621910
5.793750,67.354752,-2.538965,-13.030533,-20.868944,47.019505,-21.822569
5.800000,73.255699,-2.539108,-10.081943,-20.859716,43.614761,-21.990992
5.806250,79.155258,-2.539643,-7.071835,-20.803804,39.165936,-22.104416
5.812500,85.054596,-2.540341,-4.338177,-20.704126,33.901558,-22.158056
5.818750,90.952309,-2.541451,-2.204920,-20.570734,28.219524,-22.173223
5.825000,96.845284,-2.543703,1.182434,-20.429024,20.290134,-22.171701
5.831250,100.838448,-2.548068,4.186730,-20.341463,12.003869,-22.091850
5.837500,104.558052,-2.554320,5.510361,-20.205585,3.431143,-21.960638
5.843750,107.482803,-2.560787,7.194269,-20.091600,-5.665135,-21.811266
5.850000,109.127174,-2.565760,8.674562,-20.032068,-15.139986,-21.666224
5.856250,109.057968,-2.569317,9.886076,-20.034986,-24.760244,-21.539785
5.862500,106.922165,-2.572732,10.778863,-20.098186,-34.310421,-21.443680
5.868750,102.481941,-2.576261,11.328773,-20.199587,-43.648609,-21.377670
5.875000,95.619804,-2.579242,11.668938,-20.341019,-52.742916,-21.331821
5.881250,86.338020,-2.581498,12.257637,-20.548756,-61.709717,-21.324451
5.887500,74.755852,-2.583039,13.066664,-20.795691,-68.304642,-21.353512
5.893750,61.109818,-2.583543,14.277445,-21.067797,-73.854767,-21.405697
5.900000,45.739403,-2.582938,14.240234,-21.370621,-77.970184,-21.470325
5.906250,29.066328,-2.582115,14.840774,-21.738398,-82.399330,-21.560822
5.912500,11.579881,-2.581791,15.888882,-22.097496,-85.329628,-21.666777
5.918750,-6.180675,-2.580978,17.632742,-22.458509,-87.138313,-21.776106
5.925000,-23.664322,-2.578744,19.274460,-22.843266,-88.209694,-21.886309
5.931250,-40.346336,-2.576361,20.700365,-23.255650,-88.821709,-22.001560
5.937500,-55.742310,-2.575085,21.839874,-23.684896,-89.208344,-22.123140
5.943750,-69.419601,-2.574461,22.652531,-24.111979,-89.556061,-22.251015
5.950000,-81.028221,-2.573210,23.333750,-24.519232,-90.104149,-22.340586
5.956250,-90.334297,-2.571922,24.066074,-24.887129,-91.343903,-22.393494
5.962500,-97.224510,-2.572021,24.747154,-25.200521,-90.558159,-22.454329
5.968750,-101.693985,-2.572862,25.252346,-25.448591,-89.986534,-22.513372
5.975000,-103.854362,-2.572578,25.490660,-25.619923,-89.177979,-22.566778
5.981250,-103.945793,-2.571367,25.384674,-25.708271,-87.699722,-22.614491
5.987500,-102.321770,-2.571342,24.874725,-25.707846,-85.168297,-22.654772
5.993750,-99.412117,-2.573326,23.939352,-25.615602,-81.251762,-22.684032
6.000000,-95.695480,-2.575946,22.570000,-25.429567,-75.730576,-22.694263
6.006250,-91.698799,-2.578462,20.802824,-25.141300,-68.548820,-22.642078
6.012500,-85.806786,-2.581662,18.693684,-24.709316,-60.104237,-22.571257
6.018750,-79.915901,-2.585788,18.164837,-24.265350,-50.664749,-22.486525
6.025000,-74.019424,-2.589851,15.888696,-23.785206,-40.195118,-22.389690
6.031250,-68.115532,-2.593464,14.305326,-23.294346,-29.150801,-22.295095
6.037500,-62.209846,-2.597483,13.268125,-22.836906,-18.071043,-22.219589
6.043750,-56.303616,-2.601941,12.698772,-22.458675,-7.408547,-22.146620
6.050000,-50.391171,-2.605726,12.669766,-22.149635,2.588890,-22.061880
6.056250,-44.470306,-2.608438,13.167703,-21.938007,11.457474,-22.002115
6.062500,-38.549278,-2.611086,13.916251,-21.852997,18.959614,-21.987753
6.068750,-32.630287,-2.613893,12.954371,-21.901539,24.945995,-22.020441
6.075000,-26.706316,-2.615515,11.886967,-22.071674,29.420544,-22.096741
6.081250,-20.775278,-2.615206,12.338582,-22.329756,32.456261,-22.212156
6.087500,-14.848688,-2.614429,12.431147,-22.597595,34.123016,-22.344122
6.093750,-8.933825,-2.614528,12.092559,-22.909582,34.393150,-22.479973
6.100000,-3.025750,-2.615209,10.684485,-23.232723,33.451569,-22.623585
6.106250,2.884011,-2.615612,8.675607,-23.516375,31.586174,-22.766195
6.112500,8.794149,-2.615773,5.979578,-23.729340,28.967209,-22.893139
6.118750,14.699877,-2.616424,2.508798,-23.853327,25.725292,-22.987299
6.125000,20.600613,-2.617795,-1.783631,-23.883528,22.008606,-23.025934
6.131250,26.498634,-2.620163,-4.723326,-23.825283,18.071674,-23.008453
6.137500,32.396492,-2.623555,-7.574011,-23.677565,14.747621,-22.947025
6.143750,38.298115,-2.627301,-11.528421,-23.439369,10.141484,-22.826145
6.150000,44.208633,-2.630339,-14.471868,-23.138794,5.695155,-22.659437
6.156250,50.124706,-2.632580,-16.447613,-22.803600,1.374961,-22.460855
6.162500,56.039062,-2.635112,-17.472498,-22.457653,-2.782979,-22.243940
6.168750,61.950127,-2.638386,-17.571873,-22.119934,-6.708756,-22.019215
6.175000,67.865463,-2.641334,-16.833307,-21.809284,-10.334825,-21.798601
6.181250,73.787918,-2.643106,-15.394410,-21.541981,-13.588464,-21.597647
6.187500,79.711723,-2.644237,-13.419672,-21.332117,-16.333412,-21.492109
6.193750,85.632698,-2.645385,-11.124644,-21.204041,-18.869745,-21.363165
6.200000,91.552933,-2.646134,-8.698659,-21.137547,-20.952932,-21.296860
6.206250,95.579086,-2.646198,-5.848157,-21.125811,-22.495323,-21.311672
6.212500,99.329964,-2.646052,-2.848733,-21.188957,-23.665922,-21.417196
6.218750,102.270012,-2.646180,0.123865,-21.313536,-24.640499,-21.657747
6.225000,103.909187,-2.646489,2.893572,-21.474632,-24.018927,-21.896530
6.231250,103.822472,-2.646739,5.084033,-21.700600,-24.295057,-22.216984
6.237500,101.669403,-2.647002,6.405383,-21.975998,-24.595362,-22.615112
6.243750,97.214012,-2.646946,6.829706,-22.281828,-24.843437,-23.076292
6.250000,90.334885,-2.646293,8.358589,-22.605434,-25.065506,-23.580875
6.256250,81.028526,-2.645684,9.516131,-22.939287,-25.284765,-24.108503
6.262500,69.412598,-2.645995,8.842402,-23.278898,-25.482944,-24.639254
6.268750,55.729389,-2.646582,8.454893,-23.606623,-25.399570,-25.114454
6.275000,40.327389,-2.646000,8.338208,-23.903067,-24.715544,-25.539314
6.281250,23.630821,-2.644305,8.353927,-24.163370,-23.541914,-25.904121
6.287500,6.119751,-2.643404,8.395560,-24.383005,-21.729895,-26.191879
6.293750,-11.676768,-2.644312,8.409828,-24.552368,-19.029486,-26.385290
6.300000,-29.200304,-2.645898,8.384652,-24.656612,-15.178991,-26.466579
6.306250,-45.910107,-2.647013,8.288579,-24.679026,-9.985067,-26.418957
6.312500,-61.319317,-2.648370,8.066362,-24.602154,-3.359257,-26.227598
6.318750,-75.007065,-2.650938,7.590619,-24.434347,4.523078,-25.948441
6.325000,-86.629402,-2.654375,8.781875,-24.210819,13.286741,-25.586393
6.331250,-95.943909,-2.657924,8.411619,-23.922184,22.697187,-25.133469
6.337500,-102.829681,-2.662024,8.720024,-23.564754,32.509514,-24.630213
6.343750,-107.289940,-2.667161,9.411806,-23.170715,42.287251,-24.116518
6.350000,-109.442131,-2.672502,10.254494,-22.770338,51.461037,-23.626564
6.356250,-109.518524,-2.677056,11.091572,-22.391098,59.430843,-23.189131
6.362500,-107.862434,-2.680789,11.794593,-22.054628,65.620399,-22.814756
6.368750,-104.906296,-2.684175,12.247919,-21.776344,69.514961,-22.446756
6.375000,-101.144165,-2.686974,12.326513,-21.565840,71.277534,-22.247223
6.381250,-97.107239,-2.689004,11.768384,-21.440834,70.547493,-22.166821
6.387500,-91.176216,-2.690617,11.702991,-21.385883,67.203804,-22.206623
6.393750,-85.248192,-2.692041,11.272367,-21.417374,61.557655,-22.320692
6.400000,-79.320381,-2.692615,10.736942,-21.536366,54.003811,-22.421551
6.406250,-73.393288,-2.692185,10.163809,-21.734816,42.921070,-22.653450
6.412500,-67.472183,-2.691891,9.582613,-21.998203,30.732609,-22.948448
6.418750,-61.559898,-2.692451,8.985139,-22.311666,17.247700,-23.271677
6.425000,-55.650795,-2.693182,8.371022,-22.649441,2.950245,-23.591162
6.431250,-49.739716,-2.693339,7.740009,-22.984850,-11.615747,-23.877321
6.437500,-43.830494,-2.693484,7.030342,-23.291042,-25.921640,-24.100908
6.443750,-37.928669,-2.694692,8.352221,-23.537298,-39.472126,-24.230356
6.450000,-32.030483,-2.696805,10.224007,-23.712252,-52.020576,-24.313519
6.456250,-26.130388,-2.699090,11.042133,-23.819866,-63.459114,-24.337803
6.462500,-20.227087,-2.701421,12.809389,-23.855528,-71.832817,-24.262709
6.468750,-14.324245,-2.704126,15.326326,-23.817011,-78.496986,-24.124401
6.475000,-8.418471,-2.706712,18.322609,-23.713867,-82.981712,-23.952238
6.481250,-2.508703,-2.708717,21.469643,-23.570242,-85.069977,-23.773552
6.487500,3.400908,-2.710909,24.460640,-23.416306,-84.655731,-23.605103
6.493750,9.308631,-2.713629,27.143377,-23.252407,-81.619751,-23.425383
6.500000,15.218303,-2.715999,29.411953,-23.086681,-77.940956,-23.236671
6.506250,21.134754,-2.717241,29.112843,-22.933685,-72.185112,-23.065966
6.512500,27.051168,-2.718225,29.873316,-22.820124,-64.854858,-22.942888
6.518750,32.961567,-2.720024,29.601154,-22.772812,-56.721825,-22.860123
6.525000,38.870426,-2.722246,28.406700,-22.785448,-48.498283,-22.809397
6.531250,44.785446,-2.723660,26.382256,-22.850397,-40.791759,-22.785664
6.537500,50.705032,-2.724221,23.585615,-22.958168,-34.146320,-22.785414
6.543750,56.620884,-2.724990,20.098263,-23.097641,-29.030161,-22.808636
6.550000,62.531860,-2.726290,16.036076,-23.253977,-23.980656,-22.831472
6.556250,68.443916,-2.727484,11.582792,-23.392645,-21.000816,-22.844147
6.562500,74.358452,-2.728338,7.071082,-23.509329,-19.546650,-22.856909
6.568750,80.272194,-2.729204,3.453350,-23.636559,-19.255459,-22.868364
6.575000,86.184479,-2.729866,-1.138665,-23.740526,-19.816580,-22.900015
6.581250,92.095924,-2.730274,-4.699380,-23.813929,-20.772278,-22.930689
6.587500,96.109985,-2.731119,-7.298745,-23.860464,-21.608135,-22.961487
6.593750,99.846611,-2.732875,-8.964384,-23.886087,-23.840408,-22.997984
6.600000,102.778244,-2.734617,-9.730118,-23.895525,-25.415653,-23.042454
6.606250,104.417770,-2.735304,-9.628111,-23.889599,-26.441801,-23.093010
6.612500,104.332840,-2.735598,-8.733632,-23.870262,-27.044367,-23.147860
6.618750,102.174553,-2.736851,-7.162379,-23.837360,-27.366825,-23.202698
6.625000,97.708519,-2.739203,-5.056640,-23.791225,-25.654692,-23.254168
6.631250,90.819992,-2.741549,-2.606213,-23.734686,-23.684307,-23.313513
6.637500,81.511612,-2.743640,2.169513,-23.664694,-21.148880,-23.299765
6.643750,69.899040,-2.746445,5.864108,-23.561819,-19.857290,-23.269396
6.650000,56.218964,-2.750203,10.375735,-23.421843,-17.853642,-23.222097
6.656250,40.818123,-2.753829,15.278219,-23.248114,-15.535996,-23.148603
6.662500,24.126810,-2.756648,20.203606,-23.035883,-13.273388,-23.037437
6.668750,6.631718,-2.759186,24.807924,-22.772757,-11.475884,-22.883842
6.675000,-11.139354,-2.762013,28.640661,-22.477751,-10.684258,-22.719992
6.681250,-28.638243,-2.765134,31.218361,-22.168575,-9.169069,-22.557690
6.687500,-45.330517,-2.768452,34.450600,-21.854040,-8.585331,-22.404163
6.693750,-60.722412,-2.771927,36.654945,-21.567846,-8.799317,-22.277086
6.700000,-74.384521,-2.774954,37.923058,-21.293789,-9.671446,-22.214481
6.706250,-85.974220,-2.776736,38.137257,-21.037544,-10.875530,-22.190693
6.712500,-95.260468,-2.777712,37.773109,-20.845928,-11.865299,-22.218393
6.718750,-102.126694,-2.778787,36.961884,-20.741987,-12.797201,-22.322842
6.725000,-106.571983,-2.780205,35.773518,-20.734150,-13.348852,-22.494455
6.731250,-108.712814,-2.781054,34.232849,-20.822031,-15.250606,-22.746193
6.737500,-108.783989,-2.780818,32.360630,-20.994448,-16.529078,-23.080009
6.743750,-107.131676,-2.779948,30.115402,-21.255568,-17.463053,-23.460360
6.750000,-104.186859,-2.778869,27.374107,-21.635201,-18.203512,-23.848827
6.756250,-100.440659,-2.777727,24.859192,-22.006395,-18.827621,-24.209179
6.762500,-96.425369,-2.776740,22.539593,-22.414909,-19.547302,-24.539135
6.768750,-90.519348,-2.776025,20.269140,-22.853680,-20.481544,-24.820107
6.775000,-84.614532,-2.774968,18.127377,-23.304405,-19.500305,-25.035225
6.781250,-78.708923,-2.773145,16.146948,-23.747688,-18.037903,-25.173807
6.787500,-72.807350,-2.771303,14.338479,-24.163603,-15.657804,-25.228489
6.793750,-66.913986,-2.770373,12.696887,-24.534069,-11.960291,-25.195332
6.800000,-61.026665,-2.770402,11.203167,-24.842745,-6.599033,-25.072432
6.806250,-55.138206,-2.770651,9.827804,-25.076324,-1.462072,-24.858852
6.812500,-49.248138,-2.771308,8.522603,-25.226728,5.033596,-24.533846
6.818750,-43.359894,-2.773079,7.206870,-25.303064,12.788879,-24.179405
6.825000,-37.470577,-2.775570,7.906575,-25.346302,20.263708,-23.789452
6.831250,-31.574001,-2.777615,7.668057,-25.279661,28.191355,-23.401814
6.837500,-25.671684,-2.779458,8.374018,-25.165194,35.787186,-23.064920
6.843750,-19.771576,-2.782494,9.797832,-25.030371,42.361626,-22.796164
6.850000,-13.871893,-2.786598,11.907571,-24.890512,49.059288,-22.593487
6.856250,-7.963438,-2.790069,14.640969,-24.756594,53.930397,-22.487694
6.862500,-2.043714,-2.792103,17.911631,-24.631958,57.158161,-22.486181
6.868750,3.877664,-2.793701,21.642700,-24.508770,58.929031,-22.579126
6.875000,9.792943,-2.795850,25.756819,-24.361988,59.504185,-22.745880
6.881250,15.705017,-2.798282,30.297630,-24.222773,59.201214,-22.935799
6.887500,21.618616,-2.800483,33.720455,-24.115353,58.211800,-23.164114
6.893750,27.534389,-2.802379,37.375652,-24.034153,56.461929,-23.415867
6.900000,33.449413,-2.803994,40.755013,-24.025728,54.675518,-23.640739
6.906250,39.363937,-2.805008,43.359219,-23.986294,53.243790,-23.803928
6.912500,45.276184,-2.805652,45.950676,-23.946022,50.560368,-23.888283
6.918750,51.181591,-2.806963,47.259102,-23.923416,48.503906,-23.886711
6.925000,57.080589,-2.809311,47.310635,-23.900726,46.797565,-23.795078
6.931250,62.980152,-2.811936,46.172195,-23.824100,45.161983,-23.613289
6.937500,68.883667,-2.814434,45.520130,-23.802439,43.248562,-23.366486
6.943750,74.788643,-2.817215,42.388298,-23.781883,42.537621,-23.094219
6.950000,80.694305,-2.820050,39.163151,-23.743359,40.909924,-22.759449
6.956250,86.604904,-2.822011,35.862267,-23.674412,38.521618,-22.396269
6.962500,92.519516,-2.822955,32.490662,-23.570761,35.751251,-22.040504
6.968750,96.535202,-2.824385,29.030134,-23.438499,32.678055,-21.718016
6.975000,100.269798,-2.827224,25.495230,-23.284267,29.312510,-21.445934
6.981250,103.200294,-2.830456,21.964037,-23.109661,25.661787,-21.231482
6.987500,104.841888,-2.832523,18.514429,-22.915762,21.705534,-21.073669
6.993750,104.765266,-2.833432,15.221121,-22.697029,17.398352,-20.955671
7.000000,102.619522,-2.834384,12.158740,-22.435112,12.615261,-20.887062
7.006250,98.163979,-2.836122,9.337709,-22.106733,9.160975,-20.890764
7.012500,91.282829,-2.838460,8.406639,-21.833267,5.703467,-20.943001
7.018750,81.979881,-2.841035,8.129461,-21.597900,2.664767,-21.025381
7.025000,70.378113,-2.843542,7.611964,-21.333031,0.438683,-21.174700
7.031250,56.714195,-2.845682,8.429583,-21.101879,-2.523347,-21.368793
7.037500,41.327873,-2.847696,10.188131,-20.944305,-4.198961,-21.592960
7.043750,24.643818,-2.850041,12.629139,-20.894699,-5.439301,-21.876425
7.050000,7.155491,-2.852603,15.513290,-20.978382,-6.387269,-22.230831
7.056250,-10.600008,-2.854343,18.672953,-21.184015,-7.138002,-22.661266
7.062500,-28.074827,-2.854703,20.048689,-21.508698,-7.782380,-23.177399
7.068750,-44.742928,-2.854263,23.057489,-21.956360,-8.426759,-23.809498
7.075000,-60.117428,-2.853696,25.616295,-22.502529,-8.502262,-24.404722
7.081250,-73.769470,-2.852787,27.644934,-23.059093,-10.533113,-25.022125
7.087500,-85.355377,-2.850909,29.172392,-23.701052,-13.041223,-25.665224
7.093750,-94.639481,-2.848214,28.900854,-24.377785,-14.310194,-26.313114
7.100000,-101.505005,-2.845158,27.663568,-25.040680,-16.081318,-26.936110
7.106250,-105.953003,-2.841976,25.240044,-25.664162,-18.210236,-27.501841
7.112500,-108.105431,-2.839017,21.459425,-26.235401,-20.532263,-27.975166
7.118750,-108.200211,-2.836759,16.089489,-26.701174,-22.853996,-28.313646
7.125000,-106.576096,-2.835161,11.060378,-27.036861,-27.090265,-28.469328
7.131250,-103.655167,-2.833578,5.156274,-27.251102,-31.404911,-28.480890
7.137500,-99.930000,-2.832052,-1.212570,-27.354937,-35.880901,-28.338617
7.143750,-95.939079,-2.831807,-7.676450,-27.353392,-40.810867,-28.035686
7.150000,-90.061646,-2.833639,-13.868584,-27.251789,-46.199791,-27.583906
7.156250,-84.183205,-2.836453,-19.468468,-27.056753,-51.955776,-27.005983
7.162500,-78.294975,-2.838840,-24.210541,-26.780970,-57.934414,-26.337809
7.168750,-72.399971,-2.841053,-27.901754,-26.443413,-63.987888,-25.632381
7.175000,-66.506264,-2.843992,-30.397993,-26.065704,-70.012779,-24.906141
7.181250,-60.611893,-2.847512,-31.602716,-25.670088,-76.144737,-24.173166
7.187500,-54.710537,-2.850661,-31.473879,-25.275564,-80.066475,-23.493994
7.193750,-48.802410,-2.853190,-30.007528,-24.883923,-83.236931,-22.911886
7.200000,-42.892349,-2.855611,-29.157501,-24.498981,-85.054939,-22.452253
7.206250,-36.981312,-2.857775,-25.712305,-24.190115,-84.918686,-22.076254
7.212500,-31.066847,-2.859324,-21.485081,-23.938740,-84.244461,-21.827084
7.218750,-25.151369,-2.860606,-16.758947,-23.752241,-81.816765,-21.732340
7.225000,-19.239489,-2.862525,-11.806401,-23.619156,-77.518654,-21.764736
7.231250,-13.329284,-2.864842,-6.911722,-23.525846,-71.781418,-21.901693
7.237500,-7.413883,-2.866540,-2.474803,-23.484957,-65.118050,-22.112968
7.243750,-1.494056,-2.867357,3.287352,-23.492002,-58.074230,-22.350431
7.250000,4.423813,-2.868098,8.860049,-23.527391,-51.222290,-22.534626
7.256250,10.336313,-2.869222,14.507059,-23.579447,-45.896545,-22.783258
7.262500,16.246641,-2.870527,18.536940,-23.653944,-40.029369,-23.014074
7.268750,22.155710,-2.872101,22.791842,-23.748419,-35.306122,-23.168501
7.275000,28.062912,-2.874505,27.237362,-23.795601,-31.777849,-23.244070
7.281250,33.968681,-2.877730,31.395678,-23.817362,-29.491453,-23.246693
7.287500,39.880035,-2.880592,34.884270,-23.807299,-28.277094,-23.178244
7.293750,45.799885,-2.882142,37.605469,-23.741369,-27.894516,-23.044378
7.300000,51.722870,-2.882674,39.657356,-23.645662,-28.109646,-22.860903
7.306250,57.641682,-2.882960,41.310936,-23.528843,-28.689203,-22.648298
7.312500,63.552689,-2.883958,42.525913,-23.382742,-29.397955,-22.431139
7.318750,69.458549,-2.885839,43.498219,-23.217712,-30.079350,-22.225201
7.325000,75.365051,-2.888296,42.660091,-23.035091,-30.692900,-22.038052
7.331250,81.277298,-2.890211,42.148930,-22.819927,-31.125727,-21.895317
7.337500,87.195831,-2.891107,41.659889,-22.600269,-31.324400,-21.818129
7.343750,93.114548,-2.891482,40.942352,-22.399851,-31.388083,-21.811480
7.350000,97.132874,-2.892303,39.901089,-22.230143,-29.573917,-21.851526
7.356250,100.873009,-2.893895,38.490738,-22.094070,-27.579880,-21.947584
7.362500,103.807281,-2.895648,36.659470,-21.989676,-24.648899,-22.119745
7.368750,105.446579,-2.897286,34.359379,-21.908199,-22.783384,-22.332329
7.375000,105.362213,-2.898757,31.520210,-21.840246,-20.313784,-22.553545
7.381250,103.211014,-2.900383,30.178312,-21.782677,-17.436657,-22.750679
7.387500,98.754951,-2.902480,28.731527,-21.768095,-14.447603,-22.919168
7.393750,91.872780,-2.905424,27.365255,-21.770157,-9.574221,-23.058708
7.400000,82.567238,-2.908889,26.290480,-21.776590,-4.330389,-23.150236
7.406250,70.965546,-2.911788,25.892982,-21.807411,-0.329383,-23.185537
7.412500,57.305412,-2.913566,26.226221,-21.877594,4.241994,-23.166122
7.418750,41.920956,-2.914936,27.220755,-21.997393,9.012220,-23.098396
7.425000,25.234310,-2.916725,28.735435,-22.175566,13.619871,-22.993902
7.431250,7.740138,-2.918703,30.608925,-22.414806,17.741869,-22.860025
7.437500,-10.022734,-2.920230,32.674465,-22.710339,21.134098,-22.689171
7.443750,-27.509521,-2.921401,36.925117,-23.041843,23.561489,-22.482698
7.450000,-44.189774,-2.922575,39.906090,-23.390961,24.593164,-22.292603
7.456250,-59.570599,-2.923284,43.202206,-23.818190,24.078690,-22.134619
7.462500,-73.219765,-2.922692,46.593952,-24.311279,22.099062,-22.020153
7.468750,-84.801498,-2.921133,49.919483,-24.877867,18.754789,-21.959473
7.475000,-94.084999,-2.919692,53.060795,-25.448433,14.261738,-21.946665
7.481250,-100.948547,-2.918144,55.846886,-26.029251,8.920740,-21.975119
7.487500,-105.386879,-2.915884,55.942482,-26.620008,3.035939,-22.043793
7.493750,-107.522354,-2.912811,54.888508,-27.201544,-2.964789,-22.140911
7.500000,-107.598488,-2.910220,52.177181,-27.733442,-8.474736,-22.254913
7.506250,-105.958870,-2.908558,49.486046,-28.193771,-12.776953,-22.386389
7.512500,-103.024239,-2.907113,44.861713,-28.585299,-15.277029,-22.514732
7.518750,-99.283623,-2.905468,38.615585,-28.879236,-15.431249,-22.621115
7.525000,-95.274864,-2.904535,31.092325,-29.060497,-12.698950,-22.701347
7.531250,-89.379044,-2.904995,22.610422,-29.131239,-8.706974,-22.748678
7.537500,-83.485466,-2.906223,13.541867,-29.105145,-3.432260,-22.735300
7.543750,-77.589943,-2.907571,4.458386,-28.952183,4.412824,-22.675941
7.550000,-71.695030,-2.909559,-4.176441,-28.697388,13.844485,-22.588543
7.556250,-65.803436,-2.912702,-12.094321,-28.374813,23.966263,-22.491352
7.562500,-59.910885,-2.916453,-20.705921,-28.002241,33.903919,-22.408255
7.568750,-54.012299,-2.920078,-27.845684,-27.585470,42.857719,-22.356476
7.575000,-48.108269,-2.923242,-33.426212,-27.166759,50.318233,-22.293348
7.581250,-42.201622,-2.925925,-37.249020,-26.760826,55.516743,-22.254873
7.587500,-36.293369,-2.927939,-39.584698,-26.372101,59.949364,-22.260267
7.593750,-30.383986,-2.929200,-40.626766,-26.010433,61.948631,-22.312979
7.600000,-24.477873,-2.930443,-40.466232,-25.681189,61.879253,-22.406139
7.606250,-18.576969,-2.932235,-39.210365,-25.386250,60.179016,-22.526142
7.612500,-12.678124,-2.934154,-37.003437,-25.120951,57.327374,-22.657154
7.618750,-6.776919,-2.935603,-34.033630,-24.878786,53.770679,-22.799816
7.625000,-0.875921,-2.936876,-30.558760,-24.655214,49.904167,-22.979557
7.631250,5.020461,-2.938879,-24.712475,-24.447752,46.132832,-23.154430
7.637500,10.913651,-2.941571,-20.051661,-24.247849,42.342838,-23.281729
7.643750,16.807064,-2.944351,-14.672412,-24.014627,39.242241,-23.384876
7.650000,22.702168,-2.947372,-8.942662,-23.711210,36.878574,-23.468344
7.656250,28.594591,-2.951316,-3.646604,-23.408470,35.040787,-23.547115
7.662500,34.485149,-2.956623,0.584222,-23.103224,33.421047,-23.624912
7.668750,40.379917,-2.962383,5.733774,-22.791739,31.752237,-23.699196
7.675000,46.285770,-2.967528,10.047198,-22.483446,31.611906,-23.776352
7.681250,52.199249,-2.971650,13.667773,-22.197491,30.982029,-23.866299
7.687500,58.116554,-2.975156,16.801050,-21.957472,29.972332,-23.977684
7.693750,64.033981,-2.978150,19.736151,-21.772467,28.660833,-24.123583
7.700000,69.951965,-2.980657,20.981661,-21.633635,27.099340,-24.332895
7.706250,75.871170,-2.982537,22.382763,-21.555384,25.298471,-24.550890
7.712500,81.790245,-2.983772,23.632877,-21.534851,22.390030,-24.746061
7.718750,87.707809,-2.984439,24.513550,-21.555967,21.020973,-24.980618
7.725000,93.624550,-2.984475,24.629435,-21.651939,19.547155,-25.247175
7.731250,97.644577,-2.983931,23.727795,-21.804766,18.253557,-25.522331
7.737500,101.385948,-2.983562,21.794909,-21.984934,17.272856,-25.776308
7.743750,104.314629,-2.983987,20.833273,-22.166767,16.685183,-25.966591
7.750000,105.941147,-2.985341,19.280756,-22.330425,16.476326,-26.059311
7.756250,105.843727,-2.986960,17.426384,-22.464264,16.305876,-26.093433
7.762500,103.684464,-2.988543,15.483378,-22.569830,16.157434,-26.039829
7.768750,99.223160,-2.990560,13.642699,-22.643703,16.069775,-25.887257
7.775000,92.335220,-2.993711,12.146735,-22.682291,15.907046,-25.637814
7.781250,83.024696,-2.997709,11.152974,-22.693985,15.528816,-25.307159
7.787500,71.420074,-3.001378,10.719042,-22.691622,14.816778,-24.920250
7.793750,57.760136,-3.004208,10.862869,-22.687948,13.735499,-24.503035
7.800000,42.379375,-3.006521,11.573510,-22.694405,12.385725,-24.044001
7.806250,25.701750,-3.008605,12.822989,-22.711580,10.907041,-23.533443
7.812500,8.221047,-3.009993,12.656867,-22.740206,9.362997,-23.031034
7.818750,-9.529481,-3.010333,14.675580,-22.794762,6.671700,-22.602200
7.825000,-27.006920,-3.010200,16.754213,-22.902758,4.429916,-22.240097
7.831250,-43.682739,-3.009994,18.684389,-23.086512,2.577077,-21.949644
7.837500,-59.060642,-3.009146,20.395508,-23.376041,1.191649,-21.728685
7.843750,-72.711304,-3.007087,21.797932,-23.717815,0.427770,-21.579571
7.850000,-84.299324,-3.004627,23.462299,-24.092733,0.377538,-21.511810
7.856250,-93.594696,-3.002878,24.571354,-24.521908,-1.030396,-21.522217
7.862500,-100.470978,-3.001684,25.182547,-24.990910,-2.270676,-21.599628
7.868750,-104.921524,-2.999864,23.458847,-25.469627,-3.662471,-21.728264
7.875000,-107.066246,-2.997226,21.032406,-25.935875,-5.458373,-21.881153
7.881250,-107.149750,-2.994646,19.428385,-26.387951,-7.847472,-22.006760
7.887500,-105.516411,-2.992729,16.873272,-26.799814,-10.929664,-22.138544
7.893750,-102.588547,-2.991038,13.558274,-27.152636,-13.744167,-22.282488
7.900000,-98.855652,-2.989447,9.682155,-27.416994,-16.656258,-22.375990
7.906250,-94.854424,-2.988899,5.543735,-27.568142,-19.536684,-22.427946
7.912500,-88.962914,-2.989693,1.258553,-27.614573,-22.107988,-22.450033
7.918750,-83.067734,-2.989693,-2.965570,-27.614573,-23.972155,-22.450033
7.925000,-83.067734,-2.989693,-2.965570,-27.614573,-23.972155,-22.450033
7.931250,-83.067734,-2.989693,-2.965570,-27.614573,-23.972155,-22.450033
7.937500,-83.067734,-2.989693,-2.965570,-27.614573,-23.972155,-22.450033
7.943750,-83.067734,-2.989693,-2.965570,-27.614573,-23.972155,-22.450033
7.950000,-83.067734,-2.989693,-2.965570,-27.614573,-23.972155,-22.450033
7.956250,-83.067734,-2.989693,-2.965570,-27.614573,-23.972155,-22.450033
7.962500,-83.067734,-2.989693,-2.965570,-27.614573,-23.972155,-22.450033
7.968750,-83.067734,-2.989693,-2.965570,-27.614573,-23.972155,-22.450033
7.975000,-83.067734,-2.989693,-2.965570,-27.614573,-23.972155,-22.450033
7.981250,-83.067734,-2.989693,-2.965570,-27.614573,-23.972155,-22.450033
7.987500,-83.067734,-2.989693,-2.965570,-27.614573,-23.972155,-22.450033
7.993750,-83.067734,-2.989693,-2.965570,-27.614573,-23.972155,-22.450033
8.000000,-83.067734,-2.989693,-2.965570,-27.614573,-23.972155,-22.450033
