Anritsu VNA Frequency[GHz],S21[deg],S21[dB],S11[deg],S11[dB],S22[deg],S22[dB]
1338059913.52,2012_05_26_20:18:33,+56.114,+134.91,+113.63,+135.16,+140.67,+142.82,+138.21,+139.91,135.227615,-7.188
3.006250,41.920139,-2.316714,66.680733,-27.188431,-79.725304,-28.091255
3.012500,41.920139,-2.316714,66.680733,-27.188431,-79.725304,-28.091255
3.018750,41.920139,-2.316714,66.680733,-27.188431,-79.725304,-28.091255
3.025000,41.920139,-2.316714,66.680733,-27.188431,-79.725304,-28.091255
3.031250,41.920139,-2.316714,66.680733,-27.188431,-79.725304,-28.091255
3.037500,41.920139,-2.316714,66.680733,-27.188431,-79.725304,-28.091255
3.043750,41.920139,-2.316714,66.680733,-27.188431,-79.725304,-28.091255
3.050000,41.920139,-2.316714,66.680733,-27.188431,-79.725304,-28.091255
3.056250,41.920139,-2.316714,66.680733,-27.188431,-79.725304,-28.091255
3.062500,41.920139,-2.316714,66.680733,-27.188431,-79.725304,-28.091255
3.068750,41.920139,-2.316714,66.680733,-27.188431,-79.725304,-28.091255
3.075000,41.920139,-2.316714,66.680733,-27.188431,-79.725304,-28.091255
3.081250,41.920139,-2.316714,66.680733,-27.188431,-79.725304,-28.091255
3.087500,41.920139,-2.316714,66.680733,-27.188431,-79.725304,-28.091255
3.093750,41.920139,-2.318930,66.680733,-26.995539,-79.725304,-27.891275
3.100000,47.845539,-2.321505,63.197613,-26.831358,-79.904877,-27.682791
3.106250,53.770569,-2.324219,58.834312,-26.723022,-79.227058,-27.467033
3.112500,59.696236,-2.326975,52.191978,-26.685987,-77.420273,-27.227537
3.118750,65.621780,-2.329863,45.408768,-26.722631,-74.267990,-26.921917
3.125000,71.546303,-2.332909,39.069695,-26.739941,-69.786926,-26.608793
3.131250,77.470314,-2.336069,32.923763,-26.781197,-64.049423,-26.269676
3.137500,83.393089,-2.339485,27.109198,-26.853437,-56.696873,-25.892252
3.143750,89.314224,-2.343496,21.906811,-26.952923,-47.808601,-25.484631
3.150000,95.235985,-2.347811,17.590733,-27.067390,-39.403103,-25.061178
3.156250,99.265839,-2.351948,14.395194,-27.182917,-30.009039,-24.641684
3.162500,103.024635,-2.355806,12.500804,-27.284788,-20.340174,-24.250395
3.168750,105.978348,-2.359710,12.038692,-27.360155,-11.081374,-23.920921
3.175000,107.633072,-2.363872,13.133368,-27.390081,-2.831985,-23.660995
3.181250,107.563255,-2.368095,14.089225,-27.358253,4.342967,-23.415424
3.187500,105.430397,-2.372204,16.583267,-27.277224,9.668289,-23.222042
3.193750,100.996605,-2.376123,19.932123,-27.154282,12.897440,-23.101086
3.200000,94.140327,-2.379769,23.554356,-26.994783,14.047602,-23.060299
3.206250,84.861206,-2.383075,26.967279,-26.806744,13.181807,-23.097481
3.212500,73.279610,-2.386169,29.733719,-26.602196,10.450725,-23.217112
3.218750,59.631500,-2.389430,31.488392,-26.393538,6.131628,-23.434912
3.225000,44.257652,-2.392661,34.140659,-26.182102,0.320563,-23.656588
3.231250,27.587803,-2.395439,36.158520,-25.967039,-6.693929,-23.898268
3.237500,10.113436,-2.397857,35.978432,-25.751909,-14.297948,-24.160082
3.243750,-7.636895,-2.400440,35.581703,-25.527719,-20.362543,-24.424213
3.250000,-25.117500,-2.403578,34.779484,-25.299213,-26.341740,-24.669252
3.256250,-41.792690,-2.406919,33.132431,-25.108776,-31.622009,-24.884676
3.262500,-57.167156,-2.409984,30.611635,-24.943136,-35.656673,-25.060648
3.268750,-70.814713,-2.412639,27.155943,-24.796610,-37.922447,-25.186455
3.275000,-82.397842,-2.415276,22.584850,-24.668911,-38.036972,-25.256893
3.281250,-91.681183,-2.418270,16.733540,-24.552977,-35.762779,-25.272722
3.287500,-98.541389,-2.421664,9.469779,-24.438318,-31.039080,-25.241337
3.293750,-102.976166,-2.425176,2.893633,-24.302206,-23.979332,-25.164433
3.300000,-105.106102,-2.428588,-4.390162,-24.122515,-14.818007,-25.041395
3.306250,-105.168236,-2.431714,-12.498481,-23.991787,-3.922438,-24.890858
3.312500,-103.503914,-2.434599,-20.690813,-23.875910,8.193066,-24.739172
3.318750,-100.541016,-2.437429,-28.525837,-23.774710,20.925381,-24.609406
3.325000,-96.771759,-2.440069,-35.737095,-23.700014,33.657803,-24.516348
3.331250,-92.728439,-2.442418,-42.081890,-23.668751,47.932270,-24.467583
3.337500,-86.789299,-2.444331,-47.389484,-23.714537,61.765499,-24.466431
3.343750,-80.849724,-2.445886,-51.530006,-23.880070,75.079247,-24.507692
3.350000,-74.910873,-2.447044,-55.261410,-24.043970,85.946602,-24.563110
3.356250,-68.972382,-2.447856,-57.995041,-24.290415,95.937347,-24.625654
3.362500,-63.035519,-2.448517,-57.982586,-24.654106,103.944832,-24.757841
3.368750,-57.100842,-2.448864,-56.979805,-25.129475,109.768791,-24.939510
3.375000,-51.166607,-2.448716,-54.883614,-25.696978,113.034393,-25.183722
3.381250,-45.234192,-2.448101,-51.721222,-26.327265,113.464172,-25.472988
3.387500,-39.306973,-2.447646,-47.603962,-26.985929,111.368126,-25.751635
3.393750,-33.385941,-2.447840,-42.708847,-27.633144,106.441544,-26.030020
3.400000,-27.468100,-2.448463,-37.255737,-28.226257,98.971207,-26.268787
3.406250,-21.549770,-2.448940,-31.545448,-28.737385,89.808556,-26.538488
3.412500,-15.631696,-2.449474,-25.909628,-29.143858,79.836166,-26.801622
3.418750,-9.717623,-2.450727,-20.320135,-29.421354,69.664772,-27.030266
3.425000,-3.807057,-2.452931,-14.763605,-29.558931,58.071110,-27.213715
3.431250,2.105169,-2.455368,-9.509792,-29.558699,47.388527,-27.350822
3.437500,8.021646,-2.457693,-4.771015,-29.421394,38.072556,-27.447813
3.443750,13.938411,-2.460477,-0.573535,-29.127670,30.679127,-27.461426
3.450000,19.853321,-2.464203,2.872295,-28.710701,23.692654,-27.400700
3.456250,25.770748,-2.468318,5.436979,-28.205208,18.822294,-27.278904
3.462500,31.696138,-2.471948,7.217182,-27.650198,15.736035,-27.099957
3.468750,37.627022,-2.474912,8.428104,-27.086603,14.104622,-26.861303
3.475000,43.558678,-2.477626,9.320919,-26.561293,13.582336,-26.572525
3.481250,49.489117,-2.480322,10.220081,-26.094090,13.780560,-26.248812
3.487500,55.418880,-2.483143,9.901819,-25.660902,14.305810,-25.887798
3.493750,61.347431,-2.486314,10.085701,-25.308142,14.751574,-25.492802
3.500000,67.275490,-2.489856,10.537974,-25.053240,14.692633,-25.074816
3.506250,73.205444,-2.493358,11.180823,-24.892494,13.784204,-24.644884
3.512500,79.139236,-2.496130,11.936853,-24.807386,11.757133,-24.212921
3.518750,85.073860,-2.498641,12.752714,-24.750496,8.414088,-23.785664
3.525000,91.003380,-2.501796,13.560432,-24.650738,3.617106,-23.369629
3.531250,95.033470,-2.506059,15.223698,-24.613550,-0.580824,-22.977303
3.537500,98.791466,-2.510744,17.145515,-24.560574,-5.613828,-22.625360
3.543750,101.749374,-2.515147,19.460899,-24.472912,-11.016642,-22.330652
3.550000,103.413315,-2.519573,22.341990,-24.338270,-16.476938,-22.055063
3.556250,103.351524,-2.524498,24.135395,-24.140413,-21.695221,-21.778250
3.562500,101.226143,-2.529842,26.527267,-23.900229,-26.237247,-21.527121
3.568750,96.805801,-2.534588,28.997284,-23.644533,-30.500183,-21.368126
3.575000,89.970825,-2.538142,31.141409,-23.399054,-34.207821,-21.291983
3.581250,80.716118,-2.540528,32.579483,-23.196222,-37.494835,-21.323816
3.587500,69.158737,-2.542391,32.974823,-23.070772,-38.888336,-21.416185
3.593750,55.534481,-2.543836,32.109703,-23.032982,-40.655273,-21.572620
3.600000,40.187294,-2.544440,32.108589,-23.077454,-42.269230,-21.815771
3.606250,23.545662,-2.543707,31.365639,-23.222712,-43.675510,-22.142204
3.612500,6.097421,-2.542050,30.256420,-23.467268,-44.910583,-22.529503
3.618750,-11.628748,-2.539934,29.210386,-23.808691,-46.083946,-22.944386
3.625000,-29.085964,-2.537251,28.456789,-24.268852,-47.528584,-23.412092
3.631250,-45.739716,-2.533813,28.411068,-24.818155,-47.338764,-23.908648
3.637500,-61.100090,-2.529947,29.453819,-25.420887,-46.895767,-24.402401
3.643750,-74.744545,-2.526311,31.755156,-26.039585,-45.915466,-24.869762
3.650000,-86.332123,-2.523364,33.466434,-26.632092,-44.231987,-25.290972
3.656250,-95.623062,-2.521039,36.153385,-27.142767,-41.748833,-25.647942
3.662500,-102.494202,-2.519378,39.073563,-27.543112,-38.431110,-25.930346
3.668750,-106.945274,-2.518589,43.248386,-27.857363,-34.345257,-26.140471
3.675000,-109.095978,-2.518583,46.762787,-28.047609,-29.620186,-26.281490
3.681250,-109.181290,-2.518951,49.451969,-28.100868,-24.404474,-26.353004
3.687500,-107.542145,-2.519711,51.073784,-28.022020,-18.917191,-26.358177
3.693750,-104.608391,-2.521649,51.443958,-27.833172,-13.424386,-26.306055
3.700000,-100.871689,-2.524745,50.479210,-27.564293,-8.198368,-26.210798
3.706250,-96.858727,-2.528291,48.324299,-27.208134,-3.453076,-26.078999
3.712500,-90.944618,-2.531638,45.083519,-26.803852,0.696574,-25.904766
3.718750,-85.028427,-2.535111,38.894833,-26.392004,4.116997,-25.692562
3.725000,-79.113068,-2.539190,31.646250,-25.998037,6.735704,-25.443703
3.731250,-73.196175,-2.543460,23.124851,-25.651146,8.795503,-25.206989
3.737500,-67.273972,-2.547307,15.265818,-25.390888,10.638437,-25.003054
3.743750,-61.347771,-2.550712,6.696835,-25.221069,12.385739,-24.845669
3.750000,-55.421204,-2.554023,-1.963341,-25.130255,14.481278,-24.709066
3.756250,-49.495697,-2.557162,-10.235279,-25.112133,15.748832,-24.560890
3.762500,-43.568916,-2.560037,-17.691666,-25.150854,18.012568,-24.393209
3.768750,-37.641842,-2.562736,-23.887543,-25.215015,19.183035,-24.261417
3.775000,-31.715946,-2.565631,-28.492632,-25.293900,21.029398,-24.173990
3.781250,-25.790764,-2.568535,-31.403324,-25.391258,22.778671,-24.109192
3.787500,-19.864922,-2.571153,-32.309254,-25.482176,24.085833,-24.056955
3.793750,-13.938519,-2.573669,-31.037464,-25.561939,24.682081,-24.016905
3.800000,-8.014280,-2.576457,-29.455837,-25.631100,24.383884,-23.987835
3.806250,-2.091779,-2.579602,-25.564690,-25.599857,23.182549,-23.938145
3.812500,3.830983,-2.582907,-20.338417,-25.515457,21.081436,-23.861330
3.818750,9.753787,-2.586503,-14.554716,-25.396694,17.974703,-23.765442
3.825000,15.675952,-2.590526,-8.791204,-25.256296,13.972829,-23.654640
3.831250,21.600576,-2.594506,-1.424806,-25.106922,9.332135,-23.536034
3.837500,27.528181,-2.598047,5.697153,-24.961473,4.388321,-23.425957
3.843750,33.456364,-2.601612,12.678598,-24.824139,-0.483977,-23.347267
3.850000,39.382061,-2.605610,17.807129,-24.686277,-4.557178,-23.219515
3.856250,45.307571,-2.609651,22.808699,-24.553236,-9.467307,-23.086756
3.862500,51.236221,-2.613130,27.217588,-24.428759,-13.387926,-22.965637
3.868750,57.165012,-2.616453,30.682474,-24.306044,-16.399998,-22.858076
3.875000,63.088509,-2.620609,32.902714,-24.166494,-18.621519,-22.758112
3.881250,69.007812,-2.626035,33.609676,-23.987263,-20.218517,-22.652143
3.887500,74.929649,-2.631771,32.420998,-23.793339,-21.442749,-22.534298
3.893750,80.857880,-2.637054,29.116983,-23.571470,-22.661499,-22.412577
3.900000,86.789261,-2.642342,25.899542,-23.305826,-24.190123,-22.283371
3.906250,92.718040,-2.648562,21.359812,-22.993433,-26.318363,-22.143641
3.912500,96.751022,-2.655822,15.983001,-22.635427,-29.380865,-21.989887
3.918750,100.516098,-2.663658,10.257795,-22.237595,-31.813803,-21.814701
3.925000,103.483330,-2.671378,4.602963,-21.817919,-35.552944,-21.601362
3.931250,105.160835,-2.678728,-0.638750,-21.402477,-40.404404,-21.375399
3.937500,105.120209,-2.685671,-5.105110,-21.013664,-44.263390,-21.180029
3.943750,103.019600,-2.692147,-8.473999,-20.673672,-48.035351,-21.016916
3.950000,98.622726,-2.697710,-10.525387,-20.403994,-50.948658,-20.895765
3.956250,91.808601,-2.701834,-11.157246,-20.223417,-52.369495,-20.829742
3.962500,82.575409,-2.704228,-10.351668,-20.144136,-51.760483,-20.831240
3.968750,71.041481,-2.705180,-8.154337,-20.168108,-48.690208,-20.909819
3.975000,57.439693,-2.704810,-6.569156,-20.279882,-42.869991,-21.074114
3.981250,42.110226,-2.703266,-1.987885,-20.458456,-36.061150,-21.360313
3.987500,25.479227,-2.700550,2.989928,-20.775719,-26.581343,-21.691372
3.993750,8.036875,-2.696910,8.459638,-21.163433,-14.923603,-22.110678
4.000000,-9.685012,-2.692574,14.117187,-21.611401,-2.192840,-22.631115
4.006250,-27.140215,-2.687528,19.534056,-22.109364,10.888460,-23.262943
4.012500,-43.797695,-2.682016,24.415649,-22.635780,23.536139,-23.998163
4.018750,-59.167130,-2.676854,28.523264,-23.163298,34.313805,-24.706284
4.025000,-72.822021,-2.672404,31.622398,-23.670347,44.829845,-25.388208
4.031250,-84.418236,-2.668557,33.727135,-24.149719,52.278790,-26.113121
4.037500,-93.716217,-2.665193,34.960762,-24.585545,58.599762,-26.827951
4.043750,-100.596329,-2.662835,35.268536,-24.962503,62.429375,-27.498566
4.050000,-105.057396,-2.661712,34.600258,-25.275503,64.170647,-28.102388
4.056250,-107.216560,-2.661166,32.970654,-25.521490,64.331711,-28.624197
4.062500,-107.307823,-2.660460,30.551901,-25.678041,61.645313,-29.043270
4.068750,-105.676170,-2.660338,27.523098,-25.749311,58.487080,-29.333044
4.075000,-102.754379,-2.661961,24.004387,-25.750679,54.989311,-29.490889
4.081250,-99.030327,-2.665122,20.292442,-25.693783,51.323318,-29.517946
4.087500,-95.027328,-2.668468,16.771534,-25.585720,47.783669,-29.413509
4.093750,-89.120682,-2.671217,11.972017,-25.432270,44.719402,-29.179028
4.100000,-83.213287,-2.673974,7.933244,-25.242733,40.318275,-28.827057
4.106250,-77.310127,-2.677583,4.548064,-25.024063,36.282955,-28.384752
4.112500,-71.409012,-2.681959,1.761801,-24.774672,32.466881,-27.860086
4.118750,-65.505234,-2.686741,-0.507442,-24.498043,28.996174,-27.236153
4.125000,-59.599087,-2.691960,-2.448306,-24.207380,25.517191,-26.559605
4.131250,-53.691162,-2.697763,-4.204383,-23.914074,21.880304,-25.865351
4.137500,-47.779522,-2.703736,-5.860582,-23.624792,18.080656,-25.180843
4.143750,-41.862122,-2.709561,-7.472854,-23.341820,14.151878,-24.527161
4.150000,-35.941059,-2.715298,-9.105478,-23.066755,10.131328,-23.920111
4.156250,-30.018433,-2.721375,-8.668929,-22.799109,6.060827,-23.366846
4.162500,-24.094742,-2.727743,-7.600885,-22.536716,4.145904,-22.845181
4.168750,-18.167814,-2.734291,-7.381037,-22.271605,2.893471,-22.434414
4.175000,-12.237084,-2.740982,-6.064782,-22.008631,0.934208,-22.083761
4.181250,-6.302748,-2.747637,-3.997657,-21.759413,0.313727,-21.800524
4.187500,-0.363732,-2.754036,-1.484587,-21.531075,0.797612,-21.563658
4.193750,5.579786,-2.760103,1.160105,-21.330866,2.190043,-21.349136
4.200000,11.527101,-2.765670,3.608594,-21.165958,5.010567,-21.253681
4.206250,17.477568,-2.770488,5.545635,-21.043636,6.434238,-21.247572
4.212500,23.430428,-2.774244,8.863264,-20.966743,7.497075,-21.279018
4.218750,29.383226,-2.777198,11.998309,-20.926414,9.156025,-21.329561
4.225000,35.333168,-2.779783,15.264878,-20.914877,9.453309,-21.412554
4.231250,41.278793,-2.782275,17.014627,-20.922415,8.298359,-21.522917
4.237500,47.221809,-2.784493,19.094164,-20.938887,5.562776,-21.643745
4.243750,53.162861,-2.786416,21.057188,-20.979845,3.276588,-21.766798
4.250000,59.102673,-2.787941,22.486177,-21.039429,-0.092355,-21.896023
4.256250,65.040756,-2.788982,23.103411,-21.098902,-4.034538,-22.017841
4.262500,70.975006,-2.789943,22.534962,-21.143213,-8.025057,-22.118456
4.268750,76.902847,-2.791394,20.426359,-21.160244,-11.612304,-22.183781
4.275000,82.823624,-2.793853,18.637539,-21.143177,-14.402856,-22.203470
4.281250,88.742210,-2.797001,15.536567,-21.083033,-16.059284,-22.165987
4.287500,94.662262,-2.800529,11.395955,-20.971510,-16.316635,-22.049633
4.293750,98.687378,-2.804960,6.436751,-20.817442,-15.082498,-21.863102
4.300000,102.437622,-2.810712,0.870062,-20.630537,-12.698179,-21.651949
4.306250,105.386223,-2.817072,-4.971279,-20.413204,-9.074519,-21.404999
4.312500,107.046738,-2.822906,-10.802534,-20.172310,-4.342029,-21.126026
4.318750,106.990257,-2.828158,-16.380882,-19.918205,1.198398,-20.824867
4.325000,104.868362,-2.833789,-21.509455,-19.667547,7.182949,-20.517214
4.331250,100.443665,-2.840055,-26.034645,-19.439089,13.213617,-20.219337
4.337500,93.600563,-2.846040,-29.822620,-19.256363,18.909605,-19.941860
4.343750,84.342857,-2.851096,-32.796284,-19.182407,23.912615,-19.674673
4.350000,72.788673,-2.855209,-34.173161,-19.081066,27.876659,-19.443363
4.356250,59.171886,-2.858448,-34.166317,-19.074472,32.216255,-19.296280
4.362500,43.833282,-2.860352,-32.899181,-19.175863,35.575272,-19.238667
4.368750,27.199434,-2.860949,-30.298117,-19.382298,38.276730,-19.292593
4.375000,9.756897,-2.860844,-26.443855,-19.684904,40.630096,-19.487743
4.381250,-7.963468,-2.860274,-21.495667,-20.067116,42.437267,-19.710262
4.387500,-25.412283,-2.858625,-15.666875,-20.504856,44.403713,-19.984432
4.393750,-42.055878,-2.855870,-9.255828,-20.976141,47.049210,-20.347736
4.400000,-57.408955,-2.852993,-2.631388,-21.465834,48.742134,-20.802641
4.406250,-71.045815,-2.850449,1.958674,-21.956602,50.781387,-21.313314
4.412500,-82.621597,-2.847556,7.996035,-22.430468,52.839394,-21.854321
4.418750,-91.896690,-2.844217,13.319316,-22.873474,54.687271,-22.405001
4.425000,-98.754074,-2.841101,17.743877,-23.251579,56.176281,-22.935026
4.431250,-103.196587,-2.838823,21.258211,-23.531862,57.292805,-23.398365
4.437500,-105.341476,-2.837091,23.649017,-23.720211,57.909012,-23.780827
4.443750,-105.422783,-2.835498,24.914242,-23.822666,57.935463,-24.072018
4.450000,-103.783569,-2.834790,25.227949,-23.841009,57.452026,-24.260672
4.456250,-100.853661,-2.835719,24.842093,-23.777567,56.613770,-24.340004
4.462500,-97.120056,-2.837776,24.076269,-23.639618,55.591312,-24.309515
4.468750,-93.109169,-2.840233,23.323828,-23.440544,54.591541,-24.178059
4.475000,-87.200546,-2.843273,21.125446,-23.200098,53.862408,-23.967522
4.481250,-81.292191,-2.847215,19.617285,-22.913139,51.921608,-23.643833
4.487500,-75.381165,-2.851654,18.737972,-22.596804,50.745853,-23.236843
4.493750,-69.465057,-2.856005,18.243137,-22.280523,49.821281,-22.785275
4.500000,-63.547604,-2.861034,18.011694,-21.984797,48.904636,-22.318409
4.506250,-57.632027,-2.867551,17.977669,-21.720566,47.806408,-21.858812
4.512500,-51.712307,-2.874732,18.082607,-21.487450,46.350475,-21.423119
4.518750,-45.780659,-2.881166,18.258242,-21.268101,44.356316,-21.025507
4.525000,-39.838417,-2.886443,18.418913,-20.988285,41.618328,-20.688261
4.531250,-33.893955,-2.891525,20.016848,-20.814306,37.850349,-20.457098
4.537500,-27.951641,-2.897088,21.747379,-20.680864,32.507507,-20.264465
4.543750,-22.005812,-2.902585,22.333591,-20.553436,27.386961,-20.138918
4.550000,-16.052731,-2.907214,23.602661,-20.442801,20.922747,-20.074846
4.556250,-10.093379,-2.910847,25.060394,-20.371883,13.440601,-20.040533
4.562500,-4.132084,-2.913756,26.349112,-20.359932,5.892676,-20.147346
4.568750,1.830071,-2.916167,27.154276,-20.429451,-1.591380,-20.371424
4.575000,7.793770,-2.917840,27.182640,-20.615253,-8.738109,-20.677156
4.581250,13.760592,-2.918385,26.189983,-20.934347,-15.621958,-21.017754
4.587500,19.728384,-2.917673,25.103588,-21.305960,-21.352058,-21.425053
4.593750,25.694935,-2.915926,23.296030,-21.781576,-25.681374,-21.898153
4.600000,31.657335,-2.913346,20.796017,-22.366755,-28.529308,-22.421396
4.606250,37.615135,-2.909981,17.631933,-23.087025,-29.966063,-22.984299
4.612500,43.568264,-2.905779,13.861670,-23.898066,-30.233913,-23.587040
4.618750,49.513073,-2.901392,9.919869,-24.770695,-29.503876,-24.205429
4.625000,55.446991,-2.897673,5.705304,-25.691429,-28.023426,-24.821898
4.631250,61.373993,-2.894226,1.400422,-26.630436,-26.142967,-25.422325
4.637500,67.299179,-2.890094,-2.767684,-27.549799,-24.257790,-25.994640
4.643750,73.221207,-2.885430,-8.461587,-28.402599,-22.790379,-26.511147
4.650000,79.131660,-2.881605,-13.851629,-29.137064,-22.181425,-26.930265
4.656250,85.027199,-2.879772,-17.158115,-29.704353,-22.819796,-27.218493
4.662500,90.914612,-2.879740,-20.232378,-30.091774,-23.063679,-27.413488
4.668750,96.800667,-2.880890,-23.057209,-30.282145,-24.788937,-27.504236
4.675000,100.792229,-2.883364,-25.476465,-30.258949,-27.648775,-27.476341
4.681250,104.510696,-2.887253,-27.442429,-30.019705,-31.479359,-27.326012
4.687500,107.426331,-2.892028,-28.987854,-29.581291,-36.124016,-27.060240
4.693750,109.047241,-2.897789,-30.197378,-28.978233,-41.394058,-26.691429
4.700000,108.944344,-2.905173,-31.179918,-28.258457,-47.028927,-26.227516
4.706250,106.777550,-2.914423,-32.209743,-27.423597,-52.718872,-25.668253
4.712500,102.318497,-2.924211,-33.668388,-26.505121,-58.123444,-25.005077
4.718750,95.451828,-2.933062,-35.577045,-25.558702,-62.552608,-24.346493
4.725000,86.171776,-2.941170,-36.207397,-24.660419,-67.766731,-23.704859
4.731250,74.591728,-2.949429,-37.309948,-23.847185,-72.211647,-23.114136
4.737500,60.949215,-2.957510,-38.596260,-23.137613,-76.013153,-22.584175
4.743750,45.591320,-2.964354,-39.897808,-22.544701,-79.650261,-22.077599
4.750000,28.943073,-2.969845,-41.077194,-22.068243,-82.959114,-21.610464
4.756250,11.488783,-2.974784,-41.984844,-21.679707,-85.972641,-21.218483
4.762500,-6.240522,-2.979244,-42.485970,-21.353495,-86.386932,-20.952921
4.768750,-23.694286,-2.982691,-41.274555,-21.164873,-86.445374,-20.780931
4.775000,-40.340656,-2.984908,-38.989967,-21.052107,-85.747910,-20.685783
4.781250,-55.691727,-2.986560,-37.120548,-20.980415,-83.874611,-20.657541
4.787500,-69.323532,-2.988048,-33.734959,-20.909538,-82.335762,-20.690699
4.793750,-80.894653,-2.989515,-29.224941,-20.841825,-79.111290,-20.737757
4.800000,-90.166794,-2.991154,-24.157742,-20.767801,-74.447426,-20.792423
4.806250,-97.017166,-2.992920,-18.888494,-20.678326,-68.888580,-20.851162
4.812500,-101.445160,-2.994804,-13.896903,-20.572046,-62.796085,-20.901119
4.818750,-103.571220,-2.996882,-9.633032,-20.448904,-56.496479,-20.922901
4.825000,-103.634354,-2.999619,-4.333333,-20.313871,-50.262684,-20.911995
4.831250,-101.973831,-3.003144,0.281664,-20.179626,-44.318504,-20.883934
4.837500,-99.011009,-3.006299,4.438470,-20.062939,-38.883369,-20.850973
4.843750,-95.236031,-3.008393,8.449601,-19.963737,-34.006462,-20.768444
4.850000,-91.187973,-3.010373,10.862000,-19.869143,-29.622746,-20.645538
4.856250,-85.251968,-3.013619,13.495636,-19.798389,-25.960627,-20.507147
4.862500,-79.319176,-3.017754,16.055819,-19.763891,-22.910660,-20.369219
4.868750,-73.378792,-3.021261,18.384485,-19.762098,-20.262941,-20.237392
4.875000,-67.429909,-3.023591,20.381018,-19.776306,-17.781034,-20.114128
4.881250,-61.481628,-3.025716,21.966124,-19.778408,-15.278865,-20.005627
4.887500,-55.537769,-3.028228,23.263145,-19.792128,-12.601720,-19.917704
4.893750,-49.595463,-3.030977,24.540155,-19.821854,-9.621492,-19.856903
4.900000,-43.651894,-3.033620,25.645285,-19.857512,-6.250978,-19.824106
4.906250,-37.707100,-3.036224,26.654085,-19.901495,-2.442849,-19.809446
4.912500,-31.761330,-3.038628,27.599873,-19.937468,1.797719,-19.789457
4.918750,-25.814066,-3.040856,28.474054,-19.963369,6.515117,-19.763569
4.925000,-19.867493,-3.043243,29.490135,-20.002096,12.166466,-19.784378
4.931250,-13.921382,-3.045964,30.695925,-20.070692,18.495665,-19.833696
4.937500,-7.972060,-3.048199,32.057617,-20.178286,25.417051,-19.907898
4.943750,-2.015395,-3.049092,33.505356,-20.331518,30.797773,-20.010500
4.950000,3.942580,-3.049018,34.957367,-20.529278,36.034538,-20.144304
4.956250,9.895328,-3.049173,36.344498,-20.764832,40.669662,-20.312880
4.962500,15.843216,-3.049371,37.854385,-21.025024,44.259903,-20.531078
4.968750,21.792835,-3.048873,39.669483,-21.288015,48.576694,-20.765133
4.975000,27.743040,-3.047785,41.586906,-21.567680,50.728153,-20.991516
4.981250,33.689060,-3.046700,43.358139,-21.856464,51.620331,-21.259373
4.987500,39.631584,-3.045433,44.969604,-22.138275,51.337200,-21.565283
4.993750,45.575001,-3.043156,46.261784,-22.406963,49.824230,-21.906128
5.000000,51.515911,-3.040229,47.097595,-22.655033,47.017189,-22.278301
5.006250,57.447147,-3.038023,47.397282,-22.871973,42.880390,-22.678614
5.012500,63.368134,-3.036821,47.110394,-23.043322,39.237946,-23.072128
5.018750,69.287430,-3.035820,46.224434,-23.146286,34.267193,-23.397369
5.025000,75.208702,-3.034523,42.790665,-23.183929,28.503229,-23.700693
5.031250,81.127060,-3.033479,40.406834,-23.183439,22.291449,-23.983822
5.037500,87.038994,-3.033041,37.307705,-23.143650,16.267939,-24.226648
5.043750,92.948395,-3.033082,33.622070,-23.083118,10.785824,-24.418680
5.050000,96.960716,-3.033754,29.416590,-23.100374,6.126857,-24.554092
5.056250,100.696938,-3.035563,24.973738,-23.021196,2.576545,-24.621052
5.062500,103.627373,-3.037976,20.957077,-22.957546,0.401006,-24.609787
5.068750,105.265671,-3.039870,16.945902,-22.939106,-0.248844,-24.522997
5.075000,105.181442,-3.041356,11.443877,-22.971691,0.742106,-24.365450
5.081250,103.025452,-3.044110,6.470991,-23.043659,3.485550,-24.141119
5.087500,98.559692,-3.048642,1.885537,-23.131365,8.061595,-23.859184
5.093750,91.673492,-3.053696,-2.360559,-23.236330,14.465965,-23.537386
5.100000,82.372871,-3.058055,-6.245813,-23.352736,22.557140,-23.207573
5.106250,70.773232,-3.062510,-9.984598,-23.453596,31.932520,-22.839832
5.112500,57.104679,-3.067966,-13.680245,-23.515209,42.051067,-22.452673
5.118750,41.712494,-3.074002,-17.366243,-23.520710,52.785355,-22.079308
5.125000,25.029301,-3.079585,-21.073265,-23.460752,63.609623,-21.738262
5.131250,7.546701,-3.084947,-24.804417,-23.329287,73.905769,-21.438854
5.137500,-10.209006,-3.090767,-28.542877,-23.124493,83.056183,-21.180731
5.143750,-27.690813,-3.097105,-30.105045,-22.849724,90.487160,-20.943476
5.150000,-44.361591,-3.103251,-30.837212,-22.514488,95.715935,-20.759237
5.156250,-59.726963,-3.108907,-32.132267,-22.132463,99.671654,-20.637207
5.162500,-73.362000,-3.114200,-31.871038,-21.703915,101.774925,-20.540041
5.168750,-84.927742,-3.119026,-30.261187,-21.253483,101.857559,-20.482031
5.175000,-94.186768,-3.123083,-27.627066,-20.808983,100.348717,-20.462925
5.181250,-101.018105,-3.126225,-24.259048,-20.393368,97.827461,-20.472357
5.187500,-105.424049,-3.128581,-20.475451,-20.027945,94.964272,-20.491447
5.193750,-107.527077,-3.130320,-16.627556,-19.733923,90.367043,-20.531227
5.200000,-107.565956,-3.131496,-13.078418,-19.532713,86.378571,-20.648951
5.206250,-105.882500,-3.132496,-7.978640,-19.441851,83.181549,-20.767700
5.212500,-102.903374,-3.133336,-2.880902,-19.438326,79.697624,-20.875538
5.218750,-99.117798,-3.133662,0.637910,-19.517748,77.189827,-20.997829
5.225000,-95.057777,-3.133003,4.302462,-19.670315,75.491989,-21.138105
5.231250,-89.103966,-3.131532,7.827124,-19.787664,74.413834,-21.294050
5.237500,-83.155396,-3.129702,10.758577,-20.051567,73.673264,-21.472910
5.243750,-77.213722,-3.127982,12.207509,-20.374800,72.907814,-21.683176
5.250000,-71.280113,-3.127016,12.443115,-20.734484,71.793983,-21.922367
5.256250,-65.351990,-3.126822,13.195825,-21.112453,70.005592,-22.185951
5.262500,-59.422855,-3.126378,12.674946,-21.486170,67.241013,-22.469221
5.268750,-53.491146,-3.124983,11.115794,-21.849510,63.246239,-22.759916
5.275000,-47.564415,-3.123738,8.789947,-22.198906,57.763870,-23.042242
5.281250,-41.650330,-3.124341,5.901916,-22.527390,50.594307,-23.286364
5.287500,-35.743595,-3.126524,2.624547,-22.825037,41.830879,-23.528547
5.293750,-29.831749,-3.128406,-0.889642,-23.083574,31.819445,-23.761137
5.300000,-23.913963,-3.129590,-4.493262,-23.293756,20.522335,-23.957956
5.306250,-18.001350,-3.131808,-8.018531,-23.442860,8.263595,-24.101021
5.312500,-12.098996,-3.136087,-11.322211,-23.520424,-4.527041,-24.178801
5.318750,-6.197196,-3.141683,-14.244579,-23.524065,-17.386925,-24.182692
5.325000,-0.287087,-3.147563,-16.799210,-23.446573,-29.831255,-24.102715
5.331250,5.629670,-3.153981,-18.884363,-23.292152,-41.418350,-23.926056
5.337500,11.550302,-3.161194,-18.357437,-23.100090,-51.858978,-23.719799
5.343750,17.479164,-3.168208,-18.527227,-22.845451,-60.780907,-23.438782
5.350000,23.419298,-3.174302,-16.942434,-22.554380,-67.945145,-23.132900
5.356250,29.365429,-3.180206,-14.147363,-22.266270,-73.278175,-22.838215
5.362500,35.313419,-3.186411,-10.283479,-22.009060,-76.701775,-22.592913
5.368750,41.268723,-3.191819,-5.538656,-21.803196,-78.291313,-22.411819
5.375000,47.235760,-3.195249,-0.122792,-21.657862,-78.381836,-22.269505
5.381250,53.208427,-3.197200,5.712643,-21.573391,-77.141953,-22.151134
5.387500,59.178513,-3.198457,11.665803,-21.540455,-74.954727,-22.133497
5.393750,65.147217,-3.198640,15.426935,-21.581924,-70.919388,-22.233116
5.400000,71.117599,-3.196996,20.361513,-21.700377,-66.501595,-22.429035
5.406250,77.084633,-3.194216,24.443369,-21.878241,-61.963875,-22.715996
5.412500,83.041138,-3.191476,27.517750,-22.092255,-57.543449,-23.066860
5.418750,88.988556,-3.188533,29.480925,-22.315361,-53.235035,-23.417820
5.425000,94.932098,-3.184850,30.262320,-22.524456,-49.391338,-23.760784
5.431250,98.974281,-3.180954,29.891815,-22.696867,-46.189503,-24.076822
5.437500,102.730598,-3.178118,28.576855,-22.814457,-43.602890,-24.339354
5.443750,105.669212,-3.176724,26.706581,-22.871704,-41.572197,-24.521164
5.450000,107.305481,-3.176451,24.645771,-22.854891,-40.048985,-24.605656
5.456250,107.215302,-3.177145,22.758743,-22.753178,-38.906624,-24.581341
5.462500,105.058693,-3.178808,19.583445,-22.568615,-37.953991,-24.452330
5.468750,100.600876,-3.180984,17.186646,-22.313120,-36.995174,-24.256315
5.475000,93.721039,-3.183585,15.504228,-21.993856,-35.640442,-23.925003
5.481250,84.415474,-3.187585,14.487473,-21.618345,-33.453453,-23.509476
5.487500,72.806503,-3.193424,13.960045,-21.214186,-30.611500,-23.058746
5.493750,59.138855,-3.199894,13.738133,-20.812284,-26.833532,-22.609459
5.500000,43.761658,-3.205223,13.707215,-20.435602,-21.863138,-22.191730
5.506250,27.098013,-3.209533,13.795486,-20.098915,-15.501838,-21.828447
5.512500,9.629828,-3.214134,13.928568,-19.807440,-7.674530,-21.522032
5.518750,-8.111080,-3.218957,14.045359,-19.529501,1.437060,-21.240440
5.525000,-25.570927,-3.222837,14.269414,-19.326494,11.095597,-21.066559
5.531250,-42.215710,-3.225337,14.296307,-19.203129,21.447939,-20.982775
5.537500,-57.560822,-3.227041,14.385306,-19.144197,32.145161,-20.978168
5.543750,-71.181618,-3.228273,14.315574,-19.152094,42.651764,-21.035341
5.550000,-82.735962,-3.228682,13.855580,-19.231184,52.472874,-21.159636
5.556250,-91.986336,-3.228077,12.826372,-19.386892,61.388184,-21.408411
5.562500,-98.814056,-3.226745,11.086767,-19.627453,69.196037,-21.678059
5.568750,-103.220169,-3.224647,8.581012,-19.936865,75.779678,-21.984095
5.575000,-105.326408,-3.221692,7.545747,-20.297924,80.724663,-22.332558
5.581250,-105.371986,-3.218299,4.609021,-20.710592,84.189133,-22.712685
5.587500,-103.699844,-3.214948,1.901433,-21.168606,86.450356,-23.101757
5.593750,-100.736458,-3.211537,-0.600674,-21.669176,87.809578,-23.498590
5.600000,-96.972313,-3.208143,-2.904773,-22.198618,86.534889,-23.904026
5.606250,-92.942101,-3.205448,-4.923819,-22.729933,84.886208,-24.286558
5.612500,-87.025177,-3.203825,-6.658262,-23.246212,82.622673,-24.645678
5.618750,-81.109505,-3.202316,-8.139315,-23.733509,79.608597,-24.978731
5.625000,-75.190742,-3.200076,-9.365008,-24.178022,75.787666,-25.286072
5.631250,-69.277283,-3.198398,-10.313137,-24.563225,71.133896,-25.568949
5.637500,-63.376568,-3.198875,-12.849098,-24.871021,65.601364,-25.801353
5.643750,-57.481380,-3.200998,-13.170662,-25.082291,59.071503,-25.948032
5.650000,-51.579723,-3.202943,-13.172132,-25.174606,53.587814,-25.968754
5.656250,-45.672115,-3.204716,-12.938004,-25.146687,47.360733,-25.948147
5.662500,-39.768452,-3.207706,-12.656378,-25.013401,40.530102,-25.870667
5.668750,-33.871872,-3.212556,-12.384020,-24.775543,33.859032,-25.718533
5.675000,-27.972925,-3.218447,-12.187327,-24.442690,27.659201,-25.490156
5.681250,-22.064934,-3.224511,-12.202184,-24.032713,22.175947,-25.189028
5.687500,-16.150549,-3.230764,-12.556117,-23.571911,17.654345,-24.817072
5.693750,-10.231609,-3.237183,-13.417727,-23.106073,14.343632,-24.382856
5.700000,-4.307772,-3.243492,-15.117208,-22.601601,12.666020,-23.923899
5.706250,1.619859,-3.250023,-15.931813,-22.096889,11.080009,-23.457010
5.712500,7.548824,-3.257456,-17.120668,-21.641941,11.150041,-23.009439
5.718750,13.483077,-3.265139,-18.423052,-21.264221,12.422523,-22.611849
5.725000,19.429846,-3.271644,-19.629704,-20.975739,14.458226,-22.279926
5.731250,25.388966,-3.276390,-20.576941,-20.778683,18.578873,-21.987129
5.737500,31.350519,-3.280377,-21.146988,-20.663443,22.719204,-21.707829
5.743750,37.309605,-3.284118,-21.280329,-20.610592,26.751057,-21.542492
5.750000,43.270832,-3.286760,-21.020706,-20.619345,30.336977,-21.473173
5.756250,49.236115,-3.287835,-20.559393,-20.690216,33.629593,-21.481112
5.762500,55.199982,-3.288023,-17.719063,-20.800999,36.371830,-21.554253
5.768750,61.156124,-3.288039,-15.818887,-20.926722,38.289127,-21.681660
5.775000,67.106651,-3.287642,-12.877005,-21.042356,39.102879,-21.906311
5.781250,73.053841,-3.286648,-9.184856,-21.132072,40.796745,-22.081371
5.787500,78.994171,-3.285730,-5.128710,-21.190012,40.252934,-22.277128
5.793750,84.925484,-3.285636,-1.072905,-21.207897,39.038971,-22.488604
5.800000,90.850510,-3.286305,2.639532,-21.177410,37.193295,-22.697815
5.806250,94.877556,-3.287414,5.662370,-21.095718,34.745842,-22.880510
5.812500,98.630898,-3.288688,7.665046,-20.965643,31.765566,-23.009069
5.818750,101.576714,-3.290239,10.540395,-20.794044,28.445133,-23.085865
5.825000,103.220421,-3.292644,12.703029,-20.597559,25.146748,-23.131838
5.831250,103.133385,-3.296808,14.480663,-20.408440,19.878700,-23.141123
5.837500,100.978355,-3.302869,16.277357,-20.244127,14.453772,-23.074593
5.843750,96.527489,-3.309537,16.891571,-20.071587,8.661519,-22.956257
5.850000,89.667694,-3.315016,18.135910,-19.937389,2.289786,-22.813473
5.856250,80.396080,-3.318873,19.731955,-19.864172,-4.637691,-22.665672
5.862500,68.822342,-3.322196,21.580297,-19.859682,-12.030862,-22.529522
5.868750,55.179302,-3.325796,23.573296,-19.917004,-19.822828,-22.419956
5.875000,39.810993,-3.329075,25.668343,-19.997902,-27.986767,-22.327284
5.881250,23.149309,-3.331566,28.024067,-20.150162,-36.645893,-22.252932
5.887500,5.684696,-3.333262,30.960905,-20.364737,-43.668114,-22.216549
5.893750,-12.052548,-3.334098,32.382130,-20.615791,-50.302834,-22.214115
5.900000,-29.514977,-3.333953,34.033577,-20.897669,-56.067448,-22.234392
5.906250,-46.174244,-3.333243,35.536449,-21.218182,-60.542904,-22.271593
5.912500,-61.541702,-3.332869,36.595001,-21.592384,-65.358604,-22.343218
5.918750,-75.186668,-3.332474,37.210243,-21.952848,-68.788589,-22.431812
5.925000,-86.762421,-3.330966,37.142136,-22.326036,-71.189835,-22.527941
5.931250,-96.034691,-3.328779,36.084671,-22.724140,-72.846283,-22.632483
5.937500,-102.889969,-3.327377,34.041714,-23.144939,-73.981453,-22.748335
5.943750,-107.328865,-3.327005,31.123594,-23.573288,-74.764389,-22.873638
5.950000,-109.463257,-3.326477,27.725985,-23.992964,-75.375999,-23.015678
5.956250,-109.528015,-3.325526,24.244656,-24.385355,-76.060989,-23.061152
5.962500,-107.871056,-3.325332,20.800785,-24.731882,-75.927742,-23.124884
5.968750,-104.920677,-3.326185,17.484402,-25.020023,-74.773674,-23.187159
5.975000,-101.161537,-3.326536,14.380938,-25.237223,-73.298935,-23.242764
5.981250,-97.123962,-3.325794,11.580761,-25.374949,-71.068542,-23.291136
5.987500,-91.195999,-3.325551,9.149743,-25.426746,-67.724312,-23.332567
5.993750,-85.280556,-3.327187,7.157831,-25.387812,-62.966480,-23.366089
6.000000,-79.368393,-3.329981,5.645555,-25.257729,-56.588425,-23.391775
6.006250,-73.450516,-3.332732,4.642631,-25.034134,-48.507233,-23.403921
6.012500,-67.528862,-3.335666,4.161885,-24.708706,-38.885727,-23.366999
6.018750,-61.608971,-3.339560,4.141247,-24.289927,-28.292368,-23.315321
6.025000,-55.687557,-3.343827,4.475791,-23.843979,-16.813082,-23.259533
6.031250,-49.760345,-3.347779,5.448524,-23.376104,-4.734828,-23.207020
6.037500,-43.829655,-3.351772,6.960744,-22.914831,7.379975,-23.168005
6.043750,-37.898514,-3.356330,8.785995,-22.498198,18.962423,-23.151064
6.050000,-31.964375,-3.360631,10.735862,-22.155235,29.576406,-23.125610
6.056250,-26.022549,-3.363997,12.735229,-21.887558,38.952652,-23.096071
6.062500,-20.077909,-3.366905,14.582030,-21.720448,46.733459,-23.099112
6.068750,-14.135204,-3.369959,14.133341,-21.671803,52.693542,-23.140862
6.075000,-8.190589,-3.372377,15.077370,-21.742785,56.784740,-23.218498
6.081250,-2.240245,-3.373073,15.483965,-21.916746,59.116642,-23.330811
6.087500,3.710125,-3.372717,15.357553,-22.153126,59.861275,-23.473009
6.093750,9.651296,-3.372777,14.697440,-22.395523,59.130051,-23.610756
6.100000,15.582605,-3.373561,13.187241,-22.681648,57.019146,-23.747093
6.106250,21.512722,-3.374373,10.801581,-22.960468,53.949596,-23.885521
6.112500,27.443909,-3.374932,7.712696,-23.193651,50.231792,-24.017071
6.118750,33.371635,-3.375652,3.892699,-23.356876,46.082333,-24.127069
6.125000,39.294788,-3.377028,-0.676952,-23.438234,41.687927,-24.198349
6.131250,45.213142,-3.379274,-3.802316,-23.435101,37.251431,-24.196554
6.137500,51.131271,-3.382513,-6.768690,-23.352924,33.080303,-24.133816
6.143750,57.050880,-3.386367,-10.821626,-23.190355,28.094477,-24.028709
6.150000,62.976093,-3.389874,-13.706244,-22.953781,23.509493,-23.862453
6.156250,68.907654,-3.392712,-15.508082,-22.669210,19.096565,-23.646614
6.162500,74.839302,-3.395544,-16.312920,-22.362097,14.834124,-23.396349
6.168750,80.767471,-3.399053,-16.176907,-22.051731,10.766465,-23.124266
6.175000,86.696800,-3.402695,-15.194755,-21.756655,6.956942,-22.843899
6.181250,92.631714,-3.405493,-13.515137,-21.493465,3.460340,-22.567232
6.187500,96.676605,-3.407408,-11.313627,-21.275000,0.371896,-22.313269
6.193750,100.446770,-3.409150,-8.804419,-21.117586,-2.099536,-22.117935
6.200000,103.409225,-3.410611,-6.224225,-21.039902,-4.701778,-21.939058
6.206250,105.074051,-3.411498,-3.424160,-21.011349,-6.566212,-21.826725
6.212500,105.013550,-3.412044,-0.327222,-21.045362,-7.940853,-21.800310
6.218750,102.883804,-3.412732,2.659153,-21.145782,-8.989480,-21.879070
6.225000,98.448738,-3.413574,5.340397,-21.300602,-9.908333,-22.043909
6.231250,91.589424,-3.414338,7.495616,-21.499123,-9.967875,-22.248142
6.237500,82.306755,-3.414953,8.814605,-21.751392,-10.481234,-22.543562
6.243750,70.722252,-3.415336,9.129977,-22.042330,-11.219915,-22.920767
6.250000,57.072903,-3.415242,10.543497,-22.355371,-12.140806,-23.361721
6.256250,41.698399,-3.414917,11.612494,-22.677376,-13.234190,-23.843882
6.262500,25.021799,-3.415081,10.881849,-23.000973,-14.472501,-24.341702
6.268750,7.536451,-3.415715,10.428370,-23.318987,-15.745135,-24.818605
6.275000,-10.219505,-3.415680,10.203723,-23.611942,-16.670631,-25.252264
6.281250,-27.697403,-3.414459,10.155821,-23.865326,-16.980703,-25.633230
6.287500,-44.374290,-3.413372,10.149730,-24.076117,-16.696917,-25.943415
6.293750,-59.765507,-3.413899,10.085814,-24.240322,-15.583252,-26.166668
6.300000,-73.437088,-3.415621,9.931523,-24.348709,-13.332588,-26.287195
6.306250,-85.038383,-3.417142,9.666182,-24.389652,-9.667679,-26.291740
6.312500,-94.331711,-3.418381,9.256326,-24.350519,-4.397143,-26.169092
6.318750,-101.204918,-3.420466,8.651719,-24.220364,2.543233,-25.923624
6.325000,-105.659164,-3.423705,9.886483,-24.017111,10.954752,-25.611479
6.331250,-107.809677,-3.427633,11.431928,-23.764709,20.563896,-25.233385
6.337500,-107.890732,-3.432019,11.952921,-23.457815,30.869085,-24.780575
6.343750,-106.244560,-3.437234,13.549849,-23.103428,41.711800,-24.307035
6.350000,-103.297302,-3.442905,15.911232,-22.729450,52.594761,-23.853973
6.356250,-99.536339,-3.448131,18.737593,-22.364700,62.857956,-23.455120
6.362500,-95.493546,-3.452543,21.777954,-22.033846,71.828308,-23.134241
6.368750,-89.553123,-3.456521,24.796234,-21.755903,78.846184,-22.886614
6.375000,-83.612053,-3.460153,27.560738,-21.545008,83.264610,-22.708778
6.381250,-77.668625,-3.463106,29.821228,-21.437986,85.743881,-22.678278
6.387500,-71.723015,-3.465407,33.328678,-21.394527,85.257195,-22.771145
6.393750,-65.778358,-3.467333,35.452999,-21.432261,81.954948,-22.970966
6.400000,-59.833553,-3.468592,37.397713,-21.567774,76.138245,-23.212536
6.406250,-53.888149,-3.468830,39.135670,-21.797245,68.139671,-23.479315
6.412500,-47.945175,-3.468660,40.592056,-22.107979,57.112442,-23.831770
6.418750,-42.009739,-3.469076,41.667320,-22.483974,44.418396,-24.211296
6.425000,-36.078972,-3.469860,42.264259,-22.902689,30.458996,-24.583214
6.431250,-30.146513,-3.470160,42.324379,-23.335398,15.762424,-24.916922
6.437500,-24.213751,-3.469932,41.771141,-23.754076,0.875622,-25.186514
6.443750,-18.287067,-3.470267,42.715385,-24.126026,-13.656471,-25.365042
6.450000,-12.367091,-3.471746,41.858009,-24.421158,-27.344038,-25.444973
6.456250,-6.448036,-3.473765,41.215469,-24.631851,-39.935513,-25.488249
6.462500,-0.526007,-3.475936,40.610493,-24.755888,-51.223080,-25.420532
6.468750,5.396801,-3.478305,39.958843,-24.787664,-59.604877,-25.263477
6.475000,11.320505,-3.480832,39.178635,-24.727074,-66.014030,-25.058266
6.481250,17.247442,-3.483059,38.160374,-24.586878,-70.169357,-24.835047
6.487500,23.175335,-3.485250,36.782032,-24.395205,-71.895424,-24.621084
6.493750,29.101650,-3.488068,35.012741,-24.176384,-71.091225,-24.425016
6.500000,35.027752,-3.491089,32.950287,-23.934946,-69.574631,-24.233763
6.506250,40.960087,-3.493439,28.766167,-23.689276,-65.875565,-24.039484
6.512500,46.896034,-3.495122,24.087883,-23.457165,-60.682232,-23.868698
6.518750,52.828995,-3.497261,20.586407,-23.269417,-54.320087,-23.757915
6.525000,58.758778,-3.500031,16.449762,-23.146885,-47.634907,-23.688028
6.531250,64.692574,-3.502452,11.942307,-23.090303,-41.253967,-23.647392
6.537500,70.633110,-3.503814,7.304121,-23.095211,-35.670624,-23.629148
6.543750,76.573532,-3.504928,2.723594,-23.153978,-31.302778,-23.629700
6.550000,82.508804,-3.506501,-1.631620,-23.256762,-28.492720,-23.655491
6.556250,88.443260,-3.508105,-5.593376,-23.382927,-25.711246,-23.658846
6.562500,94.380081,-3.509265,-8.971469,-23.464705,-24.737993,-23.658258
6.568750,98.422462,-3.510186,-11.555408,-23.570070,-24.956907,-23.659441
6.575000,102.189438,-3.511142,-14.027211,-23.681248,-25.962194,-23.664238
6.581250,105.148735,-3.511938,-15.267811,-23.771896,-27.371841,-23.684782
6.587500,106.808487,-3.512809,-15.456040,-23.834408,-28.639507,-23.705883
6.593750,106.739830,-3.514401,-14.772236,-23.870516,-31.179626,-23.729990
6.600000,104.603333,-3.516359,-13.406152,-23.885241,-32.974033,-23.761848
6.606250,100.167755,-3.517710,-11.528929,-23.881426,-34.141850,-23.801924
6.612500,93.310364,-3.518464,-9.311598,-23.861513,-34.807980,-23.848452
6.618750,84.023903,-3.519720,-6.941573,-23.826944,-35.117352,-23.898232
6.625000,72.427879,-3.522225,-4.600594,-23.777359,-35.217602,-23.945032
6.631250,58.764824,-3.525247,-0.318400,-23.715061,-35.269421,-23.983078
6.637500,43.380768,-3.528154,2.460803,-23.641100,-35.419487,-24.027338
6.643750,26.700815,-3.531305,5.706502,-23.550104,-35.613831,-23.995951
6.650000,9.213511,-3.535276,9.208982,-23.428549,-36.703651,-23.951851
6.656250,-8.544481,-3.539411,12.685475,-23.273325,-38.542809,-23.891586
6.662500,-26.023489,-3.542910,15.782829,-23.088026,-41.302708,-23.810081
6.668750,-42.693321,-3.545986,18.228889,-22.865440,-45.109650,-23.699018
6.675000,-58.066952,-3.549266,19.772041,-22.601114,-50.091633,-23.562510
6.681250,-71.717300,-3.552981,20.089449,-22.316904,-54.283260,-23.426334
6.687500,-83.300873,-3.556829,21.107838,-22.023252,-59.089149,-23.298145
6.693750,-92.578140,-3.560685,21.366991,-21.736858,-63.993351,-23.185118
6.700000,-99.426849,-3.564112,21.214081,-21.505232,-68.580215,-23.104132
6.706250,-103.845764,-3.566584,20.883089,-21.282080,-72.419250,-23.075676
6.712500,-105.958939,-3.568174,20.177711,-21.092373,-75.011673,-23.087616
6.718750,-106.008644,-3.569665,19.816099,-20.980850,-76.019279,-23.150852
6.725000,-104.336571,-3.571405,19.883595,-20.965490,-75.331352,-23.266903
6.731250,-101.365181,-3.572861,20.367971,-21.052475,-72.740845,-23.412930
6.737500,-97.583267,-3.573303,21.197454,-21.235292,-70.015045,-23.634516
6.743750,-93.526474,-3.572906,22.256693,-21.504793,-65.488647,-23.907635
6.750000,-87.578636,-3.572207,23.332836,-21.865461,-59.809944,-24.198320
6.756250,-81.634476,-3.571350,26.426178,-22.293039,-53.403019,-24.472235
6.762500,-75.693077,-3.570511,28.343374,-22.734491,-46.725002,-24.709873
6.768750,-69.754898,-3.569901,30.836891,-23.193989,-40.352833,-24.909033
6.775000,-63.818111,-3.569029,33.576977,-23.659649,-32.555206,-25.056101
6.781250,-57.880169,-3.567512,36.356224,-24.114489,-25.089005,-25.142279
6.787500,-51.944775,-3.565604,38.952614,-24.538898,-17.828550,-25.163132
6.793750,-46.016632,-3.564314,41.151054,-24.915390,-10.629236,-25.117750
6.800000,-40.097088,-3.564166,42.743565,-25.228680,-3.333894,-25.007397
6.806250,-34.179459,-3.564527,43.555710,-25.466305,4.219985,-24.834967
6.812500,-28.260145,-3.565018,43.444683,-25.619974,12.194525,-24.601162
6.818750,-22.341270,-3.566196,44.469387,-25.687935,20.762041,-24.247910
6.825000,-16.425222,-3.568235,45.188427,-25.687113,28.195677,-23.914574
6.831250,-10.506657,-3.570489,44.174084,-25.621216,35.495670,-23.572689
6.837500,-4.584019,-3.572529,43.780582,-25.479931,42.667583,-23.254175
6.843750,1.338160,-3.575256,43.725681,-25.301466,49.057594,-23.010475
6.850000,7.258099,-3.579215,43.937042,-25.109575,54.055531,-22.833309
6.856250,13.181993,-3.583207,44.420029,-24.921579,58.777714,-22.722546
6.862500,19.115860,-3.585967,45.178463,-24.749075,61.543179,-22.710140
6.868750,25.054935,-3.587886,46.233372,-24.594437,62.601028,-22.798523
6.875000,30.989491,-3.590172,47.600487,-24.449354,62.214638,-22.977514
6.881250,36.919155,-3.593109,47.414463,-24.272615,60.721554,-23.220781
6.887500,42.849949,-3.595989,47.461102,-24.124971,58.468010,-23.491098
6.893750,48.784180,-3.598407,47.836224,-24.015633,55.676327,-23.788160
6.900000,54.719650,-3.600467,47.714344,-23.936737,52.670521,-24.083527
6.906250,60.654800,-3.602172,46.848824,-23.929787,50.020592,-24.336872
6.912500,66.588501,-3.603466,45.315411,-23.883375,48.162888,-24.517262
6.918750,72.517517,-3.605142,43.260601,-23.840742,45.541088,-24.608747
6.925000,78.440491,-3.607797,40.274948,-23.813578,44.045982,-24.603804
6.931250,84.362427,-3.611080,36.520329,-23.781750,43.390724,-24.498365
6.937500,90.288467,-3.614250,32.134811,-23.742502,43.237179,-24.298384
6.943750,96.218163,-3.617327,27.273861,-23.726982,43.165611,-24.034742
6.950000,100.253937,-3.620501,22.509045,-23.711601,42.708076,-23.751431
6.956250,104.017929,-3.623442,18.069820,-23.680889,43.031185,-23.389490
6.962500,106.980347,-3.625457,14.049575,-23.621992,42.153107,-23.007023
6.968750,108.644585,-3.627303,10.503287,-23.531441,40.360786,-22.641668
6.975000,108.577171,-3.630146,7.422865,-23.413219,37.643402,-22.319954
6.981250,106.441696,-3.633752,4.824501,-23.269255,33.992867,-22.057066
6.987500,102.009514,-3.636778,2.721533,-23.101627,29.420294,-21.861757
6.993750,95.161507,-3.638509,1.104120,-22.909361,23.943008,-21.731178
7.000000,85.889366,-3.639699,-0.048637,-22.685095,17.589106,-21.650597
7.006250,74.308365,-3.641408,-0.808339,-22.413528,12.460091,-21.641420
7.012500,60.657124,-3.643754,0.810539,-22.118866,7.032910,-21.711235
7.018750,45.281654,-3.646445,2.943018,-21.864967,1.947822,-21.838547
7.025000,28.611488,-3.649152,4.243770,-21.631071,-2.322425,-21.999815
7.031250,11.138813,-3.651537,7.056065,-21.387501,-5.260651,-22.231337
7.037500,-6.604126,-3.653723,10.570874,-21.189636,-7.923865,-22.488934
7.043750,-24.073000,-3.656043,14.340862,-21.074690,-9.099581,-22.794632
7.050000,-40.735718,-3.658713,18.036425,-21.069555,-9.175508,-23.158012
7.056250,-56.096855,-3.661014,21.374401,-21.191393,-8.303989,-23.581236
7.062500,-69.725685,-3.662077,26.317297,-21.433868,-6.651400,-24.064157
7.068750,-81.285057,-3.662123,29.407267,-21.795097,-4.413480,-24.612514
7.075000,-90.544289,-3.661857,32.517727,-22.268614,-1.765844,-25.199789
7.081250,-97.382706,-3.661467,35.460323,-22.822525,1.397976,-25.764048
7.087500,-101.797333,-3.660327,38.073402,-23.376102,2.648105,-26.320869
7.093750,-103.908600,-3.658285,39.937214,-24.011566,3.299468,-26.867130
7.100000,-103.957832,-3.655669,40.597141,-24.665623,4.876798,-27.384680
7.106250,-102.288223,-3.652968,40.264095,-25.298944,5.465058,-27.849676
7.112500,-99.327240,-3.650348,38.735641,-25.893242,5.079458,-28.236378
7.118750,-95.567184,-3.648159,35.824173,-26.460258,3.785172,-28.517397
7.125000,-91.540581,-3.646520,33.352219,-26.894646,1.719168,-28.653034
7.131250,-85.622292,-3.645134,29.660572,-27.214333,-0.889050,-28.596378
7.137500,-79.705536,-3.643709,25.505882,-27.434566,-5.578863,-28.423536
7.143750,-73.793869,-3.643018,21.166857,-27.562027,-10.635260,-28.112020
7.150000,-67.890884,-3.644179,16.888878,-27.601709,-16.314608,-27.664461
7.156250,-61.991684,-3.646810,12.917138,-27.556137,-22.556334,-27.098679
7.162500,-56.085327,-3.649483,9.465876,-27.429573,-29.211357,-26.443180
7.168750,-50.170456,-3.651648,6.689827,-27.232365,-36.099033,-25.740238
7.175000,-44.254658,-3.654092,4.698209,-26.978458,-43.019260,-25.049829
7.181250,-38.340687,-3.657244,3.565463,-26.683910,-49.874737,-24.361675
7.187500,-32.423683,-3.660611,3.328687,-26.365116,-56.767727,-23.705978
7.193750,-26.499668,-3.663404,3.997201,-26.031553,-61.269531,-23.134466
7.200000,-20.571552,-3.665848,3.665159,-25.675579,-64.876663,-22.678635
7.206250,-14.642539,-3.668231,6.022668,-25.322220,-66.961899,-22.342531
7.212500,-8.711529,-3.670269,8.617425,-25.017345,-68.849106,-22.098253
7.218750,-2.778162,-3.671952,11.608722,-24.748564,-68.867142,-22.009724
7.225000,3.154353,-3.673924,14.795897,-24.515738,-67.232040,-22.046520
7.231250,9.084834,-3.676471,17.959995,-24.316185,-64.156929,-22.187086
7.237500,15.018492,-3.678791,20.857656,-24.146967,-60.046917,-22.406540
7.243750,20.958349,-3.680219,23.223082,-24.015854,-55.339134,-22.670052
7.250000,26.899511,-3.681164,26.986639,-23.921124,-50.508610,-22.929955
7.256250,32.836720,-3.682357,28.779966,-23.852732,-46.101032,-23.165863
7.262500,38.769440,-3.683997,30.572765,-23.808460,-42.992954,-23.405046
7.268750,44.700680,-3.685943,32.135105,-23.795160,-39.241993,-23.602127
7.275000,50.632130,-3.688461,33.304024,-23.798370,-36.441338,-23.715158
7.281250,56.563141,-3.691637,34.103111,-23.785164,-34.522606,-23.742731
7.287500,62.497025,-3.694675,34.257645,-23.762310,-33.394833,-23.690399
7.293750,68.437386,-3.696715,33.633186,-23.715647,-32.819382,-23.563349
7.300000,74.381500,-3.697601,32.288761,-23.597925,-32.538574,-23.372002
7.306250,80.323456,-3.698181,30.604910,-23.490692,-32.307995,-23.135166
7.312500,86.257469,-3.699253,29.083498,-23.370270,-31.903065,-22.877586
7.318750,92.185966,-3.701187,27.698553,-23.225733,-31.134747,-22.631079
7.325000,96.217850,-3.703833,24.935223,-23.066618,-29.907093,-22.418976
7.331250,99.981064,-3.706284,22.875433,-22.891678,-28.311003,-22.239960
7.337500,102.945091,-3.707844,21.500250,-22.693806,-26.342184,-22.126076
7.343750,104.613785,-3.708563,20.575380,-22.497799,-24.041708,-22.102301
7.350000,104.553291,-3.709367,19.894676,-22.323681,-21.652458,-22.165714
7.356250,102.421494,-3.710934,19.351355,-22.181290,-17.575684,-22.279524
7.362500,97.985397,-3.713016,18.846645,-22.074848,-13.569029,-22.480797
7.368750,91.127853,-3.714856,18.269009,-22.001898,-8.962651,-22.766710
7.375000,81.848846,-3.716389,17.490829,-21.956511,-5.932356,-23.096655
7.381250,70.266998,-3.717866,18.496845,-21.933655,-2.839383,-23.435694
7.387500,56.617928,-3.719549,19.708456,-21.937586,0.073097,-23.749899
7.393750,41.241756,-3.721901,21.276522,-21.990482,4.664321,-24.029369
7.400000,24.566622,-3.724840,23.205896,-22.051199,9.262975,-24.262320
7.406250,7.089342,-3.727662,25.616308,-22.129313,12.338850,-24.428936
7.412500,-10.654789,-3.729584,28.666401,-22.242256,15.799964,-24.519201
7.418750,-28.122906,-3.730821,32.219707,-22.399679,19.333855,-24.531364
7.425000,-44.788906,-3.732332,36.037457,-22.608746,22.630232,-24.471478
7.431250,-60.161377,-3.734447,39.846184,-22.873394,25.406679,-24.349190
7.437500,-73.808052,-3.736593,45.547825,-23.193344,27.450140,-24.170090
7.443750,-85.384766,-3.738356,49.637711,-23.560854,28.602816,-23.931540
7.450000,-94.656273,-3.740000,54.018810,-23.953711,28.719666,-23.646534
7.456250,-101.504227,-3.741460,58.372501,-24.370214,27.531540,-23.359251
7.462500,-105.924194,-3.742169,62.125595,-24.838703,25.031887,-23.090313
7.468750,-108.038368,-3.741845,65.064888,-25.353100,21.378248,-22.856842
7.475000,-108.088631,-3.741188,67.036179,-25.907579,16.753996,-22.673382
7.481250,-106.418617,-3.740608,67.991180,-26.460720,11.447890,-22.538883
7.487500,-103.452820,-3.739599,67.818024,-27.006517,5.802890,-22.453636
7.493750,-99.680176,-3.737689,64.473099,-27.541025,0.131122,-22.419937
7.500000,-95.638031,-3.735590,59.658260,-28.042446,-5.146308,-22.422718
7.506250,-89.709778,-3.734188,55.205280,-28.478075,-9.485306,-22.448984
7.512500,-83.787827,-3.733306,49.422653,-28.831656,-12.194280,-22.510168
7.518750,-77.866318,-3.732260,42.479271,-29.102703,-12.745649,-22.582102
7.525000,-71.947380,-3.731414,34.764290,-29.272745,-10.729767,-22.644674
7.531250,-66.035210,-3.731652,26.685287,-29.332378,-7.567209,-22.692160
7.537500,-60.127815,-3.732903,18.605576,-29.288754,-3.330623,-22.715940
7.543750,-54.220036,-3.734534,10.890909,-29.153332,3.191051,-22.695427
7.550000,-48.310795,-3.736556,4.027289,-28.907806,11.064449,-22.639326
7.556250,-42.402725,-3.739523,-1.657038,-28.579218,19.348581,-22.563063
7.562500,-36.494946,-3.743392,-7.885308,-28.196484,27.212280,-22.482063
7.568750,-30.582890,-3.747464,-12.718418,-27.771915,33.915882,-22.417171
7.575000,-24.663504,-3.751092,-16.343391,-27.310991,38.821457,-22.380270
7.581250,-18.739019,-3.754226,-18.776979,-26.869577,41.592430,-22.340178
7.587500,-12.811980,-3.756795,-20.124041,-26.449577,43.874523,-22.325880
7.593750,-6.883302,-3.758663,-20.759613,-26.053173,43.918537,-22.353563
7.600000,-0.955852,-3.760211,-20.896002,-25.686291,42.166275,-22.425241
7.606250,4.967595,-3.762134,-20.677427,-25.354431,39.159161,-22.533854
7.612500,10.888382,-3.764470,-20.229048,-25.057512,35.472954,-22.666214
7.618750,16.811178,-3.766482,-19.660765,-24.789394,31.672766,-22.811296
7.625000,22.736866,-3.767897,-16.941484,-24.543819,28.249624,-22.974281
7.631250,28.660292,-3.769480,-15.486197,-24.316614,25.630232,-23.181705
7.637500,34.580006,-3.771756,-13.352811,-24.102810,24.240463,-23.388752
7.643750,40.497463,-3.774451,-10.765352,-23.893591,23.488699,-23.552166
7.650000,46.417389,-3.777349,-7.927512,-23.655315,24.297073,-23.703928
7.656250,52.337811,-3.780755,-5.155437,-23.374172,26.401508,-23.851269
7.662500,58.257038,-3.785292,-3.026441,-23.087500,29.346815,-24.004936
7.668750,64.178352,-3.790640,-1.910295,-22.799868,32.587624,-24.166510
7.675000,70.108604,-3.795881,0.188092,-22.512350,35.607265,-24.334799
7.681250,76.048347,-3.800121,1.674411,-22.235096,37.849216,-24.513107
7.687500,81.994751,-3.803558,2.853673,-21.985943,38.699718,-24.705698
7.693750,87.942024,-3.806595,4.059196,-21.784605,39.448540,-24.916695
7.700000,93.888199,-3.809319,3.777534,-21.640400,37.937752,-25.153713
7.706250,97.940132,-3.811694,4.077746,-21.545767,34.272327,-25.427891
7.712500,101.719658,-3.813486,4.712084,-21.508259,29.041138,-25.684324
7.718750,104.692642,-3.814709,5.407187,-21.525150,22.948805,-25.916636
7.725000,106.366493,-3.815331,5.938249,-21.587749,15.878957,-26.158709
7.731250,106.312355,-3.815527,5.956983,-21.718998,8.232069,-26.400721
7.737500,104.186806,-3.815716,5.241641,-21.901754,0.513832,-26.620636
7.743750,99.751930,-3.816404,5.892730,-22.108973,-6.837312,-26.790863
7.750000,92.887344,-3.817980,6.348772,-22.320381,-13.450932,-26.876682
7.756250,83.597031,-3.819968,6.864581,-22.518820,-19.057844,-26.855244
7.762500,72.005852,-3.821878,7.641779,-22.692520,-23.684851,-26.758329
7.768750,58.349823,-3.823985,8.765339,-22.838768,-27.134754,-26.569349
7.775000,42.965927,-3.826985,10.299739,-22.952682,-29.228689,-26.283558
7.781250,26.283415,-3.831062,12.315145,-23.034203,-29.995621,-25.910229
7.787500,8.800175,-3.835379,14.782580,-23.090790,-29.550655,-25.471470
7.793750,-8.946194,-3.838861,17.612654,-23.131081,-28.040243,-24.994438
7.800000,-26.411856,-3.841521,20.665340,-23.166533,-25.618067,-24.506874
7.806250,-43.070618,-3.844014,23.785259,-23.204361,-22.354847,-23.997269
7.812500,-58.430721,-3.846234,27.116886,-23.242491,-18.394854,-23.453253
7.818750,-72.062340,-3.847709,30.749226,-23.288012,-15.923821,-22.938213
7.825000,-83.625061,-3.848336,34.416321,-23.350124,-12.420372,-22.516542
7.831250,-92.886696,-3.848653,37.849255,-23.452253,-9.101274,-22.171530
7.837500,-99.725807,-3.848764,40.804771,-23.612989,-6.217980,-21.905298
7.843750,-104.139206,-3.847942,43.175049,-23.848478,-3.895912,-21.714497
7.850000,-106.249031,-3.846265,44.921925,-24.127539,-2.165628,-21.600971
7.856250,-106.298782,-3.844584,46.151070,-24.436369,-1.055176,-21.566540
7.862500,-104.629936,-3.843490,46.565590,-24.782932,-0.511372,-21.605011
7.868750,-101.665154,-3.842151,44.239120,-25.156448,-0.366851,-21.704746
7.875000,-97.891434,-3.839844,40.863007,-25.533270,-2.534107,-21.848219
7.881250,-93.846184,-3.837005,38.146378,-25.895267,-5.353407,-22.008587
7.887500,-87.914574,-3.834544,34.227566,-26.241117,-9.016668,-22.148638
7.893750,-81.990440,-3.832628,29.326912,-26.552368,-11.625280,-22.299042
7.900000,-76.069534,-3.831020,23.754381,-26.810982,-14.853851,-22.442829
7.906250,-70.152924,-3.830104,17.836212,-26.993725,-17.885103,-22.541136
7.912500,-64.241631,-3.830403,11.928310,-27.084307,-20.414154,-22.600363
7.918750,-58.331688,-3.830403,6.278037,-27.084307,-22.116838,-22.600363
7.925000,-58.331688,-3.830403,6.278037,-27.084307,-22.116838,-22.600363
7.931250,-58.331688,-3.830403,6.278037,-27.084307,-22.116838,-22.600363
7.937500,-58.331688,-3.830403,6.278037,-27.084307,-22.116838,-22.600363
7.943750,-58.331688,-3.830403,6.278037,-27.084307,-22.116838,-22.600363
7.950000,-58.331688,-3.830403,6.278037,-27.084307,-22.116838,-22.600363
7.956250,-58.331688,-3.830403,6.278037,-27.084307,-22.116838,-22.600363
7.962500,-58.331688,-3.830403,6.278037,-27.084307,-22.116838,-22.600363
7.968750,-58.331688,-3.830403,6.278037,-27.084307,-22.116838,-22.600363
7.975000,-58.331688,-3.830403,6.278037,-27.084307,-22.116838,-22.600363
7.981250,-58.331688,-3.830403,6.278037,-27.084307,-22.116838,-22.600363
7.987500,-58.331688,-3.830403,6.278037,-27.084307,-22.116838,-22.600363
7.993750,-58.331688,-3.830403,6.278037,-27.084307,-22.116838,-22.600363
8.000000,-58.331688,-3.830403,6.278037,-27.084307,-22.116838,-22.600363
