Anritsu VNA Frequency[GHz],S21[deg],S21[dB],S11[deg],S11[dB],S22[deg],S22[dB]
1338115168.24,2012_05_27_11:39:28,+40.705,+10.272,+55.255,+10.282,+13.899,+13.709,+14.003,+13.754,10.363756,-15.866
3.006250,34.338223,-1.755712,59.477673,-26.664705,-79.785019,-27.429712
3.012500,34.338223,-1.755712,59.477673,-26.664705,-79.785019,-27.429712
3.018750,34.338223,-1.755712,59.477673,-26.664705,-79.785019,-27.429712
3.025000,34.338223,-1.755712,59.477673,-26.664705,-79.785019,-27.429712
3.031250,34.338223,-1.755712,59.477673,-26.664705,-79.785019,-27.429712
3.037500,34.338223,-1.755712,59.477673,-26.664705,-79.785019,-27.429712
3.043750,34.338223,-1.755712,59.477673,-26.664705,-79.785019,-27.429712
3.050000,34.338223,-1.755712,59.477673,-26.664705,-79.785019,-27.429712
3.056250,34.338223,-1.755712,59.477673,-26.664705,-79.785019,-27.429712
3.062500,34.338223,-1.755712,59.477673,-26.664705,-79.785019,-27.429712
3.068750,34.338223,-1.755712,59.477673,-26.664705,-79.785019,-27.429712
3.075000,34.338223,-1.755712,59.477673,-26.664705,-79.785019,-27.429712
3.081250,34.338223,-1.755712,59.477673,-26.664705,-79.785019,-27.429712
3.087500,34.338223,-1.755712,59.477673,-26.664705,-79.785019,-27.429712
3.093750,34.338223,-1.757564,59.477673,-26.462418,-79.785019,-27.179844
3.100000,40.245533,-1.759672,56.797852,-26.309116,-81.812576,-26.947243
3.106250,46.152798,-1.761789,53.232731,-26.227350,-82.220306,-26.733736
3.112500,52.060726,-1.763901,49.150402,-26.237043,-80.650734,-26.513279
3.118750,57.967609,-1.766171,43.148224,-26.279922,-78.934761,-26.213253
3.125000,63.873566,-1.768525,38.345646,-26.323111,-74.905869,-25.952486
3.131250,69.778770,-1.770952,33.957573,-26.393248,-68.742599,-25.665100
3.137500,75.682854,-1.773707,30.237720,-26.491528,-60.857162,-25.341076
3.143750,81.585388,-1.777001,27.397280,-26.609968,-51.434986,-24.988688
3.150000,87.488670,-1.780579,25.613190,-26.733883,-40.632061,-24.620319
3.156250,93.395035,-1.783928,25.008257,-26.848957,-28.622240,-24.254608
3.162500,97.409058,-1.786963,25.648495,-26.942024,-15.605826,-23.915102
3.168750,101.149704,-1.790147,27.551664,-27.005621,-3.685904,-23.650190
3.175000,104.083755,-1.793651,30.762447,-27.017298,8.595381,-23.405813
3.181250,105.720764,-1.797253,33.519104,-26.964491,21.117886,-23.183588
3.187500,105.635773,-1.800691,37.295391,-26.864647,32.599216,-23.015923
3.193750,103.487061,-1.803923,41.385117,-26.729658,42.614162,-22.918131
3.200000,99.037819,-1.806836,45.215919,-26.567654,50.831104,-22.894285
3.206250,92.165451,-1.809396,48.306492,-26.388844,56.966850,-22.944321
3.212500,82.868698,-1.811829,50.238480,-26.206924,60.826580,-23.075945
3.218750,71.267990,-1.814464,50.699551,-26.032354,62.308113,-23.272158
3.225000,57.601372,-1.816983,51.692608,-25.859070,61.159897,-23.477716
3.231250,42.211918,-1.818993,51.751736,-25.687401,57.665169,-23.701157
3.237500,25.525209,-1.820672,49.387634,-25.517107,53.935055,-23.934195
3.243750,8.028925,-1.822626,46.711506,-25.325884,48.473282,-24.153767
3.250000,-9.744040,-1.825155,43.594711,-25.153557,41.947605,-24.340994
3.256250,-27.243681,-1.827780,39.675571,-25.013344,34.951683,-24.495253
3.262500,-43.934811,-1.830057,35.192619,-24.888578,28.132355,-24.604883
3.268750,-59.326759,-1.831970,30.091158,-24.775171,22.170229,-24.661068
3.275000,-72.995514,-1.833977,24.244984,-24.671982,17.608521,-24.663595
3.281250,-84.601509,-1.836390,17.544857,-24.570213,14.888272,-24.619921
3.287500,-93.905685,-1.839115,9.900918,-24.456688,14.306857,-24.544544
3.293750,-100.784218,-1.841937,1.275623,-24.293863,16.015026,-24.437044
3.300000,-105.236465,-1.844666,-6.154450,-24.125622,20.056948,-24.299740
3.306250,-107.383865,-1.847133,-14.807295,-23.990520,26.296047,-24.158581
3.312500,-107.464287,-1.849355,-23.465139,-23.869034,34.424629,-24.044374
3.318750,-105.818878,-1.851490,-31.835037,-23.768476,44.064232,-23.979042
3.325000,-102.875137,-1.853431,-39.653126,-23.706976,54.768085,-23.973177
3.331250,-99.124939,-1.855059,-46.662151,-23.709887,66.017372,-24.029572
3.337500,-95.100815,-1.856302,-52.676914,-23.849916,77.233536,-24.146852
3.343750,-89.181999,-1.857243,-57.733501,-24.009401,87.839523,-24.310135
3.350000,-83.263641,-1.857799,-62.173248,-24.233925,97.585831,-24.464922
3.356250,-77.346260,-1.858027,-65.612175,-24.564375,106.191727,-24.662561
3.362500,-71.430634,-1.858149,-66.343704,-25.021978,112.449402,-24.912422
3.368750,-65.517365,-1.858028,-66.010674,-25.587524,116.490692,-25.202459
3.375000,-59.604477,-1.857313,-64.489822,-26.233845,117.912926,-25.577375
3.381250,-53.693878,-1.856203,-61.792702,-26.926304,116.555725,-25.912790
3.387500,-47.789169,-1.855521,-58.012531,-27.625652,113.039536,-26.235992
3.393750,-41.890862,-1.855625,-53.307835,-28.287100,106.806793,-26.538992
3.400000,-35.994923,-1.856108,-47.896381,-28.867205,98.423096,-26.813797
3.406250,-30.097651,-1.856394,-42.114380,-29.344347,88.891800,-27.092010
3.412500,-24.200829,-1.856825,-36.283955,-29.692945,78.877747,-27.339497
3.418750,-18.308632,-1.858151,-28.470411,-29.891270,67.020836,-27.534996
3.425000,-12.419317,-1.860490,-22.216600,-29.934862,55.608486,-27.672447
3.431250,-6.527112,-1.862947,-15.669627,-29.839024,45.072285,-27.757971
3.437500,-0.630481,-1.865292,-9.084908,-29.587379,35.867058,-27.795691
3.443750,5.265905,-1.868265,-2.481551,-29.178802,28.669130,-27.733320
3.450000,11.160813,-1.872201,3.617712,-28.659336,21.766253,-27.600445
3.456250,17.059950,-1.876327,9.049684,-28.068233,16.933969,-27.410625
3.462500,22.967762,-1.879802,13.809311,-27.449133,13.875867,-27.166506
3.468750,28.880625,-1.882653,17.978186,-26.849735,12.279342,-26.864298
3.475000,34.794224,-1.885234,21.664888,-26.335888,11.795904,-26.520477
3.481250,40.707119,-1.887657,25.131079,-25.858971,12.031792,-26.149334
3.487500,46.619274,-1.890108,27.102678,-25.451210,12.615182,-25.745668
3.493750,52.530144,-1.892961,28.969059,-25.148924,13.118364,-25.317091
3.500000,58.440151,-1.896248,30.558584,-24.957775,13.106448,-24.875105
3.506250,64.352791,-1.899290,31.765282,-24.862684,12.248178,-24.429724
3.512500,70.270119,-1.901508,32.495975,-24.829691,10.273524,-23.990307
3.518750,76.187279,-1.903494,32.721050,-24.759077,6.981294,-23.561527
3.525000,82.098068,-1.906365,32.634560,-24.746536,2.217139,-23.149904
3.531250,88.004379,-1.910330,32.768906,-24.735657,-1.988873,-22.769709
3.537500,93.912971,-1.914559,32.780495,-24.692068,-7.097666,-22.437185
3.543750,97.932243,-1.918487,32.924118,-24.605598,-12.680081,-22.147896
3.550000,101.680984,-1.922592,33.533569,-24.449835,-18.455807,-21.866161
3.556250,104.623131,-1.927424,33.056358,-24.225737,-23.946527,-21.539591
3.562500,106.269974,-1.932582,33.193604,-23.962881,-28.873220,-21.297256
3.568750,106.200653,-1.936899,33.604115,-23.688082,-32.011398,-21.125298
3.575000,104.074860,-1.939899,34.012589,-23.427746,-34.363853,-21.025505
3.581250,99.649994,-1.941796,34.131718,-23.216503,-35.666393,-21.011698
3.587500,92.799515,-1.943317,33.704494,-23.090799,-35.938972,-21.043539
3.593750,83.523506,-1.944429,32.617939,-23.040188,-35.060547,-21.143200
3.600000,71.947624,-1.944492,30.827328,-23.076111,-32.871807,-21.325760
3.606250,58.309456,-1.943139,30.164370,-23.212337,-29.528456,-21.585089
3.612500,42.944328,-1.940940,29.178961,-23.434595,-25.310236,-21.894949
3.618750,26.275829,-1.938327,28.287109,-23.761021,-20.612528,-22.229731
3.625000,8.798153,-1.935025,27.595196,-24.201946,-16.216007,-22.632513
3.631250,-8.954581,-1.930864,27.713093,-24.720123,-10.325527,-23.065451
3.637500,-26.439381,-1.926328,28.945595,-25.280403,-4.662874,-23.499622
3.643750,-43.127846,-1.922120,31.428106,-25.845537,0.753733,-23.915699
3.650000,-58.526554,-1.918527,33.300365,-26.369812,5.831808,-24.296629
3.656250,-72.205643,-1.915510,36.121281,-26.778078,10.484147,-24.625351
3.662500,-83.822937,-1.913210,39.063526,-27.117405,14.614460,-24.897280
3.668750,-93.141144,-1.911820,43.053917,-27.364912,18.083931,-25.118727
3.675000,-100.036575,-1.911016,46.410892,-27.492287,20.807201,-25.288376
3.681250,-104.506691,-1.910312,48.861935,-27.496763,22.729687,-25.404726
3.687500,-106.674980,-1.910087,50.165840,-27.391283,23.774673,-25.470905
3.693750,-106.781837,-1.911131,50.175278,-27.202198,23.889299,-25.496138
3.700000,-105.166153,-1.913302,48.891632,-26.935133,23.078312,-25.491394
3.706250,-102.248123,-1.915679,46.470161,-26.607109,21.474543,-25.449274
3.712500,-98.518745,-1.917797,42.895561,-26.257923,19.298397,-25.363178
3.718750,-94.515541,-1.920279,36.462025,-25.914173,16.696482,-25.238464
3.725000,-88.619362,-1.923399,29.094351,-25.592916,14.000030,-25.091263
3.731250,-82.721298,-1.926578,20.524496,-25.338024,11.814713,-24.959188
3.737500,-76.818451,-1.929314,12.687195,-25.172977,10.556565,-24.854801
3.743750,-70.913406,-1.931820,4.334523,-25.083368,10.631931,-24.801668
3.750000,-65.009727,-1.934430,-3.980558,-25.057127,10.639543,-24.713110
3.756250,-59.107151,-1.936989,-11.863749,-25.090195,10.560464,-24.610107
3.762500,-53.203869,-1.939393,-18.890133,-25.161926,11.719985,-24.492689
3.768750,-47.300571,-1.941778,-24.619625,-25.235518,13.856923,-24.409845
3.775000,-41.398708,-1.944544,-28.815994,-25.322237,16.521694,-24.350801
3.781250,-35.497200,-1.947391,-31.388773,-25.409615,19.108698,-24.299318
3.787500,-29.594326,-1.950019,-31.964251,-25.477484,21.251665,-24.248575
3.793750,-23.691210,-1.952713,-30.460350,-25.540480,22.647799,-24.201935
3.800000,-17.789881,-1.955858,-28.811142,-25.541422,23.098303,-24.151735
3.806250,-11.888941,-1.959370,-24.646282,-25.456070,22.622063,-24.061747
3.812500,-5.986631,-1.963065,-19.499166,-25.323374,21.081387,-23.939789
3.818750,-0.083762,-1.967147,-13.908120,-25.160620,18.365101,-23.797272
3.825000,5.819977,-1.971573,-8.408277,-24.982042,14.600896,-23.640249
3.831250,11.727913,-1.975698,-1.350439,-24.802324,10.056729,-23.479816
3.837500,17.639605,-1.979262,5.453158,-24.635084,5.055925,-23.352982
3.843750,23.551157,-1.982909,12.152923,-24.476482,-0.061908,-23.214962
3.850000,29.459564,-1.987019,17.063997,-24.319998,-5.982009,-23.046762
3.856250,35.368988,-1.990956,21.863165,-24.175243,-11.515648,-22.888596
3.862500,41.282303,-1.994090,26.127613,-24.040728,-16.643288,-22.749132
3.868750,47.195126,-1.997063,29.528509,-23.903297,-21.343472,-22.625658
3.875000,53.101063,-2.001018,31.742872,-23.740988,-25.640759,-22.507048
3.881250,59.002724,-2.006149,32.419415,-23.558998,-29.603645,-22.377659
3.887500,64.907707,-2.011374,31.161318,-23.360582,-33.416431,-22.242018
3.893750,70.819153,-2.016102,27.898304,-23.127060,-37.338379,-22.105539
3.900000,76.731842,-2.021001,24.707617,-22.849003,-41.497543,-21.960470
3.906250,82.641365,-2.026982,20.137255,-22.525589,-44.197113,-21.804880
3.912500,88.551132,-2.033917,14.657724,-22.158438,-47.306362,-21.634266
3.918750,94.467171,-2.041277,8.733812,-21.754564,-50.537449,-21.435934
3.925000,98.497070,-2.048403,2.733294,-21.341877,-53.642811,-21.181248
3.931250,102.261833,-2.055146,-2.999524,-20.945969,-56.691299,-20.961481
3.937500,105.227745,-2.061498,-8.036211,-20.586926,-57.481049,-20.772314
3.943750,106.901978,-2.067229,-12.049940,-20.287331,-57.093731,-20.621983
3.950000,106.858536,-2.071903,-14.822065,-20.069389,-55.059196,-20.523844
3.956250,104.756569,-2.074895,-16.228668,-19.951111,-51.024071,-20.493608
3.962500,100.356239,-2.076193,-16.209253,-19.942444,-44.739067,-20.543602
3.968750,93.531883,-2.076073,-14.761730,-20.040478,-36.064629,-20.682035
3.975000,84.280930,-2.074661,-13.834116,-20.211346,-25.009071,-20.919525
3.981250,72.724258,-2.071961,-9.730172,-20.506414,-11.730614,-21.287050
3.987500,59.097088,-2.068146,-5.379554,-20.906878,2.142033,-21.694925
3.993750,43.738331,-2.063517,-0.091017,-21.370991,17.293934,-22.206125
4.000000,27.073809,-2.058238,5.490786,-21.893692,32.907215,-22.828041
4.006250,9.596255,-2.052292,11.016304,-22.458792,48.118443,-23.591515
4.012500,-8.163868,-2.046182,16.214993,-23.038460,61.856796,-24.354727
4.018750,-25.662756,-2.040773,20.835779,-23.600088,74.798027,-25.093130
4.025000,-42.366604,-2.036249,24.593952,-24.127804,85.001343,-25.841129
4.031250,-57.778160,-2.032223,29.351202,-24.612387,93.370262,-26.604187
4.037500,-71.468712,-2.028742,31.739145,-25.033209,99.035202,-27.327791
4.043750,-83.100639,-2.026568,33.801525,-25.377619,102.280540,-27.981615
4.050000,-92.435471,-2.025781,35.391415,-25.645641,103.504700,-28.548721
4.056250,-99.345009,-2.025382,36.437336,-25.827446,103.233963,-29.019014
4.062500,-103.826622,-2.024785,37.017044,-25.905964,100.270729,-29.359966
4.068750,-106.008240,-2.024966,37.077019,-25.897867,97.016205,-29.557219
4.075000,-106.132210,-2.027097,36.632648,-25.820454,93.525909,-29.618370
4.081250,-104.532372,-2.030591,35.864761,-25.687016,90.028961,-29.547777
4.087500,-101.625580,-2.033898,35.028370,-25.506310,84.684937,-29.346521
4.093750,-97.904663,-2.036566,34.428295,-25.287239,79.222054,-29.020874
4.100000,-93.911217,-2.039469,32.484093,-25.044643,73.495338,-28.591616
4.106250,-88.026962,-2.043266,31.191580,-24.783014,67.403656,-28.098341
4.112500,-82.142807,-2.047598,30.449976,-24.493935,61.031731,-27.498974
4.118750,-76.255630,-2.052208,30.005432,-24.193483,54.548294,-26.829039
4.125000,-70.366768,-2.057379,29.564449,-23.897020,47.690208,-26.129465
4.131250,-64.476730,-2.063127,28.958702,-23.613480,40.603664,-25.431171
4.137500,-58.582272,-2.068916,28.076553,-23.346323,33.486931,-24.757116
4.143750,-52.681618,-2.074369,26.830631,-23.094456,26.552822,-24.125149
4.150000,-46.778038,-2.079762,25.135677,-22.857203,19.991728,-23.548363
4.156250,-40.874352,-2.085487,25.089418,-22.630436,13.978671,-23.027515
4.162500,-34.969555,-2.091528,25.281385,-22.402946,8.655208,-22.573273
4.168750,-29.061342,-2.097646,24.292419,-22.165882,5.739807,-22.190857
4.175000,-23.149607,-2.103846,23.988585,-21.936321,2.655492,-21.877428
4.181250,-17.233995,-2.109916,24.173458,-21.719566,1.122339,-21.625917
4.187500,-11.313706,-2.115661,24.647564,-21.520414,1.018857,-21.376513
4.193750,-5.389281,-2.121023,25.188982,-21.345062,2.399991,-21.237490
4.200000,0.538950,-2.125793,25.566139,-21.201368,3.361062,-21.182407
4.206250,6.470524,-2.129673,25.564230,-21.096680,4.571913,-21.189856
4.212500,12.404595,-2.132452,25.018684,-21.028049,7.067079,-21.216877
4.218750,18.337427,-2.134522,25.992937,-20.984415,8.567239,-21.265102
4.225000,24.266520,-2.136362,25.078434,-20.961819,9.160048,-21.336830
4.231250,30.191856,-2.138071,24.250948,-20.948782,8.654277,-21.418203
4.237500,36.114719,-2.139569,23.306864,-20.945267,6.879217,-21.486704
4.243750,42.035400,-2.140852,21.908134,-20.967167,5.754008,-21.551277
4.250000,47.954464,-2.141780,19.894648,-20.999680,3.657235,-21.611355
4.256250,53.872074,-2.142344,17.122822,-21.025139,1.114696,-21.650917
4.262500,59.785362,-2.142965,13.360979,-21.029121,-1.460936,-21.658890
4.268750,65.691277,-2.144334,8.410328,-21.000940,-3.715966,-21.624666
4.275000,71.590759,-2.146904,2.091468,-20.933372,-5.336984,-21.541626
4.281250,77.490059,-2.150058,-3.591130,-20.813913,-6.054375,-21.397268
4.287500,83.391182,-2.153609,-10.166818,-20.639854,-5.666798,-21.162327
4.293750,89.292000,-2.158295,-17.376539,-20.433979,-4.271488,-20.907682
4.300000,95.192039,-2.164345,-24.850412,-20.198101,-2.147862,-20.635733
4.306250,99.204124,-2.170582,-32.146095,-19.935274,0.904460,-20.343571
4.312500,102.954773,-2.175947,-38.944504,-19.656513,4.677742,-20.041029
4.318750,105.906601,-2.180816,-44.975750,-19.376202,8.904785,-19.741484
4.325000,107.559563,-2.186196,-50.039104,-19.115520,13.281276,-19.462706
4.331250,107.488701,-2.191933,-53.988369,-18.897346,17.497204,-19.219406
4.337500,105.360107,-2.197017,-56.727627,-18.768486,21.280792,-19.014282
4.343750,100.938004,-2.200925,-58.272552,-18.643435,24.408712,-18.790670
4.350000,94.096176,-2.203932,-57.628487,-18.588015,26.419193,-18.671162
4.356250,84.832184,-2.205882,-55.688000,-18.639170,28.961540,-18.636524
4.362500,73.268860,-2.206292,-52.250084,-18.796564,30.806728,-18.697830
4.368750,59.639847,-2.205500,-47.404369,-19.052071,32.304226,-18.880978
4.375000,44.280464,-2.204324,-41.354023,-19.392483,33.704559,-19.127045
4.381250,27.617498,-2.202709,-34.371490,-19.796789,35.058491,-19.417616
4.387500,10.147704,-2.199949,-26.779568,-20.238560,37.166225,-19.759035
4.393750,-7.597841,-2.196365,-18.990936,-20.701218,38.352886,-20.180061
4.400000,-25.079683,-2.193072,-11.464099,-21.172365,40.184349,-20.656322
4.406250,-41.765038,-2.190263,-2.401873,-21.633965,42.238564,-21.161198
4.412500,-57.155903,-2.187099,4.613201,-22.072443,44.224346,-21.676273
4.418750,-70.823784,-2.183676,11.424520,-22.482683,45.926296,-22.187794
4.425000,-82.433777,-2.180866,17.861452,-22.802641,47.260204,-22.648575
4.431250,-91.749718,-2.179123,23.753056,-23.031839,48.240776,-23.030134
4.437500,-98.644371,-2.177741,28.709505,-23.182547,48.633511,-23.329315
4.443750,-103.115158,-2.176507,32.681400,-23.261816,48.434597,-23.538918
4.450000,-105.288101,-2.176347,35.735477,-23.271534,47.774727,-23.651665
4.456250,-105.401031,-2.177655,38.000038,-23.216133,46.821846,-23.665880
4.462500,-103.788742,-2.179692,39.675789,-23.105732,45.758430,-23.587784
4.468750,-100.873718,-2.182028,41.051773,-22.959591,44.803364,-23.439369
4.475000,-97.151497,-2.185155,40.611942,-22.776241,44.250828,-23.207041
4.481250,-93.156227,-2.189080,40.520542,-22.548973,42.830784,-22.876432
4.487500,-87.261154,-2.193021,40.440247,-22.309689,42.071259,-22.493959
4.493750,-81.360352,-2.196619,40.180424,-22.079641,41.670841,-22.089512
4.500000,-75.460533,-2.201093,39.672329,-21.869980,41.412273,-21.684490
4.506250,-69.564011,-2.207143,38.893150,-21.681358,41.086151,-21.293694
4.512500,-63.662445,-2.213645,37.835712,-21.501387,40.474876,-20.926540
4.518750,-57.748283,-2.219096,36.500973,-21.276636,39.333374,-20.592791
4.525000,-51.825211,-2.223562,34.910320,-21.088251,37.346859,-20.327541
4.531250,-45.903099,-2.228308,34.158474,-20.948669,34.071655,-20.120514
4.537500,-39.982872,-2.233664,33.735550,-20.814127,30.862347,-19.948500
4.543750,-34.057343,-2.238790,32.230072,-20.672283,26.219349,-19.821915
4.550000,-28.123291,-2.242960,31.370443,-20.550301,20.474779,-19.718132
4.556250,-22.183937,-2.246204,30.863516,-20.471052,14.030343,-19.696089
4.562500,-16.243265,-2.248954,30.491354,-20.453800,7.595693,-19.772675
4.568750,-10.301515,-2.251199,30.028349,-20.524563,1.148699,-19.945835
4.575000,-4.357134,-2.252662,29.246037,-20.740725,-5.132294,-20.162472
4.581250,1.590465,-2.252953,27.950542,-21.022871,-10.923496,-20.433601
4.587500,7.539229,-2.251965,24.898094,-21.389980,-15.727893,-20.772018
4.593750,13.486474,-2.250057,22.946955,-21.862946,-19.360506,-21.169804
4.600000,19.429775,-2.247367,20.225237,-22.442659,-21.775061,-21.607420
4.606250,25.369490,-2.243659,16.603891,-23.201334,-23.112236,-22.095430
4.612500,31.304853,-2.238982,13.035017,-23.995239,-23.645199,-22.624746
4.618750,37.230671,-2.234355,8.842285,-24.862181,-23.445972,-23.173229
4.625000,43.144470,-2.230468,4.386048,-25.782337,-22.793400,-23.725166
4.631250,49.052315,-2.226738,-0.044705,-26.722099,-22.013821,-24.266972
4.637500,54.958828,-2.222181,-4.184229,-27.638372,-21.468739,-24.781450
4.643750,60.860859,-2.217317,-7.784021,-28.477840,-21.522514,-25.234018
4.650000,66.749268,-2.213678,-12.538362,-29.179403,-22.522949,-25.577063
4.656250,72.623260,-2.212070,-14.584135,-29.714844,-24.847387,-25.817053
4.662500,78.491432,-2.212040,-15.968795,-30.075298,-27.072073,-25.976542
4.668750,84.358482,-2.213228,-16.561005,-30.230246,-30.574198,-26.028656
4.675000,90.224899,-2.215947,-16.386627,-30.166996,-35.114819,-25.965099
4.681250,94.197105,-2.220014,-15.576278,-29.888098,-40.484131,-25.786760
4.687500,97.900528,-2.224782,-14.335131,-29.416946,-46.458462,-25.504833
4.693750,100.801628,-2.230485,-12.909521,-28.791681,-52.767963,-25.131104
4.700000,102.404930,-2.238124,-11.598189,-28.039808,-59.068230,-24.668036
4.706250,102.285843,-2.247537,-10.880118,-27.167088,-64.992401,-24.108131
4.712500,100.115189,-2.256851,-11.006836,-26.214901,-70.108902,-23.502701
4.718750,95.659576,-2.264882,-12.322345,-25.258341,-75.818573,-22.909782
4.725000,88.787910,-2.272328,-13.253167,-24.360023,-80.649551,-22.349300
4.731250,79.493111,-2.280058,-15.355545,-23.543093,-84.757294,-21.856134
4.737500,67.900375,-2.287320,-18.371284,-22.826651,-88.357605,-21.396549
4.743750,54.252510,-2.293010,-22.083488,-22.224419,-91.742882,-20.975763
4.750000,38.885616,-2.297459,-26.238430,-21.732906,-92.846100,-20.601221
4.756250,22.218439,-2.301481,-30.536310,-21.296772,-93.212425,-20.330656
4.762500,4.744220,-2.304981,-34.680241,-20.994987,-92.393646,-20.158075
4.768750,-13.000289,-2.307247,-37.161041,-20.809193,-90.238037,-20.063614
4.775000,-30.470945,-2.308411,-38.391735,-20.700935,-86.448746,-20.034729
4.781250,-47.140644,-2.309162,-37.772579,-20.635464,-80.775635,-20.069498
4.787500,-62.518818,-2.309936,-36.627911,-20.538651,-73.020309,-20.143503
4.793750,-76.176781,-2.310831,-33.848587,-20.486444,-64.685234,-20.207373
4.800000,-87.772598,-2.311847,-29.050573,-20.432394,-54.463272,-20.276855
4.806250,-97.068092,-2.313068,-22.894047,-20.369530,-42.997147,-20.345337
4.812500,-103.940666,-2.314276,-15.934441,-20.295652,-30.885250,-20.399879
4.818750,-108.390472,-2.315805,-8.731215,-20.210602,-18.716206,-20.427298
4.825000,-110.541641,-2.318320,-1.846423,-20.120993,-7.039761,-20.432535
4.831250,-110.627960,-2.321543,6.332946,-20.043188,3.619305,-20.438839
4.837500,-108.983185,-2.324054,13.984146,-19.989681,12.849637,-20.423700
4.843750,-106.033859,-2.325454,19.477770,-19.927549,20.738321,-20.351986
4.850000,-102.281532,-2.327158,24.567711,-19.874971,26.688704,-20.261311
4.856250,-98.264580,-2.330407,28.745440,-19.846924,30.661060,-20.166685
4.862500,-92.353424,-2.334306,31.750675,-19.847136,32.812634,-20.076073
4.868750,-86.433105,-2.337279,33.449322,-19.862570,33.415157,-19.987019
4.875000,-80.506027,-2.339369,33.798195,-19.870886,32.790218,-19.898663
4.881250,-74.581207,-2.341584,32.868404,-19.864700,31.246397,-19.816774
4.887500,-68.660408,-2.344296,31.019598,-19.864981,29.123459,-19.745770
4.893750,-62.739662,-2.347199,28.425655,-19.862543,26.788134,-19.688482
4.900000,-56.817020,-2.350138,25.256760,-19.857391,24.586229,-19.641855
4.906250,-50.892776,-2.353203,21.806482,-19.849472,22.832293,-19.594217
4.912500,-44.966450,-2.356016,18.276867,-19.823700,21.813263,-19.522551
4.918750,-39.037247,-2.358580,14.984779,-19.796972,21.967869,-19.471376
4.925000,-33.107689,-2.361338,12.293235,-19.792089,23.800064,-19.450958
4.931250,-27.178032,-2.364256,10.381377,-19.825130,25.075050,-19.458351
4.937500,-21.242659,-2.366306,9.362070,-19.906115,27.300585,-19.497423
4.943750,-15.299872,-2.366752,9.274911,-20.041849,30.117786,-19.576328
4.950000,-9.357578,-2.366488,10.121899,-20.229980,33.171097,-19.700163
4.956250,-3.421577,-2.366384,11.863766,-20.463091,36.116989,-19.878668
4.962500,2.511685,-2.365917,12.506270,-20.720404,38.591030,-20.184248
4.968750,8.447410,-2.364391,15.685235,-20.993559,39.448410,-20.400471
4.975000,14.381296,-2.362376,19.075460,-21.302940,40.580925,-20.693174
4.981250,20.308800,-2.360511,22.600029,-21.624027,40.433273,-21.052618
4.987500,26.233719,-2.358097,26.056717,-21.945759,39.033997,-21.466171
4.993750,32.159367,-2.354464,29.183403,-22.261015,36.323601,-21.924652
5.000000,38.079716,-2.350584,31.772539,-22.558250,32.272072,-22.415709
5.006250,43.986683,-2.347850,33.668999,-22.820921,28.765081,-22.916937
5.012500,49.884491,-2.346202,34.751007,-23.024578,24.102644,-23.361288
5.018750,55.782600,-2.344523,34.918449,-23.144478,18.758335,-23.740452
5.025000,61.681839,-2.342743,34.177734,-23.219790,12.873578,-24.092415
5.031250,67.576523,-2.341589,32.698597,-23.247480,7.237728,-24.385639
5.037500,73.465645,-2.341079,30.620733,-23.231087,2.236369,-24.605209
5.043750,79.352745,-2.341004,27.922752,-23.213295,-1.882844,-24.745943
5.050000,85.237358,-2.341900,24.560753,-23.155836,-4.894765,-24.802528
5.056250,91.118523,-2.344186,21.677956,-23.060215,-6.552419,-24.762165
5.062500,97.002029,-2.346847,18.379192,-22.974564,-6.718208,-24.628746
5.068750,100.999054,-2.348589,15.072835,-22.916107,-5.344831,-24.413662
5.075000,104.724579,-2.350163,12.150285,-22.885494,-2.365819,-24.127014
5.081250,107.636024,-2.353417,8.107646,-22.868929,2.264844,-23.778526
5.087500,109.244118,-2.358222,4.968600,-22.854900,8.542617,-23.384668
5.093750,109.134483,-2.362965,2.687263,-22.855635,16.356737,-22.971355
5.100000,106.968834,-2.366981,1.090331,-22.855970,25.421131,-22.547050
5.106250,102.501007,-2.371522,-0.106779,-22.836311,35.172241,-22.102871
5.112500,95.605400,-2.377229,-1.089394,-22.781187,45.382980,-21.673803
5.118750,86.289688,-2.383072,-2.023999,-22.682289,55.673584,-21.282797
5.125000,74.680321,-2.388119,-3.068627,-22.535994,65.488327,-20.943102
5.131250,61.009560,-2.393101,-4.346798,-22.339874,74.244995,-20.658392
5.137500,45.611893,-2.398824,-5.957996,-22.094471,81.394341,-20.418579
5.143750,28.918207,-2.404870,-5.829784,-21.806841,86.466988,-20.130655
5.150000,11.425776,-2.410530,-5.399921,-21.491636,89.991302,-20.016605
5.156250,-6.332982,-2.415720,-6.073363,-21.140610,92.062515,-19.897736
5.162500,-23.815142,-2.420688,-5.776680,-20.769310,92.143051,-19.812399
5.168750,-40.487320,-2.425178,-4.820625,-20.404070,90.632523,-19.767296
5.175000,-55.856754,-2.428737,-3.422515,-20.064922,88.110306,-19.758099
5.181250,-69.498184,-2.431371,-1.790220,-19.767048,85.237030,-19.772678
5.187500,-81.072762,-2.433183,-0.159098,-19.526733,80.569740,-19.802914
5.193750,-90.345520,-2.434268,1.219072,-19.360470,76.301476,-19.882940
5.200000,-97.195633,-2.434872,2.111934,-19.286961,72.713623,-20.047609
5.206250,-101.625061,-2.435387,4.544088,-19.296618,69.112679,-20.166742
5.212500,-103.754829,-2.435784,5.281030,-19.362118,66.256035,-20.302996
5.218750,-103.818268,-2.435627,6.182372,-19.484941,64.143578,-20.463404
5.225000,-102.155075,-2.434518,7.045916,-19.622179,62.635902,-20.642723
5.231250,-99.195526,-2.432536,7.825505,-19.813759,61.516144,-20.837864
5.237500,-95.434937,-2.430089,7.179832,-20.072035,60.445717,-21.059389
5.243750,-91.409508,-2.427819,5.851519,-20.360348,59.105770,-21.305447
5.250000,-85.498909,-2.426625,3.477065,-20.661392,57.225876,-21.567635
5.256250,-79.593330,-2.426214,-0.277358,-20.961134,54.512943,-21.840298
5.262500,-73.685127,-2.425106,-3.533705,-21.247320,50.717304,-22.112577
5.268750,-67.774361,-2.423089,-7.840497,-21.513365,45.617275,-22.369938
5.275000,-61.871742,-2.421841,-12.850892,-21.754604,39.006195,-22.594141
5.281250,-55.983047,-2.422890,-18.252520,-21.965952,30.843895,-22.787012
5.287500,-50.098267,-2.425122,-23.763166,-22.142445,21.449869,-22.972462
5.293750,-44.204487,-2.426551,-29.123381,-22.280701,10.890934,-23.128498
5.300000,-38.306084,-2.427524,-34.085712,-22.373932,-0.629669,-23.239313
5.306250,-32.416214,-2.430170,-38.417435,-22.413736,-12.734234,-23.293453
5.312500,-26.534870,-2.434924,-41.952515,-22.397038,-24.994215,-23.285265
5.318750,-20.649853,-2.440472,-44.580261,-22.320686,-36.964344,-23.208807
5.325000,-14.755111,-2.446260,-46.227638,-22.182953,-48.200104,-23.052515
5.331250,-8.855214,-2.452906,-46.928989,-22.004879,-58.330997,-22.879465
5.337500,-2.950306,-2.460135,-44.700485,-21.801111,-67.465210,-22.626762
5.343750,2.967329,-2.466502,-42.390705,-21.555502,-74.755264,-22.354376
5.350000,8.896272,-2.471677,-38.532742,-21.317667,-80.447060,-22.098480
5.356250,14.828242,-2.476857,-33.298500,-21.111856,-84.425194,-21.889217
5.362500,20.761383,-2.482117,-26.939041,-20.958250,-86.687515,-21.754032
5.368750,26.703796,-2.486016,-19.763340,-20.868143,-87.429665,-21.678150
5.375000,32.657677,-2.487736,-12.099153,-20.841030,-86.930107,-21.642557
5.381250,38.612766,-2.488299,-4.321391,-20.865772,-85.345467,-21.620113
5.387500,44.563034,-2.488205,3.123959,-20.947252,-82.146545,-21.740648
5.393750,50.512997,-2.486650,9.916192,-21.106668,-78.280037,-21.948082
5.400000,56.463825,-2.483225,16.059679,-21.327456,-74.125694,-22.235146
5.406250,62.406597,-2.479224,21.325237,-21.587017,-69.967392,-22.611507
5.412500,68.335854,-2.475763,25.500145,-21.857569,-65.831543,-22.973204
5.418750,74.257149,-2.472081,28.411066,-22.118176,-61.865341,-23.326241
5.425000,80.175529,-2.467700,29.965689,-22.349344,-58.488899,-23.658615
5.431250,86.085327,-2.463634,30.224386,-22.533072,-55.704689,-23.948206
5.437500,91.981018,-2.461066,29.412132,-22.652966,-53.462502,-24.167124
5.443750,97.866776,-2.460187,27.870155,-22.698015,-51.711117,-24.295933
5.450000,101.855049,-2.460557,25.951952,-22.658508,-50.382435,-24.322962
5.456250,105.569633,-2.462152,24.062922,-22.531546,-49.317772,-24.243858
5.462500,108.479599,-2.464653,22.642828,-22.328882,-48.351509,-24.087721
5.468750,110.096336,-2.467384,20.273455,-22.063122,-47.296581,-23.827955
5.475000,109.991188,-2.470608,19.137470,-21.726538,-45.268097,-23.452826
5.481250,107.818031,-2.475534,19.091032,-21.345472,-42.769051,-23.026680
5.487500,103.342659,-2.482154,19.860374,-20.952629,-39.499866,-22.587126
5.493750,96.454575,-2.488560,21.269058,-20.574480,-35.162930,-22.165098
5.500000,87.159660,-2.493399,23.166811,-20.227526,-29.527094,-21.783272
5.506250,75.569855,-2.497507,25.404646,-19.918261,-22.441477,-21.448784
5.512500,61.912521,-2.502115,27.811859,-19.628738,-13.936495,-21.080118
5.518750,46.532753,-2.506561,30.213261,-19.382414,-4.580096,-20.832535
5.525000,29.864929,-2.509543,31.996077,-19.221884,5.328068,-20.657547
5.531250,12.398376,-2.511196,33.745419,-19.122478,15.807003,-20.549492
5.537500,-5.342288,-2.512408,35.143082,-19.083727,26.332090,-20.499561
5.543750,-22.811281,-2.513093,35.867455,-19.112787,36.367584,-20.501654
5.550000,-39.472813,-2.512827,35.662727,-19.215235,45.512253,-20.600374
5.556250,-54.835957,-2.511633,34.346539,-19.398258,53.494682,-20.781757
5.562500,-68.476578,-2.509800,31.797831,-19.669262,60.697998,-20.984209
5.568750,-80.054474,-2.507269,28.055487,-19.995846,66.201294,-21.240507
5.575000,-89.332924,-2.504001,25.355659,-20.375168,70.143219,-21.550154
5.581250,-96.192940,-2.500547,20.373960,-20.807636,72.795532,-21.896235
5.587500,-100.635223,-2.497097,15.356914,-21.292669,74.495895,-22.239513
5.593750,-102.779854,-2.493324,10.387398,-21.829391,75.386726,-22.642857
5.600000,-102.864494,-2.489623,5.665107,-22.386356,74.008598,-23.044130
5.606250,-101.233215,-2.487042,1.389136,-22.942968,72.509857,-23.437580
5.612500,-98.310776,-2.485403,-2.404069,-23.487318,70.622284,-23.820475
5.618750,-94.580612,-2.483265,-5.605209,-24.003885,68.216614,-24.188135
5.625000,-90.575142,-2.480329,-8.096024,-24.475412,65.189232,-24.537609
5.631250,-84.684944,-2.478675,-9.767097,-24.880816,61.433716,-24.850540
5.637500,-78.808815,-2.479590,-10.537872,-25.196970,56.802670,-25.089088
5.643750,-72.933983,-2.481598,-12.275624,-25.395983,53.171295,-25.210762
5.650000,-67.049866,-2.483014,-11.230676,-25.456316,48.926765,-25.241293
5.656250,-61.162720,-2.484638,-9.540267,-25.399553,43.704956,-25.217266
5.662500,-55.283417,-2.488029,-7.409903,-25.226444,38.462234,-25.107311
5.668750,-49.409012,-2.493312,-4.917978,-24.935930,33.462784,-24.902376
5.675000,-43.529556,-2.499426,-2.307634,-24.544065,28.890602,-24.606850
5.681250,-37.640503,-2.505784,0.138896,-24.074179,24.919157,-24.228554
5.687500,-31.745829,-2.512481,2.141750,-23.562326,21.756950,-23.778133
5.693750,-25.844995,-2.519141,3.334771,-23.017830,19.694767,-23.285192
5.700000,-19.937675,-2.525421,3.081661,-22.436331,19.173058,-22.771187
5.706250,-14.027397,-2.532112,3.429372,-21.880098,18.355423,-22.267828
5.712500,-8.116793,-2.539835,2.752872,-21.387846,18.893579,-21.810780
5.718750,-2.198242,-2.547282,1.258105,-20.980392,20.387026,-21.428228
5.725000,3.735303,-2.552916,-0.849719,-20.667223,24.247669,-21.110197
5.731250,9.678710,-2.556782,-3.379650,-20.448147,28.341612,-20.829294
5.737500,15.621312,-2.560201,-6.141338,-20.309988,32.863201,-20.614611
5.743750,21.561663,-2.563159,-8.984020,-20.233637,36.912697,-20.529497
5.750000,27.506151,-2.564550,-11.889060,-20.236259,41.014267,-20.536478
5.756250,33.454155,-2.564281,-14.839216,-20.306261,44.864326,-20.619064
5.762500,39.397224,-2.563344,-15.440150,-20.417912,48.113983,-20.763405
5.768750,45.331779,-2.562215,-16.858307,-20.542595,50.414219,-20.971062
5.775000,51.262077,-2.560415,-16.957771,-20.654709,51.314861,-21.175825
5.781250,57.188400,-2.558042,-15.932903,-20.750399,51.767895,-21.381145
5.787500,63.106201,-2.556085,-14.041506,-20.821266,50.802677,-21.591478
5.793750,69.013741,-2.555146,-11.489678,-20.855610,48.588848,-21.791649
5.800000,74.915939,-2.554988,-8.557647,-20.844942,45.210175,-21.960487
5.806250,80.816551,-2.555270,-5.567267,-20.787102,40.793674,-22.075474
5.812500,86.717255,-2.555726,-2.856495,-20.685093,35.561825,-22.130302
5.818750,92.616264,-2.556531,-0.746722,-20.548571,29.905312,-22.145990
5.825000,96.616310,-2.558447,2.618036,-20.403637,22.002056,-22.145081
5.831250,100.337723,-2.562523,5.604988,-20.309628,13.722408,-22.066816
5.837500,103.252747,-2.568543,6.918682,-20.169662,5.161984,-21.936184
5.843750,104.880836,-2.574861,8.592508,-20.050816,-3.933613,-21.786217
5.850000,104.801208,-2.579723,10.071963,-19.985893,-13.422860,-21.639908
5.856250,102.667473,-2.583211,11.292958,-19.983028,-23.070871,-21.511305
5.862500,98.230400,-2.586548,12.204700,-20.040415,-32.659653,-21.411808
5.868750,91.367188,-2.590073,12.779049,-20.136110,-42.042393,-21.341997
5.875000,82.082024,-2.593108,13.137347,-20.270105,-51.178276,-21.291977
5.881250,70.498688,-2.595452,13.749239,-20.471455,-60.180058,-21.280094
5.887500,56.851784,-2.597158,14.588126,-20.712425,-66.814041,-21.304893
5.893750,41.481617,-2.597748,15.825275,-20.978874,-72.396675,-21.353456
5.900000,24.814150,-2.597252,15.815448,-21.275536,-76.539513,-21.414923
5.906250,7.336369,-2.596557,16.445349,-21.635134,-80.989639,-21.502218
5.912500,-10.422161,-2.596418,17.539633,-21.987263,-83.931824,-21.606735
5.918750,-27.908833,-2.595736,19.287416,-22.341805,-85.743034,-21.715517
5.925000,-44.586052,-2.593673,20.949999,-22.719164,-86.811066,-21.826233
5.931250,-59.969139,-2.591349,22.406683,-23.123493,-87.417824,-21.942673
5.937500,-73.638840,-2.590213,23.580210,-23.544476,-87.800278,-22.066637
5.943750,-85.249329,-2.589718,24.425640,-23.963686,-88.142815,-22.197453
5.950000,-94.554207,-2.588612,25.139980,-24.363655,-88.683411,-22.294090
5.956250,-101.434715,-2.587405,25.903244,-24.725824,-89.910583,-22.351055
5.962500,-105.899086,-2.587570,26.614891,-25.034801,-89.124077,-22.416929
5.968750,-108.064842,-2.588493,27.145304,-25.280365,-88.546295,-22.480940
5.975000,-108.157982,-2.588352,27.401716,-25.451160,-87.729301,-22.539351
5.981250,-106.522514,-2.587230,27.306740,-25.540913,-86.240189,-22.591496
5.987500,-103.598305,-2.587279,26.798225,-25.543978,-83.695877,-22.635572
5.993750,-99.880585,-2.589300,25.853861,-25.456699,-79.762627,-22.667763
6.000000,-95.888992,-2.592020,24.465168,-25.277657,-74.222519,-22.680347
6.006250,-89.995445,-2.594656,22.667995,-24.997154,-67.016258,-22.630442
6.012500,-84.100815,-2.597910,20.518585,-24.576542,-58.521755,-22.560246
6.018750,-78.207184,-2.602162,19.937702,-24.142092,-49.044571,-22.475256
6.025000,-72.307907,-2.606356,17.609623,-23.671499,-38.536785,-22.377583
6.031250,-66.401199,-2.610140,15.975494,-23.190432,-27.452629,-22.280695
6.037500,-60.492260,-2.614242,14.886722,-22.741398,-16.333141,-22.202438
6.043750,-54.582783,-2.618820,14.275533,-22.369440,-5.633324,-22.128786
6.050000,-48.666817,-2.622733,14.202038,-22.065639,4.393920,-22.042719
6.056250,-42.742790,-2.625561,14.668442,-21.857428,13.283491,-21.980419
6.062500,-36.818066,-2.628298,15.400723,-21.773540,20.790457,-21.964382
6.068750,-30.895477,-2.631176,14.440180,-21.821604,26.767630,-21.996010
6.075000,-24.967987,-2.632875,13.386632,-21.989775,31.216953,-22.071981
6.081250,-19.033884,-2.632606,13.860360,-22.245598,34.216347,-22.187258
6.087500,-13.103907,-2.631790,13.977410,-22.513035,35.839851,-22.320187
6.093750,-7.186080,-2.631798,13.642547,-22.823860,36.069580,-22.457455
6.100000,-1.275568,-2.632457,12.278981,-23.145815,35.079861,-22.602680
6.106250,4.636246,-2.632835,10.301686,-23.429365,33.166515,-22.747076
6.112500,10.548274,-2.631820,7.627800,-23.643496,30.506058,-22.875772
6.118750,16.413626,-2.632422,4.171792,-23.770224,27.235209,-22.971661
6.125000,22.315853,-2.633801,-0.111601,-23.803831,23.501369,-23.012836
6.131250,28.215208,-2.636244,-3.046168,-23.750145,19.558273,-22.996992
6.137500,34.113785,-2.639766,-5.899427,-23.607128,16.220015,-22.937344
6.143750,40.016205,-2.643701,-9.864906,-23.374708,11.626826,-22.817600
6.150000,45.927063,-2.646917,-12.822067,-23.080235,7.199361,-22.651783
6.156250,51.843266,-2.649407,-14.813548,-22.750872,2.899996,-22.453629
6.162500,57.758076,-2.652233,-15.856612,-22.410324,-1.236632,-22.237066
6.168750,63.669434,-2.655764,-15.976880,-22.077282,-5.140792,-22.012197
6.175000,69.584656,-2.659010,-15.259581,-21.770788,-8.746534,-21.791229
6.181250,75.507256,-2.661115,-13.841997,-21.506674,-11.982823,-21.589216
6.187500,81.431816,-2.662549,-11.887531,-21.298889,-14.715233,-21.484747
6.193750,87.353737,-2.663967,-9.608135,-21.171047,-17.200203,-21.354872
6.200000,93.274719,-2.664978,-7.198804,-21.104422,-19.274982,-21.287554
6.206250,97.302261,-2.665223,-4.359630,-21.092133,-20.804205,-21.300838
6.212500,101.055206,-2.665248,-1.366153,-21.152086,-21.952560,-21.405487
6.218750,103.997566,-2.665501,1.602840,-21.272478,-22.898495,-21.638018
6.225000,105.638931,-2.665927,4.362678,-21.428995,-22.223713,-21.875242
6.231250,105.554970,-2.666297,6.559415,-21.649130,-22.441751,-22.191339
6.237500,103.405128,-2.666591,7.886787,-21.917654,-22.687540,-22.583101
6.243750,98.953049,-2.666571,8.319549,-22.216194,-22.874819,-23.036057
6.250000,92.077309,-2.665928,9.857916,-22.532190,-23.032368,-23.531408
6.256250,82.774353,-2.665307,11.028032,-22.858633,-23.186747,-24.049244
6.262500,71.162071,-2.665568,10.368332,-23.191278,-23.320057,-24.572435
6.268750,57.481853,-2.666168,9.996163,-23.513187,-23.185497,-25.039764
6.275000,42.082771,-2.665593,9.890031,-23.805393,-22.461090,-25.457153
6.281250,25.389175,-2.663837,9.918622,-24.062904,-21.258966,-25.816357
6.287500,7.880758,-2.662836,9.969414,-24.281176,-19.436960,-26.100500
6.293750,-9.913342,-2.663662,9.989875,-24.451025,-16.744890,-26.292973
6.300000,-27.435225,-2.665152,9.964289,-24.557169,-12.923447,-26.375776
6.306250,-44.143723,-2.666222,9.861321,-24.583527,-7.774438,-26.332338
6.312500,-59.551811,-2.667414,9.623285,-24.511791,-1.205606,-26.146988
6.318750,-73.238464,-2.669850,9.129679,-24.350576,6.618981,-25.874691
6.325000,-84.860359,-2.673077,10.304435,-24.133797,15.312749,-25.521572
6.331250,-94.174698,-2.676502,9.913386,-23.852795,24.648615,-25.077892
6.337500,-101.059860,-2.680437,10.200816,-23.502985,34.392662,-24.583670
6.343750,-105.519920,-2.685373,10.875763,-23.116255,44.110561,-24.078463
6.350000,-107.672081,-2.690648,11.705857,-22.722977,53.238129,-23.596344
6.356250,-107.748329,-2.695076,12.534901,-22.349806,61.177868,-23.165163
6.362500,-106.091759,-2.698719,13.234284,-22.018454,67.355209,-22.795919
6.368750,-103.134773,-2.701991,13.688804,-21.744299,71.257195,-22.428854
6.375000,-99.371780,-2.704725,13.773186,-21.537205,72.997742,-22.229868
6.381250,-95.333496,-2.706705,13.227337,-21.415081,72.287506,-22.148012
6.387500,-89.401062,-2.708374,13.192014,-21.360306,68.961662,-22.186148
6.393750,-83.471352,-2.709768,12.781712,-21.392252,63.341007,-22.297338
6.400000,-77.541977,-2.710392,12.271214,-21.511000,55.828053,-22.402287
6.406250,-71.612396,-2.710009,11.726754,-21.708511,44.767578,-22.630051
6.412500,-65.688629,-2.709704,11.173978,-21.970041,32.598526,-22.924488
6.418750,-59.773861,-2.710323,10.602918,-22.281288,19.130171,-23.249664
6.425000,-53.862480,-2.711060,10.013460,-22.616652,4.840443,-23.573603
6.431250,-47.949085,-2.711247,9.399869,-22.949598,-9.723298,-23.866398
6.437500,-42.037338,-2.711388,8.702385,-23.253128,-24.032276,-24.098383
6.443750,-36.132965,-2.712589,10.029768,-23.496880,-37.594799,-24.235514
6.450000,-30.232616,-2.714731,11.899821,-23.669497,-50.154751,-24.326408
6.456250,-24.330502,-2.716970,12.717642,-23.774645,-61.609428,-24.359436
6.462500,-18.425472,-2.719337,14.477330,-23.807924,-69.999413,-24.292135
6.468750,-12.520331,-2.722059,16.987480,-23.768219,-76.681259,-24.159527
6.475000,-6.613072,-2.724639,19.970528,-23.663210,-81.183228,-23.991245
6.481250,-0.701360,-2.726674,23.104935,-23.517511,-83.284378,-23.814882
6.487500,5.210108,-2.728814,26.088537,-23.359865,-82.882019,-23.647690
6.493750,11.119048,-2.731567,28.762327,-23.192230,-79.852974,-23.467487
6.500000,17.030060,-2.733933,29.123850,-23.022972,-76.175972,-23.276478
6.506250,22.947605,-2.735212,28.542759,-22.865671,-70.425179,-23.101408
6.512500,28.865866,-2.736123,28.494139,-22.745686,-63.097240,-22.973783
6.518750,34.777794,-2.737844,26.926104,-22.690908,-54.968273,-22.886227
6.525000,40.687748,-2.740004,24.009068,-22.695358,-46.747662,-22.830627
6.531250,46.603924,-2.741259,19.922298,-22.751585,-39.045341,-22.802485
6.537500,52.524700,-2.741657,14.829787,-22.850788,-32.404408,-22.798660
6.543750,58.442219,-2.742235,8.929154,-22.982050,-27.291967,-22.819376
6.550000,64.354416,-2.743367,2.455963,-23.130825,-22.253681,-22.840513
6.556250,70.268089,-2.744369,-4.286483,-23.264133,-19.287966,-22.851662
6.562500,76.184273,-2.745026,-10.849101,-23.375759,-17.845480,-22.863367
6.568750,82.099548,-2.745619,-16.182285,-23.500116,-17.555614,-22.873499
6.575000,88.013397,-2.746127,-22.057892,-23.602770,-18.120975,-22.905001
6.581250,93.927040,-2.746386,-26.410252,-23.676893,-19.090893,-22.935625
6.587500,97.943314,-2.747070,-29.271648,-23.726288,-19.929138,-22.966171
6.593750,101.682068,-2.748760,-30.655764,-23.756248,-22.164948,-23.002262
6.600000,104.615509,-2.750490,-30.607107,-23.771055,-23.741964,-23.046429
6.606250,106.256927,-2.751286,-29.203432,-23.771648,-24.769812,-23.097069
6.612500,106.174301,-2.751679,-26.582052,-23.759411,-25.374674,-23.151934
6.618750,104.018410,-2.753073,-22.947771,-23.734045,-25.698015,-23.207121
6.625000,99.553818,-2.755621,-18.545082,-23.695446,-23.985836,-23.259241
6.631250,92.667198,-2.758229,-13.678672,-23.646322,-22.013163,-23.319441
6.637500,83.360603,-2.760616,-8.382180,-23.583349,-19.468136,-23.307713
6.643750,71.750000,-2.763716,-2.667513,-23.487034,-18.180939,-23.277842
6.650000,58.071278,-2.767751,3.092673,-23.352039,-16.177135,-23.231609
6.656250,42.671738,-2.771707,8.414887,-23.183224,-13.854955,-23.159145
6.662500,25.981297,-2.774876,12.908398,-22.975534,-11.583640,-23.048618
6.668750,8.487422,-2.777679,16.245779,-22.718027,-9.769433,-22.894148
6.675000,-9.282161,-2.780684,18.046711,-22.428328,-8.958875,-22.728573
6.681250,-26.779842,-2.783983,20.102037,-22.123318,-7.426071,-22.563326
6.687500,-43.470486,-2.787464,20.919147,-21.813028,-6.820059,-22.406597
6.693750,-58.861279,-2.791068,20.832588,-21.531244,-7.011829,-22.276184
6.700000,-72.522263,-2.794158,20.046825,-21.260628,-7.859325,-22.215500
6.706250,-84.110573,-2.795965,18.556625,-21.008404,-9.042692,-22.187294
6.712500,-93.395210,-2.796910,16.918856,-20.820246,-9.982079,-22.212540
6.718750,-100.259369,-2.797899,15.328049,-20.719076,-10.878742,-22.316774
6.725000,-104.703156,-2.799224,13.891929,-20.713142,-11.401778,-22.491196
6.731250,-106.842224,-2.799922,12.651943,-20.802589,-13.267673,-22.747452
6.737500,-106.912003,-2.799531,11.609330,-20.975533,-14.518397,-23.087889
6.743750,-105.258194,-2.798538,10.688066,-21.236382,-15.420997,-23.477432
6.750000,-102.311440,-2.797310,9.690624,-21.612009,-16.131178,-23.876471
6.756250,-98.563225,-2.795990,9.258166,-21.980640,-16.722248,-24.247761
6.762500,-94.546181,-2.794878,9.251313,-22.385380,-17.403965,-24.588985
6.768750,-88.638359,-2.794088,9.412631,-22.819174,-18.314884,-24.881210
6.775000,-82.731895,-2.792959,9.699872,-23.263800,-17.312479,-25.106998
6.781250,-76.824608,-2.791149,10.021699,-23.700394,-15.835423,-25.254745
6.787500,-70.920990,-2.789315,10.274450,-24.109095,-13.447331,-25.316525
6.793750,-65.025932,-2.788478,10.347778,-24.472122,-9.747371,-25.288391
6.800000,-59.136829,-2.788630,10.139449,-24.773666,-4.390241,-25.168344
6.806250,-53.246529,-2.789028,9.553795,-25.000904,0.737578,-24.955469
6.812500,-47.354889,-2.789829,8.504233,-25.145857,7.217589,-24.629751
6.818750,-41.464996,-2.791822,9.062698,-25.217701,14.935850,-24.269039
6.825000,-35.574230,-2.794504,9.746459,-25.257820,22.375465,-23.871920
6.831250,-29.676607,-2.796757,9.493989,-25.190393,30.266176,-23.475136
6.837500,-23.772573,-2.798711,10.190189,-25.077074,37.816582,-23.125959
6.843750,-17.870909,-2.801784,11.609998,-24.944679,44.349575,-22.845018
6.850000,-11.970139,-2.805944,13.720121,-24.809017,51.009525,-22.629641
6.856250,-6.060550,-2.809510,16.458521,-24.680567,55.840237,-22.510620
6.862500,-0.139547,-2.811542,19.738733,-24.562893,59.032478,-22.496246
6.868750,5.783133,-2.813038,23.481337,-24.447029,60.779350,-22.577042
6.875000,11.700104,-2.815060,27.611689,-24.307852,61.348877,-22.732386
6.881250,17.613796,-2.817337,32.173038,-24.177229,61.054329,-22.906326
6.887500,23.529074,-2.819415,35.613373,-24.077343,60.092293,-23.126604
6.893750,29.446609,-2.821158,39.286556,-24.002687,58.349537,-23.371237
6.900000,35.363628,-2.822708,42.683430,-23.998772,56.586895,-23.590652
6.906250,41.280342,-2.823607,45.334278,-23.963936,55.186714,-23.749695
6.912500,47.195183,-2.824197,47.929485,-23.926098,52.534111,-23.831991
6.918750,53.103390,-2.825465,49.255306,-23.904003,50.506443,-23.830622
6.925000,59.005436,-2.827745,49.328606,-23.880117,48.822506,-23.740923
6.931250,64.907776,-2.830383,48.210983,-23.804873,47.203491,-23.562622
6.937500,70.814095,-2.832919,47.580059,-23.781162,45.298183,-23.320089
6.943750,76.721962,-2.835694,44.471771,-23.757893,44.583469,-23.053493
6.950000,82.630600,-2.838588,41.270355,-23.715981,42.945450,-22.724804
6.956250,88.543907,-2.840621,37.989799,-23.643867,40.536919,-22.367319
6.962500,94.461670,-2.841635,34.636021,-23.537468,37.742508,-22.016916
6.968750,98.480423,-2.843039,31.193125,-23.402739,34.641876,-21.699076
6.975000,102.218040,-2.845829,27.674604,-23.246548,31.246504,-21.430645
6.981250,105.150620,-2.849051,24.155634,-23.070570,27.564734,-21.218674
6.987500,106.794579,-2.851164,20.716072,-22.875944,23.578812,-21.062086
6.993750,106.720169,-2.852083,17.429144,-22.657223,19.248865,-20.943718
7.000000,104.576645,-2.852983,14.368037,-22.396309,14.448043,-20.875191
7.006250,100.123245,-2.854673,11.542009,-22.069939,10.987839,-20.877932
7.012500,93.244156,-2.856950,10.600148,-21.798420,7.525101,-20.929893
7.018750,83.942513,-2.859520,10.300577,-21.568102,4.488270,-21.012442
7.025000,72.342133,-2.861996,9.774693,-21.307320,2.253556,-21.163515
7.031250,58.679726,-2.864128,10.576499,-21.080900,-0.747614,-21.359013
7.037500,43.294807,-2.866079,12.314332,-20.928907,-2.408423,-21.586639
7.043750,26.612165,-2.868313,14.736927,-20.885468,-3.658845,-21.875683
7.050000,9.124831,-2.870809,17.610437,-20.974237,-4.632371,-22.236902
7.056250,-8.629592,-2.872527,20.765966,-21.184908,-5.421803,-22.675556
7.062500,-26.103397,-2.872836,22.139681,-21.514023,-6.117358,-23.200390
7.068750,-42.770309,-2.872318,25.157190,-21.964460,-6.829238,-23.847109
7.075000,-58.143398,-2.871731,27.735243,-22.511038,-6.968089,-24.452623
7.081250,-71.793877,-2.870764,29.791813,-23.067072,-9.063786,-25.080156
7.087500,-83.378029,-2.868874,31.318649,-23.704897,-11.640665,-25.733225
7.093750,-92.660454,-2.866187,31.088717,-24.375832,-12.976830,-26.390285
7.100000,-99.523819,-2.863175,29.888432,-25.031843,-14.809276,-27.021336
7.106250,-103.969620,-2.860061,27.501871,-25.646925,-16.989946,-27.593739
7.112500,-106.119537,-2.857188,23.760393,-26.211088,-19.352526,-28.072134
7.118750,-106.211624,-2.855125,18.429583,-26.667818,-21.700293,-28.413818
7.125000,-104.584694,-2.853747,13.413692,-26.994345,-25.946976,-28.570221
7.131250,-101.661316,-2.852416,7.526099,-27.200783,-30.257395,-28.580900
7.137500,-97.933205,-2.851140,1.169209,-27.298441,-34.711487,-28.436029
7.143750,-93.939209,-2.851105,-5.289859,-27.292303,-39.609222,-28.129210
7.150000,-88.059181,-2.853198,-11.490282,-27.187902,-44.954048,-27.672533
7.156250,-82.178658,-2.856254,-17.109385,-26.992065,-50.657101,-27.088911
7.162500,-76.288361,-2.858971,-21.882469,-26.717344,-56.576248,-26.414415
7.168750,-70.391792,-2.861434,-25.614561,-26.382467,-62.566029,-25.702597
7.175000,-64.496559,-2.864566,-28.157034,-26.008869,-68.528847,-24.969097
7.181250,-58.601284,-2.868276,-29.409962,-25.618368,-74.600739,-24.229013
7.187500,-52.699715,-2.871558,-29.327457,-25.230223,-78.469719,-23.542891
7.193750,-46.791267,-2.874168,-27.904140,-24.846264,-81.596634,-22.953339
7.200000,-40.881310,-2.876583,-27.075357,-24.465191,-83.377243,-22.488050
7.206250,-34.970512,-2.878744,-23.647461,-24.160160,-83.205818,-22.104795
7.212500,-29.056627,-2.880178,-19.429163,-23.913202,-82.469398,-21.849422
7.218750,-23.141853,-2.881308,-14.689882,-23.729963,-80.035759,-21.748529
7.225000,-17.230701,-2.883029,-9.705260,-23.598862,-75.725502,-21.775295
7.231250,-11.321395,-2.885175,-4.764113,-23.507578,-69.978394,-21.908113
7.237500,-5.406911,-2.886665,-0.265371,-23.467428,-63.311001,-22.116421
7.243750,0.512625,-2.887316,5.575171,-23.474148,-56.265526,-22.352800
7.250000,6.430663,-2.887866,11.232044,-23.508621,-49.406021,-22.531084
7.256250,12.343874,-2.888738,16.965277,-23.560503,-44.084160,-22.778526
7.262500,18.254627,-2.889845,21.078960,-23.635416,-38.223301,-23.008507
7.268750,24.165182,-2.891259,25.409784,-23.729603,-33.499615,-23.162121
7.275000,30.073807,-2.893537,29.930094,-23.777641,-29.976238,-23.237139
7.281250,35.981716,-2.896693,34.145397,-23.800673,-27.689411,-23.238905
7.287500,41.895103,-2.899587,37.673763,-23.793081,-26.472862,-23.169462
7.293750,47.817394,-2.901256,40.416382,-23.727736,-26.083181,-23.034060
7.300000,53.743214,-2.901818,42.469971,-23.634388,-26.287336,-22.848255
7.306250,59.665379,-2.902217,44.133137,-23.520889,-26.851795,-22.633322
7.312500,65.579788,-2.903292,45.336704,-23.378162,-27.542747,-22.414131
7.318750,71.489044,-2.905306,46.284943,-23.216866,-28.201864,-22.205936
7.325000,77.398575,-2.907886,45.414970,-23.037170,-28.797810,-22.015409
7.331250,83.313614,-2.909944,44.868114,-22.824923,-29.209253,-21.868771
7.337500,89.234993,-2.910994,44.341213,-22.608320,-29.384043,-21.788549
7.343750,95.156433,-2.911407,43.588333,-22.410589,-29.425425,-21.779545
7.350000,99.177238,-2.912249,42.516979,-22.243233,-27.592424,-21.817320
7.356250,102.919647,-2.913817,41.081699,-22.109182,-25.587406,-21.912350
7.362500,105.856049,-2.915574,39.233173,-22.006630,-22.651323,-22.083258
7.368750,107.497398,-2.917052,36.920483,-21.926361,-20.788696,-22.295496
7.375000,107.414719,-2.918333,34.078419,-21.858452,-18.320902,-22.516857
7.381250,105.265190,-2.919672,32.732811,-21.801538,-15.451737,-22.714853
7.387500,100.810783,-2.921380,31.268749,-21.787487,-12.469549,-22.884687
7.393750,93.930138,-2.923965,29.876448,-21.787205,-7.608495,-23.026033
7.400000,84.625938,-2.926999,28.786825,-21.791807,-2.380003,-23.120068
7.406250,73.025452,-2.929557,28.369385,-21.820763,1.606286,-23.158327
7.412500,59.366829,-2.930983,28.670191,-21.888483,6.162698,-23.142090
7.418750,43.984226,-2.931968,29.620014,-22.005077,10.921464,-23.077621
7.425000,27.299063,-2.933391,31.083021,-22.179344,15.517825,-22.976521
7.431250,9.806027,-2.935060,32.900173,-22.414413,19.630630,-22.846764
7.437500,-7.955955,-2.936378,34.905754,-22.704563,23.013910,-22.679546
7.443750,-25.441324,-2.937410,39.103058,-23.029465,25.435555,-22.476532
7.450000,-42.120834,-2.938529,42.045055,-23.373793,26.457739,-22.289408
7.456250,-57.500725,-2.939235,45.301613,-23.796627,25.936670,-22.133993
7.462500,-71.149475,-2.938746,48.674503,-24.287872,23.946281,-22.022039
7.468750,-82.730507,-2.937371,51.997929,-24.853842,20.587656,-21.963177
7.475000,-92.013336,-2.936070,55.206608,-25.420685,16.076317,-21.951769
7.481250,-98.876228,-2.934835,58.052509,-26.001757,10.719612,-21.980879
7.487500,-103.314026,-2.932844,58.236774,-26.595751,4.817239,-22.049347
7.493750,-105.448380,-2.930069,57.304184,-27.182671,-1.202767,-22.144720
7.500000,-105.523460,-2.927704,54.740379,-27.721142,-6.733510,-22.256413
7.506250,-103.882469,-2.926283,52.213936,-28.189938,-11.045163,-22.386036
7.512500,-100.946190,-2.925036,47.764019,-28.590971,-13.554744,-22.513138
7.518750,-97.203979,-2.923548,41.691006,-28.894552,-13.717075,-22.617569
7.525000,-93.192856,-2.922776,34.333355,-29.085579,-10.986958,-22.695316
7.531250,-87.294266,-2.923313,25.997061,-29.165886,-6.994627,-22.740841
7.537500,-81.398033,-2.924503,17.050682,-29.148298,-1.715931,-22.725262
7.543750,-75.499763,-2.925826,8.059644,-29.002344,6.137712,-22.664246
7.550000,-69.601738,-2.927687,-0.521871,-28.752848,15.580348,-22.574793
7.556250,-63.706955,-2.930675,-8.422338,-28.433636,25.711376,-22.475266
7.562500,-57.811188,-2.934258,-17.051010,-28.062157,35.658344,-22.388815
7.568750,-51.909527,-2.937704,-24.236755,-27.645338,44.619534,-22.333065
7.575000,-46.002594,-2.940658,-29.870201,-27.225735,52.088810,-22.265282
7.581250,-40.092892,-2.943213,-33.778606,-26.817108,57.286854,-22.221342
7.587500,-34.181583,-2.945016,-36.223087,-26.423994,61.718765,-22.220354
7.593750,-28.269627,-2.946100,-37.376774,-26.057238,63.715733,-22.265863
7.600000,-22.360868,-2.947174,-37.327560,-25.722389,63.642525,-22.351334
7.606250,-16.457727,-2.948831,-36.177391,-25.421663,61.940590,-22.463261
7.612500,-10.556643,-2.950662,-34.067120,-25.150616,59.088238,-22.586014
7.618750,-4.653589,-2.952024,-31.180050,-24.903620,55.535763,-22.721195
7.625000,1.249672,-2.953268,-27.779499,-24.676779,51.674244,-22.895041
7.631250,7.147736,-2.955200,-21.999729,-24.466347,47.915413,-23.065693
7.637500,13.042211,-2.957921,-17.385307,-24.263954,44.126179,-23.189629
7.643750,18.937042,-2.960729,-12.041599,-24.027027,41.037708,-23.290607
7.650000,24.833570,-2.963738,-6.328541,-23.719309,38.691174,-23.374334
7.656250,30.727377,-2.967729,-1.089613,-23.417288,36.876534,-23.455196
7.662500,36.619049,-2.973026,3.121022,-23.111811,35.272385,-23.536554
7.668750,42.514774,-2.978836,8.253769,-22.800007,33.613735,-23.615723
7.675000,48.420967,-2.984022,12.550028,-22.491808,33.479652,-23.698145
7.681250,54.335545,-2.988217,16.154480,-22.206244,32.852921,-23.793631
7.687500,60.253334,-2.991711,19.273170,-21.967300,31.840511,-23.911491
7.693750,66.171265,-2.994779,22.190613,-21.784664,30.528111,-24.062725
7.700000,72.089989,-2.997366,23.420153,-21.648165,28.959736,-24.281254
7.706250,78.009819,-2.999269,24.809662,-21.572115,27.149050,-24.503483
7.712500,83.929588,-3.000483,26.050602,-21.553190,24.228313,-24.704018
7.718750,89.847862,-3.001250,26.918240,-21.576065,22.850910,-24.944332
7.725000,95.765434,-3.001292,27.018597,-21.673931,21.369240,-25.216089
7.731250,99.786224,-3.000901,26.104902,-21.828161,20.070490,-25.496416
7.737500,103.528824,-3.000566,24.160088,-22.008892,19.088335,-25.755266
7.743750,106.458786,-3.001106,23.184938,-22.190441,18.505030,-25.950708
7.750000,108.086136,-3.002570,21.617119,-22.353394,18.306704,-26.048624
7.756250,107.989723,-3.004407,19.741879,-22.486368,18.146219,-26.087898
7.762500,105.831619,-3.006179,17.771212,-22.590174,18.016310,-26.039143
7.768750,101.371582,-3.008450,15.905097,-22.661890,17.948839,-25.891233
7.775000,94.485214,-3.011816,14.383030,-22.698109,17.808672,-25.646271
7.781250,85.175873,-3.016103,13.360821,-22.707216,17.454332,-25.319855
7.787500,73.572495,-3.020126,12.894962,-22.702480,16.765154,-24.937077
7.793750,59.914291,-3.023254,13.006554,-22.696274,15.701916,-24.523636
7.800000,44.535473,-3.025932,13.686381,-22.700054,14.375196,-24.067139
7.806250,27.859545,-3.028323,14.904781,-22.714645,12.919975,-23.557596
7.812500,10.380752,-3.030017,14.711636,-22.740576,11.388735,-23.055740
7.818750,-7.367112,-3.030615,16.705853,-22.792326,8.724050,-22.627739
7.825000,-24.842180,-3.030692,18.767925,-22.898346,6.502884,-22.266666
7.831250,-41.515175,-3.030668,20.692129,-23.081051,4.666667,-21.976477
7.837500,-56.890980,-3.029984,22.409008,-23.374147,3.290624,-21.755550
7.843750,-70.538963,-3.028004,23.844410,-23.708902,2.535530,-21.606001
7.850000,-82.124359,-3.025534,25.539766,-24.081997,2.495665,-21.537163
7.856250,-91.416870,-3.023791,26.692202,-24.511013,1.094308,-21.546972
7.862500,-98.291412,-3.022566,27.365351,-24.980654,-0.145458,-21.623829
7.868750,-102.739883,-3.020758,25.722727,-25.460390,-1.538064,-21.751017
7.875000,-104.883041,-3.018036,23.395451,-25.927208,-3.342762,-21.902956
7.881250,-104.964661,-3.015345,21.903725,-26.380251,-5.741898,-22.023396
7.887500,-103.329559,-3.013262,19.465441,-26.793274,-8.838538,-22.154613
7.893750,-100.400444,-3.011424,16.265377,-27.147711,-11.665275,-22.294725
7.900000,-96.666481,-3.009715,12.504438,-27.413780,-14.591359,-22.384245
7.906250,-92.663895,-3.009029,8.464581,-27.566807,-17.486990,-22.432146
7.912500,-86.771149,-3.009618,4.267038,-27.614855,-20.070063,-22.449940
7.918750,-80.875153,-3.009618,0.110700,-27.614855,-21.942663,-22.449940
7.925000,-80.875153,-3.009618,0.110700,-27.614855,-21.942663,-22.449940
7.931250,-80.875153,-3.009618,0.110700,-27.614855,-21.942663,-22.449940
7.937500,-80.875153,-3.009618,0.110700,-27.614855,-21.942663,-22.449940
7.943750,-80.875153,-3.009618,0.110700,-27.614855,-21.942663,-22.449940
7.950000,-80.875153,-3.009618,0.110700,-27.614855,-21.942663,-22.449940
7.956250,-80.875153,-3.009618,0.110700,-27.614855,-21.942663,-22.449940
7.962500,-80.875153,-3.009618,0.110700,-27.614855,-21.942663,-22.449940
7.968750,-80.875153,-3.009618,0.110700,-27.614855,-21.942663,-22.449940
7.975000,-80.875153,-3.009618,0.110700,-27.614855,-21.942663,-22.449940
7.981250,-80.875153,-3.009618,0.110700,-27.614855,-21.942663,-22.449940
7.987500,-80.875153,-3.009618,0.110700,-27.614855,-21.942663,-22.449940
7.993750,-80.875153,-3.009618,0.110700,-27.614855,-21.942663,-22.449940
8.000000,-80.875153,-3.009618,0.110700,-27.614855,-21.942663,-22.449940
