Anritsu VNA Frequency[GHz],S21[deg],S21[dB],S11[deg],S11[dB],S22[deg],S22[dB]
1338074967.95,2012_05_27_00:29:27,+41.063,+10.330,+56.151,+10.342,+13.965,+13.777,+14.072,+13.826,10.437916,-18.030
3.006250,34.186916,-1.755574,59.562092,-26.642946,-80.021942,-27.452568
3.012500,34.186916,-1.755574,59.562092,-26.642946,-80.021942,-27.452568
3.018750,34.186916,-1.755574,59.562092,-26.642946,-80.021942,-27.452568
3.025000,34.186916,-1.755574,59.562092,-26.642946,-80.021942,-27.452568
3.031250,34.186916,-1.755574,59.562092,-26.642946,-80.021942,-27.452568
3.037500,34.186916,-1.755574,59.562092,-26.642946,-80.021942,-27.452568
3.043750,34.186916,-1.755574,59.562092,-26.642946,-80.021942,-27.452568
3.050000,34.186916,-1.755574,59.562092,-26.642946,-80.021942,-27.452568
3.056250,34.186916,-1.755574,59.562092,-26.642946,-80.021942,-27.452568
3.062500,34.186916,-1.755574,59.562092,-26.642946,-80.021942,-27.452568
3.068750,34.186916,-1.755574,59.562092,-26.642946,-80.021942,-27.452568
3.075000,34.186916,-1.755574,59.562092,-26.642946,-80.021942,-27.452568
3.081250,34.186916,-1.755574,59.562092,-26.642946,-80.021942,-27.452568
3.087500,34.186916,-1.755574,59.562092,-26.642946,-80.021942,-27.452568
3.093750,34.186916,-1.757380,59.562092,-26.440891,-80.021942,-27.205318
3.100000,40.093502,-1.759544,56.882721,-26.287287,-82.034264,-26.975317
3.106250,45.999989,-1.761743,53.320904,-26.205574,-82.427719,-26.763817
3.112500,51.907276,-1.764001,49.242298,-26.215216,-80.848618,-26.542744
3.118750,57.813667,-1.766505,43.239014,-26.257555,-79.133530,-26.247210
3.125000,63.719135,-1.769190,38.437111,-26.300508,-75.081985,-25.986551
3.131250,69.624367,-1.771967,34.044746,-26.370077,-68.920303,-25.699051
3.137500,75.528740,-1.775081,30.322109,-26.468044,-61.037483,-25.374899
3.143750,81.431374,-1.778740,27.476118,-26.586020,-51.616409,-25.022390
3.150000,87.335304,-1.782713,25.686800,-26.709576,-40.814655,-24.653740
3.156250,93.242493,-1.786453,25.072596,-26.824448,-28.807121,-24.287512
3.162500,97.257072,-1.789856,25.702337,-26.917425,-15.793501,-23.947491
3.168750,100.998886,-1.793369,27.592678,-26.980585,-3.876167,-23.681955
3.175000,103.934204,-1.797138,30.791292,-26.992250,8.397985,-23.436033
3.181250,105.572403,-1.800929,33.539406,-26.939713,20.914186,-23.213451
3.187500,105.488640,-1.804507,37.303909,-26.840342,32.392540,-23.044798
3.193750,103.341164,-1.807833,41.381569,-26.705730,42.401421,-22.945732
3.200000,98.892769,-1.810813,45.201851,-26.543848,50.610287,-22.919731
3.206250,92.021332,-1.813413,48.283569,-26.364912,56.740185,-22.967875
3.212500,82.725281,-1.815814,50.210270,-26.183027,60.594021,-23.097282
3.218750,71.124779,-1.818420,50.667252,-26.008169,62.069939,-23.291327
3.225000,57.458191,-1.820897,51.657116,-25.834465,60.917583,-23.494356
3.231250,42.068371,-1.822821,51.715939,-25.662081,57.416965,-23.715473
3.237500,25.381163,-1.824492,49.353897,-25.490767,53.682266,-23.945992
3.243750,7.884106,-1.826434,46.683464,-25.299267,48.219109,-24.163628
3.250000,-9.890226,-1.828937,43.559891,-25.126402,41.692680,-24.349169
3.256250,-27.391155,-1.831593,39.646336,-24.985415,34.695438,-24.501194
3.262500,-44.083218,-1.833901,35.168152,-24.862902,27.874699,-24.609081
3.268750,-59.476528,-1.835884,29.993151,-24.748367,21.912851,-24.663992
3.275000,-73.146492,-1.837935,24.142466,-24.644495,17.351358,-24.666134
3.281250,-84.753822,-1.840409,17.439430,-24.542284,14.630672,-24.622219
3.287500,-94.059013,-1.843232,9.793801,-24.429119,14.051785,-24.546650
3.293750,-100.938492,-1.846119,1.170549,-24.266020,15.762483,-24.439648
3.300000,-105.391609,-1.848887,-6.254849,-24.098173,19.804508,-24.302771
3.306250,-107.539536,-1.851387,-14.901310,-23.964251,26.041414,-24.162350
3.312500,-107.620094,-1.853662,-23.549694,-23.843895,34.171459,-24.049604
3.318750,-105.974960,-1.855832,-31.907852,-23.744545,43.812229,-23.985748
3.325000,-103.031464,-1.857788,-39.715611,-23.684383,54.515503,-23.981276
3.331250,-99.281181,-1.859415,-46.712128,-23.687916,65.762512,-24.039297
3.337500,-95.257141,-1.860672,-52.719212,-23.820740,76.975937,-24.158073
3.343750,-89.338058,-1.861624,-57.720078,-23.982559,87.576149,-24.322798
3.350000,-83.419746,-1.862191,-62.134777,-24.204451,97.315628,-24.478434
3.356250,-77.502052,-1.862415,-65.551147,-24.530361,105.914314,-24.677908
3.362500,-71.586143,-1.862581,-66.243774,-24.981718,112.163643,-24.928604
3.368750,-65.672607,-1.862471,-65.864838,-25.539488,116.195213,-25.219831
3.375000,-59.759480,-1.861796,-64.290825,-26.177341,117.605232,-25.594482
3.381250,-53.848389,-1.860738,-61.537098,-26.860722,116.226898,-25.930742
3.387500,-47.943695,-1.860034,-57.698982,-27.551193,112.690742,-26.253979
3.393750,-42.045231,-1.860148,-52.935780,-28.204184,106.441559,-26.557213
3.400000,-36.148933,-1.860597,-47.471298,-28.776920,98.038307,-26.831831
3.406250,-30.251369,-1.860844,-41.640110,-29.248264,88.484337,-27.109987
3.412500,-24.354197,-1.861229,-35.771488,-29.592905,78.450157,-27.357197
3.418750,-18.461899,-1.862439,-27.929966,-29.789280,66.573616,-27.552702
3.425000,-12.572460,-1.864583,-21.657852,-29.832901,55.141876,-27.690292
3.431250,-6.679765,-1.866851,-15.105627,-29.739094,44.589943,-27.775965
3.437500,-0.782744,-1.868991,-8.528578,-29.492306,35.369972,-27.813658
3.443750,5.113622,-1.871714,-1.949320,-29.090137,28.167048,-27.751869
3.450000,11.008963,-1.875385,4.117036,-28.578537,21.261034,-27.619732
3.456250,16.908163,-1.879225,9.507624,-27.996405,16.431690,-27.430021
3.462500,22.816023,-1.882402,14.216689,-27.387268,13.382688,-27.185860
3.468750,28.728874,-1.884936,18.328905,-26.797197,11.796201,-26.883841
3.475000,34.642399,-1.887243,21.956669,-26.291586,11.328205,-26.539801
3.481250,40.555218,-1.889432,25.357092,-25.823671,11.583779,-26.168673
3.487500,46.467159,-1.891691,27.267487,-25.422865,12.193527,-25.764687
3.493750,52.377518,-1.894324,29.079777,-25.125673,12.721911,-25.335340
3.500000,58.286728,-1.897409,30.619383,-24.937489,12.736124,-24.892529
3.506250,64.198982,-1.900330,31.785412,-24.843357,11.902821,-24.446459
3.512500,70.115189,-1.902435,32.485950,-24.809921,9.952222,-24.006163
3.518750,76.031258,-1.904333,32.696239,-24.746065,6.681069,-23.576643
3.525000,81.941193,-1.907165,32.554123,-24.729553,1.936712,-23.164165
3.531250,87.846588,-1.911094,32.667694,-24.717104,-2.254684,-22.783100
3.537500,93.754318,-1.915333,32.670815,-24.671831,-7.350852,-22.449924
3.543750,97.772636,-1.919243,32.804466,-24.583986,-12.924086,-22.160271
3.550000,101.520905,-1.923369,33.408108,-24.427645,-18.700787,-21.877577
3.556250,104.462196,-1.928201,32.924126,-24.202740,-24.194990,-21.551334
3.562500,106.108391,-1.933321,33.060493,-23.939384,-29.116411,-21.308599
3.568750,106.039062,-1.937671,33.473431,-23.664141,-32.254311,-21.136883
3.575000,103.913460,-1.940611,33.886250,-23.403992,-34.611095,-21.036711
3.581250,99.488510,-1.942507,34.014805,-23.193346,-35.917702,-21.022741
3.587500,92.638329,-1.943975,33.602165,-23.067972,-36.194382,-21.054447
3.593750,83.362907,-1.945010,32.535927,-23.017513,-35.313732,-21.154253
3.600000,71.787888,-1.944996,30.752060,-23.053375,-33.124454,-21.336884
3.606250,58.150433,-1.943599,30.105639,-23.190369,-29.779978,-21.596384
3.612500,42.786118,-1.941360,29.141247,-23.413649,-25.557045,-21.906363
3.618750,26.118574,-1.938711,28.262350,-23.740112,-20.851151,-22.242002
3.625000,8.642032,-1.935434,27.582373,-24.181164,-16.447720,-22.644947
3.631250,-9.110015,-1.931263,27.705706,-24.698792,-10.547252,-23.078444
3.637500,-26.594063,-1.926833,28.935524,-25.257917,-4.876475,-23.513895
3.643750,-43.281788,-1.922740,31.414309,-25.821657,0.544368,-23.931002
3.650000,-58.680008,-1.919320,33.277813,-26.345039,5.626552,-24.312798
3.656250,-72.358589,-1.916534,36.085411,-26.753338,10.284585,-24.642893
3.662500,-83.975723,-1.914463,39.016323,-27.091290,14.419486,-24.915922
3.668750,-93.294258,-1.913299,42.990974,-27.337664,17.892670,-25.138767
3.675000,-100.190163,-1.912787,46.329571,-27.464285,20.616785,-25.309788
3.681250,-104.660912,-1.912431,48.763157,-27.468338,22.536863,-25.427443
3.687500,-106.830338,-1.912526,50.050449,-27.362463,23.578474,-25.494734
3.693750,-106.938286,-1.913887,50.046501,-27.173410,23.689865,-25.520468
3.700000,-105.323746,-1.916396,48.754700,-26.905693,22.876425,-25.515951
3.706250,-102.407303,-1.919056,46.328365,-26.577833,21.267712,-25.473625
3.712500,-98.679489,-1.921463,42.753296,-26.228756,19.087055,-25.387453
3.718750,-94.677902,-1.924182,36.324772,-25.885668,16.480375,-25.262125
3.725000,-88.782967,-1.927556,28.965855,-25.564629,13.777586,-25.113466
3.731250,-82.886452,-1.930961,20.406092,-25.309547,11.589852,-24.979870
3.737500,-76.984474,-1.933871,12.584277,-25.144268,10.327010,-24.873516
3.743750,-71.080055,-1.936543,4.248075,-25.054743,10.398905,-24.817261
3.750000,-65.176758,-1.939272,-4.051646,-25.028805,10.393184,-24.726007
3.756250,-59.274654,-1.941965,-11.916871,-25.061853,10.308673,-24.620161
3.762500,-53.370930,-1.944443,-18.927940,-25.133200,11.459326,-24.499653
3.768750,-47.467247,-1.946887,-24.647724,-25.206804,13.587846,-24.413626
3.775000,-41.565002,-1.949660,-28.841824,-25.294006,16.237879,-24.351316
3.781250,-35.662834,-1.952477,-31.399620,-25.382481,18.810650,-24.297003
3.787500,-29.759289,-1.954979,-31.974447,-25.451193,20.941433,-24.243580
3.793750,-23.855677,-1.957556,-30.478529,-25.514265,22.321268,-24.194841
3.800000,-17.953686,-1.960544,-28.828592,-25.517908,22.755293,-24.143303
3.806250,-12.052778,-1.963801,-24.681416,-25.434170,22.258026,-24.053049
3.812500,-6.150463,-1.967267,-19.542652,-25.303785,20.697588,-23.931499
3.818750,-0.247791,-1.971014,-13.959741,-25.143850,17.963379,-23.789444
3.825000,5.655133,-1.975108,-8.470435,-24.968231,14.184772,-23.634029
3.831250,11.562315,-1.978880,-1.421623,-24.791740,9.629184,-23.476078
3.837500,17.472679,-1.982062,5.370812,-24.627941,4.616205,-23.352386
3.843750,23.382389,-1.985360,12.062499,-24.472504,-0.508288,-23.216921
3.850000,29.289236,-1.989190,16.966629,-24.319250,-6.438812,-23.052351
3.856250,35.197063,-1.992831,21.761366,-24.177746,-11.975073,-22.897818
3.862500,41.108829,-1.995714,26.024849,-24.046375,-17.101294,-22.761841
3.868750,47.020214,-1.998530,29.428726,-23.911999,-21.795410,-22.641508
3.875000,52.924831,-2.002384,31.649540,-23.752102,-26.083950,-22.526081
3.881250,58.825466,-2.007484,32.334328,-23.573162,-30.036949,-22.399292
3.887500,64.729866,-2.012738,31.087299,-23.376749,-33.834980,-22.265987
3.893750,70.641052,-2.017548,27.836885,-23.144938,-37.740360,-22.130955
3.900000,76.554176,-2.022601,24.656099,-22.867596,-41.881989,-21.986462
3.906250,82.464165,-2.028734,20.096079,-22.544535,-44.564960,-21.831087
3.912500,88.374908,-2.035877,14.628538,-22.177216,-47.658222,-21.660242
3.918750,94.292213,-2.043441,8.718238,-21.773180,-50.871799,-21.461416
3.925000,98.323372,-2.050803,2.730138,-21.359821,-53.965897,-21.206707
3.931250,102.089752,-2.057788,-2.989656,-20.962664,-56.990070,-20.986021
3.937500,105.057228,-2.064341,-8.019765,-20.601568,-57.766178,-20.795462
3.943750,106.732895,-2.070204,-12.029155,-20.299990,-57.362267,-20.643934
3.950000,106.690788,-2.074993,-14.797536,-20.079647,-55.313530,-20.545006
3.956250,104.589897,-2.078048,-16.201710,-19.959103,-51.263439,-20.514019
3.962500,100.190094,-2.079371,-16.183779,-19.948313,-44.963081,-20.563406
3.968750,93.366539,-2.079317,-14.739623,-20.044586,-36.273811,-20.701378
3.975000,84.115883,-2.077900,-13.818748,-20.215214,-25.201193,-20.938978
3.981250,72.558922,-2.075176,-9.735823,-20.507631,-11.905560,-21.304264
3.987500,58.931755,-2.071357,-5.394573,-20.908415,1.985829,-21.711674
3.993750,43.572403,-2.066683,-0.122687,-21.372770,17.155508,-22.221363
4.000000,26.907387,-2.061393,5.442122,-21.896482,32.784172,-22.840933
4.006250,9.429458,-2.055431,10.946489,-22.463129,48.009434,-23.600294
4.012500,-8.331632,-2.049292,16.123444,-23.044609,61.772835,-24.360043
4.018750,-25.831030,-2.043877,20.722651,-23.608568,74.730034,-25.093088
4.025000,-42.535168,-2.039374,24.458416,-24.139442,84.943008,-25.836296
4.031250,-57.947258,-2.035319,29.194502,-24.627417,93.326889,-26.592941
4.037500,-71.638229,-2.031828,31.562466,-25.051514,99.002441,-27.309938
4.043750,-83.270432,-2.029610,33.605618,-25.399248,102.258125,-27.957617
4.050000,-92.605492,-2.028745,35.178188,-25.670284,103.488945,-28.518602
4.056250,-99.515129,-2.028271,36.209774,-25.855333,103.224037,-28.983925
4.062500,-103.996918,-2.027528,36.779675,-25.936138,100.262810,-29.320889
4.068750,-106.178772,-2.027489,36.830559,-25.929974,97.008080,-29.515274
4.075000,-106.302872,-2.029439,36.380867,-25.854036,93.516090,-29.574974
4.081250,-104.703201,-2.032664,35.613415,-25.721725,90.013741,-29.504671
4.087500,-101.797279,-2.035662,34.782684,-25.541830,84.663437,-29.305279
4.093750,-98.076767,-2.038018,34.191551,-25.323360,79.192886,-28.982759
4.100000,-94.083984,-2.040605,32.257328,-25.080879,73.455994,-28.557434
4.106250,-88.200264,-2.044032,30.976328,-24.818731,67.355019,-28.068647
4.112500,-82.316856,-2.047967,30.249962,-24.528511,60.970432,-27.474344
4.118750,-76.430428,-2.052249,29.823681,-24.227089,54.471897,-26.810274
4.125000,-70.542252,-2.057106,29.402330,-23.929209,47.598553,-26.116272
4.131250,-64.652885,-2.062589,28.816757,-23.644363,40.498379,-25.422586
4.137500,-58.758781,-2.068184,27.954571,-23.375666,33.366463,-24.752565
4.143750,-52.858444,-2.073499,26.729137,-23.122375,26.416750,-24.123585
4.150000,-46.955170,-2.078824,25.053991,-22.883541,19.840065,-23.548855
4.156250,-41.051311,-2.084591,25.024162,-22.655233,13.809991,-23.028261
4.162500,-35.146114,-2.090738,25.232674,-22.426590,8.469069,-22.575256
4.168750,-29.237518,-2.097038,24.260941,-22.187504,5.534035,-22.192263
4.175000,-23.324863,-2.103506,23.970760,-21.956245,2.433378,-21.877724
4.181250,-17.408272,-2.109931,24.166054,-21.737547,0.885298,-21.625080
4.187500,-11.487345,-2.116097,24.650646,-21.536560,0.771984,-21.375654
4.193750,-5.561449,-2.121902,25.200014,-21.359526,2.129582,-21.235239
4.200000,0.367920,-2.127148,25.585432,-21.214077,3.074614,-21.179508
4.206250,6.300570,-2.131479,25.589512,-21.107386,4.271403,-21.186253
4.212500,12.235996,-2.134731,25.050146,-21.036898,6.748973,-21.211971
4.218750,18.170200,-2.137273,26.028366,-20.991764,8.279291,-21.261467
4.225000,24.100412,-2.139536,25.115999,-20.967474,8.856133,-21.334879
4.231250,30.026485,-2.141629,24.291582,-20.952831,8.335412,-21.418444
4.237500,35.950111,-2.143469,23.348486,-20.947117,6.548358,-21.489140
4.243750,41.871326,-2.145035,21.948332,-20.967108,5.414674,-21.555950
4.250000,47.791119,-2.146265,19.935488,-20.997690,3.311805,-21.618568
4.256250,53.708641,-2.146993,17.164465,-21.021271,0.765474,-21.660595
4.262500,59.621536,-2.147746,13.402858,-21.023573,-1.809878,-21.670534
4.268750,65.527420,-2.149290,8.453000,-20.993994,-4.061495,-21.638176
4.275000,71.426323,-2.151912,2.133803,-20.925131,-5.677225,-21.556669
4.281250,77.324608,-2.155134,-3.549111,-20.804399,-6.386196,-21.413893
4.287500,83.224869,-2.158756,-10.125898,-20.629282,-5.990641,-21.180950
4.293750,89.124382,-2.163508,-17.338194,-20.422846,-4.586622,-20.927549
4.300000,95.023216,-2.169563,-24.814608,-20.186666,-2.450192,-20.656584
4.306250,99.033966,-2.175838,-32.111744,-19.924034,0.612052,-20.365454
4.312500,102.783348,-2.181201,-38.912601,-19.645746,4.394033,-20.063856
4.318750,105.733841,-2.186091,-44.948143,-19.366270,8.629473,-19.765120
4.325000,107.385521,-2.191444,-50.016048,-19.106695,13.013647,-19.487028
4.331250,107.313492,-2.197150,-53.970631,-18.889790,17.235023,-19.244640
4.337500,105.183784,-2.202149,-56.714550,-18.760422,21.022184,-19.041069
4.343750,100.760818,-2.206013,-58.254536,-18.637058,24.154484,-18.818604
4.350000,93.918472,-2.208910,-57.621536,-18.582314,26.172544,-18.699736
4.356250,84.654205,-2.210755,-55.683311,-18.633854,28.720343,-18.666487
4.362500,73.090256,-2.211003,-52.245525,-18.790886,30.570854,-18.729090
4.368750,59.461773,-2.210000,-47.397179,-19.045647,32.076477,-18.913681
4.375000,44.102192,-2.208624,-41.342445,-19.385094,33.490391,-19.162266
4.381250,27.439461,-2.206760,-34.355629,-19.788054,34.852234,-19.454319
4.387500,9.970093,-2.203799,-26.759003,-20.228577,36.973042,-19.797735
4.393750,-7.775021,-2.199936,-18.967348,-20.689747,38.178181,-20.220964
4.400000,-25.256987,-2.196394,-11.437682,-21.159365,40.026180,-20.699198
4.406250,-41.941959,-2.193330,-2.372646,-21.619419,42.098591,-21.205961
4.412500,-57.332329,-2.189904,4.644019,-22.056864,44.101757,-21.724152
4.418750,-71.000053,-2.186211,11.456187,-22.465403,45.840393,-22.237082
4.425000,-82.610168,-2.183178,17.891281,-22.784693,47.184383,-22.698812
4.431250,-91.926682,-2.181215,23.780289,-23.013502,48.172150,-23.081007
4.437500,-98.821579,-2.179629,28.731617,-23.163845,48.569084,-23.379869
4.443750,-103.292953,-2.178265,32.697643,-23.242689,48.370834,-23.588833
4.450000,-105.466377,-2.177915,35.744640,-23.252014,47.707314,-23.700407
4.456250,-105.580002,-2.179155,38.001221,-23.196461,46.747692,-23.713253
4.462500,-103.968216,-2.181132,39.668720,-23.086094,45.673260,-23.633606
4.468750,-101.054008,-2.183421,41.037159,-22.939951,44.705658,-23.483658
4.475000,-97.332520,-2.186483,40.590763,-22.756618,44.142143,-23.249245
4.481250,-93.337852,-2.190391,40.490463,-22.529564,42.709621,-22.916569
4.487500,-87.443108,-2.194337,40.402683,-22.290413,41.936958,-22.532368
4.493750,-81.542778,-2.197955,40.136166,-22.060492,41.526711,-22.126396
4.500000,-75.643387,-2.202441,39.624325,-21.850801,41.261345,-21.720247
4.506250,-69.746857,-2.208530,38.841396,-21.662004,40.932842,-21.328541
4.512500,-63.845245,-2.215049,37.780537,-21.481869,40.324032,-20.960825
4.518750,-57.930351,-2.220523,36.441319,-21.259037,39.189606,-20.626648
4.525000,-52.006763,-2.225051,34.834980,-21.071087,37.210575,-20.362017
4.531250,-46.083809,-2.229811,34.085548,-20.931986,33.944942,-20.154531
4.537500,-40.162762,-2.235166,33.658016,-20.797411,30.748634,-19.982199
4.543750,-34.236061,-2.240291,32.146164,-20.656710,26.121788,-19.855881
4.550000,-28.300930,-2.244457,31.280628,-20.535765,20.390942,-19.752651
4.556250,-22.360209,-2.247708,30.767530,-20.457317,13.950690,-19.730129
4.562500,-16.418133,-2.250433,30.391920,-20.440409,7.524192,-19.806097
4.568750,-10.475113,-2.252612,29.926769,-20.510706,1.082189,-19.978302
4.575000,-4.529384,-2.254028,29.146206,-20.723583,-5.189156,-20.194088
4.581250,1.419901,-2.254254,27.861420,-21.005827,-10.985205,-20.464100
4.587500,7.369515,-2.253236,24.811035,-21.371605,-15.794055,-20.800724
4.593750,13.317272,-2.251297,22.867132,-21.841352,-19.431231,-21.196541
4.600000,19.260902,-2.248546,20.157467,-22.419310,-21.848747,-21.631973
4.606250,25.200842,-2.244793,16.557146,-23.175919,-23.186743,-22.117657
4.612500,31.136047,-2.240105,12.990170,-23.967030,-23.722004,-22.644743
4.618750,37.061356,-2.235468,8.813883,-24.831564,-23.520065,-23.190996
4.625000,42.974545,-2.231592,4.372251,-25.750607,-22.861750,-23.740749
4.631250,48.881256,-2.227941,-0.048597,-26.690071,-22.070675,-24.280811
4.637500,54.786694,-2.223443,-4.183957,-27.606951,-21.508844,-24.794384
4.643750,60.687210,-2.218603,-7.786923,-28.447989,-21.540751,-25.246349
4.650000,66.574287,-2.215043,-12.551801,-29.152218,-22.515820,-25.588991
4.656250,72.446724,-2.213573,-14.615734,-29.691093,-24.818186,-25.829390
4.662500,78.313515,-2.213688,-16.019707,-30.055698,-27.020311,-25.989914
4.668750,84.179214,-2.215008,-16.636414,-30.215170,-30.498636,-26.043472
4.675000,90.044426,-2.217867,-16.488321,-30.156656,-35.018253,-25.981953
4.681250,94.015656,-2.222078,-15.706941,-29.882465,-40.372318,-25.806025
4.687500,97.718208,-2.227007,-14.492926,-29.415863,-46.337608,-25.526747
4.693750,100.618622,-2.232892,-13.091052,-28.794582,-52.647617,-25.155756
4.700000,102.221230,-2.240743,-11.795718,-28.046686,-58.958736,-24.695217
4.706250,102.101631,-2.250323,-11.091912,-27.176731,-64.899178,-24.136763
4.712500,99.930298,-2.259857,-11.226301,-26.226528,-70.036171,-23.533667
4.718750,95.473991,-2.268087,-12.541892,-25.271811,-75.775398,-22.942478
4.725000,88.601852,-2.275744,-13.462035,-24.373966,-80.642227,-22.383385
4.731250,79.306259,-2.283686,-15.546095,-23.556911,-84.786804,-21.891449
4.737500,67.712914,-2.291157,-18.536043,-22.839645,-88.431465,-21.431669
4.743750,54.064426,-2.297047,-22.217886,-22.236303,-91.859077,-21.010887
4.750000,38.696709,-2.301714,-26.339247,-21.743906,-92.997696,-20.636583
4.756250,22.028793,-2.305977,-30.604746,-21.309727,-93.407761,-20.365782
4.762500,4.553465,-2.309624,-34.725243,-21.006142,-92.617615,-20.192839
4.768750,-13.191622,-2.312058,-37.174805,-20.819439,-90.489716,-20.098070
4.775000,-30.662830,-2.313352,-38.381268,-20.711327,-86.722450,-20.068830
4.781250,-47.332787,-2.314252,-37.745686,-20.645367,-81.067940,-20.102875
4.787500,-62.711323,-2.315159,-36.596756,-20.547480,-73.324760,-20.175688
4.793750,-76.369354,-2.316093,-33.798443,-20.494797,-64.999039,-20.238276
4.800000,-87.964943,-2.317218,-28.998766,-20.440300,-54.781826,-20.306513
4.806250,-97.259750,-2.318502,-22.845516,-20.376308,-43.313740,-20.373550
4.812500,-104.131714,-2.319721,-15.892010,-20.301044,-31.198589,-20.426304
4.818750,-108.580818,-2.321262,-8.695508,-20.214148,-19.025021,-20.451286
4.825000,-110.730934,-2.323812,-1.818567,-20.122360,-7.344403,-20.453836
4.831250,-110.816315,-2.327023,6.352827,-20.042080,3.318684,-20.456987
4.837500,-109.170151,-2.329533,13.998010,-19.985909,12.553735,-20.439075
4.843750,-106.219833,-2.330889,19.484940,-19.921341,20.446913,-20.364683
4.850000,-102.466644,-2.332587,24.566423,-19.866390,26.400951,-20.271336
4.856250,-98.448555,-2.335838,28.738665,-19.835997,30.375744,-20.174324
4.862500,-92.536751,-2.339668,31.739334,-19.834236,32.527737,-20.081657
4.868750,-86.615936,-2.342615,33.434448,-19.847960,33.128651,-19.991232
4.875000,-80.688538,-2.344667,33.779346,-19.854990,32.501648,-19.901762
4.881250,-74.763771,-2.346834,32.841953,-19.847225,30.955355,-19.819443
4.887500,-68.843094,-2.349457,30.989523,-19.846317,28.828588,-19.748596
4.893750,-62.922806,-2.352287,28.392580,-19.843475,26.489532,-19.692022
4.900000,-57.000854,-2.355144,25.222378,-19.838772,24.282787,-19.646759
4.906250,-51.077454,-2.358083,21.772814,-19.831518,22.523853,-19.600344
4.912500,-45.151978,-2.360791,18.240311,-19.806635,21.494381,-19.529760
4.918750,-39.223843,-2.363225,14.947558,-19.781096,21.645359,-19.480656
4.925000,-33.295631,-2.365891,12.257920,-19.777872,23.472378,-19.461786
4.931250,-27.366726,-2.368635,10.350822,-19.813145,24.740501,-19.470318
4.937500,-21.432671,-2.370512,9.336321,-19.896416,26.959436,-19.510233
4.943750,-15.490559,-2.370835,9.255563,-20.034679,29.769459,-19.589592
4.950000,-9.549078,-2.370426,10.108429,-20.225897,32.817188,-19.713490
4.956250,-3.613294,-2.370187,11.856447,-20.461756,35.757301,-19.891842
4.962500,2.319398,-2.369616,12.504005,-20.721725,38.225784,-20.194956
4.968750,8.255067,-2.367933,15.683988,-20.997131,39.097595,-20.410177
4.975000,14.189061,-2.365840,19.075159,-21.308506,40.235573,-20.700846
4.981250,20.117165,-2.363908,22.594507,-21.630970,40.099377,-21.057491
4.987500,26.042194,-2.361418,26.045204,-21.953274,38.716507,-21.468189
4.993750,31.968500,-2.357743,29.163433,-22.268532,36.033306,-21.923618
5.000000,37.889473,-2.353770,31.737984,-22.565031,32.016678,-22.411448
5.006250,43.797356,-2.350974,33.618080,-22.826347,28.551094,-22.909693
5.012500,49.696003,-2.349284,34.681870,-23.028122,23.930027,-23.351280
5.018750,55.595013,-2.347529,34.828197,-23.145834,18.633934,-23.727894
5.025000,61.494980,-2.345678,34.065815,-23.218454,12.801941,-24.078215
5.031250,67.390335,-2.344378,32.566849,-23.243044,7.215680,-24.370798
5.037500,73.279465,-2.343709,30.470411,-23.223318,2.258771,-24.590467
5.043750,79.167091,-2.343518,27.760332,-23.202324,-1.820449,-24.732077
5.050000,85.051895,-2.344242,24.390965,-23.142942,-4.799963,-24.790009
5.056250,90.933136,-2.346362,21.503775,-23.044582,-6.436399,-24.751747
5.062500,96.816376,-2.348822,18.207851,-22.956425,-6.591536,-24.620890
5.068750,100.812881,-2.350379,14.909915,-22.896143,-5.216680,-24.408749
5.075000,104.537781,-2.351775,12.002405,-22.864111,-2.249384,-24.125238
5.081250,107.448433,-2.354847,7.978908,-22.846334,2.358853,-23.779888
5.087500,109.055504,-2.359551,4.861361,-22.831503,8.602873,-23.389019
5.093750,108.944931,-2.364198,2.608111,-22.832035,16.377405,-22.978348
5.100000,106.778099,-2.368117,1.041255,-22.832668,25.397436,-22.556040
5.106250,102.308922,-2.372595,-0.127384,-22.813700,35.102383,-22.113995
5.112500,95.412094,-2.378296,-1.083257,-22.759262,45.263603,-21.686567
5.118750,86.095512,-2.384137,-1.992405,-22.661518,55.509888,-21.296686
5.125000,74.484970,-2.389246,-3.016758,-22.516514,65.284630,-20.957489
5.131250,60.813133,-2.394268,-4.278080,-22.321331,74.007889,-20.672745
5.137500,45.414322,-2.400024,-5.878585,-22.077312,81.133827,-20.432152
5.143750,28.719545,-2.406085,-5.745311,-21.790897,86.193344,-20.145365
5.150000,11.226075,-2.411827,-5.312630,-21.477047,89.688736,-20.029900
5.156250,-6.534089,-2.417089,-5.991527,-21.127131,91.753510,-19.910553
5.162500,-24.017637,-2.422076,-5.700028,-20.756981,91.834106,-19.824848
5.168750,-40.691029,-2.426565,-4.754747,-20.392582,90.328323,-19.779207
5.175000,-56.061859,-2.430102,-3.371161,-20.053934,87.810097,-19.769346
5.181250,-69.704872,-2.432708,-1.752311,-19.756437,84.940887,-19.783134
5.187500,-81.281624,-2.434493,-0.134981,-19.516035,80.277786,-19.812233
5.193750,-90.556061,-2.435545,1.230198,-19.349545,76.020172,-19.891592
5.200000,-97.408585,-2.436112,2.111052,-19.275808,72.440208,-20.055035
5.206250,-101.840248,-2.436594,4.532507,-19.284990,68.837372,-20.172861
5.212500,-103.972054,-2.436972,5.262303,-19.350140,65.986641,-20.307800
5.218750,-104.037117,-2.436835,6.157594,-19.473093,63.876637,-20.466976
5.225000,-102.375832,-2.435731,7.015934,-19.610413,62.371044,-20.645031
5.231250,-99.417557,-2.433774,7.789812,-19.801159,61.251129,-20.839251
5.237500,-95.658485,-2.431388,7.141871,-20.059851,60.180683,-21.060104
5.243750,-91.633766,-2.429213,5.811697,-20.349100,58.841316,-21.305813
5.250000,-85.723450,-2.428155,3.437252,-20.651382,56.959091,-21.568081
5.256250,-79.817863,-2.427902,-0.320246,-20.952120,54.242966,-21.840815
5.262500,-73.909317,-2.427005,-3.578087,-21.239794,50.440372,-22.113943
5.268750,-67.997902,-2.425197,-7.885608,-21.507793,45.332405,-22.372591
5.275000,-62.094406,-2.424192,-12.894875,-21.751223,38.710388,-22.598429
5.281250,-56.204449,-2.425516,-18.293943,-21.964874,30.536064,-22.793575
5.287500,-50.317780,-2.428034,-23.800287,-22.143902,21.126633,-22.981121
5.293750,-44.422180,-2.429782,-29.155060,-22.284796,10.549900,-23.139305
5.300000,-38.521862,-2.431070,-34.109882,-22.380556,-0.993238,-23.252056
5.306250,-32.630222,-2.434010,-38.432003,-22.422838,-13.121671,-23.307983
5.312500,-26.747068,-2.439039,-41.956577,-22.408279,-25.405956,-23.301205
5.318750,-20.860008,-2.444883,-44.572197,-22.333563,-37.402245,-23.225586
5.325000,-14.963371,-2.450967,-46.207668,-22.197182,-48.661968,-23.069305
5.331250,-9.061744,-2.457841,-46.898590,-22.019032,-58.809906,-22.894833
5.337500,-3.154961,-2.465286,-44.657959,-21.816263,-67.964447,-22.640871
5.343750,2.764187,-2.471794,-42.348068,-21.570410,-75.263535,-22.366453
5.350000,8.694500,-2.477093,-38.485741,-21.331514,-80.959488,-22.107445
5.356250,14.627634,-2.482375,-33.250473,-21.124287,-84.933990,-21.894743
5.362500,20.561834,-2.487728,-26.895576,-20.969032,-87.184830,-21.755716
5.368750,26.505262,-2.491661,-19.728270,-20.876968,-87.918686,-21.674522
5.375000,32.459282,-2.493393,-12.077798,-20.847746,-87.408005,-21.633324
5.381250,38.414722,-2.493925,-4.315898,-20.870268,-85.801567,-21.606596
5.387500,44.365192,-2.493799,3.109474,-20.949556,-82.571243,-21.723124
5.393750,50.315018,-2.492213,9.881487,-21.106974,-78.680786,-21.927032
5.400000,56.265263,-2.488717,16.005301,-21.326097,-74.499298,-22.211208
5.406250,62.207401,-2.484649,21.249722,-21.584867,-70.318436,-22.584017
5.412500,68.135780,-2.481110,25.405987,-21.854570,-66.170715,-22.944401
5.418750,74.056549,-2.477322,28.302460,-22.114632,-62.191940,-23.296480
5.425000,79.973869,-2.472845,29.843328,-22.345474,-58.807590,-23.627920
5.431250,85.882576,-2.468653,30.089449,-22.529108,-56.022953,-23.916889
5.437500,91.777122,-2.465952,29.268808,-22.649837,-53.786602,-24.136053
5.443750,97.661621,-2.464919,27.720247,-22.695724,-52.044003,-24.264814
5.450000,101.648590,-2.465137,25.797379,-22.657244,-50.728275,-24.292040
5.456250,105.362053,-2.466558,23.905376,-22.531324,-49.677967,-24.213312
5.462500,108.271126,-2.468905,22.483774,-22.329794,-48.726933,-24.057556
5.468750,109.886772,-2.471457,20.113964,-22.064756,-47.687904,-23.798010
5.475000,109.780304,-2.474499,18.978842,-21.728857,-45.670986,-23.423306
5.481250,107.605873,-2.479244,18.933672,-21.348398,-43.180859,-22.997856
5.487500,103.129974,-2.485694,19.704943,-20.955681,-39.914009,-22.558905
5.493750,96.240974,-2.491986,21.116888,-20.577320,-35.573711,-22.137440
5.500000,86.945129,-2.496722,23.017609,-20.230093,-29.929441,-21.756149
5.506250,75.354645,-2.500729,25.258030,-19.920376,-22.830986,-21.422155
5.512500,61.696850,-2.505263,27.667292,-19.631098,-14.310406,-21.056496
5.518750,46.316769,-2.509599,30.068985,-19.383066,-4.922826,-20.811188
5.525000,29.648642,-2.512491,31.863491,-19.221048,5.010090,-20.639034
5.531250,12.181649,-2.514087,33.616425,-19.120535,15.516009,-20.534117
5.537500,-5.559333,-2.515231,35.017822,-19.080406,26.064058,-20.487087
5.543750,-23.028479,-2.515856,35.748211,-19.107328,36.121243,-20.491566
5.550000,-39.690350,-2.515487,35.549442,-19.207735,45.294132,-20.593376
5.556250,-55.053604,-2.514208,34.239532,-19.388313,53.314938,-20.775755
5.562500,-68.694679,-2.512276,31.694788,-19.656487,60.521072,-20.978966
5.568750,-80.273117,-2.509639,27.959700,-19.980293,66.038391,-21.234968
5.575000,-89.551994,-2.506300,25.267235,-20.356901,69.992363,-21.543055
5.581250,-96.412643,-2.502770,20.290403,-20.786259,72.651497,-21.885603
5.587500,-100.855499,-2.499287,15.278049,-21.267725,74.354218,-22.225302
5.593750,-103.000687,-2.495497,10.312527,-21.801327,75.250908,-22.622797
5.600000,-103.085655,-2.491847,5.597971,-22.355307,73.869492,-23.017811
5.606250,-101.454475,-2.489316,1.330095,-22.909407,72.365105,-23.404617
5.612500,-98.532440,-2.487752,-2.455678,-23.451666,70.471306,-23.780985
5.618750,-94.802544,-2.485708,-5.648984,-23.966885,68.060753,-24.142540
5.625000,-90.796745,-2.482896,-8.133073,-24.437872,65.028488,-24.487097
5.631250,-84.905884,-2.481349,-9.798941,-24.843517,61.267147,-24.796101
5.637500,-79.029099,-2.482335,-10.566113,-25.160763,56.628338,-25.031582
5.643750,-73.152977,-2.484402,-12.302070,-25.361702,52.989799,-25.152006
5.650000,-67.267838,-2.485840,-11.257728,-25.424826,48.740070,-25.183371
5.656250,-61.379478,-2.487487,-9.570495,-25.371384,43.512566,-25.161850
5.662500,-55.498634,-2.490864,-7.444850,-25.201923,38.265224,-25.055624
5.668750,-49.623108,-2.496097,-4.959071,-24.915297,33.260723,-24.855789
5.675000,-43.741959,-2.502104,-2.356594,-24.527275,28.683031,-24.566565
5.681250,-37.851784,-2.508315,0.081303,-24.060860,24.709091,-24.195038
5.687500,-31.955719,-2.514864,2.076973,-23.551767,21.544060,-23.752518
5.693750,-26.053976,-2.521379,3.263739,-23.010363,19.480648,-23.267111
5.700000,-20.146019,-2.527534,3.001311,-22.430929,18.957535,-22.760241
5.706250,-14.235459,-2.534153,3.340434,-21.875975,18.142513,-22.263256
5.712500,-8.324040,-2.541750,2.661381,-21.384329,18.682276,-21.811882
5.718750,-2.405336,-2.549115,1.167268,-20.976730,20.181826,-21.433580
5.725000,3.527909,-2.554749,-0.937971,-20.663622,24.050932,-21.119785
5.731250,9.471496,-2.558669,-3.464701,-20.444073,28.153778,-20.842226
5.737500,15.413980,-2.562129,-6.221928,-20.305643,32.669014,-20.631605
5.743750,21.354219,-2.565201,-9.058883,-20.228920,36.738605,-20.548994
5.750000,27.298861,-2.566678,-11.960676,-20.231552,40.848259,-20.557631
5.756250,33.246361,-2.566520,-14.910307,-20.301521,44.704571,-20.641388
5.762500,39.189999,-2.565740,-15.511601,-20.413612,47.959469,-20.787262
5.768750,45.124752,-2.564777,-16.929813,-20.538921,50.266926,-20.997433
5.775000,51.055225,-2.563170,-17.030558,-20.651638,51.173046,-21.203234
5.781250,56.981712,-2.560963,-16.013311,-20.748077,51.627693,-21.409557
5.787500,62.899521,-2.559168,-14.131998,-20.819782,50.667427,-21.621149
5.793750,68.807426,-2.558441,-11.591140,-20.854834,48.457649,-21.822504
5.800000,74.710266,-2.558468,-8.671968,-20.844650,45.081375,-21.992136
5.806250,80.611534,-2.558903,-5.694095,-20.787123,40.665424,-22.107258
5.812500,86.512726,-2.559552,-2.994851,-20.685089,35.434906,-22.161953
5.818750,92.412224,-2.560535,-0.896039,-20.548374,29.780817,-22.177303
5.825000,96.411964,-2.562663,2.460229,-20.402504,21.879923,-22.176004
5.831250,100.133575,-2.566933,5.442456,-20.306797,13.608129,-22.097050
5.837500,103.048912,-2.573115,6.746253,-20.165781,5.050255,-21.965155
5.843750,104.677116,-2.579587,8.416007,-20.045258,-4.040324,-21.814045
5.850000,104.597717,-2.584639,9.894511,-19.978350,-13.520755,-21.666582
5.856250,102.464027,-2.588291,11.114859,-19.973440,-23.157854,-21.537001
5.862500,98.026917,-2.591738,12.026103,-20.028778,-32.733761,-21.437187
5.868750,91.163536,-2.595401,12.599047,-20.122641,-42.101166,-21.367561
5.875000,81.878014,-2.598529,12.955349,-20.253733,-51.222279,-21.317194
5.881250,70.294487,-2.600960,13.568707,-20.452726,-60.213356,-21.305161
5.887500,56.647449,-2.602693,14.409509,-20.691490,-66.835129,-21.330126
5.893750,41.276730,-2.603346,15.646709,-20.955940,-72.405273,-21.379154
5.900000,24.608927,-2.602886,15.634959,-21.251339,-76.537338,-21.441683
5.906250,7.130775,-2.602192,16.261978,-21.610840,-80.983604,-21.528891
5.912500,-10.628247,-2.602009,17.361708,-21.962273,-83.930244,-21.633492
5.918750,-28.115379,-2.601305,19.119982,-22.316364,-85.745834,-21.741886
5.925000,-44.793015,-2.599156,20.788576,-22.694593,-86.821991,-21.851892
5.931250,-60.176697,-2.596755,22.252823,-23.100443,-87.439735,-21.967026
5.937500,-73.846466,-2.595495,23.435478,-23.524155,-87.836006,-22.089188
5.943750,-85.457893,-2.594835,24.294289,-23.946791,-88.193176,-22.218086
5.950000,-94.763435,-2.593559,25.022301,-24.350769,-88.749680,-22.313204
5.956250,-101.644302,-2.592163,25.801735,-24.717434,-90.002838,-22.367800
5.962500,-106.109108,-2.592133,26.526342,-25.031145,-89.236725,-22.431118
5.968750,-108.275063,-2.592864,27.069941,-25.281199,-88.676506,-22.493080
5.975000,-108.368652,-2.592462,27.337133,-25.456347,-87.874451,-22.549669
5.981250,-106.733757,-2.591127,27.251144,-25.549913,-86.399452,-22.600651
5.987500,-103.810196,-2.590965,26.747625,-25.556021,-83.865311,-22.644030
5.993750,-100.093384,-2.592782,25.804728,-25.471071,-79.940819,-22.676167
6.000000,-96.102539,-2.595325,24.414154,-25.293316,-74.403511,-22.689569
6.006250,-90.209801,-2.597756,22.611002,-25.013323,-67.196144,-22.641050
6.012500,-84.316299,-2.600916,20.452059,-24.592918,-58.709309,-22.572124
6.018750,-78.423904,-2.605059,19.867117,-24.156334,-49.234398,-22.488953
6.025000,-72.525803,-2.609218,17.534922,-23.683065,-38.724762,-22.393202
6.031250,-66.620613,-2.612924,15.886845,-23.198814,-27.638828,-22.298122
6.037500,-60.713329,-2.617010,14.786901,-22.745352,-16.519615,-22.220989
6.043750,-54.805256,-2.621655,14.163631,-22.369101,-5.821083,-22.148193
6.050000,-48.891113,-2.625578,14.078112,-22.060690,4.197729,-22.061495
6.056250,-42.968380,-2.628476,14.537924,-21.847589,13.082603,-21.998312
6.062500,-37.045403,-2.631291,15.260061,-21.759136,20.585480,-21.980286
6.068750,-31.124407,-2.634227,14.285525,-21.803226,26.557232,-22.008997
6.075000,-25.198425,-2.635994,13.216790,-21.968235,31.000221,-22.081177
6.081250,-19.265472,-2.635800,13.678082,-22.221279,33.991425,-22.192528
6.087500,-13.336588,-2.635006,13.784877,-22.485571,35.607353,-22.321499
6.093750,-7.419322,-2.635112,13.434977,-22.795187,35.831787,-22.454006
6.100000,-1.509377,-2.635765,12.051664,-23.116884,34.837898,-22.595150
6.106250,4.402133,-2.636136,10.059753,-23.400629,32.923897,-22.736059
6.112500,10.314078,-2.636262,7.372908,-23.615648,30.263628,-22.862837
6.118750,16.221151,-2.636782,3.905729,-23.743307,26.995342,-22.957930
6.125000,22.123838,-2.638092,-0.388341,-23.778553,23.263144,-22.998940
6.131250,28.023199,-2.640387,-3.333854,-23.726057,19.318293,-22.982073
6.137500,33.922382,-2.643728,-6.196925,-23.584951,15.985919,-22.923916
6.143750,39.825108,-2.647465,-10.167480,-23.354269,11.397112,-22.806227
6.150000,45.736828,-2.650475,-13.129601,-23.061037,6.971910,-22.642712
6.156250,51.654285,-2.652739,-15.124845,-22.732733,2.673917,-22.447113
6.162500,57.570320,-2.655309,-16.171825,-22.392866,-1.461232,-22.232895
6.168750,63.483051,-2.658580,-16.294888,-22.060034,-5.365966,-22.010506
6.175000,69.400032,-2.661586,-15.579542,-21.753292,-8.972854,-21.791262
6.181250,75.324356,-2.663418,-14.163221,-21.488323,-12.213022,-21.590580
6.187500,81.250595,-2.664606,-12.208561,-21.279394,-14.955090,-21.485933
6.193750,87.174156,-2.665796,-9.930386,-21.149807,-17.458681,-21.356291
6.200000,93.096916,-2.666595,-7.515882,-21.082684,-19.541548,-21.288321
6.206250,97.125664,-2.666654,-4.690983,-21.068760,-21.082193,-21.300432
6.212500,100.879974,-2.666521,-1.697391,-21.127460,-22.248625,-21.403490
6.218750,103.823059,-2.666654,1.271756,-21.247484,-23.211405,-21.632416
6.225000,105.465355,-2.666965,4.035986,-21.403067,-22.527924,-21.867769
6.231250,105.381790,-2.667264,6.234514,-21.622417,-22.763601,-22.180998
6.237500,103.232033,-2.667521,7.556619,-21.890921,-23.017603,-22.569534
6.243750,98.779785,-2.667443,7.985104,-22.189619,-23.203096,-23.018711
6.250000,91.903793,-2.666776,9.519242,-22.505699,-23.351999,-23.510181
6.256250,82.600647,-2.666124,10.684649,-22.832258,-23.489595,-24.024416
6.262500,70.987579,-2.666407,10.017683,-23.165106,-23.598272,-24.542126
6.268750,57.306992,-2.666992,9.637322,-23.487478,-23.434868,-25.004778
6.275000,41.907040,-2.666363,9.523739,-23.779678,-22.681293,-25.417826
6.281250,25.212833,-2.664575,9.542389,-24.037085,-21.446014,-25.772470
6.287500,7.703763,-2.663514,9.583124,-24.255436,-19.588900,-26.052309
6.293750,-10.090968,-2.664294,9.591753,-24.425091,-16.863579,-26.240494
6.300000,-27.613237,-2.665767,9.556250,-24.531290,-13.014149,-26.319510
6.306250,-44.322319,-2.666764,9.445626,-24.557287,-7.842480,-26.272894
6.312500,-59.730419,-2.667945,9.206036,-24.485970,-1.258210,-26.085382
6.318750,-73.417458,-2.670363,8.713445,-24.324816,6.576880,-25.812328
6.325000,-85.039291,-2.673606,9.891839,-24.107954,15.279010,-25.460121
6.331250,-94.353455,-2.677117,9.507760,-23.827089,24.614071,-25.017748
6.337500,-101.238579,-2.681144,9.803804,-23.477779,34.347996,-24.526260
6.343750,-105.698334,-2.686201,10.492477,-23.091560,44.053528,-24.025230
6.350000,-107.850433,-2.691578,11.336347,-22.698540,53.165356,-23.547913
6.356250,-107.926407,-2.696210,12.180173,-22.325460,61.085094,-23.122898
6.362500,-106.269577,-2.700867,12.896156,-21.994049,67.240730,-22.760265
6.368750,-103.270416,-2.704489,13.364394,-21.719553,71.120575,-22.400599
6.375000,-99.507629,-2.707544,13.464204,-21.512381,72.851364,-22.207506
6.381250,-95.470184,-2.709853,12.932701,-21.390211,72.125046,-22.131447
6.387500,-89.538330,-2.711750,12.917214,-21.335985,68.788780,-22.174477
6.393750,-83.609604,-2.713399,12.524618,-21.368330,63.158527,-22.290600
6.400000,-77.680893,-2.714214,12.032889,-21.487925,55.639618,-22.401249
6.406250,-71.752373,-2.713987,11.508363,-21.686766,44.545124,-22.631464
6.412500,-65.829796,-2.713755,10.981330,-21.950502,32.371605,-22.927532
6.418750,-59.915897,-2.714367,10.439139,-22.264410,18.889515,-23.253347
6.425000,-54.005074,-2.715083,9.880013,-22.603027,4.579474,-23.577335
6.431250,-48.092091,-2.715186,9.298903,-22.940067,-10.010975,-23.869089
6.437500,-42.180862,-2.715203,8.633710,-23.247959,-24.350977,-24.099113
6.443750,-36.276810,-2.716231,9.994149,-23.496519,-37.948971,-24.235228
6.450000,-30.376398,-2.718121,11.896296,-23.673431,-50.543106,-24.324333
6.456250,-24.474138,-2.720145,12.739532,-23.782911,-62.023727,-24.356958
6.462500,-18.568602,-2.722258,14.522933,-23.820150,-70.447868,-24.288071
6.468750,-12.662909,-2.724708,17.048458,-23.782814,-77.155579,-24.154648
6.475000,-6.754730,-2.727050,20.046263,-23.679815,-81.675377,-23.986444
6.481250,-0.842246,-2.728832,23.184711,-23.534935,-83.788742,-23.811255
6.487500,5.070217,-2.730746,26.164156,-23.377249,-83.391708,-23.646000
6.493750,10.980621,-2.733274,28.829613,-23.209261,-80.365692,-23.469215
6.500000,16.892212,-2.735503,31.068867,-23.038010,-76.683243,-23.281534
6.506250,22.810511,-2.736720,30.741087,-22.878288,-70.922829,-23.109869
6.512500,28.728928,-2.737603,31.474880,-22.756025,-63.582115,-22.986546
6.518750,34.641342,-2.739343,31.178871,-22.698608,-55.434734,-22.903187
6.525000,40.551563,-2.741584,29.958162,-22.700645,-47.198734,-22.851730
6.531250,46.467621,-2.743039,27.910007,-22.755024,-39.482277,-22.827471
6.537500,52.388004,-2.743605,25.094227,-22.852972,-32.828037,-22.826654
6.543750,58.304977,-2.744426,21.592541,-22.983538,-27.706738,-22.849939
6.550000,64.216484,-2.745797,17.522268,-23.132574,-22.658218,-22.873318
6.556250,70.128998,-2.747100,13.064516,-23.265934,-19.690485,-22.885715
6.562500,76.044006,-2.748063,8.548450,-23.377079,-18.247713,-22.897926
6.568750,81.958107,-2.748945,4.923175,-23.502172,-17.960323,-22.907591
6.575000,87.871292,-2.749697,0.326153,-23.605524,-18.526478,-22.937889
6.581250,93.783707,-2.750205,-3.235711,-23.680010,-19.503546,-22.967663
6.587500,97.798828,-2.751071,-5.836721,-23.729086,-20.350573,-22.996172
6.593750,101.536964,-2.752927,-7.508045,-23.758118,-22.595472,-23.029621
6.600000,104.469841,-2.754783,-8.282534,-23.771727,-24.186220,-23.070765
6.606250,106.110825,-2.755613,-8.195371,-23.770771,-25.228708,-23.118000
6.612500,106.027893,-2.756033,-7.320632,-23.756863,-25.850557,-23.169563
6.618750,103.871956,-2.757410,-5.772263,-23.729771,-26.192074,-23.221312
6.625000,99.407883,-2.759876,-3.691322,-23.689331,-24.497293,-23.270222
6.631250,92.521255,-2.762433,-1.267157,-23.638439,-22.545393,-23.327730
6.637500,83.215012,-2.764691,1.589777,-23.573660,-20.013638,-23.311836
6.643750,71.604706,-2.767655,4.986994,-23.475700,-18.739172,-23.279436
6.650000,57.926422,-2.771551,8.672041,-23.340202,-16.744114,-23.230991
6.656250,42.527409,-2.775259,12.259269,-23.170525,-14.427826,-23.156816
6.662500,25.837463,-2.778215,15.451988,-22.962395,-12.153544,-23.044827
6.668750,8.343844,-2.780842,17.984930,-22.704323,-10.330978,-22.889503
6.675000,-9.425813,-2.783682,19.514183,-22.413393,-9.499185,-22.723042
6.681250,-26.923183,-2.786817,19.682930,-22.107727,-7.940591,-22.557667
6.687500,-43.614075,-2.790077,20.509695,-21.796972,-7.300812,-22.401979
6.693750,-59.004707,-2.793472,20.435844,-21.514477,-7.449084,-22.273172
6.700000,-72.665825,-2.796380,19.668385,-21.243448,-8.259037,-22.215303
6.706250,-84.254593,-2.798040,18.188492,-20.990435,-9.418015,-22.192074
6.712500,-93.539307,-2.798890,16.565805,-20.801497,-10.307083,-22.221973
6.718750,-100.403442,-2.799840,14.990668,-20.699602,-11.169794,-22.331991
6.725000,-104.847473,-2.801077,13.571738,-20.693457,-11.668386,-22.512817
6.731250,-106.986343,-2.801770,12.344577,-20.782801,-13.524077,-22.775785
6.737500,-107.055687,-2.801394,11.309724,-20.956812,-14.768919,-23.124483
6.743750,-105.401268,-2.800403,10.388489,-21.218376,-15.676482,-23.522972
6.750000,-102.454056,-2.799266,9.393903,-21.598127,-16.405293,-23.931957
6.756250,-98.705589,-2.798032,8.927173,-21.969975,-17.024569,-24.312195
6.762500,-94.687813,-2.796957,8.912655,-22.378248,-17.737427,-24.661341
6.768750,-88.779785,-2.796211,9.054015,-22.816252,-18.685266,-24.960825
6.775000,-82.872887,-2.795118,9.308279,-23.265961,-17.723639,-25.192553
6.781250,-76.965065,-2.793312,9.589394,-23.708176,-16.286276,-25.344910
6.787500,-71.061317,-2.791433,9.792995,-24.122841,-13.935777,-25.409702
6.793750,-65.166092,-2.790507,9.814875,-24.491898,-10.268660,-25.382698
6.800000,-59.277439,-2.790544,9.551824,-24.799286,-4.939474,-25.262123
6.806250,-53.387756,-2.790832,8.911996,-25.031721,0.165182,-25.046677
6.812500,-47.496788,-2.791424,7.810996,-25.181089,6.630164,-24.715237
6.818750,-41.607552,-2.793197,8.323101,-25.256575,14.328983,-24.348028
6.825000,-35.717674,-2.795671,8.971663,-25.298573,21.764246,-23.943092
6.831250,-29.820412,-2.797719,8.675941,-25.231951,29.651266,-23.535971
6.837500,-23.917303,-2.799598,9.348360,-25.117971,37.209564,-23.175566
6.843750,-18.016317,-2.802608,10.750778,-24.983574,43.754700,-22.884460
6.850000,-12.115938,-2.806733,12.851642,-24.844580,50.430626,-22.658503
6.856250,-6.206626,-2.810296,15.587736,-24.711517,55.269428,-22.528492
6.862500,-0.285965,-2.812424,18.869768,-24.588327,58.474873,-22.504240
6.868750,5.636874,-2.814071,22.618441,-24.466013,60.233406,-22.576048
6.875000,11.553911,-2.816340,26.755901,-24.319977,60.809193,-22.724270
6.881250,17.467672,-2.818924,31.323740,-24.181831,60.529892,-22.892517
6.887500,23.383390,-2.821271,34.783596,-24.074642,59.601788,-23.107286
6.893750,29.301170,-2.823318,38.477657,-23.993170,57.865517,-23.349136
6.900000,35.218204,-2.825136,41.898808,-23.983416,56.119164,-23.567244
6.906250,41.134975,-2.826357,44.593567,-23.943403,54.735413,-23.726553
6.912500,47.049610,-2.827229,47.217529,-23.901424,52.096214,-23.810062
6.918750,52.957355,-2.828707,48.579750,-23.876598,50.082409,-23.810633
6.925000,58.858658,-2.831201,48.693035,-23.852312,48.409851,-23.723238
6.931250,64.760483,-2.833990,47.622166,-23.774309,46.801231,-23.547291
6.937500,70.665970,-2.836626,47.083042,-23.750015,44.907108,-23.307045
6.943750,76.573013,-2.839474,44.040714,-23.726936,42.310238,-23.043760
6.950000,82.481216,-2.842405,40.908749,-23.686464,40.421947,-22.718342
6.956250,88.393593,-2.844475,37.703384,-23.616076,37.217903,-22.363523
6.962500,94.310532,-2.845460,34.424519,-23.511272,33.139645,-22.015095
6.968750,98.328476,-2.846913,31.051813,-23.378374,28.331387,-21.698812
6.975000,102.065247,-2.849731,27.595196,-23.223785,22.890034,-21.431704
6.981250,104.997536,-2.852963,24.127806,-23.049345,16.928341,-21.220963
6.987500,106.640976,-2.855062,20.725941,-22.856007,10.541805,-21.065397
6.993750,106.566238,-2.856000,17.462236,-22.638432,3.808687,-20.948423
7.000000,104.422287,-2.856950,14.409774,-22.378218,-3.272938,-20.880079
7.006250,99.968750,-2.858682,11.574251,-22.052485,-8.776522,-20.883455
7.012500,93.088997,-2.861009,10.629535,-21.780169,-13.939862,-20.937571
7.018750,83.787376,-2.863581,10.315739,-21.547741,-18.259375,-21.022606
7.025000,72.186821,-2.866078,9.745984,-21.284697,-21.300213,-21.174282
7.031250,58.524170,-2.868248,10.504785,-21.055344,-24.588999,-21.373913
7.037500,43.139107,-2.870237,12.201868,-20.899143,-25.977905,-21.604298
7.043750,26.456661,-2.872519,14.581620,-20.849815,-26.440115,-21.896589
7.050000,8.969643,-2.875062,17.411694,-20.931612,-26.147066,-22.261934
7.056250,-8.784491,-2.876733,20.524815,-21.134417,-25.251308,-22.704988
7.062500,-26.257790,-2.876990,21.854855,-21.455656,-23.931665,-23.234064
7.068750,-42.924236,-2.876479,24.834881,-21.898079,-22.395901,-23.893494
7.075000,-58.296989,-2.875843,27.376310,-22.437372,-20.189596,-24.506268
7.081250,-71.947060,-2.874818,29.400747,-22.986582,-19.925371,-25.142973
7.087500,-83.530861,-2.872841,30.882311,-23.618622,-20.267677,-25.806107
7.093750,-92.813187,-2.870042,30.632750,-24.285353,-19.604263,-26.474407
7.100000,-99.676575,-2.866920,29.414591,-24.938988,-19.776245,-27.117580
7.106250,-104.122536,-2.863640,27.016998,-25.553959,-20.717869,-27.702669
7.112500,-106.272896,-2.860598,23.270678,-26.120413,-22.325806,-28.194025
7.118750,-106.365768,-2.858256,17.941082,-26.581375,-24.441181,-28.548655
7.125000,-104.739944,-2.856629,12.930752,-26.913500,-26.824701,-28.715502
7.131250,-101.817932,-2.855018,7.064064,-27.127251,-31.166975,-28.734655
7.137500,-98.091446,-2.853467,0.737323,-27.233614,-35.632259,-28.596310
7.143750,-94.098984,-2.853143,-5.684545,-27.237453,-40.531410,-28.293541
7.150000,-88.220482,-2.854899,-11.836418,-27.143515,-45.870594,-27.837980
7.156250,-82.341583,-2.857669,-17.401739,-26.958284,-51.559902,-27.252415
7.162500,-76.452652,-2.860104,-22.116545,-26.693710,-57.459217,-26.572626
7.168750,-70.557335,-2.862288,-25.786905,-26.368261,-63.421383,-25.852680
7.175000,-64.663086,-2.865200,-28.268265,-26.002979,-69.348114,-25.111713
7.181250,-58.768490,-2.868665,-29.463045,-25.619474,-75.385468,-24.360920
7.187500,-52.867073,-2.871787,-29.330080,-25.236698,-79.217728,-23.662180
7.193750,-46.958469,-2.874310,-27.864330,-24.856098,-82.305305,-23.059050
7.200000,-41.047970,-2.876713,-27.016083,-24.477852,-84.047783,-22.580812
7.206250,-35.136246,-2.878927,-23.568102,-24.175249,-83.831955,-22.186935
7.212500,-29.221062,-2.880464,-19.333439,-23.928801,-83.050446,-21.917984
7.218750,-23.304417,-2.881752,-14.597559,-23.744865,-80.580360,-21.806936
7.225000,-17.391390,-2.883650,-9.629052,-23.612602,-76.236153,-21.825426
7.231250,-11.479693,-2.886010,-4.719614,-23.520025,-70.458954,-21.951769
7.237500,-5.562876,-2.887776,-0.265114,-23.478643,-63.768826,-22.156300
7.243750,0.358806,-2.888679,5.525376,-23.483778,-56.707085,-22.392254
7.250000,6.278669,-2.889500,11.122534,-23.517162,-49.842754,-22.563515
7.256250,12.193791,-2.890637,16.794603,-23.567501,-44.503357,-22.810740
7.262500,18.106693,-2.892016,20.846792,-23.640865,-38.650845,-23.040680
7.268750,24.018398,-2.893625,25.118322,-23.735401,-33.945534,-23.195047
7.275000,29.928663,-2.896079,29.575533,-23.783514,-30.438856,-23.270706
7.281250,35.837254,-2.899330,33.741997,-23.806797,-28.174723,-23.272663
7.287500,41.751141,-2.902236,37.224590,-23.799297,-26.983095,-23.203081
7.293750,47.673409,-2.903849,39.925983,-23.734060,-26.622345,-23.067284
7.300000,53.598957,-2.904379,41.947399,-23.640818,-26.857426,-22.880411
7.306250,59.520710,-2.904608,43.590290,-23.528021,-27.451485,-22.664484
7.312500,65.434441,-2.905504,44.776825,-23.386080,-28.167795,-22.443079
7.318750,71.342903,-2.907255,45.715958,-23.224722,-28.844757,-22.233145
7.325000,77.250824,-2.909596,44.846073,-23.045286,-29.448847,-22.040594
7.331250,83.164642,-2.911400,44.305073,-22.832592,-29.862030,-21.892038
7.337500,89.084755,-2.912176,43.787720,-22.615013,-30.030397,-21.809479
7.343750,95.004906,-2.912343,43.051708,-22.416195,-30.051571,-21.798723
7.350000,99.024574,-2.912924,42.000370,-22.247627,-28.186451,-21.835703
7.356250,102.765831,-2.914276,40.588383,-22.111889,-26.144672,-21.927755
7.362500,105.701271,-2.915935,38.762634,-22.007471,-23.162701,-22.097494
7.368750,107.341728,-2.917361,36.473793,-21.925215,-21.246490,-22.309261
7.375000,107.258186,-2.918631,33.651226,-21.856291,-18.728552,-22.531103
7.381250,105.107857,-2.920074,32.326294,-21.798260,-15.807095,-22.729399
7.387500,100.652916,-2.921963,30.897743,-21.782133,-12.775240,-22.898899
7.393750,93.772156,-2.924738,29.537888,-21.780922,-7.862047,-23.040867
7.400000,84.467491,-2.928061,28.474550,-21.785189,-2.593861,-23.136166
7.406250,72.866829,-2.930943,28.083244,-21.814316,1.425986,-23.175753
7.412500,59.207924,-2.932666,28.415552,-21.882685,6.007545,-23.161034
7.418750,43.825005,-2.933989,29.399300,-22.000387,10.778704,-23.098261
7.425000,27.139845,-2.935756,30.895824,-22.176176,15.375528,-22.999002
7.431250,9.647138,-2.937755,32.745049,-22.413149,19.477667,-22.871046
7.437500,-8.114809,-2.939360,34.781548,-22.706659,22.839342,-22.706562
7.443750,-25.600676,-2.940593,39.006317,-23.035700,25.230341,-22.506067
7.450000,-42.279884,-2.941926,41.967422,-23.382622,26.223280,-22.320885
7.456250,-57.660114,-2.942744,45.248055,-23.808428,25.661488,-22.167347
7.462500,-71.308495,-2.942355,48.631710,-24.299999,23.625765,-22.057308
7.468750,-82.889282,-2.941045,51.962631,-24.867968,20.217756,-22.000780
7.475000,-92.172028,-2.939775,55.141762,-25.438137,15.653124,-21.991585
7.481250,-99.034668,-2.938498,57.971958,-26.021088,10.246221,-22.022694
7.487500,-103.472374,-2.936530,58.125931,-26.616179,4.294948,-22.092363
7.493750,-105.606926,-2.933739,57.148899,-27.203529,-1.773862,-22.189365
7.500000,-105.681847,-2.931423,54.525604,-27.742987,-7.352549,-22.301722
7.506250,-104.040428,-2.930033,51.926716,-28.212282,-11.712946,-22.431599
7.512500,-101.104362,-2.928884,47.395348,-28.614166,-14.263541,-22.558361
7.518750,-97.361557,-2.927531,41.239063,-28.919107,-14.459830,-22.662903
7.525000,-93.350380,-2.926828,33.795048,-29.110996,-11.761606,-22.740425
7.531250,-87.452187,-2.927481,25.375299,-29.191940,-7.802085,-22.785408
7.537500,-81.556129,-2.928854,16.351887,-29.174967,-2.554271,-22.768845
7.543750,-75.658073,-2.930316,7.286947,-29.029648,5.280164,-22.706560
7.550000,-69.760620,-2.932394,-1.351354,-28.780230,14.707543,-22.615568
7.556250,-63.866043,-2.935559,-9.292131,-28.460197,24.831001,-22.514225
7.562500,-57.970768,-2.939318,-17.948280,-28.087963,34.773819,-22.426050
7.568750,-52.070068,-2.942934,-25.151632,-27.669220,43.732052,-22.368851
7.575000,-46.163998,-2.946052,-30.800915,-27.246975,51.189365,-22.299875
7.581250,-40.255077,-2.948689,-34.709091,-26.834909,56.389698,-22.254126
7.587500,-34.344513,-2.950606,-37.139267,-26.437532,60.823429,-22.251303
7.593750,-28.433348,-2.951791,-38.272518,-26.066137,62.819592,-22.295042
7.600000,-22.525511,-2.952911,-38.199017,-25.726595,62.745117,-22.378872
7.606250,-16.623020,-2.954614,-37.020851,-25.421520,61.040482,-22.489344
7.612500,-10.722609,-2.956440,-34.882347,-25.146580,58.183422,-22.610685
7.618750,-4.819921,-2.957774,-31.966843,-24.895382,54.626335,-22.743696
7.625000,1.082962,-2.959004,-28.538717,-24.664644,50.763630,-22.914352
7.631250,6.981262,-2.960863,-22.729258,-24.450996,47.012421,-23.085281
7.637500,12.876351,-2.963505,-18.089123,-24.245523,43.228706,-23.207628
7.643750,18.771477,-2.966170,-12.722758,-24.008930,40.146275,-23.307171
7.650000,24.668686,-2.969070,-6.991186,-23.700865,37.815811,-23.388412
7.656250,30.563627,-2.972913,-1.702439,-23.396797,36.028271,-23.466413
7.662500,36.456497,-2.978100,2.536877,-23.090305,34.463413,-23.546148
7.668750,42.353607,-2.983759,7.702456,-22.777840,32.853077,-23.624155
7.675000,48.261627,-2.988842,12.033706,-22.469135,32.774738,-23.705872
7.681250,54.177536,-2.992906,15.674852,-22.182837,32.206551,-23.800533
7.687500,60.096951,-2.996347,18.832294,-21.942316,31.256676,-23.917519
7.693750,66.016739,-2.999331,21.790482,-21.756556,30.004644,-24.068830
7.700000,71.936478,-3.001817,23.058729,-21.616924,28.499226,-24.284487
7.706250,77.857368,-3.003701,24.480738,-21.537800,26.741854,-24.507484
7.712500,83.778275,-3.004959,25.752220,-21.515383,23.885998,-24.708149
7.718750,89.697449,-3.005713,26.648209,-21.534248,22.562054,-24.948034
7.725000,95.615555,-3.005818,26.783123,-21.627083,21.119642,-25.219063
7.731250,99.636925,-3.005374,25.897400,-21.776470,19.849859,-25.498625
7.737500,103.379128,-3.005103,23.975792,-21.953207,18.885654,-25.756985
7.743750,106.308975,-3.005601,23.024076,-22.131275,18.309351,-25.952343
7.750000,107.936699,-3.006997,21.480856,-22.291666,18.110697,-26.049829
7.756250,107.840088,-3.008682,19.630537,-22.422558,17.957060,-26.088434
7.762500,105.681526,-3.010355,17.689043,-22.525345,17.816652,-26.039759
7.768750,101.220718,-3.012425,15.850732,-22.597473,17.733780,-25.892502
7.775000,94.333710,-3.015600,14.355515,-22.635174,17.575422,-25.648438
7.781250,85.024132,-3.019625,13.360232,-22.646769,17.199230,-25.323145
7.787500,73.420441,-3.023327,12.921704,-22.645197,16.488089,-24.941977
7.793750,59.761383,-3.026163,13.061832,-22.643257,15.401793,-24.530243
7.800000,44.382038,-3.028526,13.764427,-22.652014,14.044542,-24.076971
7.806250,27.705673,-3.030578,15.003008,-22.672215,12.562469,-23.571802
7.812500,10.226019,-3.031978,14.822268,-22.703491,10.991668,-23.071022
7.818750,-7.522597,-3.032310,16.823870,-22.760754,8.289148,-22.645285
7.825000,-24.998266,-3.032185,18.890440,-22.870955,6.033878,-22.286215
7.831250,-41.672325,-3.031945,20.807472,-23.056581,4.159271,-21.998596
7.837500,-57.048428,-3.031114,22.511368,-23.349861,2.744638,-21.781027
7.843750,-70.697273,-3.029012,23.925920,-23.690151,1.946766,-21.633827
7.850000,-82.283539,-3.026485,25.587200,-24.064972,1.861338,-21.566732
7.856250,-91.576881,-3.024637,26.711010,-24.493963,0.413810,-21.577650
7.862500,-98.451653,-3.023374,27.352552,-24.963013,-0.865865,-21.655430
7.868750,-102.900589,-3.021514,25.673695,-25.442316,-2.295670,-21.783733
7.875000,-105.043770,-3.018792,23.304396,-25.910080,-4.129465,-21.936340
7.881250,-105.125397,-3.016129,21.769190,-26.363834,-6.554911,-22.060675
7.887500,-103.490395,-3.014088,19.291874,-26.777527,-9.664171,-22.192457
7.893750,-100.561012,-3.012305,16.056803,-27.132942,-12.518154,-22.334204
7.900000,-96.826447,-3.010662,12.259295,-27.400782,-15.456449,-22.425461
7.906250,-92.823227,-3.010038,8.187597,-27.555794,-18.358339,-22.474926
7.912500,-86.930107,-3.010750,3.965158,-27.605799,-20.945169,-22.493805
7.918750,-81.033424,-3.010750,-0.209977,-27.605799,-22.818319,-22.493805
7.925000,-81.033424,-3.010750,-0.209977,-27.605799,-22.818319,-22.493805
7.931250,-81.033424,-3.010750,-0.209977,-27.605799,-22.818319,-22.493805
7.937500,-81.033424,-3.010750,-0.209977,-27.605799,-22.818319,-22.493805
7.943750,-81.033424,-3.010750,-0.209977,-27.605799,-22.818319,-22.493805
7.950000,-81.033424,-3.010750,-0.209977,-27.605799,-22.818319,-22.493805
7.956250,-81.033424,-3.010750,-0.209977,-27.605799,-22.818319,-22.493805
7.962500,-81.033424,-3.010750,-0.209977,-27.605799,-22.818319,-22.493805
7.968750,-81.033424,-3.010750,-0.209977,-27.605799,-22.818319,-22.493805
7.975000,-81.033424,-3.010750,-0.209977,-27.605799,-22.818319,-22.493805
7.981250,-81.033424,-3.010750,-0.209977,-27.605799,-22.818319,-22.493805
7.987500,-81.033424,-3.010750,-0.209977,-27.605799,-22.818319,-22.493805
7.993750,-81.033424,-3.010750,-0.209977,-27.605799,-22.818319,-22.493805
8.000000,-81.033424,-3.010750,-0.209977,-27.605799,-22.818319,-22.493805
