Anritsu VNA Frequency[GHz],S21[deg],S21[dB],S11[deg],S11[dB],S22[deg],S22[dB]
1338108959.04,2012_05_27_09:55:59,+40.614,+10.269,+55.029,+10.281,+13.901,+13.711,+14.005,+13.756,10.362960,-15.942
3.006250,34.197056,-1.756932,59.365849,-26.676449,-79.910370,-27.416821
3.012500,34.197056,-1.756932,59.365849,-26.676449,-79.910370,-27.416821
3.018750,34.197056,-1.756932,59.365849,-26.676449,-79.910370,-27.416821
3.025000,34.197056,-1.756932,59.365849,-26.676449,-79.910370,-27.416821
3.031250,34.197056,-1.756932,59.365849,-26.676449,-79.910370,-27.416821
3.037500,34.197056,-1.756932,59.365849,-26.676449,-79.910370,-27.416821
3.043750,34.197056,-1.756932,59.365849,-26.676449,-79.910370,-27.416821
3.050000,34.197056,-1.756932,59.365849,-26.676449,-79.910370,-27.416821
3.056250,34.197056,-1.756932,59.365849,-26.676449,-79.910370,-27.416821
3.062500,34.197056,-1.756932,59.365849,-26.676449,-79.910370,-27.416821
3.068750,34.197056,-1.756932,59.365849,-26.676449,-79.910370,-27.416821
3.075000,34.197056,-1.756932,59.365849,-26.676449,-79.910370,-27.416821
3.081250,34.197056,-1.756932,59.365849,-26.676449,-79.910370,-27.416821
3.087500,34.197056,-1.756932,59.365849,-26.676449,-79.910370,-27.416821
3.093750,34.197056,-1.758659,59.365849,-26.476555,-79.910370,-27.168358
3.100000,40.104000,-1.760651,56.684265,-26.327028,-81.920067,-26.936867
3.106250,46.010628,-1.762602,53.120056,-26.249615,-82.315277,-26.724649
3.112500,51.917625,-1.764558,49.034336,-26.263655,-80.737251,-26.502924
3.118750,57.823723,-1.766676,43.028805,-26.308956,-79.022224,-26.205402
3.125000,63.728710,-1.768876,38.226772,-26.355412,-74.978516,-25.944498
3.131250,69.633202,-1.771165,33.837395,-26.428703,-68.820328,-25.657177
3.137500,75.536751,-1.773783,30.119768,-26.529535,-60.940727,-25.333406
3.143750,81.438606,-1.776934,27.280979,-26.649290,-51.524681,-24.981567
3.150000,87.341415,-1.780387,25.499426,-26.773643,-40.728546,-24.613911
3.156250,93.247528,-1.783629,24.900024,-26.887867,-28.724691,-24.248991
3.162500,97.261322,-1.786627,25.547020,-26.978792,-15.712222,-23.910040
3.168750,101.001976,-1.789748,27.458796,-27.039282,-3.793075,-23.646381
3.175000,103.935928,-1.793178,30.680122,-27.047829,8.491315,-23.402300
3.181250,105.573151,-1.796709,33.452045,-26.991192,21.009888,-23.180754
3.187500,105.487953,-1.800147,37.239803,-26.887150,32.492672,-23.013138
3.193750,103.339310,-1.803331,41.340183,-26.747732,42.507648,-22.915794
3.200000,98.889420,-1.806234,45.182842,-26.581469,50.727512,-22.892368
3.206250,92.016739,-1.808800,48.282730,-26.398800,56.869541,-22.942501
3.212500,82.719261,-1.811203,50.224533,-26.213722,60.731533,-23.073986
3.218750,71.117477,-1.813818,50.692997,-26.036966,62.160221,-23.270294
3.225000,57.449757,-1.816301,51.690048,-25.862104,61.002106,-23.475695
3.231250,42.059116,-1.818265,51.751534,-25.689484,57.501587,-23.699247
3.237500,25.370811,-1.819931,49.386684,-25.518917,53.763424,-23.931974
3.243750,7.873186,-1.821874,46.708996,-25.327665,48.291946,-24.151585
3.250000,-9.901324,-1.824364,43.585972,-25.155664,41.757698,-24.339102
3.256250,-27.402487,-1.826995,39.657261,-25.016220,34.752693,-24.492954
3.262500,-44.095104,-1.829252,35.165321,-24.892157,27.924496,-24.602440
3.268750,-59.488331,-1.831154,30.052250,-24.779451,21.951309,-24.658546
3.275000,-73.158173,-1.833151,24.195538,-24.676937,17.382483,-24.660885
3.281250,-84.765388,-1.835540,17.486063,-24.575693,14.655545,-24.617228
3.287500,-94.070328,-1.838265,9.830216,-24.462477,14.070975,-24.541647
3.293750,-100.949356,-1.841071,1.194278,-24.298910,15.777207,-24.434923
3.300000,-105.402077,-1.843792,-6.245038,-24.131517,19.819496,-24.297903
3.306250,-107.549850,-1.846269,-14.909965,-23.996328,26.059746,-24.156393
3.312500,-107.630196,-1.848496,-23.577768,-23.874756,34.192776,-24.042946
3.318750,-105.985001,-1.850620,-31.955786,-23.774597,43.839165,-23.978294
3.325000,-103.041199,-1.852597,-39.781879,-23.713276,54.551910,-23.973160
3.331250,-99.290611,-1.854227,-46.799126,-23.716198,65.812012,-24.030293
3.337500,-95.266373,-1.855513,-52.829227,-23.847692,77.038620,-24.147953
3.343750,-89.347176,-1.856469,-57.893368,-24.006470,87.653923,-24.312466
3.350000,-83.428436,-1.857091,-62.334892,-24.227768,97.407799,-24.467447
3.356250,-77.510597,-1.857397,-65.783920,-24.552330,106.022850,-24.666136
3.362500,-71.594688,-1.857591,-66.527214,-25.001755,112.288017,-24.916636
3.368750,-65.680855,-1.857517,-66.205070,-25.557386,116.333000,-25.207516
3.375000,-59.767536,-1.856912,-64.692703,-26.192539,117.756432,-25.583460
3.381250,-53.856232,-1.855915,-62.005428,-26.872849,116.390617,-25.919329
3.387500,-47.951168,-1.855285,-58.232597,-27.559776,112.866592,-26.242601
3.393750,-42.052471,-1.855433,-53.535126,-28.208942,106.625221,-26.545778
3.400000,-36.155972,-1.855955,-48.129379,-28.777727,98.229881,-26.820768
3.406250,-30.258181,-1.856278,-42.350262,-29.245100,88.685776,-27.099239
3.412500,-24.360901,-1.856717,-36.523304,-29.586050,78.653908,-27.346586
3.418750,-18.468307,-1.858017,-28.710354,-29.779015,66.778534,-27.541800
3.425000,-12.578859,-1.860258,-22.453657,-29.819851,55.348133,-27.678867
3.431250,-6.686459,-1.862667,-15.902450,-29.723396,44.795208,-27.763714
3.437500,-0.789747,-1.864915,-9.310295,-29.474836,35.574680,-27.800407
3.443750,5.106611,-1.867769,-2.694774,-29.072037,28.367542,-27.737082
3.450000,11.001272,-1.871583,3.416605,-28.560381,21.457430,-27.603064
3.456250,16.900103,-1.875606,8.862761,-27.979046,16.619740,-27.412348
3.462500,22.807470,-1.878963,13.638872,-27.371241,13.563425,-27.167051
3.468750,28.719868,-1.881701,17.826612,-26.783596,11.969497,-26.863869
3.475000,34.632614,-1.884221,21.534245,-26.280981,11.492487,-26.518175
3.481250,40.544640,-1.886606,25.015324,-25.816162,11.736548,-26.145786
3.487500,46.456059,-1.889044,27.004915,-25.419149,12.334203,-25.741423
3.493750,52.365829,-1.891889,28.886719,-25.125595,12.853330,-25.311852
3.500000,58.274990,-1.895205,30.486282,-24.940435,12.856764,-24.868914
3.506250,64.186714,-1.898288,31.698400,-24.848822,12.014756,-24.422844
3.512500,70.103035,-1.900576,32.430496,-24.816851,10.055655,-23.983145
3.518750,76.019363,-1.902643,32.660385,-24.754665,6.778852,-23.554695
3.525000,81.929413,-1.905606,32.568039,-24.741123,2.030187,-23.143087
3.531250,87.834862,-1.909638,32.686729,-24.729237,-2.163821,-22.763128
3.537500,93.742867,-1.913936,32.686329,-24.684347,-7.263486,-22.431499
3.543750,97.761734,-1.917945,32.815201,-24.597204,-12.838369,-22.143761
3.550000,101.510002,-1.922068,33.413383,-24.440802,-18.609879,-21.862761
3.556250,104.451805,-1.926930,32.918114,-24.216116,-24.098969,-21.536766
3.562500,106.098351,-1.932091,33.041599,-23.952959,-29.018156,-21.295729
3.568750,106.028893,-1.936401,33.440136,-23.678247,-32.155079,-21.125563
3.575000,103.903038,-1.939359,33.838448,-23.418556,-34.508675,-21.027124
3.581250,99.478264,-1.941223,33.950924,-23.208532,-35.814796,-21.014675
3.587500,92.627937,-1.942665,33.519413,-23.083509,-36.088852,-21.047476
3.593750,83.351929,-1.943727,32.436028,-23.034124,-35.210293,-21.148191
3.600000,71.776230,-1.943735,30.643812,-23.071379,-33.020447,-21.331596
3.606250,58.138245,-1.942369,29.985516,-23.209499,-29.676670,-21.591820
3.612500,42.773373,-1.940115,29.009634,-23.433990,-25.458170,-21.902252
3.618750,26.105148,-1.937488,28.123066,-23.761568,-20.760189,-22.238045
3.625000,8.627850,-1.934222,27.430119,-24.203562,-16.365335,-22.641422
3.631250,-9.124696,-1.930091,27.546946,-24.722540,-10.473935,-23.074707
3.637500,-26.609390,-1.925600,28.774864,-25.283129,-4.806032,-23.509512
3.643750,-43.297516,-1.921504,31.251316,-25.848246,0.610430,-23.925762
3.650000,-58.696205,-1.918050,33.113941,-26.372583,5.688149,-24.307129
3.656250,-72.375114,-1.915162,35.921818,-26.781591,10.339394,-24.636486
3.662500,-83.992294,-1.913001,38.854130,-27.120266,14.469897,-24.908514
3.668750,-93.310677,-1.911747,42.829227,-27.367167,17.936106,-25.130116
3.675000,-100.206314,-1.911111,46.171719,-27.494089,20.656391,-25.299961
3.681250,-104.676910,-1.910582,48.609169,-27.498289,22.574354,-25.416557
3.687500,-106.845543,-1.910531,49.902519,-27.392759,23.611971,-25.482761
3.693750,-106.953094,-1.911718,49.904305,-27.203962,23.717825,-25.507992
3.700000,-105.338120,-1.914041,48.618530,-26.936874,22.899466,-25.503059
3.706250,-102.420906,-1.916524,46.200184,-26.609470,21.288168,-25.460165
3.712500,-98.692245,-1.918755,42.635391,-26.260849,19.104582,-25.373621
3.718750,-94.689896,-1.921340,36.215981,-25.918554,16.496466,-25.248110
3.725000,-88.794472,-1.924529,28.867880,-25.598270,13.794555,-25.099340
3.731250,-82.897011,-1.927832,20.315821,-25.344570,11.604313,-24.966282
3.737500,-76.994881,-1.930625,12.506399,-25.180595,10.340900,-24.861099
3.743750,-71.090279,-1.933137,4.181609,-25.091972,10.414578,-24.805990
3.750000,-65.187126,-1.935754,-4.105419,-25.066843,10.423013,-24.715956
3.756250,-59.284908,-1.938342,-11.961353,-25.100746,10.347918,-24.611179
3.762500,-53.381805,-1.940711,-18.961016,-25.172310,11.512386,-24.491957
3.768750,-47.478611,-1.943121,-24.665350,-25.246250,13.654521,-24.407511
3.775000,-41.576866,-1.945849,-28.843876,-25.332771,16.324165,-24.346655
3.781250,-35.675411,-1.948630,-31.395109,-25.419575,18.915760,-24.293768
3.787500,-29.772636,-1.951144,-31.957935,-25.486019,21.065651,-24.241568
3.793750,-23.869791,-1.953733,-30.450064,-25.546997,22.467321,-24.193695
3.800000,-17.968676,-1.956782,-28.794758,-25.546244,22.924734,-24.141983
3.806250,-12.068295,-1.960151,-24.639008,-25.458918,22.454256,-24.050909
3.812500,-6.166289,-1.963729,-19.497057,-25.324259,20.916529,-23.928595
3.818750,-0.263706,-1.967668,-13.916080,-25.159359,18.198744,-23.785170
3.825000,5.639436,-1.971958,-8.431740,-24.978577,14.434851,-23.627771
3.831250,11.546853,-1.975927,-1.391692,-24.796625,9.891495,-23.466757
3.837500,17.457829,-1.979378,5.389309,-24.627588,4.890726,-23.339359
3.843750,23.368383,-1.982953,12.066801,-24.467009,-0.229318,-23.200747
3.850000,29.276108,-1.987012,16.953751,-24.309376,-6.153698,-23.032364
3.856250,35.184853,-1.990905,21.729256,-24.163986,-11.691874,-22.874004
3.862500,41.097622,-1.994056,25.973429,-24.029230,-16.824575,-22.734312
3.868750,47.009502,-1.997061,29.354834,-23.892265,-21.528738,-22.610628
3.875000,52.914719,-2.001125,31.553585,-23.730734,-25.829105,-22.491709
3.881250,58.815792,-2.006382,32.216373,-23.550304,-29.796686,-22.361975
3.887500,64.720520,-2.011755,30.947142,-23.353434,-33.614334,-22.226610
3.893750,70.631645,-2.016686,27.673445,-23.122101,-37.539509,-22.090082
3.900000,76.544174,-2.021791,24.475231,-22.845755,-41.702358,-21.945124
3.906250,82.453644,-2.027992,19.900234,-22.524464,-44.404358,-21.789928
3.912500,88.363342,-2.035153,14.420894,-22.159500,-47.513821,-21.619921
3.918750,94.279388,-2.042691,8.497651,-21.758287,-50.743439,-21.421408
3.925000,98.309296,-2.050013,2.501063,-21.347994,-53.848431,-21.168152
3.931250,102.074699,-2.056955,-3.230188,-20.954115,-56.893585,-20.949795
3.937500,105.040962,-2.063479,-8.262682,-20.596323,-57.681530,-20.761497
3.943750,106.715660,-2.069313,-12.271706,-20.298004,-57.286758,-20.612171
3.950000,106.672676,-2.074011,-15.039094,-20.080971,-55.245594,-20.515369
3.956250,104.571289,-2.076998,-16.437807,-19.963383,-51.202278,-20.486563
3.962500,100.171265,-2.078259,-16.411524,-19.954964,-44.907944,-20.537577
3.968750,93.347336,-2.078089,-14.957748,-20.052898,-36.225632,-20.677210
3.975000,84.096931,-2.076610,-14.024109,-20.223997,-25.160202,-20.915777
3.981250,72.540741,-2.073779,-9.920799,-20.518955,-11.873371,-21.281101
3.987500,58.914124,-2.069823,-5.558498,-20.919521,2.014965,-21.688934
3.993750,43.555653,-2.065050,-0.263764,-21.383375,17.174820,-22.199013
4.000000,26.891535,-2.059633,5.322472,-21.906263,32.799675,-22.819199
4.006250,9.414375,-2.053558,10.849746,-22.471565,48.020576,-23.582317
4.012500,-8.345568,-2.047332,16.051052,-23.051882,61.768700,-24.341242
4.018750,-25.844097,-2.041828,20.673880,-23.614185,74.723564,-25.076002
4.025000,-42.547642,-2.037219,24.431112,-24.143419,84.938103,-25.821428
4.031250,-57.959114,-2.033153,29.187674,-24.629242,93.318680,-26.581873
4.037500,-71.649742,-2.029673,31.573511,-25.051243,98.992531,-27.303198
4.043750,-83.281792,-2.027458,33.630905,-25.396769,102.245552,-27.955519
4.050000,-92.616600,-2.026635,35.214394,-25.665554,103.475845,-28.521803
4.056250,-99.526314,-2.026247,36.253998,-25.848337,103.210541,-28.992311
4.062500,-104.008339,-2.025599,36.828163,-25.927155,100.248894,-29.333870
4.068750,-106.190674,-2.025726,36.880577,-25.919188,96.993507,-29.532381
4.075000,-106.315292,-2.027801,36.431087,-25.841629,93.499878,-29.595592
4.081250,-104.716064,-2.031205,35.658913,-25.707981,89.997665,-29.527477
4.087500,-101.810326,-2.034365,34.820530,-25.526825,84.645622,-29.329041
4.093750,-98.090416,-2.036895,34.217934,-25.306965,79.170624,-29.006195
4.100000,-94.097748,-2.039637,32.272015,-25.063103,73.430656,-28.580080
4.106250,-88.214447,-2.043275,30.975740,-24.800282,67.326096,-28.089586
4.112500,-82.331497,-2.047386,30.237675,-24.509834,60.935490,-27.491980
4.118750,-76.445457,-2.051755,29.795807,-24.208513,54.435829,-26.823853
4.125000,-70.557556,-2.056759,29.358110,-23.911219,47.558220,-26.125544
4.131250,-64.668449,-2.062361,28.757706,-23.627142,40.454315,-25.427580
4.137500,-58.774910,-2.068011,27.878031,-23.359600,33.319729,-24.753195
4.143750,-52.874756,-2.073371,26.636124,-23.107862,26.368563,-24.120260
4.150000,-46.971680,-2.078707,24.944677,-22.870901,19.793137,-23.541718
4.156250,-41.068527,-2.084391,24.899364,-22.644884,13.766655,-23.018480
4.162500,-35.164024,-2.090428,25.092665,-22.418571,8.432257,-22.564623
4.168750,-29.255865,-2.096562,24.106415,-22.181976,5.505177,-22.180538
4.175000,-23.343948,-2.102771,23.802114,-21.953323,2.413456,-21.865850
4.181250,-17.428188,-2.108876,23.987583,-21.737612,0.873346,-21.613224
4.187500,-11.507912,-2.114652,24.463715,-21.539663,0.769753,-21.360659
4.193750,-5.583209,-2.120030,25.005613,-21.365623,2.152283,-21.221951
4.200000,0.345318,-2.124797,25.384163,-21.222975,3.112251,-21.166569
4.206250,6.277150,-2.128647,25.383623,-21.119181,4.327332,-21.173355
4.212500,12.211451,-2.131375,24.838974,-21.051025,6.825593,-21.198889
4.218750,18.144421,-2.133355,25.815323,-21.007923,8.374122,-21.247620
4.225000,24.073435,-2.135077,24.902264,-20.985500,8.970101,-21.320358
4.231250,29.998566,-2.136711,24.078899,-20.972523,8.465107,-21.402781
4.237500,35.920910,-2.138082,23.137909,-20.968346,6.690108,-21.472277
4.243750,41.841373,-2.139244,21.741932,-20.989765,5.564775,-21.538361
4.250000,47.760166,-2.140103,19.733988,-21.021669,3.466913,-21.600060
4.256250,53.677166,-2.140563,16.966711,-21.046320,0.922155,-21.641123
4.262500,59.589890,-2.141087,13.208920,-21.049290,-1.657460,-21.650528
4.268750,65.495300,-2.142486,8.260990,-21.019892,-3.916555,-21.617521
4.275000,71.394432,-2.145013,1.944191,-20.950846,-5.541959,-21.535515
4.281250,77.292839,-2.148227,-3.736823,-20.829979,-6.263873,-21.392290
4.287500,83.193771,-2.151820,-10.309724,-20.654392,-5.882452,-21.158529
4.293750,89.094193,-2.156601,-17.519823,-20.447023,-4.489885,-20.904539
4.300000,94.994110,-2.162749,-24.994173,-20.209698,-2.368533,-20.633055
4.306250,99.005920,-2.169092,-32.290844,-19.945511,0.681162,-20.341339
4.312500,102.756523,-2.174580,-39.091843,-19.665567,4.452237,-20.039022
4.318750,105.708458,-2.179598,-45.126808,-19.384272,8.679996,-19.739515
4.325000,107.361511,-2.185055,-50.194557,-19.122902,13.058862,-19.460756
4.331250,107.290733,-2.190913,-54.147537,-18.904661,17.278543,-19.217222
4.337500,105.162354,-2.196070,-56.888863,-18.775928,21.067022,-19.011915
4.343750,100.740524,-2.200060,-58.439663,-18.649738,24.203417,-18.788141
4.350000,93.898865,-2.203146,-57.795494,-18.594727,26.214426,-18.668333
4.356250,84.635178,-2.205162,-55.854191,-18.646694,28.766560,-18.633699
4.362500,73.071869,-2.205610,-52.414143,-18.804974,30.618124,-18.694920
4.368750,59.443432,-2.204837,-47.564056,-19.061583,32.120941,-18.877909
4.375000,44.084312,-2.203705,-41.507687,-19.403021,33.524525,-19.123838
4.381250,27.421549,-2.202085,-34.516762,-19.808598,34.881615,-19.414280
4.387500,9.951974,-2.199377,-26.915400,-20.251337,36.992836,-19.755705
4.393750,-7.793518,-2.195806,-19.115292,-20.715172,38.183422,-20.176708
4.400000,-25.275158,-2.192570,-11.578192,-21.187185,40.014523,-20.652950
4.406250,-41.960381,-2.189811,-2.504259,-21.649506,42.065716,-21.157747
4.412500,-57.350964,-2.186677,4.520297,-22.088896,44.047112,-21.672792
4.418750,-71.018616,-2.183251,11.340175,-22.499636,45.744381,-22.184595
4.425000,-82.628540,-2.180479,17.784363,-22.819656,47.072540,-22.644987
4.431250,-91.944275,-2.178742,23.680590,-23.048908,48.044525,-23.026672
4.437500,-98.838707,-2.177380,28.638454,-23.199240,48.428967,-23.325811
4.443750,-103.309402,-2.176184,32.610271,-23.277954,48.223381,-23.535282
4.450000,-105.481972,-2.175966,35.662476,-23.287157,47.557053,-23.648006
4.456250,-105.594849,-2.177301,37.923988,-23.231260,46.597454,-23.662392
4.462500,-103.982193,-2.179309,39.596340,-23.120434,45.528114,-23.584293
4.468750,-101.067093,-2.181595,40.967411,-22.973928,44.569057,-23.435799
4.475000,-97.344833,-2.184666,40.522079,-22.790333,44.016960,-23.203381
4.481250,-93.349541,-2.188562,40.426132,-22.562971,42.596176,-22.872810
4.487500,-87.454254,-2.192445,40.342278,-22.323683,41.838356,-22.490446
4.493750,-81.553764,-2.196019,40.078403,-22.093941,41.442715,-22.086033
4.500000,-75.654305,-2.200476,39.568371,-21.884878,41.190311,-21.681164
4.506250,-69.758125,-2.206542,38.788258,-21.696949,40.872494,-21.290497
4.512500,-63.856766,-2.213036,37.730457,-21.517475,40.270931,-20.923586
4.518750,-57.942677,-2.218522,36.395267,-21.293175,39.138725,-20.589924
4.525000,-52.020031,-2.223048,34.810135,-21.106462,37.160366,-20.325136
4.531250,-46.098255,-2.227836,34.058392,-20.967926,33.892948,-20.118521
4.537500,-40.178513,-2.233245,33.635677,-20.833809,30.688190,-19.946560
4.543750,-34.253109,-2.238460,32.134544,-20.692602,26.048719,-19.820524
4.550000,-28.319540,-2.242658,31.275368,-20.571394,20.305910,-19.717306
4.556250,-22.380539,-2.245943,30.769182,-20.492624,13.862329,-19.695822
4.562500,-16.439976,-2.248740,30.397600,-20.475454,7.427807,-19.772709
4.568750,-10.498328,-2.250988,29.935448,-20.546001,0.977033,-19.946386
4.575000,-4.554187,-2.252442,29.157385,-20.761148,-5.312089,-20.162899
4.581250,1.393133,-2.252654,27.877140,-21.041866,-11.110888,-20.434534
4.587500,7.341488,-2.251597,24.833260,-21.407650,-15.924318,-20.772953
4.593750,13.287951,-2.249624,22.889791,-21.878008,-19.565296,-21.170862
4.600000,19.230589,-2.246813,20.186390,-22.455078,-21.987806,-21.607832
4.606250,25.169693,-2.243006,16.586374,-23.207388,-23.332539,-22.095516
4.612500,31.104145,-2.238233,13.030349,-23.996397,-23.874506,-22.624495
4.618750,37.029018,-2.233470,8.864148,-24.857492,-23.680700,-23.172176
4.625000,42.941883,-2.229518,4.434587,-25.771322,-23.032335,-23.723351
4.631250,48.848419,-2.225728,0.029741,-26.704088,-22.252821,-24.264328
4.637500,54.754108,-2.221140,-4.086705,-27.613131,-21.706591,-24.777857
4.643750,60.654934,-2.216215,-7.668671,-28.445547,-21.756195,-25.229387
4.650000,66.542564,-2.212578,-12.410432,-29.140341,-22.748211,-25.571554
4.656250,72.415596,-2.210992,-14.449133,-29.669701,-25.065960,-25.810740
4.662500,78.282883,-2.210983,-15.833130,-30.025126,-27.279947,-25.969345
4.668750,84.149117,-2.212269,-16.432261,-30.176447,-30.769562,-26.020498
4.675000,90.015045,-2.215045,-16.270264,-30.110926,-35.297558,-25.956272
4.681250,93.986702,-2.219150,-15.479155,-29.831146,-40.655323,-25.777304
4.687500,97.689583,-2.223952,-14.262512,-29.360798,-46.618557,-25.494827
4.693750,100.590065,-2.229696,-12.864170,-28.737490,-52.919964,-25.120764
4.700000,102.192627,-2.237379,-11.581319,-27.989639,-59.212978,-24.657293
4.706250,102.073036,-2.246816,-10.895224,-27.121698,-65.132568,-24.097267
4.712500,99.901703,-2.256161,-11.054667,-26.174715,-70.245201,-23.492134
4.718750,95.445396,-2.264199,-12.401259,-25.224495,-75.953621,-22.899572
4.725000,88.573097,-2.271626,-13.361865,-24.332788,-80.784721,-22.339481
4.731250,79.277657,-2.279385,-15.485918,-23.522007,-84.895287,-21.846924
4.737500,67.684471,-2.286679,-18.518221,-22.811657,-88.501335,-21.387152
4.743750,54.036102,-2.292400,-22.240753,-22.214848,-91.893417,-20.966751
4.750000,38.668560,-2.296881,-26.399244,-21.728243,-93.003960,-20.592518
4.756250,22.001213,-2.300992,-30.697933,-21.296543,-93.375931,-20.322706
4.762500,4.526707,-2.304540,-34.848320,-20.998348,-92.565315,-20.150099
4.768750,-13.217724,-2.306911,-37.326248,-20.814751,-90.416885,-20.055723
4.775000,-30.688046,-2.308147,-38.547058,-20.707920,-86.635231,-20.026527
4.781250,-47.357197,-2.309004,-37.923527,-20.642302,-80.970749,-20.061424
4.787500,-62.734997,-2.309823,-36.775948,-20.547907,-73.224464,-20.135172
4.793750,-76.392403,-2.310734,-33.979694,-20.495361,-64.894211,-20.198427
4.800000,-87.987480,-2.311820,-29.174534,-20.441074,-54.678692,-20.267710
4.806250,-97.282166,-2.313030,-23.011913,-20.377638,-43.217312,-20.335913
4.812500,-104.153908,-2.314216,-16.046938,-20.303230,-31.111740,-20.390266
4.818750,-108.602943,-2.315631,-8.836880,-20.217606,-18.946112,-20.417681
4.825000,-110.753128,-2.318065,-1.944723,-20.127289,-7.271967,-20.423088
4.831250,-110.838951,-2.321163,6.242031,-20.048985,3.384861,-20.429424
4.837500,-109.193535,-2.323552,13.900040,-19.994965,12.613335,-20.414558
4.843750,-106.243767,-2.324823,19.403370,-19.932310,20.503376,-20.343258
4.850000,-102.491241,-2.326371,24.498924,-19.879280,26.454372,-20.253120
4.856250,-98.474182,-2.329506,28.683046,-19.850904,30.428720,-20.159149
4.862500,-92.563034,-2.333263,31.694090,-19.850924,32.583408,-20.069216
4.868750,-86.642975,-2.336153,33.398891,-19.866051,33.188595,-19.980963
4.875000,-80.716240,-2.338156,33.751728,-19.874426,32.567471,-19.893251
4.881250,-74.792030,-2.340302,32.823032,-19.867584,31.026344,-19.812172
4.887500,-68.871857,-2.342954,30.975903,-19.867393,28.906483,-19.741684
4.893750,-62.952118,-2.345807,28.383833,-19.865198,26.574633,-19.684847
4.900000,-57.030399,-2.348731,25.215239,-19.860611,24.374392,-19.638838
4.906250,-51.107197,-2.351776,21.760624,-19.852587,22.621428,-19.591576
4.912500,-45.181870,-2.354572,18.221209,-19.827036,21.602669,-19.519760
4.918750,-39.253777,-2.357122,14.920362,-19.800407,21.760458,-19.469387
4.925000,-33.325481,-2.359903,12.220271,-19.795834,23.592604,-19.449160
4.931250,-27.396589,-2.362824,10.298344,-19.829330,24.868446,-19.456453
4.937500,-21.462074,-2.364862,9.265609,-19.910921,27.095278,-19.495560
4.943750,-15.520206,-2.365386,9.163695,-20.047033,29.913622,-19.574421
4.950000,-9.578460,-2.365146,9.996010,-20.235767,32.969055,-19.698246
4.956250,-3.642935,-2.365119,11.724202,-20.469103,35.916782,-19.877159
4.962500,2.290044,-2.364733,12.354198,-20.726542,38.392544,-20.177307
4.968750,8.225572,-2.363305,15.521099,-20.999790,39.245598,-20.392534
4.975000,14.159410,-2.361389,18.902201,-21.309107,40.381214,-20.683233
4.981250,20.087053,-2.359610,22.416897,-21.630030,40.233639,-21.039114
4.987500,26.012102,-2.357273,25.867659,-21.951332,38.831203,-21.448324
4.993750,31.938166,-2.353680,28.991686,-22.266104,36.118320,-21.901701
5.000000,37.858479,-2.349765,31.579208,-22.562750,32.062008,-22.386873
5.006250,43.765724,-2.346994,33.477097,-22.824606,28.548618,-22.882103
5.012500,49.663898,-2.345278,34.563797,-23.027245,23.876709,-23.320312
5.018750,55.562313,-2.343450,34.737240,-23.146095,18.524256,-23.693655
5.025000,61.461670,-2.341462,34.000496,-23.220484,12.631077,-24.040565
5.031250,67.356384,-2.340029,32.529598,-23.247414,6.986986,-24.329725
5.037500,73.245277,-2.339191,30.459694,-23.230017,1.976176,-24.546114
5.043750,79.132492,-2.338795,27.772219,-23.212934,-2.151899,-24.685217
5.050000,85.016991,-2.339341,24.421165,-23.154501,-5.171212,-24.741268
5.056250,90.897873,-2.341314,21.547899,-23.058943,-6.835428,-24.701775
5.062500,96.780968,-2.343628,18.260933,-22.973900,-7.007028,-24.570538
5.068750,100.777390,-2.345067,14.963974,-22.916452,-5.637262,-24.358969
5.075000,104.502281,-2.346422,12.050694,-22.886841,-2.660670,-24.076845
5.081250,107.412933,-2.349478,8.017740,-22.871260,1.969705,-23.733704
5.087500,109.020050,-2.354167,4.889826,-22.858755,8.249082,-23.345713
5.093750,108.909378,-2.358876,2.622430,-22.861052,16.065306,-22.938730
5.100000,106.742638,-2.362889,1.037328,-22.862974,25.133532,-22.520090
5.106250,102.273483,-2.367500,-0.151881,-22.844896,34.890541,-22.081804
5.112500,95.376228,-2.372339,-1.127914,-22.791128,45.105629,-21.658014
5.118750,86.047562,-2.378188,-2.056118,-22.693296,55.401627,-21.271297
5.125000,74.437355,-2.383349,-3.096468,-22.547930,65.221031,-20.934765
5.131250,60.765591,-2.388470,-4.371665,-22.352156,73.981018,-20.651848
5.137500,45.367119,-2.394351,-5.983931,-22.107016,81.133888,-20.411993
5.143750,28.672255,-2.400618,-5.859585,-21.819139,86.210060,-20.128901
5.150000,11.178801,-2.406511,-5.433146,-21.503618,89.742546,-20.014130
5.156250,-6.580980,-2.411940,-6.114915,-21.152048,91.816216,-19.895136
5.162500,-24.063950,-2.417144,-5.825830,-20.779982,91.899750,-19.809616
5.168750,-40.736961,-2.421856,-4.880828,-20.413845,90.393188,-19.764202
5.175000,-56.107368,-2.425631,-3.493701,-20.073498,87.873711,-19.754625
5.181250,-69.749657,-2.428463,-1.872577,-19.774591,85.003387,-19.769146
5.187500,-81.325508,-2.430464,-0.252385,-19.533136,80.339478,-19.799086
5.193750,-90.599205,-2.431668,1.113834,-19.366049,76.077545,-19.879232
5.200000,-97.450623,-2.432376,1.998510,-19.291992,72.495369,-20.044472
5.206250,-101.881218,-2.432994,4.422324,-19.300905,68.892052,-20.163662
5.212500,-104.012024,-2.433447,5.153727,-19.365725,66.039848,-20.300215
5.218750,-104.076363,-2.433332,6.049810,-19.488714,63.929222,-20.461351
5.225000,-102.414185,-2.432213,6.910181,-19.624510,62.423141,-20.641237
5.231250,-99.455528,-2.430233,7.684875,-19.816553,61.301628,-20.837246
5.237500,-95.695877,-2.427744,7.037084,-20.075119,60.227497,-21.059937
5.243750,-91.670990,-2.425484,5.704039,-20.363512,58.884224,-21.307024
5.250000,-85.760735,-2.424244,3.326016,-20.664312,56.999908,-21.570004
5.256250,-79.855240,-2.423797,-0.433233,-20.963879,54.280735,-21.843151
5.262500,-73.947060,-2.422691,-3.692130,-21.250212,50.478416,-22.116095
5.268750,-68.036095,-2.420666,-8.002318,-21.516668,45.370117,-22.373871
5.275000,-62.133190,-2.419436,-13.017672,-21.758078,38.751797,-22.598042
5.281250,-56.244267,-2.420521,-18.425636,-21.969667,30.582100,-22.790873
5.287500,-50.358463,-2.422786,-23.941549,-22.146324,21.182236,-22.975571
5.293750,-44.463745,-2.424311,-29.307690,-22.284784,10.617922,-23.130459
5.300000,-38.564384,-2.425427,-34.275661,-22.378141,-0.908028,-23.239706
5.306250,-32.673435,-2.428204,-38.612053,-22.418236,-13.015574,-23.292059
5.312500,-26.791100,-2.433110,-42.152237,-22.401794,-25.276472,-23.281748
5.318750,-20.905012,-2.438831,-44.782825,-22.325472,-37.245659,-23.202925
5.325000,-15.009110,-2.444811,-46.432964,-22.187975,-48.479328,-23.044102
5.331250,-9.108047,-2.451667,-47.136765,-22.009970,-58.604755,-22.870005
5.337500,-3.201959,-2.459070,-44.910320,-21.806194,-67.726852,-22.614809
5.343750,2.716720,-2.465606,-42.607109,-21.560734,-75.009338,-22.340986
5.350000,8.646768,-2.470928,-38.749645,-21.322680,-80.689369,-22.084164
5.356250,14.579540,-2.476245,-33.519135,-21.116877,-84.653442,-21.874908
5.362500,20.513485,-2.481588,-27.162737,-20.963089,-86.900803,-21.740383
5.368750,26.456602,-2.485544,-19.990707,-20.872908,-87.629303,-21.665447
5.375000,32.410694,-2.487301,-12.329240,-20.845394,-87.114502,-21.631235
5.381250,38.366127,-2.487829,-4.555762,-20.869787,-85.514320,-21.610950
5.387500,44.316471,-2.487660,2.885904,-20.951105,-82.296234,-21.734381
5.393750,50.266201,-2.486001,9.675088,-21.110611,-78.420715,-21.944925
5.400000,56.216488,-2.482452,15.817395,-21.331163,-74.257103,-22.235170
5.406250,62.158661,-2.478336,21.080456,-21.590916,-70.094574,-22.614328
5.412500,68.086967,-2.474685,25.254543,-21.861563,-65.956459,-22.978577
5.418750,74.007332,-2.470830,28.165964,-22.122169,-61.990089,-23.333599
5.425000,79.924568,-2.466279,29.722679,-22.353500,-58.618187,-23.667387
5.431250,85.833031,-2.462060,29.985538,-22.537777,-55.842743,-23.957983
5.437500,91.727371,-2.459355,29.178370,-22.658396,-53.610573,-24.177517
5.443750,97.611427,-2.458297,27.639622,-22.703789,-51.871414,-24.305790
5.450000,101.598206,-2.458537,25.724886,-22.664463,-50.555992,-24.331640
5.456250,105.311302,-2.460046,23.840763,-22.537966,-49.505913,-24.250895
5.462500,108.220100,-2.462487,22.426373,-22.335577,-48.552494,-24.092752
5.468750,109.835480,-2.465139,20.061531,-22.070143,-47.511326,-23.830492
5.475000,109.728996,-2.468321,18.929932,-21.733671,-45.496235,-23.452808
5.481250,107.554688,-2.473215,18.887514,-21.352867,-43.007355,-23.024267
5.487500,103.078354,-2.479805,19.659454,-20.959969,-39.744896,-22.582397
5.493750,96.189484,-2.486221,21.070683,-20.581533,-35.412853,-22.158325
5.500000,86.893852,-2.491065,22.969955,-20.234369,-29.780216,-21.774660
5.506250,75.303490,-2.495142,25.207422,-19.924799,-22.696791,-21.438433
5.512500,61.646206,-2.499712,27.613661,-19.634916,-14.190657,-21.067837
5.518750,46.266624,-2.504128,30.013409,-19.388168,-4.838571,-20.819872
5.525000,29.598932,-2.507054,31.802351,-19.227018,5.072757,-20.644508
5.531250,12.132749,-2.508652,33.549843,-19.127420,15.553233,-20.536407
5.537500,-5.607303,-2.509762,34.947914,-19.088295,26.077681,-20.486504
5.543750,-23.075457,-2.510368,35.674286,-19.117086,36.113918,-20.488577
5.550000,-39.736187,-2.509953,35.472565,-19.219271,45.263016,-20.588444
5.556250,-55.098053,-2.508631,34.159401,-19.402409,53.251858,-20.770058
5.562500,-68.737831,-2.506634,31.612122,-19.673910,60.452641,-20.972950
5.568750,-80.314774,-2.503942,27.873283,-20.001583,65.959358,-21.230047
5.575000,-89.592293,-2.500547,25.177940,-20.381899,69.906921,-21.540556
5.581250,-96.451546,-2.496941,20.200666,-20.815823,72.564285,-21.886957
5.587500,-100.893402,-2.493364,15.185979,-21.302248,74.270432,-22.230692
5.593750,-103.037666,-2.489467,10.218673,-21.841541,75.167740,-22.634436
5.600000,-103.122147,-2.485687,5.498879,-22.401123,73.796829,-23.035782
5.606250,-101.491089,-2.483021,1.224599,-22.960609,72.302681,-23.429316
5.612500,-98.569168,-2.481302,-2.568231,-23.508059,70.420189,-23.812216
5.618750,-94.839851,-2.479095,-5.769676,-24.027599,68.020760,-24.179926
5.625000,-90.835289,-2.476174,-8.261516,-24.502066,64.996979,-24.529409
5.631250,-84.946342,-2.474528,-9.935173,-24.910091,61.243923,-24.841825
5.637500,-79.071609,-2.475424,-10.709595,-25.228233,56.613235,-25.079842
5.643750,-73.198166,-2.477413,-12.451516,-25.428751,52.980118,-25.201118
5.650000,-67.315575,-2.478842,-11.411087,-25.489706,48.733334,-25.231415
5.656250,-61.429924,-2.480487,-9.725624,-25.433210,43.510166,-25.207279
5.662500,-55.552094,-2.483914,-7.599920,-25.259523,38.263428,-25.097006
5.668750,-49.679260,-2.489249,-5.112234,-24.967966,33.257824,-24.891766
5.675000,-43.800911,-2.495361,-2.505782,-24.574547,28.679243,-24.596220
5.681250,-37.912788,-2.501728,-0.063169,-24.102688,24.702530,-24.217968
5.687500,-32.018764,-2.508438,1.937973,-23.588476,21.536228,-23.768223
5.693750,-26.118694,-2.515128,3.127025,-23.040623,19.469212,-23.275846
5.700000,-20.211809,-2.521445,2.873036,-22.456482,18.943079,-22.762609
5.706250,-14.301765,-2.528171,3.216882,-21.897682,18.122662,-22.260332
5.712500,-8.391046,-2.535904,2.539117,-21.402891,18.658562,-21.804396
5.718750,-2.472253,-2.543354,1.043560,-20.993191,20.150120,-21.423029
5.725000,3.461460,-2.549053,-1.066718,-20.678020,24.014877,-21.106487
5.731250,9.405293,-2.553005,-3.600570,-20.457327,28.108429,-20.826645
5.737500,15.348067,-2.556481,-6.367149,-20.318016,32.626667,-20.614246
5.743750,21.288830,-2.559509,-9.212001,-20.240263,36.681278,-20.530878
5.750000,27.233770,-2.560935,-12.119595,-20.241802,40.784019,-20.539354
5.756250,33.181904,-2.560746,-15.073737,-20.311188,44.634548,-20.622955
5.762500,39.125473,-2.559926,-15.680162,-20.422556,47.884922,-20.768627
5.768750,45.060516,-2.558851,-17.100494,-20.547153,50.187313,-20.977957
5.775000,50.990810,-2.557184,-17.200459,-20.659014,51.085670,-21.183372
5.781250,56.917210,-2.554872,-16.176159,-20.754614,51.535076,-21.389351
5.787500,62.834770,-2.552975,-14.283225,-20.825735,50.570591,-21.600340
5.793750,68.742027,-2.552135,-11.728449,-20.860472,48.355400,-21.800924
5.800000,74.643898,-2.552101,-8.791919,-20.850414,44.972172,-21.969807
5.806250,80.544388,-2.552426,-5.796797,-20.793243,40.551735,-22.084538
5.812500,86.444496,-2.552927,-3.079926,-20.692041,35.316246,-22.139254
5.818750,92.343033,-2.553812,-0.964202,-20.556526,29.657104,-22.154747
5.825000,96.342255,-2.555804,2.406037,-20.412693,21.751379,-22.153599
5.831250,100.063049,-2.559930,5.397791,-20.320066,13.474624,-22.074940
5.837500,102.977509,-2.566004,6.711702,-20.181385,4.912979,-21.943890
5.843750,104.604927,-2.572347,8.387980,-20.063807,-4.181416,-21.794003
5.850000,104.524940,-2.577214,9.867319,-20.000156,-13.666882,-21.647894
5.856250,102.390892,-2.580724,11.084314,-19.998466,-23.309223,-21.519564
5.862500,97.953636,-2.584055,11.989942,-20.056730,-32.891098,-21.420774
5.868750,91.090294,-2.587591,12.556422,-20.153484,-42.265457,-21.351843
5.875000,81.804985,-2.590625,12.907495,-20.289213,-51.392487,-21.302691
5.881250,70.222000,-2.592947,13.509218,-20.491734,-60.386482,-21.291637
5.887500,56.575531,-2.594606,14.337292,-20.733814,-67.013382,-21.317146
5.893750,41.205700,-2.595171,15.567588,-21.001289,-72.589546,-21.366400
5.900000,24.538567,-2.594683,15.549189,-21.299467,-76.723831,-21.428516
5.906250,7.061195,-2.593939,16.168703,-21.661390,-81.172256,-21.516088
5.912500,-10.696864,-2.593739,17.263411,-22.015158,-84.111618,-21.620724
5.918750,-28.183247,-2.593030,19.010597,-22.371473,-85.922668,-21.729361
5.925000,-44.860344,-2.590905,20.673901,-22.751036,-86.989929,-21.839781
5.931250,-60.243248,-2.588599,22.134281,-23.157755,-87.597679,-21.955566
5.937500,-73.912727,-2.587417,23.311083,-23.581097,-87.981857,-22.078962
5.943750,-85.523376,-2.586843,24.163565,-24.002577,-88.327110,-22.208748
5.950000,-94.828583,-2.585675,24.886902,-24.404545,-88.871605,-22.303480
5.956250,-101.709259,-2.584380,25.661596,-24.768227,-90.101761,-22.359352
5.962500,-106.173874,-2.584497,26.383638,-25.078279,-89.318451,-22.424036
5.968750,-108.339462,-2.585410,26.924461,-25.324280,-88.745171,-22.486916
5.975000,-108.432770,-2.585160,27.192816,-25.494928,-87.933159,-22.544027
5.981250,-106.797409,-2.583971,27.109549,-25.583881,-86.448891,-22.594915
5.987500,-103.873436,-2.583927,26.611788,-25.585615,-83.909378,-22.637774
5.993750,-100.155540,-2.585890,25.677794,-25.496624,-79.981865,-22.669083
6.000000,-96.163849,-2.588519,24.298841,-25.315523,-74.446739,-22.680836
6.006250,-90.270546,-2.591010,22.509398,-25.032661,-67.246101,-22.630066
6.012500,-84.375999,-2.594194,20.366995,-24.609789,-58.765129,-22.559273
6.018750,-78.482758,-2.598328,19.795115,-24.172850,-49.296383,-22.474085
6.025000,-72.583572,-2.602415,17.472322,-23.700260,-38.796471,-22.376045
6.031250,-66.677452,-2.606114,15.838275,-23.217260,-27.719746,-22.279495
6.037500,-60.769321,-2.610125,14.749541,-22.766668,-16.605787,-22.201571
6.043750,-54.860851,-2.614632,14.136755,-22.393629,-5.910034,-22.128180
6.050000,-48.946327,-2.618465,14.062224,-22.089184,4.116570,-22.042379
6.056250,-43.023293,-2.621227,14.524790,-21.880981,13.006708,-21.981110
6.062500,-37.100246,-2.623938,15.251318,-21.797464,20.518101,-21.965700
6.068750,-31.179256,-2.626815,14.282057,-21.845890,26.505825,-21.998222
6.075000,-25.253448,-2.628508,13.217818,-22.014688,30.968910,-22.075041
6.081250,-19.320698,-2.628256,13.681707,-22.270615,33.984028,-22.191433
6.087500,-13.392286,-2.627487,13.794062,-22.537140,35.627056,-22.325413
6.093750,-7.475699,-2.627607,13.447383,-22.847643,35.876423,-22.463520
6.100000,-1.566326,-2.628319,12.076350,-23.168890,34.907127,-22.609615
6.106250,4.344779,-2.628808,10.092710,-23.451284,33.011967,-22.754507
6.112500,10.256304,-2.629032,7.412491,-23.663984,30.367895,-22.883942
6.118750,16.163050,-2.629671,3.953573,-23.788919,27.110298,-22.980312
6.125000,22.064753,-2.631124,-0.331105,-23.820581,23.385710,-23.021948
6.131250,27.963732,-2.633615,-3.268010,-23.764702,19.447952,-23.007229
6.137500,33.862194,-2.637155,-6.122362,-23.619940,16.116789,-22.948093
6.143750,39.764671,-2.641102,-10.083155,-23.385635,11.523287,-22.828867
6.150000,45.675667,-2.644310,-13.036770,-23.089436,7.090840,-22.663717
6.156250,51.592457,-2.646806,-15.025219,-22.758661,2.786808,-22.466434
6.162500,57.507957,-2.649576,-16.063385,-22.417038,-1.355644,-22.250723
6.168750,63.420261,-2.653104,-16.176550,-22.083345,-5.266915,-22.027077
6.175000,69.336349,-2.656314,-15.452005,-21.776484,-8.879384,-21.807142
6.181250,75.260010,-2.658361,-14.027000,-21.512165,-12.124364,-21.606094
6.187500,81.185570,-2.659775,-12.062792,-21.304632,-14.865636,-21.499512
6.193750,87.108490,-2.661146,-9.775917,-21.177818,-17.357807,-21.370214
6.200000,93.030434,-2.662143,-7.357635,-21.112221,-19.439737,-21.302261
6.206250,97.058495,-2.662374,-4.511772,-21.100454,-20.972906,-21.314337
6.212500,100.811813,-2.662333,-1.511682,-21.161854,-22.127874,-21.416849
6.218750,103.754250,-2.662555,1.467101,-21.283878,-23.083361,-21.647556
6.225000,105.395721,-2.662948,4.236231,-21.442780,-22.427456,-21.881119
6.231250,105.311798,-2.663304,6.434651,-21.665272,-22.662888,-22.193613
6.237500,103.161659,-2.663570,7.764861,-21.936020,-22.926062,-22.581898
6.243750,98.709007,-2.663501,8.200410,-22.237005,-23.132710,-23.031898
6.250000,91.832787,-2.662822,9.741937,-22.555643,-23.316347,-23.524239
6.256250,82.529396,-2.662134,10.911807,-22.884426,-23.496401,-24.039885
6.262500,70.916435,-2.662349,10.252474,-23.219126,-23.656460,-24.560337
6.268750,57.235863,-2.662920,9.879321,-23.542700,-23.551664,-25.026016
6.275000,41.836315,-2.662275,9.771613,-23.835939,-22.853094,-25.442362
6.281250,25.142574,-2.660498,9.796778,-24.093899,-21.674210,-25.801109
6.287500,7.633729,-2.659470,9.844682,-24.312168,-19.869997,-26.085743
6.293750,-10.160640,-2.660254,9.863199,-24.481007,-17.189428,-26.279076
6.300000,-27.682560,-2.661761,9.837208,-24.585772,-13.372575,-26.363342
6.306250,-44.391312,-2.662826,9.734929,-24.609993,-8.220488,-26.321716
6.312500,-59.799488,-2.664037,9.500586,-24.536003,-1.643946,-26.137926
6.318750,-73.486313,-2.666466,9.011003,-24.371979,6.189591,-25.867874
6.325000,-85.108170,-2.669717,10.187170,-24.152287,14.897816,-25.516712
6.331250,-94.422668,-2.673166,9.800035,-23.868305,24.256149,-25.075224
6.337500,-101.308197,-2.677133,10.091711,-23.515806,34.019722,-24.583050
6.343750,-105.768532,-2.682082,10.769515,-23.126637,43.759491,-24.079504
6.350000,-107.921120,-2.687317,11.600780,-22.731413,52.906590,-23.598217
6.356250,-107.997871,-2.691748,12.429115,-22.356657,60.862103,-23.167658
6.362500,-106.341789,-2.695316,13.128107,-22.024473,67.053482,-22.798443
6.368750,-103.385620,-2.698540,13.580300,-21.749813,70.966759,-22.434458
6.375000,-99.623413,-2.701189,13.663598,-21.541988,72.714630,-22.235317
6.381250,-95.586021,-2.703043,13.118294,-21.419582,72.007675,-22.154133
6.387500,-89.654724,-2.704547,13.068663,-21.365658,68.680214,-22.192183
6.393750,-83.726173,-2.705820,12.655311,-21.397964,63.049606,-22.303562
6.400000,-77.797661,-2.706310,12.137034,-21.517345,55.529697,-22.407642
6.406250,-71.869286,-2.705780,11.582159,-21.715302,44.466446,-22.635864
6.412500,-65.946785,-2.705292,11.021830,-21.977264,32.289242,-22.930086
6.418750,-60.033386,-2.705734,10.444898,-22.288946,18.813602,-23.254530
6.425000,-54.122681,-2.706297,9.848288,-22.624428,4.516850,-23.577276
6.431250,-48.210243,-2.706322,9.229547,-22.957378,-10.050858,-23.868567
6.437500,-42.299335,-2.706330,8.527949,-23.260986,-24.363667,-24.098539
6.443750,-36.395531,-2.707377,9.851531,-23.504927,-37.928177,-24.234343
6.450000,-30.495626,-2.709322,11.719432,-23.677599,-50.484962,-24.323267
6.456250,-24.593847,-2.711419,12.535232,-23.783010,-61.938164,-24.354757
6.462500,-18.688856,-2.713623,14.294264,-23.816523,-70.320992,-24.285927
6.468750,-12.783628,-2.716188,16.804041,-23.776848,-76.998337,-24.152327
6.475000,-6.875967,-2.718665,19.788872,-23.672249,-81.493080,-23.983458
6.481250,-0.963993,-2.720579,22.923170,-23.527332,-83.587280,-23.806765
6.487500,4.948076,-2.722604,25.903217,-23.370319,-83.178413,-23.639057
6.493750,10.857759,-2.725247,28.580317,-23.203939,-80.141167,-23.459438
6.500000,16.769493,-2.727583,28.941280,-23.035742,-76.457779,-23.269043
6.506250,22.687660,-2.728890,28.358490,-22.879812,-70.696411,-23.095499
6.512500,28.606369,-2.729861,28.306576,-22.761581,-63.362797,-22.968878
6.518750,34.518753,-2.731674,26.734730,-22.708694,-55.225002,-22.882380
6.525000,40.429504,-2.733950,23.813776,-22.715174,-46.999229,-22.828032
6.531250,46.345997,-2.735419,19.723549,-22.773136,-39.291912,-22.801134
6.537500,52.267155,-2.736009,14.628549,-22.874063,-32.646465,-22.798050
6.543750,58.184509,-2.736845,8.724139,-23.006750,-27.531048,-22.819666
6.550000,64.096626,-2.738187,2.246711,-23.156912,-22.491390,-22.841093
6.556250,70.009460,-2.739442,-4.499496,-23.290899,-19.526638,-22.852795
6.562500,75.924835,-2.740366,-11.071142,-23.404146,-18.084837,-22.864752
6.568750,81.839432,-2.741261,-16.401880,-23.528608,-17.800255,-22.875078
6.575000,87.752434,-2.742005,-22.279543,-23.630970,-18.366892,-22.906576
6.581250,93.664452,-2.742462,-26.638590,-23.704840,-19.343018,-22.937380
6.587500,97.679039,-2.743320,-29.501493,-23.753336,-20.187794,-22.968004
6.593750,101.416115,-2.745166,-30.886505,-23.782030,-22.427542,-23.004332
6.600000,104.348289,-2.747038,-30.839760,-23.795513,-24.010599,-23.048830
6.606250,105.988205,-2.747920,-29.436913,-23.794529,-25.042599,-23.099689
6.612500,105.904198,-2.748360,-26.817591,-23.780424,-25.649208,-23.154949
6.618750,103.747108,-2.749790,-23.183720,-23.753088,-25.974684,-23.210497
6.625000,99.281700,-2.752336,-18.781153,-23.712343,-24.262037,-23.262814
6.631250,92.394524,-2.754908,-13.914878,-23.661179,-22.291138,-23.323776
6.637500,83.087723,-2.757260,-8.619491,-23.596012,-19.744913,-23.312120
6.643750,71.476944,-2.760275,-2.904457,-23.497856,-18.457512,-23.282810
6.650000,57.798477,-2.764199,2.854731,-23.361408,-16.449965,-23.236853
6.656250,42.399536,-2.767986,8.174006,-23.191223,-14.126221,-23.164492
6.662500,25.709860,-2.770995,12.665908,-22.981989,-11.852317,-23.054192
6.668750,8.216801,-2.773662,16.006151,-22.723618,-10.038319,-22.900620
6.675000,-9.551814,-2.776522,17.802294,-22.432709,-9.229866,-22.735371
6.681250,-27.048624,-2.779654,19.854425,-22.126873,-7.697242,-22.571026
6.687500,-43.738579,-2.782982,20.668173,-21.816263,-7.093145,-22.415140
6.693750,-59.128513,-2.786455,20.579578,-21.534021,-7.285429,-22.285131
6.700000,-72.788429,-2.789425,19.791876,-21.262877,-8.132854,-22.223587
6.706250,-84.376625,-2.791190,18.296078,-21.010399,-9.310852,-22.195314
6.712500,-93.660751,-2.792094,16.653088,-20.822033,-10.257828,-22.220152
6.718750,-100.524834,-2.793149,15.057704,-20.720766,-11.154558,-22.323439
6.725000,-104.968590,-2.794514,13.618587,-20.714830,-11.675161,-22.495710
6.731250,-107.107567,-2.795371,12.373737,-20.804062,-13.537860,-22.749498
6.737500,-107.177200,-2.795191,11.326593,-20.977219,-14.781675,-23.086739
6.743750,-105.523560,-2.794395,10.399431,-21.237415,-15.679487,-23.471968
6.750000,-102.577095,-2.793413,9.396046,-21.613728,-16.384501,-23.866934
6.756250,-98.829483,-2.792371,8.954173,-21.983259,-16.970823,-24.233526
6.762500,-94.812637,-2.791523,8.945073,-22.388655,-17.649666,-24.570341
6.768750,-88.905251,-2.790971,9.101264,-22.823460,-18.555639,-24.858273
6.775000,-82.999153,-2.790084,9.382539,-23.269768,-17.551224,-25.080173
6.781250,-77.092285,-2.788483,9.697692,-23.708115,-16.071207,-25.224615
6.787500,-71.189178,-2.786808,9.943193,-24.118778,-13.681760,-25.284218
6.793750,-65.294678,-2.786083,10.011704,-24.484173,-9.982920,-25.254700
6.800000,-59.405975,-2.786263,9.798412,-24.788029,-4.626858,-25.134277
6.806250,-53.515949,-2.786670,9.209561,-25.017551,0.497191,-24.921734
6.812500,-47.624744,-2.787445,8.157752,-25.164709,6.973372,-24.597195
6.818750,-41.735283,-2.789310,8.715938,-25.238708,14.687764,-24.239506
6.825000,-35.844833,-2.791876,9.399261,-25.279966,22.123013,-23.845514
6.831250,-29.947079,-2.793980,9.151375,-25.213335,30.005901,-23.452610
6.837500,-24.043434,-2.795842,9.852011,-25.100048,37.549519,-23.108793
6.843750,-18.141659,-2.798784,11.277390,-24.967165,44.069752,-22.832417
6.850000,-12.240756,-2.802819,13.394303,-24.830090,50.720066,-22.622175
6.856250,-6.331116,-2.806282,16.141607,-24.699562,55.541798,-22.508320
6.862500,-0.410044,-2.808251,19.431900,-24.579151,58.723240,-22.498615
6.868750,5.512826,-2.809689,23.187279,-24.459944,60.456810,-22.583313
6.875000,11.429922,-2.811714,27.329315,-24.317263,61.009979,-22.742290
6.881250,17.343580,-2.814025,31.901571,-24.183168,60.695713,-22.920420
6.887500,23.259081,-2.816083,35.355907,-24.079672,59.709000,-23.142994
6.893750,29.176500,-2.817856,39.042465,-24.001925,57.955498,-23.389065
6.900000,35.093334,-2.819346,42.450230,-23.998121,56.179493,-23.609272
6.906250,41.009792,-2.820247,45.103825,-23.960915,54.768272,-23.768503
6.912500,46.924240,-2.820796,47.710587,-23.922915,52.105282,-23.850367
6.918750,52.831936,-2.821953,49.040859,-23.902048,50.071056,-23.847694
6.925000,58.733433,-2.824118,49.116219,-23.880430,48.386353,-23.756310
6.931250,64.634987,-2.826627,48.000679,-23.807863,46.770390,-23.575859
6.937500,70.540619,-2.828980,47.370975,-23.788029,44.872993,-23.331177
6.943750,76.447708,-2.831566,44.260952,-23.769289,44.173126,-23.061455
6.950000,82.355537,-2.834288,41.055336,-23.732391,42.550659,-22.730263
6.956250,88.268059,-2.836128,37.770123,-23.665148,40.160538,-22.370323
6.962500,94.184929,-2.836913,34.413376,-23.563297,37.386581,-22.017691
6.968750,98.202705,-2.838204,30.966679,-23.432787,34.306664,-21.697756
6.975000,101.939583,-2.840857,27.443619,-23.279930,30.930197,-21.427530
6.981250,104.871582,-2.844003,23.921219,-23.106544,27.266544,-21.214298
6.987500,106.514633,-2.846019,20.478550,-22.913435,23.295801,-21.056881
6.993750,106.439461,-2.846861,17.189644,-22.695192,18.976082,-20.938112
7.000000,104.295265,-2.847744,14.128113,-22.433678,14.182875,-20.868618
7.006250,99.841278,-2.849438,11.302791,-22.106327,10.723525,-20.871683
7.012500,92.961388,-2.851730,10.359688,-21.833103,7.260507,-20.923597
7.018750,83.659431,-2.854278,10.065845,-21.600281,4.219233,-21.006218
7.025000,72.058487,-2.856742,9.539894,-21.336105,1.984833,-21.158859
7.031250,58.395527,-2.858845,10.344394,-21.106440,-1.013668,-21.354845
7.037500,43.009926,-2.860764,12.084337,-20.951050,-2.675684,-21.582514
7.043750,26.326838,-2.863008,14.507980,-20.904554,-3.926102,-21.871964
7.050000,8.838950,-2.865486,17.381742,-20.990875,-4.893698,-22.234018
7.056250,-8.915962,-2.867111,20.535820,-21.199244,-5.669097,-22.673515
7.062500,-26.390524,-2.867337,21.906773,-21.527102,-6.344251,-23.199829
7.068750,-43.058144,-2.866793,24.926760,-21.976904,-7.025477,-23.846405
7.075000,-58.432163,-2.866141,27.499245,-22.523930,-7.130977,-24.452463
7.081250,-72.083649,-2.865143,29.547056,-23.078241,-9.192016,-25.080965
7.087500,-83.668770,-2.863229,31.071249,-23.717888,-11.731351,-25.734539
7.093750,-92.952385,-2.860536,30.826618,-24.390490,-13.027279,-26.391783
7.100000,-99.817070,-2.857529,29.612734,-25.048235,-14.820473,-27.022718
7.106250,-104.264000,-2.854448,27.211918,-25.665112,-16.965246,-27.594837
7.112500,-106.415154,-2.851585,23.452864,-26.230337,-19.295757,-28.072929
7.118750,-106.508484,-2.849553,18.098574,-26.688326,-21.616407,-28.413702
7.125000,-104.882744,-2.848244,13.071405,-27.016277,-25.846783,-28.569708
7.131250,-101.960182,-2.846990,7.169798,-27.223822,-30.145206,-28.579247
7.137500,-98.232903,-2.845775,0.796049,-27.321737,-34.597137,-28.433369
7.143750,-94.239586,-2.845843,-5.679907,-27.315434,-39.500957,-28.125422
7.150000,-88.359726,-2.847978,-11.893807,-27.210367,-44.860336,-27.667492
7.156250,-82.479073,-2.851152,-17.524376,-27.013426,-50.582630,-27.082781
7.162500,-76.588524,-2.853923,-22.305346,-26.737099,-56.527943,-26.407236
7.168750,-70.691422,-2.856501,-26.041748,-26.400440,-62.547527,-25.694681
7.175000,-64.795341,-2.859757,-28.585394,-26.024940,-68.541794,-24.960842
7.181250,-58.899132,-2.863553,-29.837965,-25.632328,-74.644020,-24.220785
7.187500,-52.996315,-2.866897,-29.754568,-25.241989,-78.544670,-23.534897
7.193750,-47.086647,-2.869617,-28.327045,-24.855833,-81.699371,-22.946091
7.200000,-41.175327,-2.872124,-27.499552,-24.473005,-83.503159,-22.481110
7.206250,-35.263420,-2.874364,-24.072109,-24.167297,-83.351410,-22.097509
7.212500,-29.348341,-2.875904,-19.853964,-23.919096,-82.637756,-21.842743
7.218750,-23.432407,-2.877105,-15.119941,-23.735704,-80.218002,-21.742996
7.225000,-17.520576,-2.878885,-10.142247,-23.604425,-75.915588,-21.770439
7.231250,-11.610464,-2.881089,-5.212402,-23.512865,-70.171432,-21.903397
7.237500,-5.695515,-2.882638,-0.727863,-23.473043,-63.504147,-22.111698
7.243750,0.224131,-2.883333,5.096803,-23.480225,-56.454681,-22.346987
7.250000,6.141762,-2.883891,10.736752,-23.515270,-49.594009,-22.525749
7.256250,12.054611,-2.884783,16.452034,-23.567575,-44.268467,-22.772882
7.262500,17.964912,-2.885951,20.550737,-23.642591,-38.402618,-23.002190
7.268750,23.874479,-2.887377,24.871546,-23.737061,-33.674862,-23.155575
7.275000,29.782312,-2.889643,29.382610,-23.784903,-30.146078,-23.230463
7.281250,35.689171,-2.892812,33.591690,-23.807325,-27.857466,-23.232603
7.287500,41.601406,-2.895667,37.118359,-23.799034,-26.640491,-23.163601
7.293750,47.522717,-2.897315,39.867611,-23.733656,-26.254179,-23.028843
7.300000,53.447701,-2.897858,41.940269,-23.639801,-26.464701,-22.844479
7.306250,59.368698,-2.898141,43.613102,-23.525444,-27.036306,-22.630980
7.312500,65.282417,-2.899109,44.833412,-23.381765,-27.738472,-22.413088
7.318750,71.191170,-2.901004,45.805775,-23.219379,-28.411879,-22.206461
7.325000,77.100502,-2.903460,44.961090,-23.038895,-29.020584,-22.017908
7.331250,83.015488,-2.905375,44.437637,-22.826050,-29.445930,-21.873425
7.337500,88.936668,-2.906218,43.934818,-22.608639,-29.639524,-21.794899
7.343750,94.858337,-2.906472,43.203720,-22.410299,-29.697702,-21.787268
7.350000,98.879662,-2.907112,42.149506,-22.242287,-27.881224,-21.825855
7.356250,102.622375,-2.908490,40.727554,-22.107378,-25.889389,-21.921326
7.362500,105.559326,-2.910101,38.887585,-22.004110,-22.967703,-22.092857
7.368750,107.200935,-2.911506,36.581493,-21.922918,-21.112326,-22.305038
7.375000,107.118568,-2.912707,33.739536,-21.853952,-18.653120,-22.526436
7.381250,104.969345,-2.914025,32.390980,-21.796043,-15.789233,-22.723927
7.387500,100.515442,-2.915810,30.926258,-21.781084,-12.812598,-22.893040
7.393750,93.634865,-2.918438,29.530720,-21.780813,-7.953053,-23.033649
7.400000,84.330750,-2.921638,28.434235,-21.784571,-2.724912,-23.126612
7.406250,72.730324,-2.924353,28.008017,-21.813213,1.265092,-23.163784
7.412500,59.071564,-2.925930,28.304039,-21.881109,5.826720,-23.146210
7.418750,43.688614,-2.927115,29.251930,-21.998400,10.589977,-23.080475
7.425000,27.003326,-2.928765,30.715055,-22.173840,15.194381,-22.978184
7.431250,9.510435,-2.930648,32.531227,-22.410032,19.315628,-22.847227
7.437500,-8.251399,-2.932137,34.541149,-22.702602,22.711092,-22.678938
7.443750,-25.736897,-2.933244,38.743752,-23.030212,25.147367,-22.474943
7.450000,-42.416210,-2.934440,41.688816,-23.377234,26.185106,-22.286768
7.456250,-57.795952,-2.935208,44.946342,-23.803658,25.679716,-22.130379
7.462500,-71.444603,-2.934696,48.325813,-24.297461,23.706831,-22.017666
7.468750,-83.025284,-2.933272,51.649689,-24.864725,20.368246,-21.958376
7.475000,-92.307739,-2.931886,54.848293,-25.434494,15.879877,-21.946632
7.481250,-99.170349,-2.930510,57.688206,-26.017305,10.544806,-21.975315
7.487500,-103.607925,-2.928457,57.862061,-26.611523,4.663042,-22.043781
7.493750,-105.742210,-2.925545,56.911522,-27.197247,-1.336624,-22.139778
7.500000,-105.817375,-2.923103,54.324074,-27.733810,-6.848340,-22.252199
7.506250,-104.176407,-2.921605,51.770462,-28.199587,-11.147631,-22.382427
7.512500,-101.240494,-2.920327,47.293167,-28.596428,-13.648063,-22.509811
7.518750,-97.498268,-2.918906,41.192017,-28.895409,-13.801501,-22.614929
7.525000,-93.487717,-2.918170,33.806190,-29.081383,-11.066628,-22.693653
7.531250,-87.589844,-2.918780,25.447050,-29.156618,-7.072062,-22.739597
7.537500,-81.694366,-2.920156,16.478714,-29.133993,-1.799574,-22.724897
7.543750,-75.796928,-2.921676,7.475706,-28.983805,6.049046,-22.664654
7.550000,-69.899422,-2.923761,-1.112726,-28.730835,15.481209,-22.576044
7.556250,-64.005066,-2.926984,-9.012351,-28.409189,25.603106,-22.477144
7.562500,-58.110126,-2.930809,-17.634249,-28.036476,35.539188,-22.391926
7.568750,-52.209381,-2.934481,-24.805662,-27.619001,44.490295,-22.337399
7.575000,-46.303104,-2.937664,-30.423639,-27.199909,51.948082,-22.270842
7.581250,-40.393986,-2.940397,-34.310028,-26.793320,57.138420,-22.228456
7.587500,-34.483334,-2.942368,-36.725475,-26.403212,61.563286,-22.228935
7.593750,-28.571880,-2.943590,-37.851353,-26.040026,63.554047,-22.276367
7.600000,-22.663635,-2.944748,-37.774830,-25.709139,63.478657,-22.363676
7.606250,-16.760845,-2.946429,-36.600292,-25.412544,61.773407,-22.477388
7.612500,-10.860277,-2.948220,-34.466499,-25.146194,58.919453,-22.601700
7.618750,-4.957755,-2.949582,-31.561539,-24.902876,55.363731,-22.738443
7.625000,0.944634,-2.950793,-28.147398,-24.679077,51.500416,-22.912798
7.631250,6.842306,-2.952675,-22.360239,-24.471313,47.736477,-23.084061
7.637500,12.736135,-2.955285,-17.738731,-24.270374,43.943233,-23.208244
7.643750,18.630816,-2.958040,-12.398772,-24.035484,40.851765,-23.309099
7.650000,24.526667,-2.961003,-6.689821,-23.730513,38.500092,-23.392078
7.656250,30.419769,-2.964961,-1.447324,-23.428856,36.674019,-23.471487
7.662500,36.310863,-2.970276,2.754725,-23.123777,35.060104,-23.551563
7.668750,42.206551,-2.976074,7.878731,-22.812363,33.393784,-23.628967
7.675000,48.112522,-2.981368,12.166797,-22.504576,33.247795,-23.709999
7.681250,54.026905,-2.985638,15.762970,-22.219402,32.611916,-23.804211
7.687500,59.944656,-2.989287,18.871986,-21.981136,31.592619,-23.920595
7.693750,65.862747,-2.992489,21.780853,-21.798878,30.270029,-24.071377
7.700000,71.781487,-2.995161,23.006218,-21.662971,28.697092,-24.288040
7.706250,77.701530,-2.997197,24.388613,-21.587572,26.869741,-24.509405
7.712500,83.621361,-2.998648,25.624144,-21.570049,23.937792,-24.710299
7.718750,89.540024,-2.999525,26.491402,-21.594511,22.552334,-24.950029
7.725000,95.457695,-2.999751,26.589825,-21.693562,21.059132,-25.221443
7.731250,99.478409,-2.999411,25.676474,-21.849365,19.746716,-25.501287
7.737500,103.220573,-2.999133,23.733101,-22.031544,18.751118,-25.759834
7.743750,106.150429,-2.999696,22.761688,-22.214455,18.151438,-25.954268
7.750000,107.777443,-3.001167,21.196951,-22.378723,17.934845,-26.051273
7.756250,107.680725,-3.002915,19.326689,-22.512505,17.759083,-26.089430
7.762500,105.521896,-3.004584,17.365135,-22.616877,17.613127,-26.039099
7.768750,101.061272,-3.006691,15.508602,-22.688925,17.531961,-25.889645
7.775000,94.174248,-3.009919,13.996614,-22.725147,17.380615,-25.642857
7.781250,84.864616,-3.013971,12.983167,-22.733585,17.016924,-25.314577
7.787500,73.260872,-3.017730,12.527267,-22.727688,16.323915,-24.930372
7.793750,59.602112,-3.020618,12.650375,-22.720224,15.264130,-24.515120
7.800000,44.222874,-3.023027,13.339703,-22.722198,13.942343,-24.057207
7.806250,27.547016,-3.025157,14.570770,-22.734711,12.490587,-23.547142
7.812500,10.068334,-3.026572,14.391629,-22.759573,10.970164,-23.044821
7.818750,-7.679582,-3.026922,16.395231,-22.809893,8.319844,-22.616901
7.825000,-25.154696,-3.026758,18.469503,-22.913876,6.112772,-22.255823
7.831250,-41.827473,-3.026554,20.403297,-23.094975,4.290409,-21.966284
7.837500,-57.202744,-3.025716,22.125610,-23.387148,2.934090,-21.746325
7.843750,-70.850739,-3.023626,23.577774,-23.722565,2.197696,-21.598072
7.850000,-82.436295,-3.021109,25.275927,-24.096130,2.170118,-21.530779
7.856250,-91.728851,-3.019258,26.430660,-24.525707,0.783360,-21.542000
7.862500,-98.603447,-3.018020,27.105783,-24.996140,-0.444656,-21.620056
7.868750,-103.052292,-3.016138,25.461802,-25.476694,-1.830097,-21.748812
7.875000,-105.195786,-3.013434,23.129911,-25.945026,-3.627288,-21.901825
7.881250,-105.277756,-3.010830,21.625055,-26.399572,-6.026023,-22.024612
7.887500,-103.643280,-3.008874,19.174765,-26.814434,-9.112741,-22.156675
7.893750,-100.714645,-3.007117,15.959830,-27.169792,-11.938854,-22.297577
7.900000,-96.981133,-3.005469,12.181354,-27.436960,-14.865452,-22.388252
7.906250,-92.978882,-3.004826,8.124746,-27.590784,-17.762672,-22.437061
7.912500,-87.086685,-3.005550,3.906697,-27.639181,-20.347868,-22.455582
7.918750,-81.190712,-3.005550,-0.266747,-27.639181,-22.226831,-22.455582
7.925000,-81.190712,-3.005550,-0.266747,-27.639181,-22.226831,-22.455582
7.931250,-81.190712,-3.005550,-0.266747,-27.639181,-22.226831,-22.455582
7.937500,-81.190712,-3.005550,-0.266747,-27.639181,-22.226831,-22.455582
7.943750,-81.190712,-3.005550,-0.266747,-27.639181,-22.226831,-22.455582
7.950000,-81.190712,-3.005550,-0.266747,-27.639181,-22.226831,-22.455582
7.956250,-81.190712,-3.005550,-0.266747,-27.639181,-22.226831,-22.455582
7.962500,-81.190712,-3.005550,-0.266747,-27.639181,-22.226831,-22.455582
7.968750,-81.190712,-3.005550,-0.266747,-27.639181,-22.226831,-22.455582
7.975000,-81.190712,-3.005550,-0.266747,-27.639181,-22.226831,-22.455582
7.981250,-81.190712,-3.005550,-0.266747,-27.639181,-22.226831,-22.455582
7.987500,-81.190712,-3.005550,-0.266747,-27.639181,-22.226831,-22.455582
7.993750,-81.190712,-3.005550,-0.266747,-27.639181,-22.226831,-22.455582
8.000000,-81.190712,-3.005550,-0.266747,-27.639181,-22.226831,-22.455582
