Anritsu VNA Frequency[GHz],S21[deg],S21[dB],S11[deg],S11[dB],S22[deg],S22[dB]
1338087718.31,2012_05_27_04:01:58,+40.699,+10.277,+55.042,+10.290,+13.936,+13.747,+14.041,+13.793,10.411144,-16.579
3.006250,33.489101,-1.745951,58.811100,-26.672312,-80.843605,-27.420740
3.012500,33.489101,-1.745951,58.811100,-26.672312,-80.843605,-27.420740
3.018750,33.489101,-1.745951,58.811100,-26.672312,-80.843605,-27.420740
3.025000,33.489101,-1.745951,58.811100,-26.672312,-80.843605,-27.420740
3.031250,33.489101,-1.745951,58.811100,-26.672312,-80.843605,-27.420740
3.037500,33.489101,-1.745951,58.811100,-26.672312,-80.843605,-27.420740
3.043750,33.489101,-1.745951,58.811100,-26.672312,-80.843605,-27.420740
3.050000,33.489101,-1.745951,58.811100,-26.672312,-80.843605,-27.420740
3.056250,33.489101,-1.745951,58.811100,-26.672312,-80.843605,-27.420740
3.062500,33.489101,-1.745951,58.811100,-26.672312,-80.843605,-27.420740
3.068750,33.489101,-1.745951,58.811100,-26.672312,-80.843605,-27.420740
3.075000,33.489101,-1.745951,58.811100,-26.672312,-80.843605,-27.420740
3.081250,33.489101,-1.745951,58.811100,-26.672312,-80.843605,-27.420740
3.087500,33.489101,-1.745951,58.811100,-26.672312,-80.843605,-27.420740
3.093750,33.489101,-1.747808,58.811100,-26.472803,-80.843605,-27.171761
3.100000,39.394489,-1.749994,56.145077,-26.324606,-82.823959,-26.940168
3.106250,45.299976,-1.752222,52.600086,-26.248978,-83.192970,-26.727446
3.112500,51.206192,-1.754480,48.531109,-26.265755,-81.598045,-26.505516
3.118750,57.111641,-1.756932,42.542076,-26.313658,-79.873955,-26.206100
3.125000,63.016090,-1.759564,37.751423,-26.362186,-75.799675,-25.945335
3.131250,68.920364,-1.762267,33.375832,-26.437613,-69.628471,-25.656940
3.137500,74.823540,-1.765334,29.671640,-26.540861,-61.737503,-25.332045
3.143750,80.725197,-1.768899,26.844788,-26.663200,-52.311390,-24.979313
3.150000,86.627716,-1.772732,25.074913,-26.789133,-41.505543,-24.610819
3.156250,92.533440,-1.776322,24.481554,-26.904379,-29.492840,-24.245474
3.162500,96.546722,-1.779637,25.130646,-26.996328,-16.470987,-23.906519
3.168750,100.286545,-1.783034,27.041117,-27.057163,-4.542770,-23.643154
3.175000,103.219734,-1.786696,30.262424,-27.065331,7.742445,-23.398642
3.181250,104.856133,-1.790401,33.032421,-27.008398,20.275991,-23.177759
3.187500,104.769585,-1.793945,36.812160,-26.903376,31.763872,-23.011168
3.193750,102.619652,-1.797239,40.902229,-26.762840,41.785385,-22.915318
3.200000,98.168633,-1.800208,44.732822,-26.594707,50.014523,-22.892048
3.206250,91.294563,-1.802769,47.821690,-26.410013,56.162224,-22.942530
3.212500,81.995705,-1.805216,49.750973,-26.222429,60.033123,-23.074476
3.218750,70.392418,-1.807854,50.210228,-26.043318,61.523426,-23.270645
3.225000,56.723373,-1.810348,51.196457,-25.866243,60.382153,-23.475540
3.231250,41.331532,-1.812321,51.247978,-25.691301,56.894707,-23.698009
3.237500,24.641975,-1.813994,48.874111,-25.518848,53.168404,-23.929548
3.243750,7.142942,-1.815983,46.187855,-25.324392,47.707317,-24.147587
3.250000,-10.632789,-1.818499,43.049572,-25.150539,41.177296,-24.333271
3.256250,-28.135227,-1.821153,39.110630,-25.008726,34.173615,-24.485390
3.262500,-44.828979,-1.823439,34.608608,-24.882317,27.340597,-24.592901
3.268750,-60.223549,-1.825382,29.485733,-24.767351,21.361141,-24.647333
3.275000,-73.894867,-1.827380,23.617519,-24.663168,16.780272,-24.648561
3.281250,-85.503487,-1.829787,16.897589,-24.560677,14.038395,-24.603998
3.287500,-94.810013,-1.832516,9.230735,-24.446665,13.432662,-24.528772
3.293750,-101.690819,-1.835309,0.584627,-24.282494,15.115356,-24.420904
3.300000,-106.145386,-1.838005,-6.865634,-24.114574,19.137072,-24.283583
3.306250,-108.295059,-1.840406,-15.540129,-23.979582,25.355501,-24.142847
3.312500,-108.377296,-1.842584,-24.216576,-23.858898,33.461746,-24.030272
3.318750,-106.733948,-1.844581,-32.602604,-23.759680,43.081814,-23.966820
3.325000,-103.792168,-1.846428,-40.436195,-23.699530,53.772015,-23.962717
3.331250,-100.043419,-1.847911,-47.459637,-23.703669,65.010643,-24.020813
3.337500,-96.020981,-1.849012,-53.495995,-23.831572,76.221107,-24.139322
3.343750,-90.103539,-1.849741,-58.512493,-23.993782,86.821243,-24.304029
3.350000,-84.186363,-1.850162,-62.952099,-24.214916,96.562462,-24.458643
3.356250,-78.269913,-1.850225,-66.385933,-24.538157,105.169785,-24.657309
3.362500,-72.355568,-1.850190,-67.103378,-24.985361,111.426552,-24.906801
3.368750,-66.442833,-1.849875,-66.741974,-25.538116,115.468506,-25.196815
3.375000,-60.530518,-1.848995,-65.181313,-26.169573,116.894829,-25.572243
3.381250,-54.620636,-1.847755,-62.440002,-26.845818,115.538254,-25.906620
3.387500,-48.716885,-1.846928,-58.612854,-27.528826,112.018906,-26.228279
3.393750,-42.819378,-1.846913,-53.861206,-28.174183,105.788353,-26.530247
3.400000,-36.923943,-1.847271,-48.404934,-28.739182,97.409050,-26.803955
3.406250,-31.027575,-1.847494,-42.581059,-29.203259,87.881508,-27.081450
3.412500,-25.131887,-1.847860,-36.716778,-29.541693,77.870064,-27.328239
3.418750,-19.240759,-1.849160,-28.878403,-29.732883,66.016312,-27.523321
3.425000,-13.352727,-1.851425,-22.607050,-29.772875,54.607769,-27.660683
3.431250,-7.461734,-1.853837,-16.049578,-29.677204,44.077713,-27.746189
3.437500,-1.566726,-1.856167,-9.462335,-29.430182,34.877445,-27.784285
3.443750,4.327960,-1.859149,-2.872208,-29.029902,27.688110,-27.722086
3.450000,10.221199,-1.863085,3.209705,-28.521780,20.793097,-27.589642
3.456250,16.118528,-1.867232,8.616980,-27.944366,15.965943,-27.400097
3.462500,22.024420,-1.870687,13.345733,-27.340975,12.915581,-27.156052
3.468750,27.935432,-1.873529,17.482576,-26.757837,11.326965,-26.853012
3.475000,33.846737,-1.876122,21.135916,-26.259781,10.853311,-26.509029
3.481250,39.757359,-1.878592,24.571323,-25.799314,11.093351,-26.137850
3.487500,45.667618,-1.881082,26.513100,-25.406153,11.682970,-25.733995
3.493750,51.575993,-1.883920,28.353762,-25.115561,12.194554,-25.304665
3.500000,57.483559,-1.887207,29.920383,-24.932528,12.189143,-24.861734
3.506250,63.394020,-1.890186,31.111565,-24.842010,11.335244,-24.415710
3.512500,69.308617,-1.892339,31.834965,-24.810482,9.364264,-23.975784
3.518750,75.223198,-1.894281,32.069408,-24.753401,6.073603,-23.546959
3.525000,81.131645,-1.897112,31.933397,-24.736992,1.313359,-23.135088
3.531250,87.035355,-1.900955,32.060810,-24.724230,-2.890515,-22.754826
3.537500,92.941628,-1.905062,32.065571,-24.679014,-7.998830,-22.423006
3.543750,96.958855,-1.908877,32.200798,-24.591284,-13.584534,-22.135479
3.550000,100.705544,-1.912822,32.806641,-24.433565,-19.364820,-21.854563
3.556250,103.645424,-1.917489,32.315762,-24.207787,-24.866865,-21.527849
3.562500,105.290398,-1.922466,32.442707,-23.943626,-29.803473,-21.287045
3.568750,105.219513,-1.926651,32.845131,-23.667549,-32.948853,-21.117233
3.575000,103.092598,-1.929447,33.246319,-23.406504,-35.317593,-21.019491
3.581250,98.666313,-1.931207,33.361000,-23.194710,-36.640545,-21.007225
3.587500,91.814629,-1.932579,32.932861,-23.068624,-36.936848,-21.040730
3.593750,82.537704,-1.933618,31.851746,-23.017864,-36.078743,-21.142647
3.600000,70.961014,-1.933578,30.054697,-23.053598,-33.909081,-21.326939
3.606250,57.322193,-1.932197,29.394808,-23.190786,-30.588242,-21.588352
3.612500,41.956123,-1.930014,28.413649,-23.414640,-26.392097,-21.900208
3.618750,25.287048,-1.927440,27.514158,-23.742016,-21.715792,-22.237326
3.625000,7.808765,-1.924239,26.808430,-24.183455,-17.338392,-22.642748
3.631250,-9.944650,-1.920188,26.903748,-24.701712,-11.461099,-23.078087
3.637500,-27.430296,-1.915785,28.108688,-25.261816,-5.801076,-23.514633
3.643750,-44.119469,-1.911778,30.563345,-25.826481,-0.389253,-23.932796
3.650000,-59.519058,-1.908416,32.405071,-26.350960,4.687817,-24.315800
3.656250,-73.198936,-1.905641,35.192486,-26.760185,9.342810,-24.646851
3.662500,-84.817192,-1.903564,38.097816,-27.099096,13.483920,-24.920538
3.668750,-94.136841,-1.902408,42.053318,-27.346222,16.967972,-25.143320
3.675000,-101.033806,-1.901811,45.378227,-27.473444,19.709265,-25.314188
3.681250,-105.505646,-1.901310,47.802044,-27.477922,21.648994,-25.431356
3.687500,-107.675865,-1.901276,49.086269,-27.372528,22.710667,-25.497942
3.693750,-107.784882,-1.902532,49.082253,-27.183893,22.840960,-25.522833
3.700000,-106.171288,-1.904859,47.798481,-26.917019,22.046511,-25.516832
3.706250,-103.255966,-1.907350,45.387711,-26.590076,20.456144,-25.472805
3.712500,-99.529091,-1.909602,41.833355,-26.241850,18.289156,-25.384371
3.718750,-95.528671,-1.912168,35.431210,-25.899471,15.693329,-25.256714
3.725000,-89.635330,-1.915365,28.103769,-25.579128,12.999241,-25.105480
3.731250,-83.739861,-1.918696,19.572567,-25.325550,10.815204,-24.969975
3.737500,-77.839516,-1.921538,11.784325,-25.161446,9.554923,-24.861841
3.743750,-71.936943,-1.924115,3.479914,-25.072683,9.627041,-24.804012
3.750000,-66.035500,-1.926785,-4.787899,-25.046953,9.633928,-24.710514
3.756250,-60.135178,-1.929490,-12.624762,-25.080130,9.551025,-24.602427
3.762500,-54.233559,-1.931983,-19.609972,-25.151468,10.707894,-24.480663
3.768750,-48.332047,-1.934527,-25.306362,-25.224428,12.847214,-24.393600
3.775000,-42.431633,-1.937350,-29.481075,-25.310219,15.510746,-24.330069
3.781250,-36.531349,-1.940294,-32.025845,-25.396908,18.096615,-24.275236
3.787500,-30.629671,-1.942945,-32.592793,-25.462719,20.243814,-24.221312
3.793750,-24.727798,-1.945692,-31.097723,-25.522085,21.644810,-24.172436
3.800000,-18.827452,-1.948842,-27.565069,-25.521223,22.105158,-24.120335
3.806250,-12.927729,-1.952315,-23.147583,-25.433363,21.638592,-24.028805
3.812500,-7.026607,-1.955922,-17.218269,-25.298742,20.102514,-23.906427
3.818750,-1.124713,-1.959869,-10.358039,-25.134048,17.386761,-23.764029
3.825000,4.777691,-1.964144,-3.170747,-24.953760,13.624557,-23.607973
3.831250,10.684179,-1.968065,5.910283,-24.772161,9.084282,-23.449028
3.837500,16.594498,-1.971403,14.969630,-24.603687,4.087280,-23.324604
3.843750,22.504047,-1.974814,24.049061,-24.444050,-1.029676,-23.187603
3.850000,28.410690,-1.978669,31.341589,-24.287195,-6.954772,-23.021849
3.856250,34.318317,-1.982391,38.405205,-24.142878,-12.493731,-22.866243
3.862500,40.229965,-1.985321,44.704075,-24.009466,-17.626574,-22.729378
3.868750,46.140694,-1.988130,49.803799,-23.874241,-22.332161,-22.607962
3.875000,52.044510,-1.991952,53.300282,-23.714626,-26.634583,-22.491390
3.881250,57.944263,-1.997007,54.771198,-23.536421,-30.605545,-22.363867
3.887500,63.847553,-2.002193,53.781902,-23.341516,-34.427986,-22.229982
3.893750,69.757408,-2.006899,50.246574,-23.111948,-38.358047,-22.094873
3.900000,75.668434,-2.011921,46.253967,-22.837639,-42.525696,-21.950975
3.906250,81.576431,-2.017986,40.395046,-22.517969,-45.234730,-21.796614
3.912500,87.484528,-2.025039,33.205196,-22.154869,-48.352158,-21.626848
3.918750,93.399101,-2.032514,25.235121,-21.755756,-51.588478,-21.428873
3.925000,97.427719,-2.039801,16.951471,-21.347305,-54.703449,-21.175436
3.931250,101.191223,-2.046704,8.809942,-20.954699,-57.760738,-20.956861
3.937500,104.155685,-2.053140,1.362325,-20.598207,-58.558525,-20.768553
3.943750,105.828590,-2.058953,-4.943857,-20.300600,-58.173561,-20.618856
3.950000,105.783875,-2.063612,-9.770573,-20.084032,-56.141487,-20.521774
3.956250,103.680359,-2.066575,-12.892911,-19.966570,-52.109432,-20.492592
3.962500,99.278465,-2.067806,-14.165943,-19.958187,-45.824158,-20.543535
3.968750,92.452431,-2.067611,-13.522519,-20.056332,-37.146965,-20.683054
3.975000,83.200050,-2.066047,-12.867456,-20.228390,-26.083031,-20.921919
3.981250,71.641602,-2.063220,-10.666535,-20.522259,-12.801306,-21.286459
3.987500,58.012966,-2.059262,-6.321996,-20.923960,1.097205,-21.693569
3.993750,42.652454,-2.054495,-1.037535,-21.388746,16.266092,-22.203333
4.000000,25.986328,-2.049088,4.537869,-21.912680,31.899984,-22.822746
4.006250,8.507441,-2.043029,10.052477,-22.479860,47.136978,-23.584358
4.012500,-9.254189,-2.036850,15.236494,-23.066263,60.895748,-24.342245
4.018750,-26.754526,-2.031423,19.796410,-23.631721,73.867249,-25.074183
4.025000,-43.459824,-2.026895,23.536980,-24.164196,84.099167,-25.817205
4.031250,-58.872807,-2.022900,28.275549,-24.653538,92.497627,-26.573896
4.037500,-72.564835,-2.019459,30.645395,-25.078697,98.185478,-27.290684
4.043750,-84.198547,-2.017360,32.688663,-25.427038,101.447411,-27.937880
4.050000,-93.535065,-2.016631,34.258785,-25.698013,102.679634,-28.498613
4.056250,-100.446243,-2.016315,35.286163,-25.882517,102.409378,-28.963316
4.062500,-104.929832,-2.015753,35.852062,-25.962101,99.439018,-29.298876
4.068750,-107.113930,-2.015947,35.898117,-25.954060,96.167984,-29.491627
4.075000,-107.240318,-2.018145,35.447254,-25.875631,92.655701,-29.549524
4.081250,-105.642746,-2.021542,34.677635,-25.740505,89.129906,-29.476530
4.087500,-102.738449,-2.024789,33.845192,-25.557114,83.754105,-29.274027
4.093750,-99.020073,-2.027368,33.252087,-25.334549,78.255386,-28.948256
4.100000,-95.028999,-2.030165,31.314995,-25.087282,72.491371,-28.519915
4.106250,-89.147293,-2.033822,30.033869,-24.820457,66.370468,-28.027912
4.112500,-83.265495,-2.037986,29.309618,-24.526264,59.967449,-27.430689
4.118750,-77.380394,-2.042466,28.885387,-24.220982,53.458088,-26.763596
4.125000,-71.493599,-2.047495,28.468309,-23.920322,46.576542,-26.067724
4.131250,-65.605179,-2.053168,27.886255,-23.633278,39.472919,-25.372885
4.137500,-59.711933,-2.058892,27.024387,-23.363304,32.347759,-24.702477
4.143750,-53.812653,-2.064300,25.794794,-23.109806,25.411371,-24.073729
4.150000,-47.910011,-2.069731,24.114218,-22.871609,18.853735,-23.499546
4.156250,-42.007172,-2.075588,24.077963,-22.644941,12.846692,-22.980110
4.162500,-36.102905,-2.081786,24.279024,-22.418753,7.541139,-22.531307
4.168750,-30.195145,-2.088071,23.299931,-22.182163,4.636624,-22.151102
4.175000,-24.283493,-2.094498,22.998402,-21.953815,1.562717,-21.840137
4.181250,-18.367979,-2.100845,23.185028,-21.739216,0.039770,-21.591806
4.187500,-12.448092,-2.106861,23.659643,-21.542715,-0.051417,-21.343842
4.193750,-6.523601,-2.112480,24.200932,-21.370239,1.350870,-21.208723
4.200000,-0.595649,-2.117486,24.578571,-21.229252,2.325556,-21.157278
4.206250,5.335733,-2.121590,24.576681,-21.126936,3.548928,-21.167435
4.212500,11.269384,-2.124570,24.032722,-21.060553,6.051333,-21.196337
4.218750,17.201647,-2.126786,25.008177,-21.018843,7.604034,-21.248451
4.225000,23.130074,-2.128713,24.093592,-20.997744,8.200477,-21.324043
4.231250,29.054430,-2.130499,23.269588,-20.985735,7.694586,-21.409044
4.237500,34.976173,-2.132002,22.330015,-20.981873,5.917070,-21.480686
4.243750,40.895348,-2.133243,20.935417,-21.003342,4.783109,-21.548485
4.250000,46.813290,-2.134125,18.931181,-21.035006,2.675138,-21.611603
4.256250,52.729126,-2.134569,16.168320,-21.059221,0.116068,-21.653580
4.262500,58.640541,-2.135108,12.415342,-21.061306,-2.478805,-21.663345
4.268750,64.544487,-2.136436,7.472712,-21.031036,-4.755711,-21.630379
4.275000,70.442039,-2.138917,1.160107,-20.960835,-6.400103,-21.547794
4.281250,76.338921,-2.142035,-4.516149,-20.838440,-7.140364,-21.403685
4.287500,82.238182,-2.145584,-11.086358,-20.661266,-6.778926,-21.169373
4.293750,88.136826,-2.150310,-18.293478,-20.452574,-5.411238,-20.914700
4.300000,94.034874,-2.156394,-25.766918,-20.214052,-3.309671,-20.642385
4.306250,98.045235,-2.162729,-33.064613,-19.948814,-0.279396,-20.349783
4.312500,101.794334,-2.168154,-39.868065,-19.667974,3.473905,-20.046654
4.318750,104.744400,-2.173149,-45.906746,-19.386059,7.686061,-19.746367
4.325000,106.395943,-2.178664,-50.979355,-19.124151,12.052237,-19.466793
4.331250,106.323761,-2.184518,-54.938400,-18.905947,16.263275,-19.222750
4.337500,104.194099,-2.189691,-57.685318,-18.780312,20.048651,-19.016661
4.343750,99.770981,-2.193681,-59.236130,-18.652906,23.185757,-18.790659
4.350000,92.928207,-2.196751,-58.593628,-18.597874,25.195616,-18.669863
4.356250,83.663689,-2.198689,-56.651592,-18.651133,27.752754,-18.634228
4.362500,72.099434,-2.199055,-53.206608,-18.811037,29.613167,-18.694269
4.368750,58.469906,-2.198195,-48.346218,-19.069462,31.127085,-18.876270
4.375000,43.109352,-2.196931,-42.274284,-19.412821,32.540745,-19.120031
4.381250,26.445436,-2.195157,-35.264557,-19.820013,33.909977,-19.408092
4.387500,8.974926,-2.192222,-27.640690,-20.264505,36.036087,-19.747782
4.393750,-8.771792,-2.188398,-19.818678,-20.729387,37.242104,-20.166979
4.400000,-26.255072,-2.184940,-12.257506,-21.202522,39.083500,-20.641293
4.406250,-42.941818,-2.181889,-3.159216,-21.665613,41.143349,-21.144377
4.412500,-58.333851,-2.178484,3.888135,-22.105280,43.128777,-21.657722
4.418750,-72.003410,-2.174803,10.728516,-22.515202,44.826210,-22.167601
4.425000,-83.614906,-2.171792,17.191889,-22.834375,46.154709,-22.626047
4.431250,-92.932732,-2.169849,23.100708,-23.061892,47.122349,-23.005823
4.437500,-99.829025,-2.168296,28.067509,-23.209824,47.498806,-23.303068
4.443750,-104.301636,-2.166979,32.045559,-23.285582,47.283897,-23.510958
4.450000,-106.476479,-2.166711,35.101173,-23.291035,46.607754,-23.622234
4.456250,-106.591347,-2.168010,37.363922,-23.231153,45.638237,-23.635635
4.462500,-104.980652,-2.170036,39.034477,-23.116205,44.559525,-23.557034
4.468750,-102.067497,-2.172389,40.402306,-22.965721,43.593006,-23.408918
4.475000,-98.347191,-2.175569,39.951572,-22.778551,43.037312,-23.176043
4.481250,-94.353683,-2.179583,39.850761,-22.547903,41.615849,-22.846357
4.487500,-88.460464,-2.183582,39.758793,-22.306210,40.859795,-22.465364
4.493750,-82.561745,-2.187293,39.486286,-22.075140,40.468910,-22.063156
4.500000,-76.664085,-2.191880,38.967663,-21.865839,40.226189,-21.660990
4.506250,-70.769676,-2.198040,38.178658,-21.678766,39.921467,-21.273390
4.512500,-64.870201,-2.204646,37.112206,-21.500898,39.335567,-20.909725
4.518750,-58.957363,-2.210104,35.767277,-21.275724,38.220016,-20.579929
4.525000,-53.036118,-2.214616,34.166603,-21.093229,36.256062,-20.319904
4.531250,-47.115829,-2.219365,33.402790,-20.959364,32.992153,-20.116457
4.537500,-41.197567,-2.224711,32.969238,-20.829052,29.795914,-19.948149
4.543750,-35.273567,-2.229765,31.456522,-20.691896,25.163364,-19.825554
4.550000,-29.341049,-2.233838,30.584625,-20.575199,19.420252,-19.725405
4.556250,-23.403021,-2.236938,30.064848,-20.501369,12.974620,-19.707392
4.562500,-17.463547,-2.239527,29.682728,-20.489672,6.529066,-19.788158
4.568750,-11.523110,-2.241593,29.210985,-20.565437,0.063430,-19.964836
4.575000,-5.579873,-2.242860,28.427044,-20.787565,-6.246395,-20.183666
4.581250,0.366912,-2.242909,27.152807,-21.072861,-12.067222,-20.457232
4.587500,6.314680,-2.241735,24.099054,-21.442938,-16.901968,-20.797926
4.593750,12.260561,-2.239645,22.155445,-21.917381,-20.564564,-21.198044
4.600000,18.202698,-2.236774,19.447302,-22.499998,-23.008877,-21.637249
4.606250,24.141159,-2.232903,15.851109,-23.251760,-24.376993,-22.127413
4.612500,30.074965,-2.228118,12.276678,-24.042110,-24.938707,-22.658098
4.618750,35.999123,-2.223417,8.104275,-24.902864,-24.761393,-23.207634
4.625000,41.911228,-2.219503,3.662173,-25.813885,-24.126081,-23.760141
4.631250,47.817226,-2.215800,-0.760057,-26.741787,-23.353546,-24.302511
4.637500,53.721970,-2.211257,-4.899642,-27.643742,-22.805632,-24.817354
4.643750,59.621872,-2.206459,-8.508841,-28.467295,-22.848503,-25.269585
4.650000,65.507782,-2.202923,-13.281696,-29.151733,-23.831120,-25.611191
4.656250,71.379318,-2.201463,-15.353088,-29.669579,-26.135626,-25.850628
4.662500,77.244987,-2.201558,-16.771969,-30.013397,-28.332256,-26.008314
4.668750,83.109596,-2.202913,-17.403620,-30.153296,-31.803602,-26.058311
4.675000,88.973511,-2.205749,-17.270885,-30.076832,-36.312572,-25.992153
4.681250,94.838112,-2.209898,-16.505255,-29.787333,-41.654457,-25.810900
4.687500,98.812202,-2.214764,-15.309111,-29.308905,-47.605762,-25.525740
4.693750,102.517136,-2.220526,-13.925044,-28.680099,-53.898090,-25.148407
4.700000,105.415581,-2.228269,-12.645700,-27.929247,-60.187916,-24.680996
4.706250,107.019608,-2.237681,-11.963020,-27.059635,-66.107849,-24.115993
4.712500,106.912834,-2.246976,-12.117819,-26.112782,-71.217644,-23.507748
4.718750,104.758087,-2.254970,-13.457319,-25.165462,-76.930061,-22.911713
4.725000,100.308960,-2.262397,-14.407362,-24.278559,-81.770546,-22.348402
4.731250,93.436874,-2.270090,-16.516363,-23.473825,-85.891182,-21.852663
4.737500,84.145454,-2.277378,-19.531048,-22.770340,-89.517075,-21.389462
4.743750,72.562035,-2.283068,-23.235624,-22.180393,-92.923256,-20.965290
4.750000,58.918850,-2.287548,-27.375938,-21.700796,-94.045212,-20.588196
4.756250,43.548588,-2.291652,-31.657246,-21.273592,-94.427116,-20.316614
4.762500,26.878935,-2.295238,-35.804760,-20.980963,-93.626289,-20.142952
4.768750,9.406766,-2.297590,-38.264492,-20.801725,-91.489380,-20.047405
4.775000,-8.337794,-2.298863,-39.477276,-20.698011,-87.719307,-20.017424
4.781250,-25.814007,-2.299726,-38.843414,-20.633081,-82.065025,-20.051821
4.787500,-42.491177,-2.300632,-37.700169,-20.542913,-74.326180,-20.123760
4.793750,-57.874828,-2.301573,-34.883526,-20.490881,-66.005234,-20.186441
4.800000,-71.536751,-2.302736,-30.075983,-20.436747,-55.798725,-20.255188
4.806250,-83.135437,-2.303999,-23.908371,-20.373524,-44.343529,-20.323097
4.812500,-92.432884,-2.305209,-16.937456,-20.299379,-32.242500,-20.376854
4.818750,-99.307487,-2.306710,-9.720402,-20.214146,-20.082689,-20.403305
4.825000,-103.761749,-2.309160,-2.821089,-20.124434,-8.412546,-20.407810
4.831250,-105.914200,-2.312258,5.373423,-20.046822,2.244539,-20.414171
4.837500,-105.994644,-2.314607,13.040916,-19.993338,11.479401,-20.397415
4.843750,-104.343864,-2.315833,18.554842,-19.930964,19.378420,-20.325438
4.850000,-101.398178,-2.317370,23.659334,-19.878281,25.339041,-20.234953
4.856250,-97.655022,-2.320458,27.851908,-19.850357,29.326757,-20.141102
4.862500,-93.639595,-2.324166,30.871189,-19.850822,31.499872,-20.051464
4.868750,-87.720146,-2.326947,32.583481,-19.866371,32.128288,-19.963818
4.875000,-81.794464,-2.328856,32.943558,-19.874432,31.530039,-19.877153
4.881250,-75.871193,-2.330899,32.016563,-19.866531,30.012701,-19.797310
4.887500,-69.952301,-2.333481,30.177294,-19.866018,27.915831,-19.728668
4.893750,-64.033722,-2.336253,27.591579,-19.863623,25.602890,-19.674032
4.900000,-58.113438,-2.339079,24.427485,-19.859365,23.416037,-19.630426
4.906250,-52.191669,-2.342028,20.977652,-19.851181,21.671614,-19.585211
4.912500,-46.268150,-2.344764,17.432547,-19.824820,20.654266,-19.515291
4.918750,-40.341816,-2.347219,14.128403,-19.797535,20.816214,-19.466948
4.925000,-34.415691,-2.349989,11.423461,-19.792643,22.644806,-19.448454
4.931250,-28.488998,-2.352831,9.495503,-19.825758,23.909214,-19.456966
4.937500,-22.556829,-2.354862,8.454851,-19.906881,26.121168,-19.496717
4.943750,-16.616913,-2.355278,8.343087,-20.042570,28.924568,-19.575455
4.950000,-10.677791,-2.355034,9.163613,-20.230539,31.964890,-19.698919
4.956250,-4.744770,-2.354979,10.877609,-20.462862,34.899647,-19.877048
4.962500,1.185824,-2.354577,11.493894,-20.718557,37.362675,-20.164351
4.968750,7.119105,-2.353115,14.648040,-20.990074,38.183342,-20.376740
4.975000,13.050814,-2.351262,18.013721,-21.297834,39.306389,-20.661236
4.981250,18.976030,-2.349467,21.518208,-21.616747,39.143871,-21.008282
4.987500,24.898991,-2.347169,24.958948,-21.936378,37.724571,-21.406656
4.993750,30.823099,-2.343602,28.073910,-22.249662,34.991631,-21.848091
5.000000,36.741711,-2.339789,30.653664,-22.544985,30.913567,-22.320791
5.006250,42.647057,-2.337127,32.546276,-22.805683,27.379047,-22.803062
5.012500,48.543655,-2.335551,33.630268,-23.007160,22.678244,-23.227037
5.018750,54.440769,-2.333829,33.803169,-23.125261,17.293692,-23.589441
5.025000,60.338757,-2.331964,33.064205,-23.199493,11.369272,-23.926485
5.031250,66.232285,-2.330666,31.594082,-23.226307,5.696558,-24.207962
5.037500,72.119957,-2.329999,29.528786,-23.209826,0.655894,-24.419310
5.043750,78.005814,-2.329745,26.847872,-23.194658,-3.501875,-24.555948
5.050000,83.889366,-2.330429,23.503811,-23.135902,-6.550002,-24.611956
5.056250,89.769142,-2.332489,20.640129,-23.041634,-8.237086,-24.574781
5.062500,95.651527,-2.334883,17.365574,-22.958176,-8.428805,-24.448742
5.068750,99.647346,-2.336352,14.083967,-22.902311,-7.072561,-24.244423
5.075000,103.371361,-2.337711,11.186686,-22.873789,-4.100969,-23.971308
5.081250,106.281189,-2.340752,7.169713,-22.858152,0.534983,-23.638338
5.087500,107.887703,-2.345454,4.056280,-22.845463,6.826593,-23.261282
5.093750,107.776680,-2.350047,1.812993,-22.847769,14.664150,-22.865808
5.100000,105.609406,-2.353966,0.248596,-22.849510,23.754801,-22.458284
5.106250,101.139771,-2.358444,-0.921349,-22.830795,33.536663,-22.030481
5.112500,94.242355,-2.364160,-1.880448,-22.776140,43.783188,-21.616217
5.118750,84.925232,-2.369967,-2.795526,-22.677378,54.110374,-21.237444
5.125000,73.314308,-2.375037,-3.826520,-22.531097,63.955830,-20.907066
5.131250,59.641785,-2.380063,-5.096260,-22.334534,72.735054,-20.627762
5.137500,44.242290,-2.385832,-6.705254,-22.088945,79.899467,-20.388474
5.143750,27.546875,-2.391888,-6.582141,-21.801132,84.980705,-20.116713
5.150000,10.052752,-2.397536,-6.162267,-21.485638,88.530891,-20.000782
5.156250,-7.707928,-2.402704,-6.853123,-21.134722,90.606346,-19.882320
5.162500,-25.191936,-2.407650,-6.577375,-20.764004,90.685181,-19.796316
5.168750,-41.866024,-2.412035,-5.646716,-20.399529,89.184288,-19.752934
5.175000,-57.237362,-2.415495,-4.277759,-20.061275,86.663826,-19.745367
5.181250,-70.880882,-2.417979,-2.674936,-19.764679,83.790848,-19.761349
5.187500,-82.457886,-2.419679,-1.073893,-19.525923,79.126450,-19.792717
5.193750,-91.732666,-2.420584,0.273736,-19.361712,74.871811,-19.875999
5.200000,-98.585495,-2.421073,1.138825,-19.290913,71.300652,-20.038280
5.206250,-103.017487,-2.421501,3.546631,-19.303003,67.695396,-20.158081
5.212500,-105.149643,-2.421806,4.264853,-19.370926,64.853165,-20.294344
5.218750,-105.215416,-2.421587,5.148621,-19.496187,62.754372,-20.453930
5.225000,-103.554459,-2.420437,5.994900,-19.633215,61.259819,-20.631605
5.231250,-100.597122,-2.418467,6.761073,-19.829355,60.147274,-20.825035
5.237500,-96.838768,-2.416058,6.104866,-20.090715,59.078499,-21.045040
5.243750,-92.815132,-2.413920,4.763211,-20.381836,57.737785,-21.289095
5.250000,-86.906319,-2.412914,2.372414,-20.684914,55.853069,-21.549601
5.256250,-81.002113,-2.412688,-1.399940,-20.985954,53.130432,-21.820284
5.262500,-75.094803,-2.411850,-4.669030,-21.273966,49.317825,-22.091513
5.268750,-69.184944,-2.410031,-8.990222,-21.542255,44.195076,-22.348629
5.275000,-63.283390,-2.409102,-14.018382,-21.785521,37.556862,-22.572824
5.281250,-57.395672,-2.410471,-19.441586,-21.998186,29.365860,-22.766909
5.287500,-51.510941,-2.412986,-24.974846,-22.175611,19.944328,-22.953587
5.293750,-45.617222,-2.414699,-30.358885,-22.314421,9.354067,-23.111074
5.300000,-39.718998,-2.415930,-35.344746,-22.407749,-2.197693,-23.223122
5.306250,-33.829670,-2.418816,-39.697495,-22.447088,-14.329308,-23.278358
5.312500,-27.948725,-2.423793,-43.251530,-22.429590,-26.611311,-23.270857
5.318750,-22.063480,-2.429503,-45.893795,-22.351820,-38.597801,-23.194635
5.325000,-16.169025,-2.435436,-47.552948,-22.212440,-49.844818,-23.037327
5.331250,-10.269512,-2.442170,-48.262512,-22.033445,-59.977276,-22.863409
5.337500,-4.364906,-2.449420,-46.041306,-21.827486,-69.057175,-22.609415
5.343750,1.552424,-2.455720,-43.724667,-21.580345,-76.329369,-22.335510
5.350000,7.480963,-2.460833,-39.861866,-21.341440,-81.981506,-22.077974
5.356250,13.412007,-2.465932,-34.619541,-21.135098,-85.898735,-21.867235
5.362500,19.344334,-2.471130,-28.248720,-20.981596,-88.082848,-21.730377
5.368750,25.286186,-2.474859,-21.055826,-20.892090,-88.747040,-21.650627
5.375000,31.238670,-2.476419,-13.370317,-20.865986,-88.158928,-21.610491
5.381250,37.192341,-2.476836,-5.567167,-20.891674,-86.479652,-21.590204
5.387500,43.141239,-2.476609,1.904486,-20.974792,-83.170609,-21.710482
5.393750,49.089584,-2.474885,8.722450,-21.136337,-79.221130,-21.918535
5.400000,55.038479,-2.471304,14.892256,-21.359251,-74.993019,-22.207024
5.406250,60.979103,-2.467195,20.183353,-21.621414,-70.778076,-22.583853
5.412500,66.906281,-2.463595,24.382578,-21.893585,-66.593010,-22.946375
5.418750,72.825867,-2.459799,27.317095,-22.155081,-62.607067,-23.300325
5.425000,78.742271,-2.455314,28.893206,-22.386505,-59.227016,-23.633175
5.431250,84.649750,-2.451161,29.173923,-22.570545,-56.456333,-23.922478
5.437500,90.543594,-2.448503,28.383299,-22.690872,-54.243492,-24.140844
5.443750,96.427231,-2.447513,26.854469,-22.735195,-52.533695,-24.267982
5.450000,100.413635,-2.447822,24.945591,-22.694128,-51.257408,-24.292372
5.456250,104.126617,-2.449325,23.062017,-22.565115,-50.251091,-24.210358
5.462500,107.035316,-2.451747,21.644592,-22.360456,-49.346436,-24.051792
5.468750,108.650642,-2.454360,19.274824,-22.092474,-48.349609,-23.787678
5.475000,108.543968,-2.457471,18.135628,-21.753622,-46.379536,-23.409575
5.481250,106.369301,-2.462341,18.082453,-21.370638,-43.931595,-22.981462
5.487500,101.892723,-2.468929,18.839020,-20.976229,-40.701069,-22.540684
5.493750,95.003502,-2.475272,20.233061,-20.596838,-36.390442,-22.118206
5.500000,85.707085,-2.480031,22.113279,-20.249069,-30.767488,-21.736616
5.506250,74.115738,-2.484123,24.332880,-19.939325,-23.682529,-21.402704
5.512500,60.456902,-2.488731,26.721910,-19.649122,-15.169819,-21.038013
5.518750,45.075813,-2.493139,29.110806,-19.403555,-5.856225,-20.794746
5.525000,28.406294,-2.496115,30.874168,-19.243671,4.059018,-20.624802
5.531250,10.937889,-2.497778,32.608002,-19.145355,14.536819,-20.522583
5.537500,-6.804743,-2.499016,33.992413,-19.108149,25.048834,-20.478704
5.543750,-24.275581,-2.499701,34.707100,-19.139202,35.062855,-20.487106
5.550000,-40.939404,-2.499412,34.494770,-19.244053,44.196701,-20.595940
5.556250,-56.304527,-2.498267,33.173325,-19.430017,52.173103,-20.779890
5.562500,-69.947624,-2.496405,30.618301,-19.705414,59.337833,-20.987967
5.568750,-81.527855,-2.493819,26.880447,-20.035694,64.820435,-21.249065
5.575000,-90.808571,-2.490542,24.186846,-20.419573,68.748337,-21.561995
5.581250,-97.671120,-2.487061,19.209703,-20.857496,71.393318,-21.909012
5.587500,-102.115929,-2.483581,14.200548,-21.347935,73.093681,-22.253056
5.593750,-104.263077,-2.479791,9.240162,-21.891184,73.983284,-22.654146
5.600000,-104.350258,-2.476088,4.536296,-22.454441,72.626373,-23.051798
5.606250,-102.721603,-2.473491,0.279205,-23.017586,71.147102,-23.440577
5.612500,-99.801697,-2.471799,-3.495280,-23.568247,69.284935,-23.818165
5.618750,-96.074127,-2.469618,-6.676945,-24.090647,66.912727,-24.179857
5.625000,-92.071167,-2.466670,-9.149226,-24.567236,63.922913,-24.523321
5.631250,-86.183578,-2.465019,-10.802733,-24.976431,60.205769,-24.829159
5.637500,-80.309837,-2.465933,-11.557181,-25.295061,55.607296,-25.060286
5.643750,-74.436836,-2.467851,-13.280344,-25.494726,52.008755,-25.174541
5.650000,-68.554543,-2.469162,-12.224993,-25.554075,47.787720,-25.200756
5.656250,-62.669384,-2.470747,-10.530442,-25.495062,42.585075,-25.172789
5.662500,-56.792053,-2.474125,-8.400197,-25.318169,37.349983,-25.059618
5.668750,-50.919292,-2.479349,-5.910934,-25.022642,32.343937,-24.852810
5.675000,-45.040810,-2.485341,-3.308785,-24.624817,27.752562,-24.557104
5.681250,-39.152740,-2.491593,-0.874323,-24.148497,23.752724,-24.179939
5.687500,-33.258801,-2.498150,1.112669,-23.629585,20.555780,-23.732183
5.693750,-27.358526,-2.504675,2.277447,-23.075748,18.457729,-23.242949
5.700000,-21.451874,-2.510854,1.995371,-22.486238,17.899178,-22.734001
5.706250,-15.542223,-2.517483,2.312867,-21.922939,17.042805,-22.236967
5.712500,-9.632037,-2.525110,1.602110,-21.424078,17.545099,-21.787071
5.718750,-3.713885,-2.532437,0.071846,-21.010700,19.009476,-21.411160
5.725000,2.218973,-2.538023,-2.074605,-20.692259,22.845711,-21.099377
5.731250,8.162122,-2.541904,-4.643434,-20.468716,26.922468,-20.822348
5.737500,14.104007,-2.545307,-7.442613,-20.326693,31.418562,-20.618383
5.743750,20.043440,-2.548340,-10.317201,-20.246138,35.473320,-20.539686
5.750000,25.987049,-2.549777,-13.258295,-20.246500,39.569977,-20.551764
5.756250,31.933754,-2.549637,-16.240011,-20.315031,43.418644,-20.638573
5.762500,37.875565,-2.548886,-16.863630,-20.425430,46.666782,-20.786377
5.768750,43.808846,-2.547948,-18.296886,-20.549406,48.966000,-20.999094
5.775000,49.737671,-2.546377,-18.403372,-20.660919,49.854660,-21.205072
5.781250,55.662464,-2.544281,-17.385141,-20.756849,50.285301,-21.412050
5.787500,61.578278,-2.542618,-15.492911,-20.828392,49.305752,-21.623831
5.793750,67.484116,-2.542039,-12.932138,-20.863874,47.073017,-21.824764
5.800000,73.384789,-2.542255,-9.985668,-20.854902,43.668331,-21.993706
5.806250,79.284447,-2.542851,-6.977190,-20.799232,39.221348,-22.107838
5.812500,85.183731,-2.543638,-4.244657,-20.699787,33.959084,-22.162174
5.818750,91.081261,-2.544752,-2.112926,-20.566322,28.279139,-22.178095
5.825000,96.974289,-2.547055,1.272659,-20.425030,20.353704,-22.177879
5.831250,100.967445,-2.551485,4.276371,-20.336370,12.070108,-22.098753
5.837500,104.687050,-2.557775,5.601212,-20.200390,3.501036,-21.968544
5.843750,107.612267,-2.564290,7.287588,-20.085892,-5.593079,-21.820034
5.850000,109.256783,-2.569342,8.770226,-20.025629,-15.064568,-21.675850
5.856250,109.187592,-2.572978,9.984884,-20.027510,-24.682606,-21.549923
5.862500,107.052139,-2.576418,10.882463,-20.089325,-34.231949,-21.454165
5.868750,102.612129,-2.579996,11.437655,-20.189215,-43.570423,-21.388557
5.875000,95.750114,-2.583051,11.783064,-20.329149,-52.664459,-21.342794
5.881250,86.468544,-2.585387,12.377609,-20.535336,-61.628288,-21.334965
5.887500,74.886551,-2.586983,13.194474,-20.780773,-68.223244,-21.363260
5.893750,61.240437,-2.587462,14.410734,-21.051476,-73.771782,-21.414745
5.900000,45.870094,-2.586797,14.377378,-21.353035,-77.886627,-21.479115
5.906250,29.197163,-2.585957,14.983286,-21.721241,-82.313332,-21.568272
5.912500,11.710903,-2.585598,16.045973,-22.079264,-85.243370,-21.673193
5.918750,-6.049733,-2.584705,17.796841,-22.440567,-87.051460,-21.781290
5.925000,-23.533451,-2.582387,19.444263,-22.825922,-88.120323,-21.890556
5.931250,-40.215519,-2.579911,20.880598,-23.239534,-88.730537,-22.004807
5.937500,-55.611416,-2.578527,22.032949,-23.670343,-89.116791,-22.125347
5.943750,-69.288506,-2.577780,22.856358,-24.099512,-89.464622,-22.252811
5.950000,-80.897247,-2.576442,23.551546,-24.508904,-90.014572,-22.341146
5.956250,-90.203339,-2.575062,24.297491,-24.879330,-91.257980,-22.393290
5.962500,-97.093575,-2.575075,24.992779,-25.195133,-90.474197,-22.453287
5.968750,-101.563171,-2.575849,25.509392,-25.445581,-89.904167,-22.511692
5.975000,-103.723206,-2.575500,25.756908,-25.619070,-89.098549,-22.564526
5.981250,-103.814629,-2.574244,25.658709,-25.709255,-87.624176,-22.611637
5.987500,-102.190681,-2.574197,25.152905,-25.710300,-85.096642,-22.651354
5.993750,-99.280769,-2.576130,24.218208,-25.618900,-81.183296,-22.680088
6.000000,-95.564178,-2.578738,22.847088,-25.433537,-75.665047,-22.689960
6.006250,-91.567734,-2.581205,21.074183,-25.144854,-68.487190,-22.637001
6.012500,-85.675690,-2.584366,18.956625,-24.713251,-60.044003,-22.565899
6.018750,-79.784805,-2.588504,18.415037,-24.268330,-50.605450,-22.480692
6.025000,-73.888405,-2.592561,16.124002,-23.786654,-40.133869,-22.383778
6.031250,-67.984627,-2.596156,14.523653,-23.294647,-29.090782,-22.288691
6.037500,-62.078957,-2.600155,13.468746,-22.835308,-18.011461,-22.212631
6.043750,-56.172783,-2.604610,12.883527,-22.454744,-7.345275,-22.140110
6.050000,-50.260193,-2.608377,12.832280,-22.143764,2.652557,-22.055126
6.056250,-44.339287,-2.611075,13.316257,-21.929865,11.524076,-21.995052
6.062500,-38.418152,-2.613726,14.048827,-21.842705,19.027687,-21.980654
6.068750,-32.499096,-2.616485,13.072269,-21.889021,25.015926,-22.013401
6.075000,-26.574686,-2.618058,11.994419,-22.057224,29.491222,-22.089746
6.081250,-20.643291,-2.617725,12.439535,-22.313766,32.527946,-22.205412
6.087500,-14.716198,-2.616849,12.530021,-22.578663,34.194725,-22.337990
6.093750,-8.800973,-2.616877,12.179584,-22.890057,34.466904,-22.474169
6.100000,-2.892560,-2.617472,10.767411,-23.212015,33.526466,-22.618444
6.106250,3.017653,-2.617775,8.759334,-23.494850,31.660887,-22.761625
6.112500,8.928275,-2.617800,6.063192,-23.707422,29.041464,-22.889240
6.118750,14.834164,-2.618328,2.592093,-23.831556,25.799164,-22.984392
6.125000,20.734997,-2.619605,-1.697549,-23.862026,22.081366,-23.023960
6.131250,26.633181,-2.621903,-4.638633,-23.804502,18.144321,-23.007608
6.137500,32.530998,-2.625219,-7.487972,-23.657438,14.819747,-22.947186
6.143750,38.432510,-2.628894,-11.442265,-23.420639,10.215189,-22.827347
6.150000,44.342663,-2.631922,-14.384314,-23.121635,5.766810,-22.661505
6.156250,50.258366,-2.634205,-16.358770,-22.788065,1.445923,-22.463652
6.162500,56.172401,-2.636794,-17.382931,-22.443676,-2.712421,-22.247478
6.168750,62.083431,-2.640145,-17.481688,-22.107344,-6.639021,-22.023273
6.175000,67.998245,-2.643216,-16.742958,-21.798141,-10.265853,-21.803137
6.181250,73.920227,-2.645143,-15.304409,-21.532017,-13.521093,-21.601969
6.187500,79.844055,-2.646470,-13.329067,-21.323181,-16.267521,-21.496101
6.193750,85.764717,-2.647853,-11.031360,-21.195587,-18.808403,-21.367090
6.200000,91.684860,-2.648798,-8.602603,-21.129564,-20.891821,-21.300102
6.206250,95.710846,-2.649064,-5.751393,-21.118465,-22.438410,-21.313337
6.212500,99.461784,-2.649131,-2.747029,-21.180758,-23.613922,-21.418636
6.218750,102.401894,-2.649424,0.231124,-21.305080,-24.592810,-21.659592
6.225000,104.041115,-2.649913,3.004057,-21.465616,-23.984854,-21.897314
6.231250,103.954559,-2.650362,5.208464,-21.690569,-24.267361,-22.217142
6.237500,101.801903,-2.650728,6.537076,-21.964945,-24.579451,-22.615362
6.243750,97.346764,-2.650721,6.971446,-22.269642,-24.838549,-23.076771
6.250000,90.467979,-2.650086,8.512569,-22.591887,-25.073872,-23.582062
6.256250,81.162064,-2.649451,9.681710,-22.924616,-25.308313,-24.110872
6.262500,69.546364,-2.649715,9.019411,-23.263262,-25.518435,-24.643274
6.268750,55.863613,-2.650215,8.643817,-23.590206,-25.448130,-25.119843
6.275000,40.461994,-2.649493,8.534608,-23.885820,-24.775831,-25.546326
6.281250,23.765902,-2.647629,8.558799,-24.145679,-23.611900,-25.912853
6.287500,6.255063,-2.646525,8.604569,-24.365150,-21.806665,-26.202124
6.293750,-11.540996,-2.647261,8.622195,-24.534668,-19.109344,-26.397038
6.300000,-29.064409,-2.648617,8.596408,-24.639105,-15.259433,-26.479340
6.306250,-45.774078,-2.649527,8.496858,-24.662113,-10.061597,-26.432508
6.312500,-61.183475,-2.650665,8.270493,-24.585886,-3.429565,-26.241331
6.318750,-74.871307,-2.653037,7.787347,-24.419287,4.464118,-25.962017
6.325000,-86.494164,-2.656284,8.970746,-24.196640,13.239120,-25.599646
6.331250,-95.808968,-2.659707,8.592319,-23.908951,22.669428,-25.145979
6.337500,-102.695290,-2.663676,8.889395,-23.552683,32.499195,-24.641466
6.343750,-107.156097,-2.668701,9.571497,-23.159653,42.295254,-24.126249
6.350000,-109.309387,-2.673979,10.406078,-22.760492,51.490360,-23.634615
6.356250,-109.386848,-2.678468,11.236980,-22.382162,59.480640,-23.195246
6.362500,-107.731323,-2.682165,11.935735,-22.046654,65.688835,-22.819248
6.368750,-104.776207,-2.685547,12.384812,-21.768963,69.602264,-22.449818
6.375000,-101.014893,-2.688315,12.461305,-21.559128,71.388542,-22.248371
6.381250,-96.978806,-2.690327,11.907120,-21.434462,70.669823,-22.166718
6.387500,-91.048546,-2.691996,11.853167,-21.379395,67.335419,-22.206026
6.393750,-85.121216,-2.693385,11.427067,-21.411459,61.698502,-22.319233
6.400000,-79.193695,-2.694011,10.901175,-21.530378,54.151981,-22.418812
6.406250,-73.266640,-2.693631,10.342337,-21.728891,43.076618,-22.650000
6.412500,-67.345406,-2.693324,9.777479,-21.991964,30.889160,-22.944885
6.418750,-61.433071,-2.693933,9.195930,-22.305008,17.404011,-23.267578
6.425000,-55.523533,-2.694641,8.601351,-22.642149,3.102870,-23.587008
6.431250,-49.611767,-2.694818,7.987576,-22.977247,-11.466779,-23.873127
6.437500,-43.701656,-2.694975,7.295671,-23.282993,-25.776100,-24.096695
6.443750,-37.798710,-2.696181,8.633189,-23.528757,-39.334091,-24.225760
6.450000,-31.899448,-2.698309,10.515040,-23.703415,-51.887497,-24.309002
6.456250,-25.998087,-2.700556,11.344520,-23.810944,-63.328064,-24.333523
6.462500,-20.093599,-2.702899,13.117353,-23.846453,-71.706978,-24.258535
6.468750,-14.189114,-2.705584,15.637601,-23.807894,-78.374451,-24.120174
6.475000,-8.282360,-2.708129,18.632048,-23.704716,-82.861229,-23.948099
6.481250,-2.371006,-2.710116,21.773273,-23.561199,-84.951920,-23.769831
6.487500,3.539859,-2.712290,24.756599,-23.406689,-84.537476,-23.601509
6.493750,9.448423,-2.714972,27.428679,-23.242485,-81.499329,-23.422255
6.500000,15.358809,-2.717326,29.684280,-23.076475,-77.817894,-23.234144
6.506250,21.275862,-2.718600,29.369713,-22.923073,-72.059067,-23.063606
6.512500,27.192646,-2.719568,30.112415,-22.808563,-64.730827,-22.941055
6.518750,33.103367,-2.721415,29.825058,-22.759960,-56.597301,-22.858847
6.525000,39.012035,-2.723625,28.615038,-22.771067,-48.372807,-22.808737
6.531250,44.926773,-2.725053,26.575916,-22.834169,-40.668610,-22.785540
6.537500,50.846008,-2.725641,23.766403,-22.940193,-34.025635,-22.785786
6.543750,56.761246,-2.726475,20.270672,-23.077734,-28.911613,-22.809645
6.550000,62.671413,-2.727842,16.201826,-23.232283,-23.867695,-22.832838
6.556250,68.582710,-2.729096,11.746617,-23.369753,-20.894480,-22.845989
6.562500,74.496719,-2.730094,7.229305,-23.484905,-19.443748,-22.858885
6.568750,80.410004,-2.731013,3.607278,-23.611767,-19.154255,-22.870495
6.575000,86.321838,-2.731845,-0.985390,-23.714975,-19.717945,-22.902025
6.581250,92.233017,-2.732389,-4.543266,-23.788225,-20.678789,-22.932686
6.587500,96.246849,-2.733348,-7.140314,-23.835096,-21.515923,-22.963036
6.593750,99.983490,-2.735285,-8.806154,-23.861328,-23.748190,-22.998901
6.600000,102.915268,-2.737176,-9.570576,-23.871754,-25.323044,-23.042749
6.606250,104.555161,-2.738036,-9.468100,-23.867029,-26.347263,-23.092558
6.612500,104.470787,-2.738485,-8.573494,-23.849066,-26.947975,-23.146530
6.618750,102.312851,-2.739896,-7.002422,-23.817610,-27.268194,-23.200556
6.625000,97.847389,-2.742364,-4.897355,-23.772940,-25.553165,-23.251581
6.631250,90.959389,-2.744775,-2.446778,-23.717838,-23.580490,-23.311186
6.637500,81.651489,-2.746914,2.328810,-23.649132,-21.044594,-23.297125
6.643750,70.039391,-2.749719,6.022964,-23.547440,-19.753126,-23.266396
6.650000,56.359585,-2.753433,10.534109,-23.408611,-17.749018,-23.219788
6.656250,40.959030,-2.756945,15.436137,-23.235813,-15.432021,-23.147156
6.662500,24.267796,-2.759683,20.362759,-23.024275,-13.166636,-23.037079
6.668750,6.772849,-2.762043,24.967691,-22.762526,-11.368506,-22.884996
6.675000,-10.998157,-2.764670,28.800840,-22.468719,-10.575325,-22.722784
6.681250,-28.497051,-2.767616,31.379538,-22.160364,-9.059243,-22.561831
6.687500,-45.189060,-2.770792,34.612801,-21.846746,-8.471972,-22.410450
6.693750,-60.580681,-2.774075,36.818314,-21.561251,-8.684691,-22.284891
6.700000,-74.242416,-2.776926,38.086395,-21.288445,-9.553145,-22.224407
6.706250,-85.831886,-2.778640,38.300480,-21.033449,-10.755448,-22.201569
6.712500,-95.117424,-2.779578,37.935280,-20.842871,-11.742618,-22.230354
6.718750,-101.982613,-2.780713,37.122849,-20.739893,-12.668865,-22.335678
6.725000,-106.427200,-2.782210,35.930912,-20.732786,-13.220639,-22.507986
6.731250,-108.566689,-2.783147,34.389339,-20.821486,-15.120075,-22.760042
6.737500,-108.636520,-2.783100,32.509884,-20.994581,-16.399797,-23.093941
6.743750,-106.983093,-2.782418,30.259085,-21.256477,-17.334620,-23.474144
6.750000,-104.037018,-2.781581,27.508188,-21.636061,-18.077696,-23.862190
6.756250,-100.289528,-2.780668,24.982782,-22.007795,-18.706543,-24.222185
6.762500,-96.273117,-2.779882,22.649717,-22.416430,-19.427698,-24.551388
6.768750,-90.366272,-2.779385,20.364088,-22.855160,-20.365749,-24.831606
6.775000,-84.460579,-2.778499,18.206842,-23.305468,-19.387722,-25.046232
6.781250,-78.554306,-2.776800,16.209270,-23.748293,-17.928307,-25.184402
6.787500,-72.652527,-2.775048,14.381889,-24.163845,-15.551603,-25.238792
6.793750,-66.759293,-2.774178,12.719856,-24.533581,-11.856137,-25.205599
6.800000,-60.872299,-2.774161,11.206498,-24.841721,-6.496482,-25.082844
6.806250,-54.984482,-2.774310,9.812382,-25.074703,-1.359415,-24.869368
6.812500,-49.095375,-2.774855,8.490259,-25.224451,5.136673,-24.543877
6.818750,-43.208179,-2.776504,7.157732,-25.300100,12.888358,-24.189005
6.825000,-37.320126,-2.778831,7.846347,-25.343187,20.362869,-23.799139
6.831250,-31.424709,-2.780672,7.600644,-25.276037,28.289984,-23.410578
6.837500,-25.523424,-2.782353,8.301332,-25.161568,35.884102,-23.073170
6.843750,-19.624542,-2.785174,9.725220,-25.026714,42.457153,-22.803551
6.850000,-13.726151,-2.789105,11.837738,-24.886866,49.154045,-22.599653
6.856250,-7.818490,-2.792451,14.578164,-24.752832,54.020485,-22.492641
6.862500,-1.899396,-2.794354,17.858906,-24.628460,57.244114,-22.489960
6.868750,4.021441,-2.795822,21.601803,-24.505480,59.010437,-22.581255
6.875000,9.936343,-2.797906,25.729580,-24.359291,59.584663,-22.746700
6.881250,15.848087,-2.800287,30.286116,-24.219999,59.280190,-22.934706
6.887500,21.761816,-2.802455,33.724915,-24.112560,58.291901,-23.162296
6.893750,27.677313,-2.804356,37.397392,-24.031118,56.543755,-23.413321
6.900000,33.592461,-2.805966,40.792282,-24.022778,54.755459,-23.637760
6.906250,39.507210,-2.806967,43.419518,-23.982794,53.327122,-23.800465
6.912500,45.419601,-2.807635,46.025181,-23.942083,50.645344,-23.884590
6.918750,51.325073,-2.808935,47.350784,-23.918608,48.593739,-23.883024
6.925000,57.224148,-2.811236,47.418610,-23.895306,46.890408,-23.791739
6.931250,63.123775,-2.813820,46.296497,-23.818190,45.257534,-23.610352
6.937500,69.027252,-2.816279,45.664944,-23.795620,43.347412,-23.363794
6.943750,74.932243,-2.819017,42.552509,-23.774191,42.635101,-23.091631
6.950000,80.838295,-2.821760,39.346077,-23.734768,41.009274,-22.757427
6.956250,86.748909,-2.823629,36.062595,-23.665173,38.619152,-22.394339
6.962500,92.663956,-2.824502,32.707863,-23.560957,35.847649,-22.038681
6.968750,96.679977,-2.825846,29.262503,-23.428112,32.771019,-21.715994
6.975000,100.414871,-2.828575,25.741676,-23.273558,29.400961,-21.443520
6.981250,103.345688,-2.831762,22.220480,-23.098688,25.746151,-21.228685
6.987500,104.987732,-2.833818,18.778286,-22.904734,21.784952,-21.070574
6.993750,104.911575,-2.834740,15.488935,-22.686272,17.472971,-20.951857
7.000000,102.766258,-2.835734,12.427685,-22.424818,12.684683,-20.883018
7.006250,98.311249,-2.837543,9.603629,-22.096724,9.228702,-20.886322
7.012500,91.430237,-2.840002,8.664720,-21.823570,5.770256,-20.939220
7.018750,82.127411,-2.842724,8.380472,-21.589209,2.732338,-21.021160
7.025000,70.525719,-2.845388,7.850129,-21.325094,0.503098,-21.171425
7.031250,56.861855,-2.847716,8.653596,-21.094612,-2.468059,-21.365400
7.037500,41.475689,-2.849946,10.397475,-20.938004,-4.146917,-21.590015
7.043750,24.791601,-2.852499,12.821586,-20.889376,-5.389642,-21.874533
7.050000,7.303133,-2.855253,15.690313,-20.973816,-6.343889,-22.229776
7.056250,-10.452547,-2.857223,18.837725,-21.180485,-7.103471,-22.661167
7.062500,-27.927425,-2.857750,20.201021,-21.506084,-7.760739,-23.177746
7.068750,-44.595455,-2.857503,23.198599,-21.954590,-8.424245,-23.813463
7.075000,-59.969551,-2.857081,25.748623,-22.501591,-8.532323,-24.409405
7.081250,-73.621124,-2.856268,27.774204,-23.058577,-10.581038,-25.028248
7.087500,-85.206337,-2.854482,29.292486,-23.701307,-13.114102,-25.673372
7.093750,-94.489937,-2.851850,29.021515,-24.378637,-14.409797,-26.323612
7.100000,-101.354797,-2.848827,27.787043,-25.042400,-16.210852,-26.949306
7.106250,-105.801781,-2.845682,25.369974,-25.666224,-18.369593,-27.517899
7.112500,-107.953362,-2.841753,21.594505,-26.238115,-20.719122,-27.994148
7.118750,-108.069405,-2.839507,16.233219,-26.704218,-23.065603,-28.335472
7.125000,-106.444176,-2.837914,11.209831,-27.039495,-27.319469,-28.494215
7.131250,-103.522247,-2.836354,5.313811,-27.254028,-31.649187,-28.508286
7.137500,-99.795746,-2.834868,-1.046375,-27.358046,-36.131401,-28.368042
7.143750,-95.803436,-2.834645,-7.503268,-27.356333,-41.064636,-28.066628
7.150000,-89.924561,-2.836490,-13.690296,-27.254267,-46.449013,-27.615871
7.156250,-84.045021,-2.839311,-19.286152,-27.058746,-52.194408,-27.038490
7.162500,-78.155327,-2.841771,-24.026464,-26.782387,-58.157837,-26.370123
7.168750,-72.259399,-2.844027,-27.718195,-26.444315,-64.191910,-25.663824
7.175000,-66.364494,-2.846976,-30.216650,-26.066023,-70.193550,-24.935627
7.181250,-60.469601,-2.850524,-31.424650,-25.669638,-76.297760,-24.200657
7.187500,-54.567581,-2.853685,-31.301035,-25.274616,-80.189178,-23.518785
7.193750,-48.658855,-2.856250,-29.841175,-24.883123,-83.332375,-22.933098
7.200000,-42.748631,-2.858674,-28.998093,-24.497963,-85.125511,-22.469955
7.206250,-36.837349,-2.860883,-25.557980,-24.188736,-84.962494,-22.089321
7.212500,-30.923082,-2.862452,-21.334633,-23.938072,-84.259476,-21.836578
7.218750,-25.007814,-2.863745,-16.610682,-23.752167,-81.804626,-21.738077
7.225000,-19.096277,-2.865669,-11.657271,-23.619787,-77.486343,-21.766453
7.231250,-13.186336,-2.867993,-6.760428,-23.527637,-71.731384,-21.900131
7.237500,-7.271418,-2.869650,-2.321845,-23.487574,-65.054672,-22.108629
7.243750,-1.351858,-2.870475,3.444520,-23.495707,-58.001270,-22.344585
7.250000,4.565675,-2.871196,9.024195,-23.531958,-51.140102,-22.524582
7.256250,10.477984,-2.872231,14.680179,-23.585211,-45.794880,-22.772034
7.262500,16.388079,-2.873459,18.718618,-23.660702,-39.926624,-23.001858
7.268750,22.296919,-2.874988,22.981131,-23.756355,-35.200901,-23.155914
7.275000,28.203863,-2.877317,27.436523,-23.804087,-31.672207,-23.231236
7.281250,34.109573,-2.880426,31.602606,-23.826025,-29.384481,-23.233961
7.287500,40.020676,-2.883197,35.095783,-23.816542,-28.169008,-23.165962
7.293750,45.940491,-2.884657,37.821701,-23.750849,-27.787647,-23.033079
7.300000,51.863396,-2.885083,39.875210,-23.655176,-28.003887,-22.850760
7.306250,57.782082,-2.885308,41.531780,-23.539124,-28.582800,-22.639380
7.312500,63.693069,-2.886238,42.747242,-23.393068,-29.292807,-22.423651
7.318750,69.598877,-2.888070,43.718178,-23.227989,-29.977293,-22.219393
7.325000,75.504974,-2.890481,42.878819,-23.045307,-30.589441,-22.033854
7.331250,81.417084,-2.892388,42.363155,-22.830194,-31.022785,-21.892460
7.337500,87.335533,-2.893291,41.869759,-22.610624,-31.219757,-21.816559
7.343750,93.253922,-2.893658,41.147129,-22.410339,-31.280676,-21.811077
7.350000,97.272278,-2.894467,40.101635,-22.240578,-29.462982,-21.851681
7.356250,101.012199,-2.896091,38.686939,-22.104467,-27.464769,-21.948645
7.362500,103.946709,-2.897946,36.851261,-22.000158,-24.528692,-22.120899
7.368750,105.585976,-2.899568,34.546318,-21.918554,-22.660910,-22.333391
7.375000,105.501770,-2.901005,31.704716,-21.850634,-20.187073,-22.554373
7.381250,103.350868,-2.902597,30.359081,-21.792276,-17.306011,-22.751249
7.387500,98.895180,-2.904657,28.912573,-21.777588,-14.314808,-22.918993
7.393750,92.013702,-2.907519,27.542824,-21.779228,-9.438195,-23.057987
7.400000,82.708702,-2.910879,26.467039,-21.784910,-4.196664,-23.148867
7.406250,71.107689,-2.913692,26.067856,-21.815285,-0.196430,-23.183563
7.412500,57.448441,-2.915384,26.399950,-21.884785,4.372384,-23.163492
7.418750,42.065044,-2.916636,27.391651,-22.003845,9.138018,-23.095156
7.425000,25.379356,-2.918343,28.906134,-22.181536,13.738953,-22.990410
7.431250,7.886025,-2.920215,30.778376,-22.420193,17.854780,-22.856371
7.437500,-9.876179,-2.921654,32.837360,-22.714565,21.238045,-22.685574
7.443750,-27.362318,-2.922763,37.086468,-23.044725,23.655912,-22.479307
7.450000,-44.042187,-2.923855,40.068672,-23.392029,24.679026,-22.288797
7.456250,-59.422611,-2.924486,43.359509,-23.818962,24.156391,-22.130884
7.462500,-73.071655,-2.923830,46.755241,-24.310192,22.168987,-22.016369
7.468750,-84.653427,-2.922255,50.080013,-24.875765,18.816561,-21.955288
7.475000,-93.937225,-2.920752,53.221813,-25.444559,14.316100,-21.941959
7.481250,-100.801056,-2.919214,56.014977,-26.023647,8.970995,-21.969746
7.487500,-105.239899,-2.916936,56.118790,-26.613127,3.082086,-22.037621
7.493750,-107.376068,-2.913850,55.075356,-27.193468,-2.920678,-22.133503
7.500000,-107.453056,-2.911262,52.375134,-27.724567,-8.429896,-22.246353
7.506250,-105.814011,-2.909606,49.694778,-28.184467,-12.732857,-22.376532
7.512500,-102.880249,-2.908205,45.084282,-28.576054,-15.230556,-22.503828
7.518750,-99.140305,-2.906620,38.848782,-28.870291,-15.383343,-22.608994
7.525000,-95.131981,-2.905758,31.336702,-29.052027,-12.647675,-22.688095
7.531250,-89.236710,-2.906280,22.862150,-29.123671,-8.650850,-22.734577
7.537500,-83.343849,-2.907544,13.798650,-29.098372,-3.373856,-22.720814
7.543750,-77.448975,-2.908919,4.715691,-28.946451,4.476213,-22.661465
7.550000,-71.554451,-2.910951,-3.919110,-28.692757,13.909546,-22.574312
7.556250,-65.663361,-2.914152,-11.842255,-28.370804,24.032537,-22.477949
7.562500,-59.771152,-2.917881,-20.462143,-27.999218,33.972328,-22.395535
7.568750,-53.873150,-2.921488,-27.617586,-27.582897,42.929310,-22.344755
7.575000,-47.969742,-2.924605,-33.211613,-27.164110,50.392090,-22.282875
7.581250,-42.063454,-2.927246,-37.052486,-26.758535,55.592079,-22.245703
7.587500,-36.155373,-2.929174,-39.406551,-26.369205,60.025852,-22.252350
7.593750,-30.246401,-2.930312,-40.467388,-26.006845,62.025307,-22.306368
7.600000,-24.340734,-2.931451,-40.324284,-25.676624,61.956749,-22.400688
7.606250,-18.440302,-2.933103,-39.086628,-25.380236,60.260265,-22.521378
7.612500,-12.541449,-2.934911,-36.895458,-25.113562,57.410515,-22.652927
7.618750,-6.640281,-2.936216,-33.932625,-24.870487,53.857475,-22.796181
7.625000,-0.738711,-2.937371,-30.466335,-24.646261,49.994423,-22.975445
7.631250,5.158168,-2.939250,-24.627203,-24.438440,46.231339,-23.150679
7.637500,11.051744,-2.941826,-19.964277,-24.237230,42.444630,-23.277596
7.643750,16.946156,-2.944520,-14.590396,-24.004427,39.347485,-23.380051
7.650000,22.842218,-2.947466,-8.853906,-23.700539,36.991310,-23.463266
7.656250,28.735804,-2.951367,-3.547954,-23.398008,35.158878,-23.541168
7.662500,34.627399,-2.956610,0.690433,-23.093466,33.544209,-23.618088
7.668750,40.523323,-2.962312,5.850398,-22.782701,31.879461,-23.691563
7.675000,46.429928,-2.967464,10.174098,-22.475510,31.741016,-23.767721
7.681250,52.344372,-2.971615,13.805559,-22.190739,31.112707,-23.856628
7.687500,58.262257,-2.975129,16.951097,-21.951921,30.099907,-23.967386
7.693750,64.180054,-2.978158,19.896568,-21.767519,28.786474,-24.111814
7.700000,70.098114,-2.980725,21.150000,-21.629910,27.219206,-24.321352
7.706250,76.017181,-2.982619,22.556665,-21.552792,25.408318,-24.537951
7.712500,81.935974,-2.983927,23.813833,-21.532843,22.488741,-24.732771
7.718750,87.853195,-2.984669,24.696218,-21.554415,21.109217,-24.966978
7.725000,93.769432,-2.984799,24.815308,-21.650507,19.620522,-25.233242
7.731250,97.788803,-2.984363,23.912254,-21.803091,18.313894,-25.508249
7.737500,101.529877,-2.984024,21.977543,-21.982792,17.319950,-25.761942
7.743750,104.458290,-2.984584,21.013159,-22.163755,16.719723,-25.952410
7.750000,106.084732,-2.985971,19.458012,-22.326899,16.497564,-26.045668
7.756250,105.987206,-2.987622,17.599712,-22.459669,16.316116,-26.080204
7.762500,103.828041,-2.989227,15.652916,-22.563761,16.160418,-26.027245
7.768750,99.366699,-2.991265,13.807344,-22.636301,16.067850,-25.875277
7.775000,92.479248,-2.994413,12.309461,-22.673365,15.903711,-25.626434
7.781250,83.169258,-2.998392,11.314167,-22.683615,15.526044,-25.296595
7.787500,71.565239,-3.002033,10.876978,-22.679855,14.816620,-24.910748
7.793750,57.905743,-3.004795,11.019820,-22.674807,13.738741,-24.494335
7.800000,42.525753,-3.007065,11.726681,-22.679506,12.394276,-24.036009
7.806250,25.848202,-3.009111,12.974381,-22.695328,10.924104,-23.526569
7.812500,8.367457,-3.010441,12.806623,-22.722591,9.382428,-23.024786
7.818750,-9.382772,-3.010751,14.822444,-22.775080,6.698625,-22.596834
7.825000,-26.860699,-3.010610,16.899080,-22.881561,4.463552,-22.235569
7.831250,-43.536797,-3.010393,18.828741,-23.063671,2.612110,-21.945534
7.837500,-58.915092,-3.009586,20.537180,-23.350574,1.231533,-21.725388
7.843750,-72.566345,-3.007554,21.944658,-23.689005,0.466858,-21.576906
7.850000,-84.155411,-3.005136,23.611465,-24.061655,0.416674,-21.509544
7.856250,-93.451439,-3.003432,24.723333,-24.488270,-0.992412,-21.520605
7.862500,-100.328758,-3.002247,25.342905,-24.954311,-2.235178,-21.598545
7.868750,-104.780052,-3.000497,23.628529,-25.429968,-3.626628,-21.727325
7.875000,-106.925545,-2.997922,21.213808,-25.893970,-5.425701,-21.880926
7.881250,-107.010468,-2.995351,19.625782,-26.343309,-7.815251,-22.005753
7.887500,-105.378555,-2.993429,17.089109,-26.752766,-10.896062,-22.137869
7.893750,-102.451393,-2.991704,13.791234,-27.104107,-13.712972,-22.281786
7.900000,-98.719406,-2.990121,9.935956,-27.367685,-16.627783,-22.375181
7.906250,-94.719261,-2.989548,5.810912,-27.518732,-19.509157,-22.426901
7.912500,-88.828873,-2.990241,1.540099,-27.565489,-22.081257,-22.448771
7.918750,-82.935303,-2.990241,-2.671278,-27.565489,-23.948603,-22.448771
7.925000,-82.935303,-2.990241,-2.671278,-27.565489,-23.948603,-22.448771
7.931250,-82.935303,-2.990241,-2.671278,-27.565489,-23.948603,-22.448771
7.937500,-82.935303,-2.990241,-2.671278,-27.565489,-23.948603,-22.448771
7.943750,-82.935303,-2.990241,-2.671278,-27.565489,-23.948603,-22.448771
7.950000,-82.935303,-2.990241,-2.671278,-27.565489,-23.948603,-22.448771
7.956250,-82.935303,-2.990241,-2.671278,-27.565489,-23.948603,-22.448771
7.962500,-82.935303,-2.990241,-2.671278,-27.565489,-23.948603,-22.448771
7.968750,-82.935303,-2.990241,-2.671278,-27.565489,-23.948603,-22.448771
7.975000,-82.935303,-2.990241,-2.671278,-27.565489,-23.948603,-22.448771
7.981250,-82.935303,-2.990241,-2.671278,-27.565489,-23.948603,-22.448771
7.987500,-82.935303,-2.990241,-2.671278,-27.565489,-23.948603,-22.448771
7.993750,-82.935303,-2.990241,-2.671278,-27.565489,-23.948603,-22.448771
8.000000,-82.935303,-2.990241,-2.671278,-27.565489,-23.948603,-22.448771
