Anritsu VNA Frequency[GHz],S21[deg],S21[dB],S11[deg],S11[dB],S22[deg],S22[dB]
1338120402.75,2012_05_27_13:06:42,+40.690,+10.224,+55.333,+10.240,+13.880,+13.688,+13.986,+13.735,10.333986,-15.840
3.006250,34.354801,-1.754255,59.501492,-26.658689,-79.698433,-27.441357
3.012500,34.354801,-1.754255,59.501492,-26.658689,-79.698433,-27.441357
3.018750,34.354801,-1.754255,59.501492,-26.658689,-79.698433,-27.441357
3.025000,34.354801,-1.754255,59.501492,-26.658689,-79.698433,-27.441357
3.031250,34.354801,-1.754255,59.501492,-26.658689,-79.698433,-27.441357
3.037500,34.354801,-1.754255,59.501492,-26.658689,-79.698433,-27.441357
3.043750,34.354801,-1.754255,59.501492,-26.658689,-79.698433,-27.441357
3.050000,34.354801,-1.754255,59.501492,-26.658689,-79.698433,-27.441357
3.056250,34.354801,-1.754255,59.501492,-26.658689,-79.698433,-27.441357
3.062500,34.354801,-1.754255,59.501492,-26.658689,-79.698433,-27.441357
3.068750,34.354801,-1.754255,59.501492,-26.658689,-79.698433,-27.441357
3.075000,34.354801,-1.754255,59.501492,-26.658689,-79.698433,-27.441357
3.081250,34.354801,-1.754255,59.501492,-26.658689,-79.698433,-27.441357
3.087500,34.354801,-1.754255,59.501492,-26.658689,-79.698433,-27.441357
3.093750,34.354801,-1.755926,59.501492,-26.455303,-79.698433,-27.188702
3.100000,40.262157,-1.757908,56.806950,-26.300505,-81.723907,-26.954121
3.106250,46.169544,-1.759920,53.226711,-26.216625,-82.133804,-26.739277
3.112500,52.077427,-1.761975,49.131824,-26.224977,-80.566193,-26.517479
3.118750,57.984982,-1.764228,43.120655,-26.266481,-78.855927,-26.214895
3.125000,63.891182,-1.766648,38.318382,-26.308517,-74.832130,-25.953066
3.131250,69.797142,-1.769129,33.921764,-26.377945,-68.675850,-25.665298
3.137500,75.701904,-1.772009,30.198128,-26.475807,-60.798649,-25.340973
3.143750,81.605171,-1.775433,27.355078,-26.593891,-51.383793,-24.988317
3.150000,87.509483,-1.779160,25.574829,-26.717955,-40.587509,-24.619650
3.156250,93.416893,-1.782693,24.974030,-26.833536,-28.583855,-24.253597
3.162500,97.431877,-1.785953,25.619959,-26.927111,-15.572631,-23.913839
3.168750,101.173599,-1.789295,27.530478,-26.991678,-3.656877,-23.648771
3.175000,104.108810,-1.792898,30.747507,-27.004475,8.622201,-23.403837
3.181250,105.746735,-1.796623,33.513630,-26.952637,21.140368,-23.182085
3.187500,105.662346,-1.800211,37.298683,-26.853865,32.620827,-23.013784
3.193750,103.514488,-1.803488,41.397541,-26.720060,42.636215,-22.915739
3.200000,99.065170,-1.806471,45.236095,-26.559439,50.851959,-22.891506
3.206250,92.192894,-1.809042,48.333649,-26.381886,56.988274,-22.940971
3.212500,82.895676,-1.811460,50.271450,-26.201338,60.848877,-23.072233
3.218750,71.294350,-1.814079,50.736889,-26.027735,62.332264,-23.267536
3.225000,57.626675,-1.816571,51.730850,-25.855021,61.181995,-23.472160
3.231250,42.236050,-1.818535,51.788116,-25.683622,57.687714,-23.694872
3.237500,25.547628,-1.820164,49.423157,-25.514116,53.958549,-23.927027
3.243750,8.049804,-1.822097,46.745441,-25.323404,48.496128,-24.146225
3.250000,-9.724990,-1.824610,43.623093,-25.151384,41.970032,-24.333439
3.256250,-27.226229,-1.827272,39.701691,-25.011353,34.973797,-24.487349
3.262500,-43.918884,-1.829567,35.215054,-24.886803,28.152998,-24.597073
3.268750,-59.312363,-1.831521,30.107784,-24.773542,22.189848,-24.653515
3.275000,-72.982559,-1.833586,24.254826,-24.670387,17.627831,-24.657038
3.281250,-84.589584,-1.836043,17.550398,-24.568382,14.906546,-24.614010
3.287500,-93.894562,-1.838854,9.902588,-24.454979,14.326579,-24.538788
3.293750,-100.773430,-1.841771,1.277245,-24.291826,16.036299,-24.432426
3.300000,-105.226166,-1.844574,-6.149991,-24.123531,20.081121,-24.295967
3.306250,-107.373772,-1.847120,-14.810431,-23.988197,26.320955,-24.155195
3.312500,-107.454079,-1.849450,-23.467070,-23.866486,34.454243,-24.041901
3.318750,-105.808563,-1.851628,-31.837038,-23.765669,44.098400,-23.976635
3.325000,-102.864586,-1.853666,-39.656780,-23.703297,54.807014,-23.970774
3.331250,-99.114120,-1.855357,-46.664806,-23.705973,66.060066,-24.027119
3.337500,-95.089806,-1.856656,-52.677929,-23.844103,77.280975,-24.143660
3.343750,-89.170677,-1.857624,-57.740753,-24.001802,87.891136,-24.306463
3.350000,-83.252075,-1.858250,-62.173958,-24.223822,97.641068,-24.460539
3.356250,-77.334427,-1.858558,-65.610451,-24.551323,106.246094,-24.658167
3.362500,-71.418678,-1.858710,-66.342979,-25.005493,112.506187,-24.907700
3.368750,-65.504921,-1.858604,-66.007919,-25.567104,116.544434,-25.198090
3.375000,-59.592022,-1.857933,-64.482124,-26.208965,117.962067,-25.572304
3.381250,-53.680988,-1.856863,-61.778381,-26.896275,116.579147,-25.908504
3.387500,-47.775902,-1.856160,-57.989887,-27.590525,113.052170,-26.232208
3.393750,-41.877281,-1.856252,-53.275517,-28.246767,106.802094,-26.535936
3.400000,-35.980839,-1.856712,-47.855671,-28.822186,98.393982,-26.811924
3.406250,-30.082872,-1.856990,-42.063263,-29.295473,88.835274,-27.091511
3.412500,-24.185297,-1.857358,-36.222065,-29.641182,78.788712,-27.340349
3.418750,-18.292368,-1.858634,-28.400002,-29.837437,66.896027,-27.537117
3.425000,-12.402442,-1.860860,-22.138123,-29.880018,55.447777,-27.675600
3.431250,-6.509390,-1.863209,-15.585073,-29.783873,44.876495,-27.761950
3.437500,-0.612189,-1.865427,-8.995205,-29.533831,35.639034,-27.800133
3.443750,5.284773,-1.868275,-2.392302,-29.127378,28.417542,-27.738195
3.450000,11.180394,-1.872084,3.706000,-28.610617,21.493050,-27.605452
3.456250,17.080183,-1.876059,9.137028,-28.023355,16.646173,-27.414864
3.462500,22.988445,-1.879422,13.892579,-27.409016,13.584089,-27.169979
3.468750,28.902037,-1.882173,18.055710,-26.814142,11.988570,-26.867489
3.475000,34.815899,-1.884646,21.734016,-26.304821,11.515970,-26.522627
3.481250,40.729156,-1.887018,25.186352,-25.832315,11.768720,-26.150091
3.487500,46.641735,-1.889441,27.150023,-25.428823,12.379064,-25.745663
3.493750,52.552795,-1.892257,29.007347,-25.130138,12.913151,-25.315809
3.500000,58.463070,-1.895555,30.586710,-24.941893,12.935581,-24.873030
3.506250,64.376045,-1.898661,31.786341,-24.849464,12.114225,-24.427118
3.512500,70.293419,-1.900948,32.509472,-24.817572,10.178363,-23.987257
3.518750,76.210594,-1.903014,32.725616,-24.748960,6.923095,-23.558769
3.525000,82.121613,-1.905978,32.641071,-24.737787,2.193244,-23.147377
3.531250,88.027901,-1.910041,32.766338,-24.728167,-1.982481,-22.767698
3.537500,93.936546,-1.914386,32.771656,-24.685219,-7.067591,-22.435852
3.543750,97.955833,-1.918403,32.911037,-24.599415,-12.633592,-22.147181
3.550000,101.704399,-1.922570,33.519268,-24.444342,-18.399977,-21.865604
3.556250,104.646446,-1.927433,33.038818,-24.220644,-23.889273,-21.540386
3.562500,106.292969,-1.932562,33.171326,-23.958397,-28.799561,-21.298613
3.568750,106.223457,-1.936887,33.578960,-23.683956,-31.942795,-21.127573
3.575000,104.097588,-1.939824,33.984097,-23.424391,-34.303398,-21.028090
3.581250,99.672585,-1.941642,34.101620,-23.214031,-35.617653,-21.014345
3.587500,92.821983,-1.943014,33.672462,-23.090187,-35.898666,-21.046127
3.593750,83.545700,-1.943980,32.591663,-23.040577,-35.029255,-21.145540
3.600000,71.969620,-1.943875,30.802814,-23.077892,-32.849548,-21.327755
3.606250,58.331345,-1.942369,30.142639,-23.215460,-29.516359,-21.586725
3.612500,42.966137,-1.940020,29.164955,-23.439997,-25.304434,-21.896017
3.618750,26.297661,-1.937253,28.280233,-23.768030,-20.612562,-22.230190
3.625000,8.820060,-1.933834,27.603004,-24.211740,-16.222958,-22.631866
3.631250,-8.932828,-1.929573,27.735874,-24.733385,-10.335061,-23.063873
3.637500,-26.417685,-1.924972,28.983292,-25.296610,-4.673517,-23.497709
3.643750,-43.106045,-1.920729,31.478575,-25.864408,0.738744,-23.913469
3.650000,-58.505013,-1.917109,33.362606,-26.391407,5.817777,-24.293919
3.656250,-72.184052,-1.914128,36.195065,-26.801922,10.471086,-24.622232
3.662500,-83.801506,-1.911887,39.151688,-27.142906,14.601462,-24.894276
3.668750,-93.119919,-1.910553,43.148846,-27.391411,18.069036,-25.115782
3.675000,-100.015526,-1.909861,46.510906,-27.519087,20.790932,-25.285959
3.681250,-104.486053,-1.909321,48.965088,-27.523293,22.712215,-25.402933
3.687500,-106.654701,-1.909209,50.269825,-27.416988,23.755417,-25.469578
3.693750,-106.761887,-1.910383,50.274567,-27.226130,23.867466,-25.495235
3.700000,-105.146278,-1.912719,48.984791,-26.956057,23.052780,-25.491100
3.706250,-102.228592,-1.915220,46.552048,-26.625044,21.444609,-25.449503
3.712500,-98.499207,-1.917503,42.965542,-26.272148,19.265844,-25.363815
3.718750,-94.496292,-1.920100,36.520523,-25.924612,16.661760,-25.239431
3.725000,-88.600212,-1.923348,29.140734,-25.599060,13.963821,-25.092314
3.731250,-82.702179,-1.926640,20.556826,-25.339636,11.778114,-24.960213
3.737500,-76.799217,-1.929462,12.706471,-25.170237,10.520191,-24.855814
3.743750,-70.893845,-1.932047,4.345487,-25.076958,10.599652,-24.801390
3.750000,-64.989899,-1.934714,-3.977353,-25.047676,10.612274,-24.712406
3.756250,-59.087303,-1.937306,-11.865108,-25.078394,10.541567,-24.608545
3.762500,-53.183903,-1.939716,-18.892786,-25.148106,11.711190,-24.490376
3.768750,-47.280571,-1.942106,-24.619011,-25.219250,13.857885,-24.406628
3.775000,-41.378937,-1.944829,-28.816290,-25.304985,16.533234,-24.346491
3.781250,-35.477623,-1.947603,-31.381035,-25.391733,19.133007,-24.293953
3.787500,-29.575035,-1.950121,-31.946894,-25.459888,21.292135,-24.242090
3.793750,-23.672689,-1.952688,-30.434019,-25.524956,22.700916,-24.194363
3.800000,-17.772120,-1.955705,-28.768656,-25.527369,23.164810,-24.143284
3.806250,-11.872205,-1.959040,-24.595240,-25.443722,22.697666,-24.052958
3.812500,-5.970915,-1.962520,-19.438208,-25.313381,21.165499,-23.930893
3.818750,-0.069023,-1.966396,-13.838491,-25.153555,18.455122,-23.787983
3.825000,5.833372,-1.970581,-8.328117,-24.978096,14.698099,-23.630848
3.831250,11.740120,-1.974464,-1.259743,-24.801743,10.154873,-23.470757
3.837500,17.650831,-1.977765,5.551141,-24.638191,5.154113,-23.344179
3.843750,23.561117,-1.981144,12.257582,-24.482821,0.033762,-23.206861
3.850000,29.468616,-1.985043,17.170519,-24.329315,-5.889884,-23.039585
3.856250,35.377125,-1.988768,21.971067,-24.187201,-11.428799,-22.882246
3.862500,41.289967,-1.991709,26.236147,-24.054575,-16.563944,-22.743774
3.868750,47.202240,-1.994529,29.633535,-23.918148,-21.273319,-22.621561
3.875000,53.107967,-1.998381,31.844767,-23.756149,-25.579786,-22.504417
3.881250,59.009464,-2.003464,32.516563,-23.574467,-29.551607,-22.376326
3.887500,64.914497,-2.008695,31.256182,-23.375196,-33.372753,-22.241962
3.893750,70.826103,-2.013438,27.989946,-23.140652,-37.303856,-22.106731
3.900000,76.739288,-2.018433,24.793949,-22.860794,-41.471188,-21.962708
3.906250,82.649597,-2.024509,20.219790,-22.535215,-44.176537,-21.807781
3.912500,88.560074,-2.031600,14.735102,-22.165655,-47.290104,-21.638035
3.918750,94.476898,-2.039114,8.806647,-21.759623,-50.523674,-21.439953
3.925000,98.507492,-2.046413,2.801887,-21.344374,-53.631348,-21.186668
3.931250,102.273262,-2.053343,-2.933710,-20.946583,-56.678738,-20.966978
3.937500,105.240219,-2.059874,-7.971755,-20.585640,-57.469254,-20.778034
3.943750,106.915466,-2.065743,-11.988249,-20.284624,-57.077511,-20.627628
3.950000,106.872910,-2.070511,-14.762476,-20.065651,-55.037766,-20.529732
3.956250,104.772072,-2.073610,-16.169752,-19.946814,-50.996532,-20.499777
3.962500,100.372536,-2.074983,-16.151699,-19.938053,-44.705231,-20.549644
3.968750,93.548950,-2.074958,-14.704387,-20.036270,-36.024178,-20.687883
3.975000,84.298904,-2.073604,-13.774371,-20.205896,-24.960165,-20.925501
3.981250,72.742668,-2.070960,-9.672644,-20.501040,-11.678956,-21.291559
3.987500,59.116192,-2.067195,-5.315438,-20.901598,2.203625,-21.698824
3.993750,43.757935,-2.062644,-0.024404,-21.365128,17.360029,-22.209183
4.000000,27.093786,-2.057413,5.563313,-21.886688,32.978584,-22.829128
4.006250,9.616654,-2.051548,11.092447,-22.450554,48.189751,-23.590267
4.012500,-8.143097,-2.045501,16.296923,-23.028513,61.930172,-24.350607
4.018750,-25.641809,-2.040154,20.923872,-23.587677,74.870949,-25.086002
4.025000,-42.345390,-2.035735,24.686602,-24.112965,85.072327,-25.830696
4.031250,-57.756950,-2.031773,29.449865,-24.594984,93.437996,-26.590185
4.037500,-71.447540,-2.028363,31.843449,-25.013281,99.098000,-27.309933
4.043750,-83.079544,-2.026201,33.908978,-25.355221,102.338310,-27.960196
4.050000,-92.414551,-2.025413,35.500675,-25.621033,103.555946,-28.524031
4.056250,-99.324463,-2.024983,36.549007,-25.801523,103.278557,-28.991497
4.062500,-103.806633,-2.024312,37.130585,-25.879047,100.306648,-29.330158
4.068750,-105.988914,-2.024406,37.189411,-25.870537,97.044418,-29.525742
4.075000,-106.113670,-2.026423,36.741989,-25.793240,93.547729,-29.586138
4.081250,-104.514687,-2.029765,35.971310,-25.660662,90.043343,-29.515474
4.087500,-101.609474,-2.032905,35.132324,-25.481588,84.692917,-29.315210
4.093750,-97.889709,-2.035425,34.529495,-25.264751,79.224625,-28.991016
4.100000,-93.897644,-2.038178,32.583607,-25.024580,73.492462,-28.563797
4.106250,-88.014542,-2.041837,31.290884,-24.765949,67.396530,-28.073174
4.112500,-82.131935,-2.046048,30.549961,-24.479712,61.018356,-27.476770
4.118750,-76.246086,-2.050559,30.103355,-24.182024,54.532085,-26.809984
4.125000,-70.358406,-2.055679,29.661989,-23.888111,47.670406,-26.113791
4.131250,-64.469406,-2.061418,29.056822,-23.606768,40.581295,-25.418375
4.137500,-58.575817,-2.067196,28.174765,-23.341284,33.462719,-24.747019
4.143750,-52.675583,-2.072690,26.930502,-23.090593,26.527899,-24.117517
4.150000,-46.772327,-2.078107,25.238201,-22.853807,19.965969,-23.542744
4.156250,-40.868683,-2.083923,25.192867,-22.627602,13.952405,-23.023127
4.162500,-34.963478,-2.090031,25.387106,-22.400244,8.632372,-22.570841
4.168750,-29.054777,-2.096232,24.394260,-22.162497,5.718069,-22.188768
4.175000,-23.142212,-2.102482,24.090075,-21.931963,2.635424,-21.875263
4.181250,-17.225670,-2.108645,24.271294,-21.714327,1.102588,-21.623781
4.187500,-11.304365,-2.114406,24.742302,-21.513981,1.005527,-21.374008
4.193750,-5.378688,-2.119806,25.278212,-21.337259,2.391490,-21.234289
4.200000,0.550860,-2.124636,25.648771,-21.192293,3.355598,-21.178310
4.206250,6.483708,-2.128517,25.638868,-21.086279,4.571939,-21.184464
4.212500,12.419025,-2.131288,25.086157,-21.016487,7.071673,-21.208975
4.218750,18.353069,-2.133350,26.052032,-20.971861,8.618427,-21.256702
4.225000,24.283142,-2.135188,25.129019,-20.948515,9.209989,-21.328024
4.231250,30.209555,-2.136902,24.294449,-20.934845,8.702358,-21.408976
4.237500,36.133160,-2.138414,23.341070,-20.930683,6.926003,-21.477303
4.243750,42.054783,-2.139694,21.933182,-20.952042,5.800229,-21.541737
4.250000,47.974503,-2.140642,19.911137,-20.984392,3.701994,-21.602045
4.256250,53.892422,-2.141193,17.132486,-21.009735,1.157144,-21.641790
4.262500,59.806129,-2.141798,13.364683,-21.013641,-1.419678,-21.649908
4.268750,65.712753,-2.143262,8.409164,-20.985514,-3.675363,-21.616278
4.275000,71.612617,-2.145823,2.087631,-20.918118,-5.297610,-21.533695
4.281250,77.511971,-2.149039,-3.595284,-20.799038,-6.013566,-21.390011
4.287500,83.413193,-2.152645,-10.171511,-20.625309,-5.627373,-21.155897
4.293750,89.314102,-2.157371,-17.381594,-20.419756,-4.231089,-20.901896
4.300000,95.214195,-2.163441,-24.852495,-20.184080,-2.105685,-20.630600
4.306250,99.226265,-2.169722,-32.143055,-19.921717,0.948941,-20.339283
4.312500,102.977066,-2.175110,-38.936378,-19.643452,4.723669,-20.037590
4.318750,105.928978,-2.180031,-44.961601,-19.363710,8.952669,-19.738806
4.325000,107.581932,-2.185420,-50.018486,-19.103453,13.331539,-19.460732
4.331250,107.510925,-2.191205,-53.961311,-18.885935,17.549200,-19.218090
4.337500,105.382294,-2.196296,-56.694439,-18.756845,21.333408,-19.013355
4.343750,100.960213,-2.200247,-58.234756,-18.632551,24.462486,-18.790159
4.350000,94.118256,-2.203271,-57.585827,-18.577913,26.468801,-18.671141
4.356250,84.854317,-2.205257,-55.641800,-18.629740,29.011435,-18.636734
4.362500,73.290947,-2.205635,-52.202766,-18.787485,30.855108,-18.697823
4.368750,59.662296,-2.204874,-47.355843,-19.043257,32.350742,-18.880461
4.375000,44.303001,-2.203696,-41.305565,-19.384100,33.747120,-19.126276
4.381250,27.640009,-2.202089,-34.325150,-19.788904,35.097054,-19.416155
4.387500,10.170186,-2.199321,-26.736176,-20.231176,37.201996,-19.756756
4.393750,-7.575314,-2.195754,-18.950485,-20.694262,38.386883,-20.176716
4.400000,-25.057207,-2.192460,-11.427948,-21.165627,40.216835,-20.651676
4.406250,-41.742615,-2.189642,-2.370093,-21.627312,42.271717,-21.155251
4.412500,-57.133476,-2.186447,4.640152,-22.065973,44.259399,-21.668663
4.418750,-70.801582,-2.183008,11.447864,-22.475729,45.964790,-22.178869
4.425000,-82.411842,-2.180210,17.881308,-22.795389,47.304695,-22.638107
4.431250,-91.727936,-2.178445,23.770885,-23.024244,48.291023,-23.018417
4.437500,-98.622650,-2.177101,28.724794,-23.174314,48.690247,-23.316469
4.443750,-103.093620,-2.175901,32.695435,-23.252909,48.499485,-23.525429
4.450000,-105.266518,-2.175685,35.748680,-23.261715,47.847012,-23.637547
4.456250,-105.379723,-2.177040,38.012997,-23.205254,46.901810,-23.651525
4.462500,-103.767189,-2.179122,39.689804,-23.093847,45.843830,-23.573355
4.468750,-100.851959,-2.181489,41.067692,-22.946733,44.894535,-23.425179
4.475000,-97.129494,-2.184641,40.629120,-22.762728,44.345596,-23.193596
4.481250,-93.133690,-2.188627,40.539417,-22.535032,42.925896,-22.863670
4.487500,-87.238220,-2.192618,40.461521,-22.295271,42.165363,-22.482199
4.493750,-81.336891,-2.196316,40.203461,-22.065042,41.762215,-22.078787
4.500000,-75.436539,-2.200857,39.697102,-21.855394,41.498756,-21.674953
4.506250,-69.539520,-2.206992,38.917934,-21.667177,41.165169,-21.285393
4.512500,-63.637119,-2.213568,37.859596,-21.487730,40.545330,-20.919361
4.518750,-57.722408,-2.219092,36.523132,-21.264484,39.393703,-20.586472
4.525000,-51.798935,-2.223651,34.930004,-21.076899,37.397133,-20.321848
4.531250,-45.876221,-2.228482,34.176029,-20.938267,34.115364,-20.116001
4.537500,-39.955761,-2.233866,33.748283,-20.804272,30.898243,-19.944197
4.543750,-34.029938,-2.239078,32.239292,-20.663492,26.248104,-19.818132
4.550000,-28.095985,-2.243248,31.375402,-20.542515,20.495850,-19.714788
4.556250,-22.156786,-2.246542,30.863558,-20.464127,14.046780,-19.692871
4.562500,-16.216166,-2.249284,30.486322,-20.447264,7.611186,-19.769922
4.568750,-10.274785,-2.251532,30.019484,-20.517937,1.165373,-19.943094
4.575000,-4.330907,-2.252939,29.231024,-20.733566,-5.118119,-20.159922
4.581250,1.616257,-2.253205,27.921196,-21.015749,-10.909614,-20.431208
4.587500,7.564081,-2.252235,24.866951,-21.383091,-15.708614,-20.769783
4.593750,13.510251,-2.250356,22.910839,-21.855581,-19.338982,-21.168066
4.600000,19.452648,-2.247677,20.179417,-22.435232,-21.751211,-21.605589
4.606250,25.391184,-2.243982,16.552315,-23.194984,-23.087681,-22.093941
4.612500,31.325308,-2.239368,12.989671,-23.989325,-23.621416,-22.623741
4.618750,37.250046,-2.234784,8.790027,-24.857285,-23.420341,-23.172321
4.625000,43.162617,-2.231002,4.331948,-25.779175,-22.768377,-23.724283
4.631250,49.069107,-2.227408,-0.095335,-26.720869,-21.989119,-24.266239
4.637500,54.974785,-2.222955,-4.227046,-27.639250,-21.446091,-24.780834
4.643750,60.875557,-2.218177,-7.815277,-28.481119,-21.501188,-25.233221
4.650000,66.763344,-2.214670,-12.554743,-29.185093,-22.504423,-25.575968
4.656250,72.636719,-2.213158,-14.581227,-29.722551,-24.830906,-25.815454
4.662500,78.504219,-2.213210,-15.943697,-30.084869,-27.056318,-25.974491
4.668750,84.371063,-2.214485,-16.514128,-30.241434,-30.560024,-26.026031
4.675000,90.237320,-2.217213,-16.316521,-30.179232,-35.100643,-25.961882
4.681250,94.209366,-2.221250,-15.484102,-29.900936,-40.470112,-25.782824
4.687500,97.912994,-2.225975,-14.221251,-29.429785,-46.442722,-25.500040
4.693750,100.814148,-2.231618,-12.777715,-28.803905,-52.750702,-25.125793
4.700000,102.417480,-2.239181,-11.451136,-28.050594,-59.047039,-24.662397
4.706250,102.298607,-2.248495,-10.723194,-27.176531,-64.966026,-24.102379
4.712500,100.127945,-2.257701,-10.842706,-26.222374,-70.078445,-23.496359
4.718750,95.672119,-2.265672,-12.154229,-25.264303,-75.784760,-22.903397
4.725000,88.800423,-2.272998,-13.085652,-24.363951,-80.610916,-22.342882
4.731250,79.505501,-2.280660,-15.193541,-23.544950,-84.713982,-21.849703
4.737500,67.912643,-2.287870,-18.220175,-22.826561,-88.306702,-21.390446
4.743750,54.264236,-2.293504,-21.943996,-22.222548,-91.687691,-20.969761
4.750000,38.896938,-2.297958,-26.114351,-21.729956,-92.787132,-20.595707
4.756250,22.229494,-2.302032,-30.426693,-21.293343,-93.145981,-20.325357
4.762500,4.754755,-2.305550,-34.574375,-20.990677,-92.320023,-20.153101
4.768750,-12.989756,-2.307846,-37.069447,-20.804075,-90.162483,-20.058674
4.775000,-30.460585,-2.309058,-38.309513,-20.695700,-86.368927,-20.029764
4.781250,-47.130295,-2.309844,-37.692471,-20.630701,-80.691772,-20.064932
4.787500,-62.508259,-2.310654,-36.551384,-20.533367,-72.934326,-20.139151
4.793750,-76.165863,-2.311540,-33.786545,-20.481354,-64.596481,-20.202984
4.800000,-87.761238,-2.312581,-28.986961,-20.427668,-54.373718,-20.272814
4.806250,-97.056084,-2.313746,-22.830620,-20.364801,-42.907673,-20.341681
4.812500,-103.927933,-2.314899,-15.872993,-20.291039,-30.797836,-20.396631
4.818750,-108.377052,-2.316388,-8.672670,-20.206100,-18.631025,-20.424601
4.825000,-110.526939,-2.318825,-1.791830,-20.116417,-6.960210,-20.430698
4.831250,-110.612610,-2.321928,6.381842,-20.038507,3.694083,-20.437782
4.837500,-108.966743,-2.324364,14.026834,-19.985193,12.918328,-20.423693
4.843750,-106.016640,-2.325666,19.513607,-19.923027,20.800564,-20.352924
4.850000,-102.263519,-2.327273,24.596579,-19.870417,26.745070,-20.263128
4.856250,-98.245728,-2.330454,28.766418,-19.842373,30.710936,-20.169352
4.862500,-92.333931,-2.334303,31.763178,-19.842541,32.857212,-20.079460
4.868750,-86.413277,-2.337272,33.453434,-19.858021,33.455006,-19.991226
4.875000,-80.485817,-2.339344,33.795826,-19.866514,32.827473,-19.903244
4.881250,-74.560684,-2.341583,32.859722,-19.860914,31.281027,-19.821705
4.887500,-68.639778,-2.344324,31.006605,-19.861195,29.157097,-19.750763
4.893750,-62.719215,-2.347293,28.408529,-19.858950,26.822372,-19.693148
4.900000,-56.796566,-2.350260,25.235228,-19.853718,24.621050,-19.646177
4.906250,-50.872738,-2.353409,21.780582,-19.845425,22.870447,-19.597782
4.912500,-44.946770,-2.356311,18.251444,-19.820114,21.855019,-19.525467
4.918750,-39.018322,-2.358935,14.959951,-19.793320,22.012234,-19.473751
4.925000,-33.089611,-2.361812,12.266047,-19.788174,23.847628,-19.452345
4.931250,-27.160694,-2.364799,10.353466,-19.820850,25.126432,-19.458740
4.937500,-21.226444,-2.366904,9.331915,-19.901255,27.354692,-19.496967
4.943750,-15.284772,-2.367430,9.241667,-20.036358,30.174110,-19.575031
4.950000,-9.343483,-2.367229,10.085352,-20.224001,33.229198,-19.698273
4.956250,-3.408522,-2.367184,11.822792,-20.456436,36.176567,-19.876347
4.962500,2.523795,-2.366771,12.461078,-20.713354,38.651031,-20.176981
4.968750,8.458611,-2.365292,15.634721,-20.986132,39.498329,-20.391907
4.975000,14.391677,-2.363321,19.022865,-21.295168,40.631222,-20.682320
4.981250,20.318638,-2.361475,22.542692,-21.615957,40.479065,-21.038355
4.987500,26.243237,-2.359090,25.994984,-21.937494,39.073589,-21.447895
4.993750,32.168964,-2.355464,29.120714,-22.252878,36.355598,-21.901426
5.000000,38.089642,-2.351504,31.710430,-22.550390,32.295372,-22.387045
5.006250,43.997166,-2.348712,33.609791,-22.813515,28.780336,-22.882168
5.012500,49.895691,-2.346983,34.697411,-23.017820,24.109644,-23.320799
5.018750,55.794624,-2.345202,34.872414,-23.138062,18.756107,-23.694380
5.025000,61.694939,-2.343297,34.140354,-23.214100,12.864491,-24.041439
5.031250,67.590775,-2.341939,32.670597,-23.242384,7.222248,-24.330671
5.037500,73.480789,-2.341229,30.604357,-23.226349,2.215879,-24.547146
5.043750,79.368652,-2.340918,27.916983,-23.208799,-1.905276,-24.686132
5.050000,85.254196,-2.341569,24.562649,-23.152435,-4.917345,-24.742287
5.056250,91.135750,-2.343641,21.691257,-23.057001,-6.575953,-24.702934
5.062500,97.019547,-2.346048,18.400080,-22.971462,-6.739624,-24.571674
5.068750,101.016296,-2.347552,15.098354,-22.913153,-5.362388,-24.359924
5.075000,104.741409,-2.348891,12.177822,-22.882771,-2.379516,-24.077765
5.081250,107.652191,-2.351975,8.135717,-22.866812,2.257254,-23.734543
5.087500,109.259392,-2.356633,4.995938,-22.853830,8.540040,-23.346632
5.093750,109.148430,-2.361277,2.707313,-22.854668,16.360258,-22.939741
5.100000,106.981453,-2.365221,1.102499,-22.855322,25.431923,-22.521385
5.106250,102.512245,-2.369729,-0.101694,-22.836077,35.191475,-22.082951
5.112500,95.615173,-2.375464,-1.092213,-22.784443,45.406204,-21.658957
5.118750,86.298126,-2.381401,-1.936827,-22.686344,55.703506,-21.272123
5.125000,74.687805,-2.386578,-2.979314,-22.540960,65.524353,-20.935524
5.131250,61.015789,-2.391709,-4.255769,-22.345295,74.285957,-20.652643
5.137500,45.617439,-2.397562,-5.867577,-22.100500,81.439163,-20.413071
5.143750,28.922926,-2.403800,-5.740731,-21.812876,86.514473,-20.129110
5.150000,11.429855,-2.409632,-5.310911,-21.497316,90.050026,-20.014936
5.156250,-6.329456,-2.415056,-5.987799,-21.146040,92.123466,-19.895638
5.162500,-23.811878,-2.420198,-5.691296,-20.774364,92.207428,-19.810120
5.168750,-40.484169,-2.424853,-4.738050,-20.408392,90.699440,-19.764479
5.175000,-55.853714,-2.428577,-3.342629,-20.068172,88.179939,-19.754967
5.181250,-69.495216,-2.431396,-1.711066,-19.769339,85.308006,-19.769222
5.187500,-81.070091,-2.433401,-0.081091,-19.527582,80.640823,-19.799574
5.193750,-90.342773,-2.434657,1.296990,-19.360224,76.372208,-19.879593
5.200000,-97.193108,-2.435440,2.190884,-19.285833,72.782631,-20.043968
5.206250,-101.622932,-2.436167,4.624424,-19.294167,69.182396,-20.163235
5.212500,-103.753059,-2.436768,5.367314,-19.358706,66.321503,-20.299471
5.218750,-103.816856,-2.436806,6.272945,-19.481112,64.206398,-20.460020
5.225000,-102.153786,-2.435941,7.143467,-19.618530,62.696720,-20.639351
5.231250,-99.194588,-2.434160,7.925739,-19.808853,61.574856,-20.834454
5.237500,-95.434479,-2.431891,7.284580,-20.067043,60.504517,-21.055981
5.243750,-91.409355,-2.429840,5.964298,-20.355448,59.165134,-21.301958
5.250000,-85.498711,-2.428788,3.598506,-20.657104,57.286083,-21.563986
5.256250,-79.592903,-2.428489,-0.148848,-20.957468,54.573193,-21.836182
5.262500,-73.684715,-2.427475,-3.399904,-21.243967,50.779259,-22.108261
5.268750,-67.773804,-2.425453,-7.702490,-21.510361,45.681343,-22.365278
5.275000,-61.870880,-2.424169,-12.710438,-21.752050,39.072266,-22.589104
5.281250,-55.981670,-2.425135,-18.110155,-21.963680,30.909370,-22.781460
5.287500,-50.096134,-2.427260,-23.619310,-22.140480,21.512770,-22.966347
5.293750,-44.201492,-2.428545,-28.980322,-22.278908,10.952710,-23.121830
5.300000,-38.302299,-2.429317,-33.943771,-22.372190,-0.572132,-23.231962
5.306250,-32.411682,-2.431756,-38.278156,-22.411797,-12.682140,-23.285456
5.312500,-26.529284,-2.436256,-41.817673,-22.394754,-24.947535,-23.276592
5.318750,-20.643282,-2.441617,-44.450165,-22.317766,-36.924778,-23.199589
5.325000,-14.747543,-2.447211,-46.103527,-22.179382,-48.168427,-23.042746
5.331250,-8.846760,-2.453699,-46.810551,-22.000584,-58.305317,-22.868811
5.337500,-2.940708,-2.460759,-44.588146,-21.795437,-67.450737,-22.615799
5.343750,2.977930,-2.467037,-42.287537,-21.548918,-74.747589,-22.343081
5.350000,8.907920,-2.472127,-38.434799,-21.309864,-80.444862,-22.086794
5.356250,14.840759,-2.477253,-33.206921,-21.102961,-84.428421,-21.876955
5.362500,20.774935,-2.482509,-26.852900,-20.948215,-86.695862,-21.741446
5.368750,26.718126,-2.486390,-19.681227,-20.857136,-87.443611,-21.665297
5.375000,32.672482,-2.488143,-12.020341,-20.829037,-86.949944,-21.629200
5.381250,38.628010,-2.488692,-4.242937,-20.852568,-85.368645,-21.606775
5.387500,44.578907,-2.488574,3.201714,-20.933458,-82.177238,-21.727129
5.393750,50.529171,-2.487006,9.992064,-21.092445,-78.314125,-21.934769
5.400000,56.480038,-2.483559,16.136074,-21.312695,-74.161774,-22.221922
5.406250,62.422474,-2.479509,21.402267,-21.572260,-70.007683,-22.598433
5.412500,68.351311,-2.475959,25.578966,-21.842905,-65.881119,-22.960453
5.418750,74.272156,-2.472166,28.492353,-22.103868,-61.917831,-23.313812
5.425000,80.189789,-2.467635,30.048050,-22.335651,-58.544678,-23.646534
5.431250,86.098694,-2.463449,30.306767,-22.519812,-55.766247,-23.936640
5.437500,91.992996,-2.460732,29.493753,-22.640299,-53.527130,-24.156521
5.443750,97.877754,-2.459653,27.951582,-22.686186,-51.779549,-24.286022
5.450000,101.864845,-2.459876,26.032585,-22.647642,-50.454330,-24.314093
5.456250,105.578491,-2.461347,24.142609,-22.521589,-49.391617,-24.235882
5.462500,108.487343,-2.463790,22.720226,-22.320007,-48.425636,-24.080355
5.468750,110.103195,-2.466436,20.347788,-22.054922,-47.371437,-23.821491
5.475000,109.997154,-2.469632,19.208105,-21.718990,-45.337898,-23.447138
5.481250,107.823746,-2.474540,19.158527,-21.338516,-42.836098,-23.021719
5.487500,103.348488,-2.481174,19.924360,-20.946070,-39.562256,-22.582649
5.493750,96.460464,-2.487709,21.331059,-20.568016,-35.219227,-22.160818
5.500000,87.165863,-2.492648,23.226618,-20.221100,-29.575781,-21.779137
5.506250,75.576591,-2.496881,25.463865,-19.911589,-22.482420,-21.444628
5.512500,61.920372,-2.501618,27.869560,-19.621542,-13.969168,-21.076357
5.518750,46.541664,-2.506204,30.269283,-19.374924,-4.597856,-20.828770
5.525000,29.874882,-2.509300,32.055592,-19.213631,5.320983,-20.653416
5.531250,12.409388,-2.511098,33.805565,-19.113670,15.811502,-20.545290
5.537500,-5.330009,-2.512403,35.204071,-19.073984,26.345718,-20.495712
5.543750,-22.798023,-2.513187,35.931591,-19.102087,36.391029,-20.497616
5.550000,-39.458767,-2.512950,35.730209,-19.203396,45.546875,-20.595518
5.556250,-54.820957,-2.511811,34.418713,-19.385166,53.537563,-20.777813
5.562500,-68.461029,-2.510021,31.871164,-19.655197,60.748535,-20.980137
5.568750,-80.038696,-2.507502,28.132761,-19.980577,66.254013,-21.236237
5.575000,-89.316895,-2.504279,25.433323,-20.358747,70.199242,-21.545496
5.581250,-96.176910,-2.500850,20.453148,-20.790133,72.849220,-21.890917
5.587500,-100.619453,-2.497415,15.434173,-21.273678,74.546936,-22.233538
5.593750,-102.764351,-2.493671,10.461988,-21.809271,75.441452,-22.635498
5.600000,-102.849373,-2.490018,5.735223,-22.365057,74.057152,-23.035751
5.606250,-101.218636,-2.487462,1.454674,-22.920635,72.553864,-23.427784
5.612500,-98.296928,-2.485843,-2.344883,-23.463995,70.661407,-23.808994
5.618750,-94.567223,-2.483735,-5.552900,-23.979761,68.253189,-24.174864
5.625000,-90.562370,-2.480841,-8.051211,-24.450804,65.223984,-24.522360
5.631250,-84.672813,-2.479206,-9.729690,-24.856014,61.468407,-24.833370
5.637500,-78.797508,-2.480115,-10.506808,-25.172182,56.838951,-25.070147
5.643750,-72.923195,-2.482077,-12.250293,-25.371511,53.210705,-25.190613
5.650000,-67.039719,-2.483464,-11.209569,-25.432549,48.970467,-25.219721
5.656250,-61.152935,-2.485022,-9.522346,-25.376711,43.750828,-25.194702
5.662500,-55.273933,-2.488348,-7.394562,-25.204826,38.514561,-25.084089
5.668750,-49.400089,-2.493574,-4.903255,-24.915661,33.522297,-24.878887
5.675000,-43.520824,-2.499584,-2.292926,-24.525208,28.955956,-24.583681
5.681250,-37.632088,-2.505838,0.154935,-24.056868,24.990604,-24.205795
5.687500,-31.737152,-2.512454,2.159981,-23.546024,21.833391,-23.756441
5.693750,-25.836437,-2.519013,3.354650,-23.003365,19.775820,-23.264318
5.700000,-19.928856,-2.525211,3.105164,-22.423332,19.255505,-22.751291
5.706250,-14.018280,-2.531838,3.451313,-21.867975,18.441130,-22.249115
5.712500,-8.107019,-2.539442,2.772796,-21.376373,18.979139,-21.793329
5.718750,-2.188190,-2.546839,1.278548,-20.969454,20.472406,-21.411758
5.725000,3.745700,-2.552401,-0.830904,-20.656404,24.334108,-21.094900
5.731250,9.689769,-2.556276,-3.364213,-20.437572,28.421444,-20.815811
5.737500,15.632998,-2.559649,-6.131291,-20.299582,32.941490,-20.601267
5.743750,21.573887,-2.562604,-8.977572,-20.222851,36.986984,-20.517086
5.750000,27.519096,-2.564027,-11.889764,-20.225439,41.087139,-20.524876
5.756250,33.467464,-2.563770,-14.842832,-20.295265,44.933491,-20.608074
5.762500,39.411175,-2.562887,-15.450002,-20.406876,48.181610,-20.753008
5.768750,45.346416,-2.561816,-16.871294,-20.531866,50.480175,-20.961132
5.775000,51.276867,-2.560124,-16.974228,-20.644178,51.380951,-21.167173
5.781250,57.203709,-2.557871,-15.949836,-20.740309,51.830437,-21.372734
5.787500,63.121841,-2.556023,-14.059822,-20.811651,50.863632,-21.583403
5.793750,69.029678,-2.555235,-11.508619,-20.846766,48.650837,-21.784065
5.800000,74.931976,-2.555265,-8.575998,-20.836843,45.271938,-21.953289
5.806250,80.832748,-2.555691,-5.583970,-20.779659,40.855480,-22.068773
5.812500,86.733482,-2.556309,-2.871247,-20.678185,35.623005,-22.123838
5.818750,92.632629,-2.557247,-0.759757,-20.542223,29.963898,-22.139366
5.825000,96.632378,-2.559332,2.607832,-20.397474,22.057175,-22.138651
5.831250,100.353645,-2.563515,5.598206,-20.303015,13.772428,-22.060387
5.837500,103.268394,-2.569593,6.917493,-20.162773,5.205412,-21.929533
5.843750,104.896118,-2.575982,8.595730,-20.043314,-3.896408,-21.779484
5.850000,104.816109,-2.580902,10.080132,-19.977364,-13.393335,-21.633009
5.856250,102.682068,-2.584374,11.305927,-19.973204,-23.051060,-21.504108
5.862500,98.245018,-2.587671,12.224541,-20.028788,-32.650761,-21.404390
5.868750,91.381271,-2.591125,12.805540,-20.123243,-42.045864,-21.334312
5.875000,82.095909,-2.594094,13.171364,-20.254934,-51.192493,-21.283947
5.881250,70.512352,-2.596339,13.788880,-20.454411,-60.201939,-21.272085
5.887500,56.865112,-2.597892,14.636209,-20.693686,-66.845612,-21.297077
5.893750,41.494476,-2.598357,15.882375,-20.958504,-72.436501,-21.345581
5.900000,24.826849,-2.597715,15.879274,-21.253782,-76.583008,-21.407045
5.906250,7.348940,-2.596907,16.517050,-21.612200,-81.037346,-21.494377
5.912500,-10.409795,-2.596636,17.627676,-21.963142,-83.977470,-21.599274
5.918750,-27.896822,-2.595875,19.386894,-22.316925,-85.787476,-21.708200
5.925000,-44.574299,-2.593707,21.061764,-22.693930,-86.850143,-21.819067
5.931250,-59.957783,-2.591300,22.534153,-23.097887,-87.449715,-21.935793
5.937500,-73.627762,-2.590117,23.723175,-23.518896,-87.821877,-22.059860
5.943750,-85.238586,-2.589549,24.589941,-23.938339,-88.155334,-22.190853
5.950000,-94.543907,-2.588392,25.326363,-24.338646,-88.687912,-22.288136
5.956250,-101.424438,-2.587139,26.114769,-24.701420,-89.908882,-22.344965
5.962500,-105.888947,-2.587269,26.848614,-25.011236,-89.109940,-22.411173
5.968750,-108.054825,-2.588213,27.399477,-25.257832,-88.525299,-22.475811
5.975000,-108.148048,-2.588025,27.674780,-25.429682,-87.703468,-22.534580
5.981250,-106.512756,-2.586843,27.594936,-25.520561,-86.211800,-22.587215
5.987500,-103.588776,-2.586885,27.096735,-25.524715,-83.666176,-22.631922
5.993750,-99.871147,-2.588870,26.158129,-25.438612,-79.734337,-22.664684
6.000000,-95.879868,-2.591549,24.769751,-25.260479,-74.197029,-22.678223
6.006250,-89.986809,-2.594130,22.967661,-24.980955,-66.994598,-22.628704
6.012500,-84.092552,-2.597389,20.807447,-24.561718,-58.502155,-22.559216
6.018750,-78.199669,-2.601673,20.209471,-24.127996,-49.026978,-22.475174
6.025000,-72.301369,-2.605884,17.865421,-23.658224,-38.524250,-22.378012
6.031250,-66.395622,-2.609658,16.208229,-23.177912,-27.443113,-22.281776
6.037500,-60.487877,-2.613865,15.098460,-22.729145,-16.324841,-22.203810
6.043750,-54.579872,-2.618536,14.466519,-22.357311,-5.622586,-22.130564
6.050000,-48.665272,-2.622547,14.380670,-22.053604,4.409598,-22.044497
6.056250,-42.742455,-2.625497,14.833495,-21.845432,13.304586,-21.982576
6.062500,-36.819126,-2.628412,15.560504,-21.761305,20.817198,-21.966475
6.068750,-30.897650,-2.631439,14.600554,-21.808981,26.802950,-21.997927
6.075000,-24.971025,-2.633312,13.556960,-21.976719,31.263910,-22.073561
6.081250,-19.037346,-2.633236,14.048273,-22.232216,34.274128,-22.188541
6.087500,-13.107718,-2.632558,14.188605,-22.499342,35.908112,-22.321526
6.093750,-7.189780,-2.632753,13.871820,-22.810312,36.152897,-22.458456
6.100000,-1.278728,-2.633500,12.532866,-23.132160,35.175922,-22.603642
6.106250,4.633836,-2.633978,10.579432,-23.415905,33.272511,-22.747997
6.112500,10.547093,-2.634148,7.925984,-23.630520,30.620754,-22.876825
6.118750,16.455606,-2.634710,4.486683,-23.757582,27.356794,-22.972866
6.125000,22.359051,-2.636052,0.212440,-23.791782,23.629974,-23.014593
6.131250,28.259718,-2.638354,-2.720690,-23.738503,19.693413,-22.999722
6.137500,34.159451,-2.641715,-5.580664,-23.596624,16.359739,-22.940968
6.143750,40.062939,-2.645424,-9.559826,-23.365116,11.766352,-22.822041
6.150000,45.975086,-2.648461,-12.536761,-23.071272,7.338797,-22.657118
6.156250,51.892593,-2.650752,-14.554765,-22.742643,3.038928,-22.460203
6.162500,57.808506,-2.653383,-15.629575,-22.402876,-1.098959,-22.244804
6.168750,63.720863,-2.656701,-15.785969,-22.070526,-5.005336,-22.021187
6.175000,69.637054,-2.659791,-15.107727,-21.764492,-8.613065,-21.801250
6.181250,75.560539,-2.661766,-13.729078,-21.500866,-11.851327,-21.600122
6.187500,81.485725,-2.663123,-11.811970,-21.293266,-14.587746,-21.497314
6.193750,87.408020,-2.664497,-9.567478,-21.165880,-17.083765,-21.367994
6.200000,93.329285,-2.665486,-7.187820,-21.100439,-19.166437,-21.301277
6.206250,97.356895,-2.665800,-4.384701,-21.088078,-20.702246,-21.315208
6.212500,101.109688,-2.665889,-1.413222,-21.147921,-21.862494,-21.420040
6.218750,104.051689,-2.666249,1.537582,-21.268843,-22.822395,-21.651373
6.225000,105.692665,-2.666816,4.283560,-21.426062,-22.162811,-21.888029
6.231250,105.608192,-2.667347,6.460204,-21.646547,-22.401207,-22.203468
6.237500,103.457924,-2.667834,7.777875,-21.915495,-22.667776,-22.593735
6.243750,99.004951,-2.667955,8.200159,-22.214422,-22.877947,-23.044426
6.250000,92.128777,-2.667478,9.732677,-22.530834,-23.056602,-23.536936
6.256250,82.825500,-2.666998,10.895966,-22.857355,-23.232992,-24.051914
6.262500,71.212975,-2.667375,10.233845,-23.189699,-23.386368,-24.556936
6.268750,57.532597,-2.668092,9.861777,-23.511528,-23.410278,-25.021904
6.275000,42.133469,-2.667522,9.757081,-23.803389,-22.722200,-25.437124
6.281250,25.439796,-2.665810,9.786888,-24.060566,-21.549683,-25.794298
6.287500,7.931446,-2.664785,9.841952,-24.278234,-19.748709,-26.076916
6.293750,-9.862481,-2.665579,9.867534,-24.447367,-17.069191,-26.268305
6.300000,-27.384079,-2.666991,9.848442,-24.552795,-13.251283,-26.350447
6.306250,-44.092472,-2.667910,9.753027,-24.578253,-8.096747,-26.306852
6.312500,-59.500359,-2.668966,9.523419,-24.505945,-1.514454,-26.121624
6.318750,-73.186867,-2.671240,9.039154,-24.343702,6.328245,-25.850590
6.325000,-84.808784,-2.674374,10.223252,-24.126043,15.048760,-25.498751
6.331250,-94.123177,-2.677633,9.839820,-23.844151,24.417116,-25.056944
6.337500,-101.008713,-2.681435,10.132876,-23.493864,34.194454,-24.564884
6.343750,-105.468987,-2.686208,10.812929,-23.106457,43.948875,-24.062223
6.350000,-107.621460,-2.691338,11.645768,-22.712736,53.111305,-23.582592
6.356250,-107.698036,-2.695695,12.475732,-22.339283,61.081757,-23.153946
6.362500,-106.041725,-2.699230,13.173619,-22.007692,67.285561,-22.786951
6.368750,-103.085320,-2.702402,13.622723,-21.733576,71.210419,-22.422157
6.375000,-99.322762,-2.705060,13.700530,-21.526402,72.980194,-22.225460
6.381250,-95.285088,-2.706970,13.143563,-21.402817,72.282913,-22.144737
6.387500,-89.352798,-2.708532,13.106064,-21.348526,68.964180,-22.184025
6.393750,-83.423508,-2.709860,12.691569,-21.380678,63.341591,-22.295677
6.400000,-77.494377,-2.710388,12.175371,-21.499619,55.828880,-22.402372
6.406250,-71.565025,-2.709915,11.625297,-21.697344,44.773888,-22.630434
6.412500,-65.641357,-2.709491,11.073441,-21.959412,32.598465,-22.924707
6.418750,-59.726906,-2.709965,10.504935,-22.271112,19.123457,-23.249960
6.425000,-53.815155,-2.710548,9.921092,-22.607134,4.827631,-23.573862
6.431250,-47.901543,-2.710557,9.315579,-22.940775,-9.743492,-23.866426
6.437500,-41.989491,-2.710549,8.629889,-23.245367,-24.060045,-24.097666
6.443750,-36.084717,-2.711571,9.969311,-23.490414,-37.628574,-24.234831
6.450000,-30.184078,-2.713497,11.850720,-23.664127,-50.194351,-24.325445
6.456250,-24.281561,-2.715599,12.681790,-23.770411,-61.651466,-24.358393
6.462500,-18.375984,-2.717804,14.456429,-23.804417,-70.042252,-24.290556
6.468750,-12.470270,-2.720402,16.976982,-23.765509,-76.724159,-24.157738
6.475000,-6.562399,-2.722891,19.972946,-23.660732,-81.223892,-23.989481
6.481250,-0.650257,-2.724865,23.116629,-23.515474,-83.321625,-23.813255
6.487500,5.261619,-2.726969,26.106831,-23.357508,-82.911957,-23.646322
6.493750,11.170611,-2.729744,28.786320,-23.189518,-79.875862,-23.466890
6.500000,17.081570,-2.732178,29.148029,-23.019184,-76.190056,-23.276455
6.506250,22.999182,-2.733571,28.567249,-22.860413,-70.428986,-23.102486
6.512500,28.916988,-2.734628,28.518751,-22.739225,-63.090729,-22.975611
6.518750,34.828327,-2.736535,26.950867,-22.682674,-54.948788,-22.888962
6.525000,40.738029,-2.738912,24.031473,-22.685619,-46.719086,-22.834478
6.531250,46.653713,-2.740425,19.944283,-22.740219,-39.007828,-22.807276
6.537500,52.574024,-2.741052,14.851211,-22.837919,-32.358292,-22.804432
6.543750,58.490753,-2.741891,8.950339,-22.967955,-27.240160,-22.826616
6.550000,64.402687,-2.743257,2.479044,-23.115612,-22.196056,-22.848642
6.556250,70.315704,-2.744450,-4.261425,-23.248201,-19.232040,-22.860384
6.562500,76.231712,-2.745274,-10.818971,-23.361031,-17.790268,-22.873411
6.568750,82.146790,-2.746017,-16.150291,-23.485645,-17.502810,-22.884008
6.575000,88.060555,-2.746672,-22.024879,-23.589273,-18.069601,-22.916203
6.581250,93.974113,-2.746984,-26.376865,-23.665306,-19.042864,-22.947998
6.587500,97.990204,-2.747687,-29.236208,-23.716940,-19.886911,-22.979305
6.593750,101.728950,-2.749376,-30.621216,-23.749409,-22.125828,-23.016102
6.600000,104.662697,-2.751095,-30.576330,-23.767506,-23.707392,-23.060925
6.606250,106.304230,-2.751830,-29.178135,-23.771566,-24.738955,-23.112036
6.612500,106.221664,-2.752184,-26.565550,-23.762882,-25.346071,-23.167318
6.618750,104.065659,-2.753492,-22.941702,-23.740879,-25.670500,-23.222792
6.625000,99.601006,-2.755948,-18.550461,-23.705349,-23.958101,-23.275080
6.631250,92.714539,-2.758527,-13.695569,-23.658947,-21.988045,-23.334518
6.637500,83.408096,-2.760886,-8.412921,-23.597910,-19.445026,-23.321791
6.643750,71.797470,-2.763966,-2.711214,-23.503296,-18.158623,-23.291151
6.650000,58.118740,-2.767994,3.038779,-23.369324,-16.156471,-23.243736
6.656250,42.719334,-2.771914,8.349230,-23.201061,-13.837147,-23.169516
6.662500,26.029133,-2.775093,12.834969,-22.992805,-11.567136,-23.057232
6.668750,8.535334,-2.777946,16.165874,-22.734509,-9.758020,-22.900883
6.675000,-9.234015,-2.780988,17.961113,-22.443119,-8.952029,-22.733017
6.681250,-26.731482,-2.784332,20.015303,-22.136213,-7.424160,-22.565657
6.687500,-43.422318,-2.787822,20.830828,-21.823709,-6.824123,-22.406866
6.693750,-58.812859,-2.791489,20.744505,-21.539024,-7.017088,-22.274872
6.700000,-72.473427,-2.794662,19.959171,-21.265810,-7.864487,-22.213211
6.706250,-84.061996,-2.796581,18.474802,-21.010773,-9.044512,-22.183897
6.712500,-93.346581,-2.797610,16.841249,-20.819885,-9.976811,-22.208778
6.718750,-100.210930,-2.798752,15.254426,-20.716122,-10.865606,-22.313219
6.725000,-104.654655,-2.800177,13.825253,-20.707952,-11.374222,-22.487650
6.731250,-106.793793,-2.801008,12.590369,-20.795670,-13.224985,-22.744486
6.737500,-106.863495,-2.800774,11.554117,-20.967205,-14.453253,-23.085987
6.743750,-105.209526,-2.799927,10.638593,-21.226141,-15.333009,-23.476498
6.750000,-102.262985,-2.798908,9.648387,-21.601389,-16.014961,-23.877165
6.756250,-98.514603,-2.797720,9.235644,-21.970112,-16.576164,-24.249224
6.762500,-94.497169,-2.796777,9.242543,-22.374754,-17.233025,-24.591410
6.768750,-88.588943,-2.796123,9.418578,-22.809212,-18.117161,-24.884459
6.775000,-82.681862,-2.795126,9.725067,-23.255121,-17.091587,-25.110777
6.781250,-76.774185,-2.793415,10.069747,-23.693316,-15.594521,-25.258764
6.787500,-70.869995,-2.791633,10.349377,-24.103857,-13.191183,-25.320604
6.793750,-64.974312,-2.790813,10.452261,-24.469172,-9.481254,-25.292124
6.800000,-59.084358,-2.790933,10.274012,-24.773134,-4.119204,-25.171368
6.806250,-53.193218,-2.791302,9.717098,-25.002956,1.007517,-24.957458
6.812500,-47.301075,-2.792000,8.694017,-25.150406,7.481089,-24.630833
6.818750,-41.410927,-2.793846,9.276398,-25.225119,15.189277,-24.269268
6.825000,-35.519775,-2.796345,9.979536,-25.268967,22.614124,-23.871300
6.831250,-29.621681,-2.798422,9.744059,-25.203890,30.486464,-23.473129
6.837500,-23.717709,-2.800257,10.451829,-25.092630,38.017368,-23.123499
6.843750,-17.816204,-2.803123,11.874804,-24.962591,44.524090,-22.841564
6.850000,-11.915628,-2.807066,13.982024,-24.829006,51.163204,-22.625841
6.856250,-6.006515,-2.810462,16.713343,-24.702448,55.972424,-22.506525
6.862500,-0.086046,-2.812366,19.981777,-24.586370,59.143921,-22.492241
6.868750,5.836161,-2.813742,23.708538,-24.471773,60.874851,-22.573185
6.875000,11.752352,-2.815704,27.818213,-24.333853,61.427208,-22.728914
6.881250,17.665211,-2.817929,32.357521,-24.203682,61.117565,-22.902945
6.887500,23.579891,-2.819941,35.771202,-24.103760,60.142471,-23.123928
6.893750,29.496965,-2.821675,39.419102,-24.028410,58.387714,-23.369253
6.900000,35.413239,-2.823156,42.794804,-24.023954,56.618774,-23.589188
6.906250,41.329292,-2.824052,45.427559,-23.987951,55.213257,-23.748936
6.912500,47.243603,-2.824605,48.006634,-23.948261,52.556114,-23.831982
6.918750,53.151337,-2.825829,49.320175,-23.924227,50.526012,-23.830996
6.925000,59.053013,-2.828064,49.384766,-23.898384,48.842209,-23.741613
6.931250,64.955238,-2.830601,48.266987,-23.820229,47.222706,-23.563318
6.937500,70.861183,-2.833050,47.626640,-23.793640,45.320286,-23.321459
6.943750,76.768578,-2.835684,44.520504,-23.767538,44.609955,-23.054899
6.950000,82.676865,-2.838480,41.323666,-23.722607,42.974430,-22.726019
6.956250,88.589745,-2.840395,38.047939,-23.647566,40.570778,-22.368452
6.962500,94.507294,-2.841250,34.699902,-23.538361,37.782478,-22.017704
6.968750,98.525551,-2.842600,31.261909,-23.401272,34.687939,-21.699341
6.975000,102.262886,-2.845315,27.748062,-23.242897,31.298174,-21.430210
6.981250,105.195419,-2.848520,24.232964,-23.065434,27.621084,-21.217510
6.987500,106.838844,-2.850587,20.795956,-22.869732,23.640129,-21.060091
6.993750,106.764320,-2.851514,17.509497,-22.650679,19.314034,-20.941046
7.000000,104.620590,-2.852458,14.448221,-22.389736,14.517021,-20.871225
7.006250,100.167007,-2.854229,11.621307,-22.062431,11.057570,-20.872955
7.012500,93.287827,-2.856563,10.674632,-21.790985,7.594940,-20.924829
7.018750,83.986275,-2.859142,10.367874,-21.562468,4.554299,-21.006433
7.025000,72.385941,-2.861676,9.842051,-21.302128,2.319783,-21.158884
7.031250,58.723469,-2.863905,10.634091,-21.076534,-0.682141,-21.353924
7.037500,43.338493,-2.865900,12.362447,-20.925329,-2.342297,-21.582123
7.043750,26.655924,-2.868153,14.776162,-20.882286,-3.595661,-21.872454
7.050000,9.168539,-2.870687,17.639214,-20.971197,-4.572587,-22.235743
7.056250,-8.585762,-2.872385,20.785206,-21.181925,-5.362831,-22.676640
7.062500,-26.059809,-2.872654,22.149136,-21.510925,-6.059002,-23.203360
7.068750,-42.726871,-2.872120,25.157091,-21.960575,-6.768532,-23.852934
7.075000,-58.100304,-2.871528,27.726641,-22.506178,-6.897018,-24.461071
7.081250,-71.751015,-2.870543,29.772028,-23.060041,-8.988296,-25.091124
7.087500,-83.335327,-2.868670,31.287519,-23.695343,-11.559316,-25.746059
7.093750,-92.618057,-2.866004,31.049894,-24.363689,-12.884771,-26.404558
7.100000,-99.481575,-2.863034,29.843592,-25.016430,-14.704341,-27.036386
7.106250,-103.927597,-2.859924,27.455420,-25.628567,-16.871187,-27.609102
7.112500,-106.077751,-2.857096,23.712669,-26.190903,-19.220016,-28.087324
7.118750,-106.170006,-2.855084,18.380865,-26.645138,-21.554647,-28.428013
7.125000,-104.542961,-2.853785,13.364601,-26.968908,-25.789206,-28.583050
7.131250,-101.619423,-2.852571,7.479910,-27.173807,-30.085743,-28.591909
7.137500,-97.891304,-2.851369,1.127861,-27.270651,-34.530319,-28.445023
7.143750,-93.897095,-2.851445,-5.324989,-27.264482,-39.421318,-28.135931
7.150000,-88.016296,-2.853586,-11.517611,-27.160498,-44.762333,-27.676901
7.156250,-82.135254,-2.856774,-17.129723,-26.965929,-50.463581,-27.091091
7.162500,-76.244583,-2.859570,-21.895535,-26.692972,-56.382793,-26.414507
7.168750,-70.347328,-2.862119,-25.619484,-26.360281,-62.377239,-25.700491
7.175000,-64.451202,-2.865325,-28.153414,-25.989239,-68.347710,-24.966011
7.181250,-58.554913,-2.869059,-29.399021,-25.601362,-74.427177,-24.225241
7.187500,-52.652359,-2.872366,-29.309361,-25.215973,-78.305550,-23.538776
7.193750,-46.742962,-2.874993,-27.879984,-24.834957,-81.442940,-22.949030
7.200000,-40.831863,-2.877425,-27.042618,-24.455320,-83.230743,-22.484240
7.206250,-34.920197,-2.879561,-23.618500,-24.152042,-83.064819,-22.100302
7.212500,-29.005447,-2.880929,-19.388903,-23.906185,-82.339394,-21.845943
7.218750,-23.089642,-2.882019,-14.643748,-23.723680,-79.916298,-21.746065
7.225000,-17.177956,-2.883661,-9.653455,-23.593172,-75.610779,-21.773537
7.231250,-11.267822,-2.885713,-4.704872,-23.502272,-69.867180,-21.906746
7.237500,-5.353045,-2.887113,-0.200230,-23.462088,-63.202740,-22.115627
7.243750,0.566695,-2.887710,5.647124,-23.468317,-56.158150,-22.353344
7.250000,6.484873,-2.888201,11.310280,-23.502428,-49.300400,-22.532087
7.256250,12.397801,-2.889009,17.048676,-23.553923,-43.987408,-22.780270
7.262500,18.308502,-2.890141,21.167150,-23.628817,-38.128426,-23.010715
7.268750,24.218515,-2.891528,25.501617,-23.723953,-33.410595,-23.164824
7.275000,30.126749,-2.893850,30.029192,-23.772394,-29.888773,-23.240335
7.281250,36.033779,-2.897040,34.246330,-23.797016,-27.607851,-23.242796
7.287500,41.946407,-2.900057,37.773838,-23.791121,-26.397974,-23.173706
7.293750,47.867634,-2.901803,40.513924,-23.726849,-26.014921,-23.038525
7.300000,53.792580,-2.902484,42.567703,-23.635576,-26.227232,-22.852728
7.306250,59.713547,-2.902987,44.230484,-23.525200,-26.798826,-22.638000
7.312500,65.626961,-2.904086,45.431938,-23.385408,-27.494593,-22.418461
7.318750,71.535316,-2.906197,46.380375,-23.226822,-28.159796,-22.210453
7.325000,77.443695,-2.908846,45.509464,-23.049532,-28.760935,-22.018940
7.331250,83.357414,-2.911002,44.960888,-22.839739,-29.176003,-21.871695
7.337500,89.277649,-2.912018,44.434650,-22.624928,-29.353373,-21.790699
7.343750,95.198280,-2.912422,43.681671,-22.428680,-29.397469,-21.780840
7.350000,99.218430,-2.913218,42.611481,-22.262236,-27.566229,-21.817987
7.356250,102.960091,-2.914707,41.179451,-22.128445,-25.561649,-21.911940
7.362500,105.896088,-2.916394,39.334999,-22.025581,-22.628351,-22.081869
7.368750,107.537178,-2.917793,37.025589,-21.944391,-20.766768,-22.293098
7.375000,107.454453,-2.918986,34.187054,-21.874990,-18.300322,-22.513645
7.381250,105.305191,-2.920225,32.842762,-21.816149,-15.432255,-22.710871
7.387500,100.851357,-2.921864,31.382864,-21.799887,-12.453583,-22.880283
7.393750,93.971451,-2.924377,29.984968,-21.796709,-7.592730,-23.021317
7.400000,84.668106,-2.927347,28.898304,-21.798677,-2.366591,-23.115185
7.406250,73.068703,-2.929852,28.480179,-21.825272,1.618066,-23.153437
7.412500,59.411060,-2.931216,28.777954,-21.890863,6.173608,-23.137383
7.418750,44.029583,-2.932176,29.725063,-22.005714,10.930806,-23.073322
7.425000,27.345676,-2.933564,31.182772,-22.178202,15.526939,-22.972755
7.431250,9.853583,-2.935255,32.993515,-22.411816,19.641081,-22.843880
7.437500,-7.907101,-2.936613,34.997215,-22.701769,23.026999,-22.677628
7.443750,-25.391809,-2.937589,39.197979,-23.026888,25.449230,-22.475441
7.450000,-42.070759,-2.938712,42.140522,-23.370634,26.478071,-22.289299
7.456250,-57.450115,-2.939408,45.394569,-23.794952,25.957251,-22.134668
7.462500,-71.098587,-2.938931,48.771988,-24.286329,23.968193,-22.023256
7.468750,-82.679359,-2.937552,52.102642,-24.854658,20.612148,-21.965199
7.475000,-91.961975,-2.936281,55.315273,-25.423286,16.101339,-21.954279
7.481250,-98.824921,-2.935080,58.174835,-26.006584,10.746752,-21.983633
7.487500,-103.262924,-2.933118,58.373768,-26.603247,4.844825,-22.051805
7.493750,-105.397652,-2.930402,57.453781,-27.193108,-1.178276,-22.147228
7.500000,-105.473244,-2.928095,54.899754,-27.735191,-6.711942,-22.257923
7.506250,-103.832626,-2.926780,52.384518,-28.207668,-11.026822,-22.387419
7.512500,-100.896988,-2.925633,47.944237,-28.612518,-13.541095,-22.513632
7.518750,-97.155151,-2.924323,41.876671,-28.920042,-13.708637,-22.617163
7.525000,-93.144775,-2.923675,34.522545,-29.114437,-10.983311,-22.694027
7.531250,-87.247070,-2.924373,26.185722,-29.198063,-6.995748,-22.738405
7.537500,-81.351616,-2.925768,17.232193,-29.183567,-1.721683,-22.721600
7.543750,-75.454239,-2.927274,8.229192,-29.039440,6.130246,-22.659645
7.550000,-69.556671,-2.929381,-0.366130,-28.791389,15.569658,-22.569033
7.556250,-63.662380,-2.932597,-8.283676,-28.472742,25.701056,-22.468441
7.562500,-57.767170,-2.936373,-16.935125,-28.101173,35.648785,-22.381020
7.568750,-51.865917,-2.940004,-24.143675,-27.683208,44.611427,-22.324820
7.575000,-45.958977,-2.943165,-29.797838,-27.262585,52.085114,-22.255999
7.581250,-40.049252,-2.945858,-33.736149,-26.851725,57.288235,-22.211224
7.587500,-34.137608,-2.947833,-36.206139,-26.455414,61.726429,-22.209639
7.593750,-28.225237,-2.949068,-37.383316,-26.085169,63.731026,-22.254871
7.600000,-22.315956,-2.950255,-37.355167,-25.746336,63.667141,-22.340151
7.606250,-16.411936,-2.951987,-36.219147,-25.442032,61.975555,-22.452063
7.612500,-10.510010,-2.953814,-34.117802,-25.167704,59.132656,-22.574644
7.618750,-4.606144,-2.955136,-31.238962,-24.917011,55.588696,-22.709734
7.625000,1.297736,-2.956362,-27.844831,-24.686563,51.737038,-22.883385
7.631250,7.196962,-2.958219,-22.064104,-24.473625,47.991207,-23.054363
7.637500,13.092164,-2.960803,-17.445372,-24.267879,44.203434,-23.177862
7.643750,18.987925,-2.963441,-12.094937,-24.029472,41.123245,-23.278706
7.650000,24.884741,-2.966258,-6.372558,-23.718912,38.784821,-23.361814
7.656250,30.778906,-2.970020,-1.115140,-23.415188,36.974625,-23.441881
7.662500,36.670822,-2.975038,3.106317,-23.108316,35.373444,-23.522942
7.668750,42.567173,-2.980556,8.252849,-22.795193,33.715244,-23.601688
7.675000,48.473495,-2.985484,12.565729,-22.485977,33.579254,-23.683603
7.681250,54.388405,-2.989399,16.187677,-22.199347,32.950359,-23.778364
7.687500,60.306297,-2.992637,19.320791,-21.959686,31.937613,-23.895967
7.693750,66.224586,-2.995414,22.254507,-21.776308,30.618950,-24.047398
7.700000,72.143387,-2.997713,23.497528,-21.639221,29.048424,-24.265400
7.706250,78.063278,-2.999411,24.897942,-21.562780,27.225273,-24.487419
7.712500,83.983047,-3.000512,26.147272,-21.543474,24.299135,-24.689266
7.718750,89.901276,-3.001119,27.024206,-21.565355,22.914558,-24.930302
7.725000,95.818840,-3.001128,27.133850,-21.662758,21.423727,-25.202658
7.731250,99.839249,-3.000654,26.226068,-21.816322,20.116158,-25.484129
7.737500,103.581329,-3.000283,24.285873,-21.996351,19.125542,-25.744146
7.743750,106.510880,-3.000843,23.315973,-22.177002,18.534174,-25.940897
7.750000,108.137589,-3.002386,21.750837,-22.339441,18.328650,-26.039129
7.756250,108.040535,-3.004292,19.875521,-22.471590,18.159607,-26.079538
7.762500,105.881577,-3.006181,17.906004,-22.574730,18.024559,-26.031694
7.768750,101.420624,-3.008559,16.037582,-22.646120,17.952265,-25.884514
7.775000,94.533531,-3.012099,14.512633,-22.682138,17.808474,-25.639984
7.781250,85.223778,-3.016493,13.486476,-22.691307,17.451363,-25.313675
7.787500,73.619934,-3.020641,13.013037,-22.686596,16.761320,-24.931589
7.793750,59.961323,-3.023908,13.118169,-22.680733,15.703123,-24.518522
7.800000,44.582256,-3.026691,13.788620,-22.685257,14.378347,-24.062473
7.806250,27.906601,-3.029186,15.000031,-22.700586,12.926152,-23.554043
7.812500,10.428100,-3.030974,14.795697,-22.727415,11.395597,-23.052664
7.818750,-7.319273,-3.031609,16.783136,-22.780535,8.742765,-22.626095
7.825000,-24.793900,-3.031748,18.835735,-22.887383,6.526847,-22.266434
7.831250,-41.466309,-3.031738,20.749617,-23.071209,4.691755,-21.978111
7.837500,-56.841030,-3.031062,22.464737,-23.367964,3.321535,-21.759790
7.843750,-70.488083,-3.029057,23.906506,-23.703159,2.569909,-21.612186
7.850000,-82.072838,-3.026543,25.599558,-24.078100,2.531573,-21.545244
7.856250,-91.364395,-3.024694,26.757172,-24.509104,1.131026,-21.556913
7.862500,-98.238251,-3.023383,27.442970,-24.980780,-0.109942,-21.635609
7.868750,-102.685989,-3.021418,25.816896,-25.462893,-1.508877,-21.763920
7.875000,-104.828522,-3.018585,23.506231,-25.932314,-3.316971,-21.916559
7.881250,-104.909477,-3.015833,22.033550,-26.387938,-5.726801,-22.038128
7.887500,-103.274117,-3.013669,19.615381,-26.803507,-8.824822,-22.169485
7.893750,-100.344429,-3.011734,16.438339,-27.160126,-11.663671,-22.308453
7.900000,-96.609993,-3.009974,12.696095,-27.428001,-14.594299,-22.397421
7.906250,-92.607040,-3.009212,8.672120,-27.582481,-17.497810,-22.444357
7.912500,-86.714035,-3.009784,4.486402,-27.631870,-20.087568,-22.460806
7.918750,-80.817894,-3.009784,0.337960,-27.631870,-21.967443,-22.460806
7.925000,-80.817894,-3.009784,0.337960,-27.631870,-21.967443,-22.460806
7.931250,-80.817894,-3.009784,0.337960,-27.631870,-21.967443,-22.460806
7.937500,-80.817894,-3.009784,0.337960,-27.631870,-21.967443,-22.460806
7.943750,-80.817894,-3.009784,0.337960,-27.631870,-21.967443,-22.460806
7.950000,-80.817894,-3.009784,0.337960,-27.631870,-21.967443,-22.460806
7.956250,-80.817894,-3.009784,0.337960,-27.631870,-21.967443,-22.460806
7.962500,-80.817894,-3.009784,0.337960,-27.631870,-21.967443,-22.460806
7.968750,-80.817894,-3.009784,0.337960,-27.631870,-21.967443,-22.460806
7.975000,-80.817894,-3.009784,0.337960,-27.631870,-21.967443,-22.460806
7.981250,-80.817894,-3.009784,0.337960,-27.631870,-21.967443,-22.460806
7.987500,-80.817894,-3.009784,0.337960,-27.631870,-21.967443,-22.460806
7.993750,-80.817894,-3.009784,0.337960,-27.631870,-21.967443,-22.460806
8.000000,-80.817894,-3.009784,0.337960,-27.631870,-21.967443,-22.460806
