Anritsu VNA Frequency[GHz],S21[deg],S21[dB],S11[deg],S11[dB],S22[deg],S22[dB]
1338122364.35,2012_05_27_13:39:24,+40.721,+10.292,+55.340,+10.303,+13.917,+13.728,+14.023,+13.775,10.391002,-15.775
3.006250,34.356232,-1.755798,59.552376,-26.640800,-79.766151,-27.420868
3.012500,34.356232,-1.755798,59.552376,-26.640800,-79.766151,-27.420868
3.018750,34.356232,-1.755798,59.552376,-26.640800,-79.766151,-27.420868
3.025000,34.356232,-1.755798,59.552376,-26.640800,-79.766151,-27.420868
3.031250,34.356232,-1.755798,59.552376,-26.640800,-79.766151,-27.420868
3.037500,34.356232,-1.755798,59.552376,-26.640800,-79.766151,-27.420868
3.043750,34.356232,-1.755798,59.552376,-26.640800,-79.766151,-27.420868
3.050000,34.356232,-1.755798,59.552376,-26.640800,-79.766151,-27.420868
3.056250,34.356232,-1.755798,59.552376,-26.640800,-79.766151,-27.420868
3.062500,34.356232,-1.755798,59.552376,-26.640800,-79.766151,-27.420868
3.068750,34.356232,-1.755798,59.552376,-26.640800,-79.766151,-27.420868
3.075000,34.356232,-1.755798,59.552376,-26.640800,-79.766151,-27.420868
3.081250,34.356232,-1.755798,59.552376,-26.640800,-79.766151,-27.420868
3.087500,34.356232,-1.755798,59.552376,-26.640800,-79.766151,-27.420868
3.093750,34.356232,-1.757445,59.552376,-26.436932,-79.766151,-27.169777
3.100000,40.263660,-1.759372,56.869762,-26.280893,-81.813660,-26.935944
3.106250,46.171009,-1.761270,53.300991,-26.196060,-82.238991,-26.721916
3.112500,52.078907,-1.763180,49.218227,-26.202969,-80.681007,-26.500101
3.118750,57.986183,-1.765303,43.213001,-26.243973,-78.986031,-26.199516
3.125000,63.892334,-1.767524,38.417133,-26.284889,-74.961441,-25.937792
3.131250,69.797646,-1.769822,34.028618,-26.353779,-68.805344,-25.650240
3.137500,75.701820,-1.772453,30.309896,-26.451080,-60.925339,-25.326611
3.143750,81.604218,-1.775662,27.467918,-26.569292,-51.503185,-24.974775
3.150000,87.507607,-1.779177,25.684198,-26.694002,-40.698669,-24.607264
3.156250,93.413895,-1.782524,25.081457,-26.810663,-28.684603,-24.242386
3.162500,97.427650,-1.785632,25.721561,-26.905922,-15.661418,-23.904047
3.168750,101.168327,-1.788828,27.624189,-26.972055,-3.736296,-23.640335
3.175000,104.102249,-1.792317,30.832693,-26.986816,8.553567,-23.397541
3.181250,105.738831,-1.795934,33.585247,-26.937145,21.078320,-23.177490
3.187500,105.653336,-1.799441,37.358688,-26.840759,32.568539,-23.011242
3.193750,103.504280,-1.802688,41.443550,-26.709280,42.589787,-22.914951
3.200000,99.054428,-1.805630,45.269299,-26.550604,50.812572,-22.892599
3.206250,92.181519,-1.808137,48.353256,-26.374937,56.953678,-22.944107
3.212500,82.884178,-1.810516,50.278637,-26.195810,60.817711,-23.077265
3.218750,71.282806,-1.813053,50.730614,-26.023409,62.301319,-23.274033
3.225000,57.615330,-1.815501,51.712944,-25.851702,61.150188,-23.479963
3.231250,42.225266,-1.817382,51.762966,-25.681105,57.652103,-23.703693
3.237500,25.537828,-1.818963,49.390549,-25.511469,53.918995,-23.936472
3.243750,8.040885,-1.820833,46.708397,-25.321821,48.455082,-24.155922
3.250000,-9.732856,-1.823264,43.582333,-25.149845,41.925835,-24.342604
3.256250,-27.232790,-1.825859,39.658203,-25.010260,34.928726,-24.495720
3.262500,-43.924225,-1.828097,35.172310,-24.886190,28.104330,-24.604080
3.268750,-59.316631,-1.830029,30.064346,-24.773664,22.138945,-24.659014
3.275000,-72.985649,-1.832096,24.213614,-24.671274,17.575260,-24.660551
3.281250,-84.591835,-1.834556,17.509813,-24.569836,14.852755,-24.616083
3.287500,-93.896049,-1.837437,9.862598,-24.457098,14.270617,-24.538994
3.293750,-100.774437,-1.840416,1.237959,-24.295212,15.982947,-24.431017
3.300000,-105.226601,-1.843300,-6.188183,-24.127430,20.026203,-24.293049
3.306250,-107.373978,-1.845935,-14.848121,-23.993109,26.266649,-24.151445
3.312500,-107.453949,-1.848350,-23.505703,-23.871805,34.398964,-24.037525
3.318750,-105.808395,-1.850656,-31.876553,-23.771729,44.044445,-23.972130
3.325000,-102.864204,-1.852788,-39.696053,-23.709843,54.752510,-23.966644
3.331250,-99.113480,-1.854586,-46.705681,-23.712624,66.005150,-24.023645
3.337500,-95.088943,-1.855954,-52.726707,-23.849869,77.224869,-24.141569
3.343750,-89.169434,-1.856968,-57.765705,-24.007196,87.832840,-24.305784
3.350000,-83.250610,-1.857602,-62.202168,-24.228897,97.585030,-24.461277
3.356250,-77.332596,-1.857947,-65.631836,-24.555876,106.191238,-24.659998
3.362500,-71.416405,-1.858171,-66.350525,-25.009142,112.453819,-24.910522
3.368750,-65.502174,-1.858078,-65.998062,-25.569538,116.495125,-25.201788
3.375000,-59.588585,-1.857408,-64.451157,-26.210112,117.917496,-25.577280
3.381250,-53.677170,-1.856322,-61.723755,-26.896441,116.545784,-25.914404
3.387500,-47.771851,-1.855643,-57.910965,-27.589613,113.024971,-26.238165
3.393750,-41.873161,-1.855728,-53.171585,-28.244974,106.783897,-26.541946
3.400000,-35.976776,-1.856212,-47.725010,-28.819443,98.386116,-26.818573
3.406250,-30.079021,-1.856510,-41.909061,-29.291824,88.839722,-27.098572
3.412500,-24.181927,-1.856899,-36.048668,-29.636675,78.805840,-27.347893
3.418750,-18.289440,-1.858176,-28.209152,-29.832396,66.925575,-27.545317
3.425000,-12.400050,-1.860423,-21.936609,-29.874655,55.489586,-27.684814
3.431250,-6.507792,-1.862812,-15.377089,-29.778635,44.930981,-27.772354
3.437500,-0.611465,-1.865092,-8.789858,-29.528008,35.702198,-27.811460
3.443750,5.284658,-1.867980,-2.192662,-29.121454,28.488100,-27.750616
3.450000,11.179387,-1.871830,3.893817,-28.604864,21.570078,-27.618879
3.456250,17.078159,-1.875867,9.307401,-28.017633,16.726099,-27.429586
3.462500,22.985626,-1.879287,14.043346,-27.403765,13.664683,-27.185015
3.468750,28.898327,-1.882036,18.184223,-26.809525,12.070233,-26.883062
3.475000,34.811283,-1.884598,21.835751,-26.300617,11.591447,-26.537928
3.481250,40.723804,-1.886993,25.263542,-25.828621,11.838958,-26.165329
3.487500,46.635712,-1.889457,27.203667,-25.425482,12.442752,-25.759743
3.493750,52.546185,-1.892311,29.038429,-25.127378,12.968159,-25.328753
3.500000,58.455971,-1.895605,30.600464,-24.939241,12.981248,-24.884529
3.506250,64.368378,-1.898663,31.785299,-24.846752,12.149899,-24.436804
3.512500,70.285271,-1.900919,32.500237,-24.817511,10.205525,-23.995003
3.518750,76.202133,-1.902948,32.719719,-24.748932,6.942889,-23.564323
3.525000,82.112686,-1.905851,32.658100,-24.737852,2.207755,-23.151056
3.531250,88.018776,-1.909861,32.793869,-24.727768,-1.977599,-22.769892
3.537500,93.927383,-1.914148,32.803661,-24.684769,-7.066964,-22.436375
3.543750,97.946838,-1.918094,32.951164,-24.598768,-12.634772,-22.146681
3.550000,101.695358,-1.922249,33.567936,-24.443474,-18.399433,-21.864492
3.556250,104.637611,-1.927097,33.091869,-24.219904,-23.887877,-21.538298
3.562500,106.284492,-1.932289,33.234692,-23.957350,-28.801773,-21.295675
3.568750,106.215378,-1.936712,33.649029,-23.682817,-31.942196,-21.124521
3.575000,104.089722,-1.939776,34.056641,-23.422867,-34.300644,-21.025116
3.581250,99.665161,-1.941760,34.176418,-23.212749,-35.609440,-21.011271
3.587500,92.815033,-1.943338,33.747875,-23.088009,-35.885990,-21.043217
3.593750,83.539406,-1.944561,32.664581,-23.038353,-35.011848,-21.142815
3.600000,71.963623,-1.944759,30.868025,-23.075047,-32.828110,-21.324867
3.606250,58.325924,-1.943568,30.203663,-23.212381,-29.488935,-21.583805
3.612500,42.961166,-1.941515,29.217073,-23.436558,-25.272924,-21.892929
3.618750,26.293312,-1.939021,28.325558,-23.763763,-20.572878,-22.227303
3.625000,8.816124,-1.935903,27.640703,-24.207037,-16.173151,-22.628914
3.631250,-8.936203,-1.931897,27.766184,-24.727726,-10.278412,-23.060892
3.637500,-26.420504,-1.927518,29.004860,-25.290495,-4.609162,-23.494886
3.643750,-43.108433,-1.923452,31.495089,-25.857714,0.812802,-23.910425
3.650000,-58.506748,-1.920021,33.372753,-26.384134,5.899163,-24.291008
3.656250,-72.184906,-1.917109,36.201553,-26.794327,10.559711,-24.619947
3.662500,-83.801659,-1.914921,39.154034,-27.135162,14.697045,-24.892097
3.668750,-93.119507,-1.913595,43.147076,-27.383488,18.169428,-25.114159
3.675000,-100.014648,-1.912816,46.507221,-27.511534,20.895390,-25.284874
3.681250,-104.484581,-1.912189,48.959110,-27.515966,22.817413,-25.402426
3.687500,-106.652786,-1.912019,50.259460,-27.409998,23.860664,-25.469999
3.693750,-106.759529,-1.913054,50.261356,-27.219278,23.970577,-25.496523
3.700000,-105.143867,-1.915229,48.968052,-26.950148,23.153238,-25.493530
3.706250,-102.225914,-1.917627,46.530575,-26.619793,21.539574,-25.452969
3.712500,-98.496788,-1.919756,42.937454,-26.267260,19.355391,-25.368240
3.718750,-94.493835,-1.922219,36.486301,-25.919996,16.743567,-25.244938
3.725000,-88.597916,-1.925356,29.100136,-25.594934,14.037668,-25.098890
3.731250,-82.699905,-1.928586,20.508755,-25.335882,11.841537,-24.968019
3.737500,-76.797379,-1.931366,12.654253,-25.166494,10.574674,-24.864504
3.743750,-70.892487,-1.933891,4.281973,-25.073317,10.644815,-24.812128
3.750000,-64.989006,-1.936504,-4.049911,-25.044075,10.648543,-24.723673
3.756250,-59.086514,-1.939122,-11.941510,-25.074749,10.568437,-24.620790
3.762500,-53.183239,-1.941549,-18.975641,-25.143892,11.727122,-24.503799
3.768750,-47.280090,-1.943999,-24.709490,-25.215738,13.863191,-24.420967
3.775000,-41.378460,-1.946769,-28.912243,-25.301371,16.528563,-24.361723
3.781250,-35.477070,-1.949596,-31.479891,-25.388494,19.118975,-24.310329
3.787500,-29.574533,-1.952188,-32.049881,-25.456890,21.267164,-24.259073
3.793750,-23.671648,-1.954840,-30.536304,-25.521852,22.666876,-24.212019
3.800000,-17.770777,-1.957942,-28.871078,-25.525307,23.121197,-24.161037
3.806250,-11.870337,-1.961358,-24.690851,-25.442074,22.644083,-24.070894
3.812500,-5.968372,-1.964943,-19.528618,-25.312321,21.103838,-23.948690
3.818750,-0.065780,-1.968924,-13.919137,-25.153051,18.389297,-23.804941
3.825000,5.837779,-1.973211,-8.397882,-24.978321,14.625944,-23.647337
3.831250,11.745503,-1.977222,-1.313800,-24.802677,10.080868,-23.485949
3.837500,17.657169,-1.980637,5.514653,-24.639622,5.076488,-23.357418
3.843750,23.568525,-1.984169,12.240030,-24.484619,-0.044638,-23.218092
3.850000,29.477203,-1.988182,17.173683,-24.331673,-5.970945,-23.048721
3.856250,35.386997,-1.992050,21.993052,-24.189688,-11.509986,-22.889000
3.862500,41.300926,-1.995128,26.275412,-24.057156,-16.643213,-22.747917
3.868750,47.214233,-1.998049,29.690481,-23.920895,-21.351076,-22.622658
3.875000,53.120708,-2.001986,31.916515,-23.759287,-25.656101,-22.502581
3.881250,59.023064,-2.007125,32.599148,-23.577011,-29.627787,-22.371429
3.887500,64.928780,-2.012374,31.347094,-23.377264,-33.448067,-22.234327
3.893750,70.841087,-2.017152,28.086243,-23.142349,-37.379086,-22.096516
3.900000,76.754555,-2.022135,24.892990,-22.862247,-41.544872,-21.950359
3.906250,82.664734,-2.028183,20.315458,-22.536320,-44.249699,-21.793926
3.912500,88.575027,-2.035187,14.825252,-22.166149,-47.362114,-21.622801
3.918750,94.491608,-2.042616,8.888800,-21.759495,-50.595047,-21.424204
3.925000,98.521942,-2.049842,2.875787,-21.343632,-53.702194,-21.169580
3.931250,102.287247,-2.056703,-2.867261,-20.944910,-56.747524,-20.950630
3.937500,105.253624,-2.063143,-7.916428,-20.583349,-57.533993,-20.762321
3.943750,106.928169,-2.068949,-11.942411,-20.281908,-57.138760,-20.612919
3.950000,106.885117,-2.073680,-14.727092,-20.062391,-55.096138,-20.516197
3.956250,104.783508,-2.076752,-16.142221,-19.943037,-51.050106,-20.487774
3.962500,100.383438,-2.078121,-16.129036,-19.933804,-44.753323,-20.539295
3.968750,93.559311,-2.078077,-14.684653,-20.031681,-36.067638,-20.679436
3.975000,84.308701,-2.076729,-13.757268,-20.202030,-24.999100,-20.918783
3.981250,72.752151,-2.074102,-9.655361,-20.496292,-11.712182,-21.286373
3.987500,59.125378,-2.070353,-5.301014,-20.897257,2.186737,-21.695456
3.993750,43.766586,-2.065811,-0.009535,-21.360893,17.351358,-22.206760
4.000000,27.102367,-2.060547,5.580170,-21.883307,32.977657,-22.827999
4.006250,9.625006,-2.054638,11.112567,-22.447538,48.203735,-23.591869
4.012500,-8.135041,-2.048552,16.320339,-23.025827,61.972797,-24.352655
4.018750,-25.634012,-2.043175,20.951633,-23.585661,74.931587,-25.089323
4.025000,-42.337891,-2.038650,24.718422,-24.111807,85.157356,-25.835493
4.031250,-57.749626,-2.034594,29.486465,-24.594584,93.555016,-26.596609
4.037500,-71.440697,-2.031112,31.885313,-25.013359,99.247917,-27.318378
4.043750,-83.073128,-2.028862,33.957512,-25.356010,102.523537,-27.970745
4.050000,-92.408371,-2.027971,35.555359,-25.622581,103.778191,-28.536711
4.056250,-99.318619,-2.027492,36.609341,-25.803793,103.536140,-29.006310
4.062500,-103.801048,-2.026792,37.194153,-25.881859,100.596931,-29.346725
4.068750,-105.983658,-2.026850,37.256416,-25.873997,97.363083,-29.544035
4.075000,-106.108620,-2.028882,36.812153,-25.797256,93.886917,-29.605700
4.081250,-104.509766,-2.032263,36.041679,-25.664883,90.396660,-29.535646
4.087500,-101.604248,-2.035456,35.201599,-25.485888,85.052460,-29.335363
4.093750,-97.884506,-2.038016,34.596966,-25.269047,79.580406,-29.010666
4.100000,-93.892075,-2.040844,32.647999,-25.029078,73.836426,-28.582491
4.106250,-88.008850,-2.044579,31.349354,-24.770098,67.721611,-28.089897
4.112500,-82.125938,-2.048833,30.601625,-24.483759,61.316917,-27.490816
4.118750,-76.239716,-2.053392,30.147249,-24.185747,54.796860,-26.821144
4.125000,-70.351646,-2.058547,29.698093,-23.891405,47.896999,-26.121708
4.131250,-64.462402,-2.064289,29.088053,-23.609522,40.769001,-25.422928
4.137500,-58.568584,-2.070091,28.201483,-23.343498,33.608749,-24.747906
4.143750,-52.668495,-2.075533,26.953619,-23.092316,26.633667,-24.114952
4.150000,-46.765388,-2.080921,25.259769,-22.854975,20.035864,-23.537020
4.156250,-40.862274,-2.086672,25.215023,-22.627659,13.991648,-23.014511
4.162500,-34.957561,-2.092715,25.411316,-22.400188,8.648132,-22.560219
4.168750,-29.049768,-2.098806,24.425024,-22.161732,5.707843,-22.176800
4.175000,-23.137859,-2.104945,24.125872,-21.930935,2.613426,-21.862871
4.181250,-17.222315,-2.110981,24.314018,-21.712399,1.076865,-21.611273
4.187500,-11.302253,-2.116706,24.792374,-21.511740,0.979935,-21.359999
4.193750,-5.377722,-2.121944,25.336973,-21.334688,2.357084,-21.221302
4.200000,0.550626,-2.126616,25.716116,-21.189362,3.331484,-21.166235
4.206250,6.482252,-2.130367,25.715826,-21.083117,4.558871,-21.173433
4.212500,12.416408,-2.133010,25.170679,-21.012981,7.070632,-21.199051
4.218750,18.349525,-2.134911,26.145103,-20.968412,8.629371,-21.247807
4.225000,24.278748,-2.136568,25.226231,-20.945086,9.233662,-21.320232
4.231250,30.204210,-2.138106,24.395960,-20.931488,8.737856,-21.402128
4.237500,36.127377,-2.139460,23.445065,-20.927420,6.972001,-21.471376
4.243750,42.048393,-2.140586,22.039719,-20.949259,5.855637,-21.536936
4.250000,47.968060,-2.141380,20.017992,-20.981804,3.763766,-21.597931
4.256250,53.886040,-2.141797,17.237190,-21.007408,1.225256,-21.638304
4.262500,59.799908,-2.142311,13.466613,-21.011803,-1.349480,-21.646988
4.268750,65.706490,-2.143657,8.507519,-20.984142,-3.605855,-21.613634
4.275000,71.606926,-2.146181,2.181161,-20.917164,-5.230021,-21.531534
4.281250,77.506798,-2.149366,-3.509038,-20.798220,-5.951435,-21.387899
4.287500,83.408707,-2.152982,-10.091819,-20.625025,-5.570992,-21.153986
4.293750,89.310425,-2.157743,-17.311180,-20.419758,-4.184095,-20.900080
4.300000,95.211479,-2.163917,-24.790779,-20.184309,-2.068219,-20.628777
4.306250,99.224174,-2.170330,-32.090782,-19.922001,0.975585,-20.337275
4.312500,102.975624,-2.175881,-38.893101,-19.643793,4.738519,-20.035275
4.318750,105.927963,-2.180953,-44.927742,-19.363976,8.957397,-19.736279
4.325000,107.581596,-2.186568,-49.993561,-19.103746,13.326197,-19.457972
4.331250,107.510895,-2.192581,-53.945274,-18.885937,17.535601,-19.214987
4.337500,105.382568,-2.197863,-56.685558,-18.754850,21.313097,-19.009912
4.343750,100.960388,-2.202004,-58.238148,-18.629585,24.436651,-18.786530
4.350000,94.118507,-2.205212,-57.601765,-18.573889,26.435673,-18.666897
4.356250,84.853989,-2.207363,-55.666603,-18.624016,28.974520,-18.632078
4.362500,73.290077,-2.207922,-52.238365,-18.779568,30.815619,-18.693005
4.368750,59.660629,-2.207207,-47.404213,-19.032551,32.310627,-18.875036
4.375000,44.300484,-2.206126,-41.367954,-19.370457,33.703629,-19.120167
4.381250,27.636648,-2.204572,-34.401463,-19.772125,35.053120,-19.409395
4.387500,10.166166,-2.201828,-26.827505,-20.211357,37.155567,-19.749580
4.393750,-7.580389,-2.198221,-19.057720,-20.671545,38.337070,-20.168980
4.400000,-25.063028,-2.194884,-11.550586,-21.140219,40.163898,-20.643307
4.406250,-41.749195,-2.192013,-2.504554,-21.599596,42.214569,-21.146185
4.412500,-57.140663,-2.188796,4.494872,-22.036568,44.197258,-21.659204
4.418750,-70.809219,-2.185266,11.292925,-22.444738,45.897125,-22.168858
4.425000,-82.419632,-2.182395,17.720985,-22.763754,47.229313,-22.627874
4.431250,-91.735855,-2.180599,23.607761,-22.992628,48.208790,-23.008030
4.437500,-98.630508,-2.179164,28.562487,-23.143274,48.601738,-23.305996
4.443750,-103.101273,-2.177894,32.536320,-23.222811,48.405418,-23.514992
4.450000,-105.273949,-2.177688,35.595600,-23.232988,47.747795,-23.627535
4.456250,-105.386757,-2.178992,37.868347,-23.178320,46.797581,-23.641935
4.462500,-103.774147,-2.181003,39.555889,-23.068916,45.736599,-23.564312
4.468750,-100.858536,-2.183332,40.946308,-22.923950,44.785515,-23.416876
4.475000,-97.135773,-2.186463,40.521137,-22.741968,44.237633,-23.185896
4.481250,-93.140221,-2.190404,40.445396,-22.516203,42.820732,-22.857008
4.487500,-87.244728,-2.194320,40.380138,-22.278223,42.065414,-22.476402
4.493750,-81.343582,-2.197968,40.133083,-22.049402,41.669323,-22.073776
4.500000,-75.443619,-2.202497,39.637081,-21.840687,41.414303,-21.670656
4.506250,-69.546928,-2.208565,38.867065,-21.652641,41.091206,-21.281633
4.512500,-63.645103,-2.215107,37.815746,-21.473135,40.482098,-20.916040
4.518750,-57.731075,-2.220638,36.482983,-21.251400,39.342255,-20.583689
4.525000,-51.808243,-2.225168,34.897545,-21.063736,37.355915,-20.319296
4.531250,-45.886314,-2.230036,34.148449,-20.924271,34.085670,-20.113501
4.537500,-39.966351,-2.235480,33.723152,-20.790102,30.879269,-19.941885
4.543750,-34.041100,-2.240721,32.215931,-20.649010,26.237541,-19.815506
4.550000,-28.107386,-2.244999,31.353958,-20.527637,20.492189,-19.712048
4.556250,-22.168219,-2.248392,30.844398,-20.448845,14.051527,-19.690210
4.562500,-16.227600,-2.251236,30.469267,-20.431652,7.619148,-19.767101
4.568750,-10.285974,-2.253583,30.003250,-20.502100,1.174751,-19.940557
4.575000,-4.341630,-2.255105,29.218622,-20.716440,-5.103971,-20.157127
4.581250,1.605864,-2.255459,27.917395,-20.998806,-10.890657,-20.428953
4.587500,7.554583,-2.254535,24.865108,-21.365437,-15.692247,-20.767824
4.593750,13.501633,-2.252640,22.907639,-21.837229,-19.322781,-21.166466
4.600000,19.444883,-2.249929,20.185019,-22.417522,-21.734295,-21.605062
4.606250,25.384592,-2.246179,16.563078,-23.179090,-23.069464,-22.094305
4.612500,31.319735,-2.241463,12.993631,-23.974194,-23.602577,-22.624954
4.618750,37.245205,-2.236756,8.795744,-24.843578,-23.399908,-23.174446
4.625000,43.158501,-2.232826,4.336021,-25.767664,-22.746538,-23.727684
4.631250,49.065746,-2.229032,-0.096200,-26.712400,-21.965643,-24.270437
4.637500,54.971657,-2.224421,-4.236519,-27.634361,-21.422121,-24.785732
4.643750,60.872959,-2.219514,-7.838168,-28.480089,-21.476727,-25.238874
4.650000,66.760513,-2.215822,-12.593998,-29.188074,-22.478792,-25.582369
4.656250,72.633369,-2.214169,-14.639557,-29.729588,-24.806198,-25.822454
4.662500,78.500519,-2.214100,-16.022924,-30.095947,-27.032846,-25.978510
4.668750,84.366753,-2.215341,-16.613897,-30.256073,-30.555092,-26.029320
4.675000,90.232185,-2.218065,-16.435642,-30.196815,-35.094925,-25.964609
4.681250,94.203659,-2.222097,-15.621215,-29.920904,-40.463051,-25.784937
4.687500,97.906136,-2.226903,-14.373693,-29.451468,-46.435047,-25.501827
4.693750,100.806335,-2.232587,-12.942397,-28.826014,-52.742046,-25.127319
4.700000,102.409081,-2.240247,-11.624162,-28.072525,-59.038330,-24.663696
4.706250,102.289513,-2.249676,-10.899494,-27.197605,-64.957718,-24.103504
4.712500,100.118706,-2.258976,-11.017797,-26.242357,-70.070190,-23.497503
4.718750,95.663033,-2.267006,-12.324507,-25.281885,-75.778320,-22.904709
4.725000,88.791595,-2.274407,-13.246781,-24.378887,-80.604187,-22.344315
4.731250,79.497101,-2.282121,-15.340939,-23.557236,-84.708076,-21.851400
4.737500,67.904846,-2.289347,-18.351654,-22.835997,-88.301392,-21.392353
4.743750,54.257542,-2.294984,-22.059666,-22.229164,-91.680855,-20.971630
4.750000,38.891201,-2.299392,-26.210825,-21.733618,-92.778183,-20.597198
4.756250,22.224913,-2.303395,-30.506760,-21.295536,-93.139397,-20.327124
4.762500,4.751467,-2.306824,-34.645943,-20.990559,-92.314117,-20.154453
4.768750,-12.992094,-2.309019,-37.129028,-20.803072,-90.153183,-20.060223
4.775000,-30.461735,-2.310132,-38.355705,-20.694336,-86.358276,-20.031057
4.781250,-47.130573,-2.310831,-37.736637,-20.629000,-80.680466,-20.065788
4.787500,-62.507950,-2.311582,-36.594929,-20.530134,-72.921043,-20.140123
4.793750,-76.165329,-2.312378,-33.820721,-20.478426,-64.580681,-20.203768
4.800000,-87.760368,-2.313391,-29.021305,-20.425114,-54.356632,-20.273602
4.806250,-97.055161,-2.314538,-22.865612,-20.362589,-42.888374,-20.342188
4.812500,-103.927330,-2.315693,-15.908473,-20.289013,-30.776470,-20.397354
4.818750,-108.376785,-2.317182,-8.708131,-20.204132,-18.610596,-20.425413
4.825000,-110.527466,-2.319632,-1.825827,-20.114599,-6.936543,-20.431435
4.831250,-110.613770,-2.322782,6.349989,-20.036779,3.719449,-20.438599
4.837500,-108.968452,-2.325284,13.997145,-19.983721,12.944118,-20.424431
4.843750,-106.019104,-2.326662,19.487617,-19.921644,20.828808,-20.353838
4.850000,-102.266800,-2.328301,24.573149,-19.869051,26.773012,-20.264023
4.856250,-98.249779,-2.331532,28.746321,-19.841068,30.739676,-20.170080
4.862500,-92.338692,-2.335415,31.746490,-19.841290,32.886299,-20.079939
4.868750,-86.418541,-2.338405,33.438442,-19.856861,33.483990,-19.991339
4.875000,-80.491371,-2.340526,33.783287,-19.865831,32.855724,-19.903038
4.881250,-74.566673,-2.342756,32.848755,-19.860620,31.309280,-19.821280
4.887500,-68.645737,-2.345489,30.997017,-19.861076,29.184416,-19.750027
4.893750,-62.725483,-2.348438,28.397141,-19.858995,26.849066,-19.692133
4.900000,-56.802940,-2.351420,25.224045,-19.854004,24.646000,-19.644794
4.906250,-50.879108,-2.354562,21.771046,-19.846241,22.895609,-19.596388
4.912500,-44.952663,-2.357435,18.242750,-19.821150,21.879215,-19.524206
4.918750,-39.023983,-2.360045,14.953359,-19.794727,22.035582,-19.472744
4.925000,-33.094986,-2.362890,12.262922,-19.789740,23.869200,-19.451578
4.931250,-27.165571,-2.365876,10.353091,-19.822674,25.147495,-19.458580
4.937500,-21.230688,-2.368011,9.337861,-19.903341,27.377220,-19.497551
4.943750,-15.288125,-2.368570,9.254937,-20.038534,30.196445,-19.576355
4.950000,-9.346252,-2.368387,10.107293,-20.226252,33.252823,-19.700285
4.956250,-3.410873,-2.368393,11.855796,-20.458853,36.201084,-19.879129
4.962500,2.522051,-2.368062,12.503375,-20.715662,38.679386,-20.188866
4.968750,8.457282,-2.366623,15.686832,-20.988565,39.522091,-20.405371
4.975000,14.391054,-2.364740,19.083178,-21.297483,40.656036,-20.699841
4.981250,20.318184,-2.362989,22.610504,-21.618063,40.503265,-21.061556
4.987500,26.242798,-2.360671,26.070082,-21.939392,39.095257,-21.478392
4.993750,32.168465,-2.357095,29.198668,-22.254503,36.373253,-21.940346
5.000000,38.088696,-2.353199,31.787773,-22.551702,32.308708,-22.434889
5.006250,43.995789,-2.350443,33.685459,-22.814383,28.785368,-22.939436
5.012500,49.893593,-2.348736,34.767906,-23.018192,24.106140,-23.387278
5.018750,55.791710,-2.346934,34.935562,-23.137909,18.744757,-23.769629
5.025000,61.691074,-2.344957,34.193985,-23.213352,12.842174,-24.124048
5.031250,67.585876,-2.343587,32.713131,-23.241169,7.191279,-24.419106
5.037500,73.474937,-2.342769,30.633762,-23.224682,2.175444,-24.639639
5.043750,79.361954,-2.342391,27.933556,-23.206774,-1.955082,-24.780743
5.050000,85.246582,-2.342960,24.571060,-23.150398,-4.973703,-24.836807
5.056250,91.127457,-2.344914,21.688465,-23.054932,-6.637276,-24.795197
5.062500,97.010696,-2.347229,18.387592,-22.969358,-6.804853,-24.659588
5.068750,101.007172,-2.348691,15.079168,-22.911310,-5.429585,-24.441668
5.075000,104.732361,-2.349996,12.156878,-22.881401,-2.446551,-24.151768
5.081250,107.643257,-2.353004,8.115356,-22.866217,2.192896,-23.799784
5.087500,109.251053,-2.357655,4.977223,-22.853764,8.478693,-23.402338
5.093750,109.140335,-2.362320,2.692283,-22.855473,16.304274,-22.985338
5.100000,106.974220,-2.366318,1.092742,-22.856955,25.380997,-22.556993
5.106250,102.505852,-2.370896,-0.104271,-22.838699,35.145744,-22.109575
5.112500,95.609642,-2.376706,-1.085523,-22.784777,45.367310,-21.677629
5.118750,86.293449,-2.382672,-2.019320,-22.686996,55.669445,-21.284321
5.125000,74.683693,-2.387939,-3.062368,-22.541903,65.495255,-20.943232
5.131250,61.012447,-2.393183,-4.338411,-22.346516,74.259575,-20.658146
5.137500,45.614811,-2.399149,-5.948242,-22.101873,81.414421,-20.418816
5.143750,28.920698,-2.405477,-5.816854,-21.814281,86.486107,-20.127712
5.150000,11.427896,-2.411405,-5.382314,-21.498892,90.027145,-20.014198
5.156250,-6.331312,-2.416914,-6.053576,-21.147419,92.097580,-19.896023
5.162500,-23.813517,-2.422146,-5.750897,-20.775621,92.179474,-19.811262
5.168750,-40.485950,-2.426875,-4.790285,-20.409552,90.669228,-19.766081
5.175000,-55.855717,-2.430694,-3.386582,-20.069204,88.147049,-19.756844
5.181250,-69.497551,-2.433567,-1.747407,-19.770136,85.273003,-19.771538
5.187500,-81.072746,-2.435613,-0.110596,-19.528399,80.604523,-19.801895
5.193750,-90.345657,-2.436899,1.273691,-19.360823,76.334076,-19.881832
5.200000,-97.196411,-2.437684,2.173121,-19.286268,72.742073,-20.046177
5.206250,-101.626526,-2.438377,4.608889,-19.294966,69.134918,-20.165070
5.212500,-103.756996,-2.438926,5.354254,-19.359449,66.273834,-20.301105
5.218750,-103.820984,-2.438920,6.261684,-19.482227,64.156830,-20.461439
5.225000,-102.158241,-2.437958,7.131864,-19.619612,62.643402,-20.640631
5.231250,-99.199066,-2.436074,7.915457,-19.810230,61.516628,-20.835619
5.237500,-95.439011,-2.433714,7.272707,-20.068588,60.441154,-21.057180
5.243750,-91.413780,-2.431557,5.949654,-20.357418,59.095673,-21.303114
5.250000,-85.503136,-2.430413,3.581685,-20.659389,57.210812,-21.565283
5.256250,-79.597542,-2.430049,-0.168798,-20.959835,54.494225,-21.837551
5.262500,-73.689262,-2.429043,-3.422980,-21.246502,50.695461,-22.109547
5.268750,-67.778381,-2.427026,-7.730186,-21.513031,45.595230,-22.366467
5.275000,-61.875362,-2.425789,-12.740474,-21.754616,38.983875,-22.590233
5.281250,-55.986195,-2.426836,-18.143259,-21.966051,30.822830,-22.782682
5.287500,-50.100544,-2.429068,-23.656055,-22.142548,21.430620,-22.967464
5.293750,-44.205814,-2.430484,-29.020269,-22.280600,10.876011,-23.122688
5.300000,-38.306583,-2.431448,-33.987499,-22.373535,-0.641851,-23.232632
5.306250,-32.415848,-2.434031,-38.324120,-22.412741,-12.741969,-23.285858
5.312500,-26.533510,-2.438729,-41.864944,-22.395247,-24.996307,-23.276714
5.318750,-20.647663,-2.444235,-44.497700,-22.317804,-36.961208,-23.199293
5.325000,-14.751893,-2.449978,-46.150967,-22.179131,-48.191292,-23.042475
5.331250,-8.850966,-2.456585,-46.858257,-21.999884,-58.315937,-22.870775
5.337500,-2.944865,-2.463740,-44.632675,-21.795271,-67.452469,-22.617992
5.343750,2.973524,-2.470020,-42.329563,-21.548586,-74.737061,-22.346235
5.350000,8.903439,-2.475177,-38.472702,-21.309797,-80.427071,-22.091606
5.356250,14.836114,-2.480319,-33.239326,-21.103197,-84.405724,-21.884211
5.362500,20.770302,-2.485579,-26.879538,-20.949003,-86.669861,-21.751316
5.368750,26.713522,-2.489456,-19.702229,-20.858652,-87.418205,-21.678297
5.375000,32.667873,-2.491158,-12.036499,-20.831299,-86.925888,-21.645382
5.381250,38.623547,-2.491703,-4.254627,-20.855843,-85.348122,-21.626158
5.387500,44.574341,-2.491604,3.196624,-20.937132,-82.155724,-21.749664
5.393750,50.524944,-2.490021,9.991462,-21.096769,-78.299629,-21.959759
5.400000,56.475945,-2.486578,16.139280,-21.317467,-74.152458,-22.249527
5.406250,62.418804,-2.482545,21.409248,-21.577127,-70.001572,-22.627541
5.412500,68.347832,-2.479020,25.588732,-21.847830,-65.873840,-22.990850
5.418750,74.269241,-2.475221,28.503370,-22.108780,-61.912415,-23.344681
5.425000,80.187225,-2.470753,30.061882,-22.340303,-58.539162,-23.677193
5.431250,86.096413,-2.466569,30.321840,-22.524023,-55.757099,-23.966324
5.437500,91.991531,-2.463867,29.509974,-22.644123,-53.515053,-24.184612
5.443750,97.876404,-2.462792,27.968885,-22.689491,-51.761173,-24.311977
5.450000,101.863670,-2.463026,26.051891,-22.650362,-50.429813,-24.337526
5.456250,105.577469,-2.464440,24.163147,-22.523954,-49.360222,-24.256466
5.462500,108.486687,-2.466822,22.742880,-22.321819,-48.388062,-24.097836
5.468750,110.102364,-2.469430,20.372301,-22.056709,-47.327785,-23.835991
5.475000,109.996132,-2.472582,19.235228,-21.720692,-45.288887,-23.458836
5.481250,107.822510,-2.477475,19.188274,-21.340193,-42.782330,-23.030878
5.487500,103.346497,-2.484084,19.956551,-20.947861,-39.505188,-22.589828
5.493750,96.457878,-2.490554,21.365444,-20.570238,-35.160091,-22.166584
5.500000,87.162704,-2.495457,23.263315,-20.223854,-29.516191,-21.784058
5.506250,75.572617,-2.499651,25.501591,-19.915075,-22.423462,-21.449415
5.512500,61.915375,-2.504389,27.909096,-19.626038,-13.912557,-21.079378
5.518750,46.535645,-2.508954,30.309725,-19.379833,-4.542536,-20.831858
5.525000,29.867977,-2.512087,32.095203,-19.219574,5.370533,-20.657160
5.531250,12.401421,-2.513893,33.843895,-19.120298,15.857724,-20.549593
5.537500,-5.339006,-2.515185,35.240089,-19.081497,26.390387,-20.500162
5.543750,-22.807953,-2.515938,35.964001,-19.110172,36.430080,-20.502251
5.550000,-39.469326,-2.515679,35.757366,-19.212006,45.581692,-20.600712
5.556250,-54.832275,-2.514499,34.439533,-19.393927,53.564808,-20.782999
5.562500,-68.473015,-2.512590,31.886623,-19.663225,60.762711,-20.985310
5.568750,-80.050804,-2.509960,28.141569,-19.988359,66.262184,-21.241501
5.575000,-89.329285,-2.506617,25.437914,-20.366112,70.197800,-21.551067
5.581250,-96.189423,-2.503030,20.450365,-20.796309,72.836937,-21.896311
5.587500,-100.631920,-2.499408,15.425907,-21.278479,74.521431,-22.239418
5.593750,-102.776497,-2.495456,10.448833,-21.812511,75.394135,-22.642122
5.600000,-102.861351,-2.491628,5.721583,-22.366451,73.992043,-23.042702
5.606250,-101.230080,-2.488868,1.439789,-22.919973,72.468796,-23.435436
5.612500,-98.307846,-2.487064,-2.359179,-23.461552,70.557182,-23.817633
5.618750,-94.577957,-2.484783,-5.564579,-23.975735,68.128876,-24.184605
5.625000,-90.572678,-2.481721,-8.058830,-24.445419,65.081978,-24.533550
5.631250,-84.682709,-2.479930,-9.730485,-24.849649,61.311680,-24.845882
5.637500,-78.806839,-2.480758,-10.501393,-25.165262,56.671829,-25.084135
5.643750,-72.932236,-2.482648,-12.238306,-25.364563,53.035622,-25.205938
5.650000,-67.048409,-2.484009,-11.190264,-25.425463,48.794418,-25.236212
5.656250,-61.161259,-2.485532,-9.496768,-25.370125,43.577354,-25.212072
5.662500,-55.282257,-2.488882,-7.363564,-25.198959,38.349541,-25.102167
5.668750,-49.407803,-2.494128,-4.867795,-24.910839,33.369705,-24.897350
5.675000,-43.528122,-2.500192,-2.254392,-24.521635,28.820271,-24.602024
5.681250,-37.639194,-2.506542,0.193726,-24.054270,24.875263,-24.223833
5.687500,-31.744061,-2.513245,2.199475,-23.544874,21.740274,-23.773518
5.693750,-25.842884,-2.519922,3.394169,-23.003675,19.704958,-23.280487
5.700000,-19.935038,-2.526209,3.140181,-22.424557,19.209433,-22.766441
5.706250,-14.024236,-2.532939,3.483467,-21.870169,18.417902,-22.262596
5.712500,-8.112797,-2.540622,2.802814,-21.379244,18.975342,-21.805157
5.718750,-2.193491,-2.548102,1.304169,-20.972660,20.484465,-21.421841
5.725000,3.740590,-2.553731,-0.809297,-20.660116,24.356535,-21.103292
5.731250,9.684396,-2.557646,-3.345187,-20.441271,28.454138,-20.822115
5.737500,15.627467,-2.561037,-6.113249,-20.303394,32.979561,-20.606102
5.743750,21.568192,-2.563974,-8.961869,-20.227375,37.034508,-20.520363
5.750000,27.512999,-2.565351,-11.874771,-20.229891,41.134644,-20.526602
5.756250,33.460873,-2.565013,-14.831480,-20.299435,44.980103,-20.608551
5.762500,39.404221,-2.564006,-15.438476,-20.410847,48.224075,-20.752531
5.768750,45.338837,-2.562799,-16.858822,-20.535583,50.519253,-20.959850
5.775000,51.268997,-2.560942,-16.959822,-20.647427,51.416523,-21.164471
5.781250,57.195099,-2.558496,-15.937325,-20.742973,51.860775,-21.369635
5.787500,63.112438,-2.556406,-14.047346,-20.813772,50.891644,-21.580034
5.793750,69.019829,-2.555428,-11.495550,-20.847944,48.674088,-21.780466
5.800000,74.921532,-2.555185,-8.562258,-20.836922,45.291580,-21.949686
5.806250,80.821838,-2.555381,-5.569964,-20.778595,40.870216,-22.065245
5.812500,86.722191,-2.555797,-2.856925,-20.675932,35.633312,-22.120653
5.818750,92.620926,-2.556548,-0.743102,-20.538500,29.969479,-22.136496
5.825000,96.620438,-2.558453,2.626084,-20.392324,22.059994,-22.135992
5.831250,100.341438,-2.562485,5.619000,-20.296030,13.770082,-22.058632
5.837500,103.255905,-2.568503,6.942495,-20.154287,5.200834,-21.928162
5.843750,104.883377,-2.574787,8.623999,-20.033384,-3.905255,-21.778456
5.850000,104.803009,-2.579665,10.113700,-19.966057,-13.404214,-21.632341
5.856250,102.668625,-2.583156,11.344563,-19.960438,-23.063833,-21.503906
5.862500,98.231056,-2.586479,12.268728,-20.014986,-32.666576,-21.404491
5.868750,91.367340,-2.589987,12.855272,-20.107868,-42.062786,-21.334629
5.875000,82.081665,-2.592985,13.225532,-20.238047,-51.210011,-21.284294
5.881250,70.497902,-2.595324,13.848966,-20.436205,-60.220295,-21.272409
5.887500,56.850700,-2.596947,14.702022,-20.674397,-66.864838,-21.297169
5.893750,41.480003,-2.597505,15.952624,-20.938152,-72.454704,-21.345480
5.900000,24.812048,-2.596931,15.953042,-21.232872,-76.602234,-21.406898
5.906250,7.333964,-2.596205,16.588373,-21.591589,-81.054443,-21.494131
5.912500,-10.424728,-2.595927,17.695700,-21.942078,-83.996803,-21.598707
5.918750,-27.911709,-2.595172,19.450277,-22.295773,-85.805382,-21.707529
5.925000,-44.589123,-2.593056,21.120316,-22.673286,-86.868187,-21.818394
5.931250,-59.972832,-2.590644,22.583281,-23.078386,-87.470078,-21.935038
5.937500,-73.643036,-2.589437,23.763525,-23.500500,-87.843697,-22.059425
5.943750,-85.254196,-2.588864,24.617849,-23.921551,-88.176979,-22.190594
5.950000,-94.559883,-2.587700,25.339689,-24.323713,-88.711739,-22.287340
5.956250,-101.441124,-2.586439,26.113043,-24.688387,-89.931671,-22.344868
5.962500,-105.906158,-2.586584,26.832279,-25.000162,-89.132523,-22.411184
5.968750,-108.072456,-2.587555,27.369673,-25.248661,-88.547325,-22.475903
5.975000,-108.166450,-2.587383,27.632895,-25.422396,-87.723602,-22.534863
5.981250,-106.531487,-2.586284,27.542383,-25.514973,-86.229248,-22.587679
5.987500,-103.607864,-2.586368,27.036287,-25.520576,-83.678856,-22.632463
5.993750,-99.890312,-2.588402,26.091221,-25.435476,-79.740685,-22.665550
6.000000,-95.898926,-2.591147,24.699141,-25.258131,-74.196716,-22.678995
6.006250,-90.005486,-2.593816,22.896318,-24.978901,-66.987610,-22.629833
6.012500,-84.110497,-2.597128,20.736835,-24.560219,-58.483978,-22.560034
6.018750,-78.216690,-2.601405,20.140713,-24.126410,-49.002151,-22.476126
6.025000,-72.317009,-2.605640,17.800947,-23.656593,-38.489162,-22.379080
6.031250,-66.409920,-2.609418,16.148497,-23.175537,-27.400450,-22.282700
6.037500,-60.500557,-2.613540,15.044815,-22.726299,-16.277046,-22.204582
6.043750,-54.590725,-2.618140,14.414717,-22.354052,-5.567078,-22.130592
6.050000,-48.674686,-2.622054,14.330653,-22.049940,4.467703,-22.043993
6.056250,-42.750381,-2.624878,14.786233,-21.841299,13.365167,-21.981525
6.062500,-36.825874,-2.627641,15.513533,-21.757107,20.876976,-21.964521
6.068750,-30.903431,-2.630539,14.550931,-21.804724,26.859909,-21.994909
6.075000,-24.976118,-2.632253,13.501212,-21.973076,31.313898,-22.069248
6.081250,-19.042225,-2.632028,13.984506,-22.229202,34.314697,-22.182707
6.087500,-13.112372,-2.631242,14.118957,-22.496346,35.938362,-22.313980
6.093750,-7.194870,-2.631342,13.794692,-22.808498,36.172710,-22.449423
6.100000,-1.284486,-2.632046,12.447538,-23.131985,35.183121,-22.593092
6.106250,4.627027,-2.632485,10.484784,-23.416920,33.267735,-22.735964
6.112500,10.539210,-2.632709,7.824297,-23.632469,30.605158,-22.863562
6.118750,16.446320,-2.633330,4.378187,-23.760700,27.330185,-22.958412
6.125000,22.348373,-2.634799,0.099380,-23.795803,23.592693,-22.999235
6.131250,28.247797,-2.637259,-2.836407,-23.743309,19.650045,-22.983704
6.137500,34.146286,-2.640793,-5.697061,-23.601831,16.309359,-22.924402
6.143750,40.048588,-2.644675,-9.672904,-23.370672,11.714518,-22.805452
6.150000,45.959591,-2.647904,-12.646632,-23.076881,7.284838,-22.640820
6.156250,51.876202,-2.650338,-14.660134,-22.747854,2.985129,-22.444265
6.162500,57.791565,-2.653116,-15.727979,-22.407398,-1.149794,-22.229382
6.168750,63.703789,-2.656578,-15.876329,-22.074055,-5.051917,-22.006289
6.175000,69.619957,-2.659769,-15.188162,-21.766876,-8.654107,-21.786938
6.181250,75.543800,-2.661807,-13.800298,-21.501810,-11.886202,-21.586983
6.187500,81.469398,-2.663152,-11.873828,-21.292849,-14.615714,-21.483532
6.193750,87.392365,-2.664487,-9.620798,-21.163734,-17.099197,-21.354872
6.200000,93.314575,-2.665440,-7.235680,-21.097319,-19.171305,-21.288492
6.206250,97.343216,-2.665646,-4.427401,-21.083544,-20.696419,-21.302376
6.212500,101.096947,-2.665642,-1.453592,-21.142399,-21.845270,-21.406994
6.218750,104.039711,-2.665894,1.495974,-21.262110,-22.785816,-21.636980
6.225000,105.681786,-2.666347,4.243677,-21.418388,-22.120070,-21.873318
6.231250,105.598045,-2.666773,6.419303,-21.638334,-22.341667,-22.188019
6.237500,103.448280,-2.667170,7.728809,-21.906759,-22.594753,-22.577391
6.243750,98.995911,-2.667217,8.146810,-22.205379,-22.792233,-23.027246
6.250000,92.119705,-2.666683,9.672505,-22.521620,-22.962690,-23.519043
6.256250,82.816246,-2.666179,10.830039,-22.848242,-23.130072,-24.033533
6.262500,71.203354,-2.666549,10.162407,-23.180906,-23.278694,-24.553450
6.268750,57.523144,-2.667251,9.784282,-23.503183,-23.156118,-25.017138
6.275000,42.123585,-2.666733,9.674541,-23.795778,-22.453100,-25.431400
6.281250,25.429520,-2.665075,9.702598,-24.053602,-21.269312,-25.788103
6.287500,7.920738,-2.664101,9.755571,-24.272291,-19.461040,-26.070377
6.293750,-9.873225,-2.664919,9.780228,-24.442472,-16.779991,-26.261639
6.300000,-27.394432,-2.666405,9.760511,-24.549114,-12.966060,-26.344044
6.306250,-44.102406,-2.667404,9.665395,-24.575844,-7.821184,-26.300806
6.312500,-59.509785,-2.668499,9.437465,-24.504751,-1.254142,-26.116516
6.318750,-73.195564,-2.670790,8.954284,-24.343622,6.571102,-25.845789
6.325000,-84.816139,-2.673973,10.139311,-24.126724,15.269010,-25.495152
6.331250,-94.129272,-2.677268,9.759812,-23.845673,24.611454,-25.054123
6.337500,-101.013313,-2.681098,10.056642,-23.495823,34.362873,-24.562788
6.343750,-105.472092,-2.685928,10.741572,-23.108828,44.090836,-24.060829
6.350000,-107.623299,-2.691066,11.580232,-22.715239,53.228958,-23.581804
6.356250,-107.698761,-2.695439,12.415316,-22.341461,61.176159,-23.153564
6.362500,-106.041344,-2.698994,13.118996,-22.009329,67.359985,-22.786411
6.368750,-103.084145,-2.702212,13.576203,-21.734373,71.269905,-22.422136
6.375000,-99.320862,-2.704891,13.661381,-21.526350,73.017281,-22.224958
6.381250,-95.282784,-2.706870,13.113778,-21.401796,72.310219,-22.144369
6.387500,-89.350746,-2.708492,13.087408,-21.346334,68.983566,-22.182840
6.393750,-83.421585,-2.709873,12.680625,-21.377621,63.361015,-22.294083
6.400000,-77.492935,-2.710485,12.173583,-21.495535,55.842220,-22.400841
6.406250,-71.564537,-2.710100,11.630709,-21.692320,44.782158,-22.628839
6.412500,-65.641945,-2.709800,11.083878,-21.953415,32.609241,-22.923191
6.418750,-59.728664,-2.710363,10.521256,-22.264500,19.137922,-23.248377
6.425000,-53.818508,-2.711052,9.938010,-22.599970,4.845361,-23.572577
6.431250,-47.906147,-2.711175,9.332370,-22.933279,-9.722051,-23.865755
6.437500,-41.995403,-2.711262,8.642448,-23.237673,-24.035913,-24.098032
6.443750,-36.091816,-2.712370,9.975924,-23.482626,-37.601089,-24.235159
6.450000,-30.193205,-2.714347,11.851999,-23.656425,-50.166168,-24.326864
6.456250,-24.291815,-2.716500,12.676159,-23.762531,-61.620590,-24.360865
6.462500,-18.387419,-2.718719,14.441178,-23.796986,-70.014832,-24.293530
6.468750,-12.482599,-2.721305,16.954687,-23.757959,-76.698936,-24.161465
6.475000,-6.575520,-2.723743,19.942663,-23.653728,-81.201935,-23.993601
6.481250,-0.664079,-2.725643,23.077192,-23.508377,-83.304649,-23.817799
6.487500,5.247405,-2.727625,26.063589,-23.350424,-82.904587,-23.651430
6.493750,11.156610,-2.730249,28.739674,-23.182709,-79.877762,-23.472214
6.500000,17.068256,-2.732586,29.099409,-23.012482,-76.203140,-23.282034
6.506250,22.986185,-2.733807,28.518887,-22.854040,-70.454102,-23.107861
6.512500,28.905100,-2.734742,28.471327,-22.732761,-63.126507,-22.981211
6.518750,34.817696,-2.736523,26.906368,-22.676559,-54.996155,-22.894875
6.525000,40.728493,-2.738763,23.990374,-22.679604,-46.775780,-22.840395
6.531250,46.645649,-2.740200,19.907137,-22.734419,-39.073456,-22.813452
6.537500,52.567356,-2.740736,14.819350,-22.832424,-32.430729,-22.810904
6.543750,58.485569,-2.741544,8.924288,-22.962694,-27.315514,-22.833488
6.550000,64.398796,-2.742886,2.457080,-23.110857,-22.276478,-22.855452
6.556250,70.312859,-2.744165,-4.277547,-23.244402,-19.312922,-22.867687
6.562500,76.229507,-2.745060,-10.831046,-23.357658,-17.869442,-22.880348
6.568750,82.145058,-2.745882,-16.159895,-23.483044,-17.579788,-22.891378
6.575000,88.058922,-2.746654,-22.030376,-23.587303,-18.144732,-22.923599
6.581250,93.972351,-2.747115,-26.378359,-23.664162,-19.115934,-22.955002
6.587500,97.987900,-2.747965,-29.234472,-23.716612,-19.955790,-22.985947
6.593750,101.725731,-2.749751,-30.616749,-23.750101,-22.192053,-23.022356
6.600000,104.658607,-2.751570,-30.569935,-23.769058,-23.772074,-23.066784
6.606250,106.299049,-2.752425,-29.168564,-23.773872,-24.801468,-23.117317
6.612500,106.215080,-2.753392,-26.554625,-23.765896,-25.407049,-23.172161
6.618750,104.058060,-2.754773,-22.928757,-23.744450,-25.731138,-23.227135
6.625000,99.593277,-2.757256,-18.537430,-23.709284,-24.018826,-23.278870
6.631250,92.706497,-2.759789,-13.682981,-23.662840,-22.048681,-23.339056
6.637500,83.399849,-2.762044,-8.400869,-23.601927,-19.504526,-23.325775
6.643750,71.788963,-2.764977,-2.701440,-23.506878,-18.211927,-23.295410
6.650000,58.110050,-2.768767,3.045119,-23.372480,-16.206753,-23.248186
6.656250,42.710503,-2.772467,8.351683,-23.203407,-13.883069,-23.174742
6.662500,26.020128,-2.775427,12.834687,-22.994732,-11.607850,-23.063274
6.668750,8.526379,-2.778038,16.158489,-22.735764,-9.788430,-22.907667
6.675000,-9.242817,-2.780824,17.946922,-22.443371,-8.971956,-22.740704
6.681250,-26.740177,-2.783948,19.994387,-22.135853,-7.433187,-22.574200
6.687500,-43.430119,-2.787264,20.802210,-21.822784,-6.821674,-22.416592
6.693750,-58.820187,-2.790744,20.707661,-21.536709,-7.002402,-22.285532
6.700000,-72.480186,-2.793764,19.914892,-21.263147,-7.842499,-22.223972
6.706250,-84.067902,-2.795606,18.424953,-21.007599,-9.006552,-22.195118
6.712500,-93.351471,-2.796602,16.784184,-20.816103,-9.931119,-22.220373
6.718750,-100.214592,-2.797711,15.193665,-20.711819,-10.810674,-22.324741
6.725000,-104.657394,-2.799166,13.760032,-20.703266,-11.314074,-22.499023
6.731250,-106.795593,-2.800075,12.523251,-20.790539,-13.157891,-22.755877
6.737500,-106.864197,-2.799941,11.485195,-20.961496,-14.381610,-23.096624
6.743750,-105.209206,-2.799171,10.571636,-21.220314,-15.257766,-23.486195
6.750000,-102.261810,-2.798207,9.580500,-21.597216,-15.939227,-23.885796
6.756250,-98.512840,-2.797177,9.171846,-21.966072,-16.498999,-24.257164
6.762500,-94.495026,-2.796324,9.181527,-22.371603,-17.154966,-24.598282
6.768750,-88.586678,-2.795777,9.362293,-22.807537,-18.040232,-24.890354
6.775000,-82.679771,-2.794863,9.673887,-23.255579,-17.018562,-25.115631
6.781250,-76.772438,-2.793234,10.025640,-23.696526,-15.525834,-25.262596
6.787500,-70.868973,-2.791538,10.310541,-24.110401,-13.127112,-25.323547
6.793750,-64.974159,-2.790801,10.420038,-24.479334,-9.422308,-25.294395
6.800000,-59.085552,-2.791001,10.247357,-24.787191,-4.066430,-25.173182
6.806250,-53.195717,-2.791393,9.697140,-25.020931,1.053801,-24.959368
6.812500,-47.305027,-2.792164,8.679137,-25.172239,7.522895,-24.631626
6.818750,-41.416298,-2.794086,9.266497,-25.250448,15.222208,-24.269880
6.825000,-35.526611,-2.796659,9.974064,-25.296947,22.642113,-23.871727
6.831250,-29.629908,-2.798786,9.740211,-25.234108,30.509274,-23.473921
6.837500,-23.727232,-2.800681,10.449922,-25.124441,38.033848,-23.123426
6.843750,-17.826468,-2.803606,11.873851,-24.995140,44.539410,-22.841866
6.850000,-11.926591,-2.807622,13.981615,-24.861650,51.178986,-22.625931
6.856250,-6.017900,-2.811110,16.710373,-24.734344,55.986511,-22.506210
6.862500,-0.097354,-2.813060,19.974133,-24.616552,59.162540,-22.491421
6.868750,5.824833,-2.814493,23.696423,-24.499561,60.898674,-22.571623
6.875000,11.741513,-2.816509,27.800821,-24.359955,61.458977,-22.726482
6.881250,17.654896,-2.818789,32.333786,-24.226723,61.163548,-22.900414
6.887500,23.570330,-2.820838,35.738937,-24.123852,60.194099,-23.120979
6.893750,29.488096,-2.822582,39.382004,-24.045910,58.451382,-23.365614
6.900000,35.405167,-2.824097,42.750160,-24.037899,56.691078,-23.585114
6.906250,41.322186,-2.825021,45.378025,-24.000360,55.294445,-23.744211
6.912500,47.237366,-2.825572,47.950962,-23.959311,52.645752,-23.826960
6.918750,53.145771,-2.826764,49.260494,-23.934166,50.621460,-23.825937
6.925000,59.047997,-2.828987,49.322083,-23.907375,48.940788,-23.736839
6.931250,64.950409,-2.831525,48.205032,-23.826633,47.323383,-23.558939
6.937500,70.856934,-2.833951,47.564636,-23.799538,45.416809,-23.317379
6.943750,76.764633,-2.836548,44.461647,-23.772835,44.702148,-23.051714
6.950000,82.673126,-2.839329,41.268826,-23.727409,43.056782,-22.723555
6.956250,88.586098,-2.841250,37.998486,-23.651773,40.644917,-22.366970
6.962500,94.503700,-2.842124,34.657288,-23.541945,37.846634,-22.017233
6.968750,98.522247,-2.843462,31.227919,-23.404287,34.739254,-21.700058
6.975000,102.259644,-2.846227,27.723015,-23.245573,31.335886,-21.432243
6.981250,105.192390,-2.849473,24.216990,-23.067726,27.646708,-21.220758
6.987500,106.835938,-2.851619,20.789330,-22.871689,23.654034,-21.064430
6.993750,106.761551,-2.852626,17.512459,-22.652451,19.315304,-20.946514
7.000000,104.617851,-2.853657,14.459623,-22.391335,14.509888,-20.877865
7.006250,100.164520,-2.855510,11.640450,-22.064222,11.040443,-20.880684
7.012500,93.285347,-2.857987,10.701180,-21.793549,7.569233,-20.932571
7.018750,83.984055,-2.860704,10.400108,-21.566360,4.528195,-21.016615
7.025000,72.383713,-2.863383,9.876102,-21.306793,2.287946,-21.169268
7.031250,58.721539,-2.865709,10.669323,-21.082340,-0.716448,-21.364744
7.037500,43.336727,-2.867803,12.397716,-20.932571,-2.374677,-21.593552
7.043750,26.654247,-2.870209,14.808470,-20.891577,-3.628324,-21.884689
7.050000,9.166905,-2.872823,17.666615,-20.982450,-4.600997,-22.248543
7.056250,-8.587561,-2.874580,20.811100,-21.194628,-5.387064,-22.689964
7.062500,-26.061308,-2.874913,22.169750,-21.525471,-6.076939,-23.217773
7.068750,-42.728321,-2.874432,25.171162,-21.976755,-6.777299,-23.868267
7.075000,-58.101814,-2.873833,27.734621,-22.523455,-6.913695,-24.476446
7.081250,-71.752556,-2.872852,29.776323,-23.079226,-8.999672,-25.107077
7.087500,-83.337074,-2.870935,31.288620,-23.714432,-11.567164,-25.762684
7.093750,-92.619850,-2.868221,31.052431,-24.382301,-12.892438,-26.421736
7.100000,-99.483627,-2.865155,29.848600,-25.034555,-14.716974,-27.054228
7.106250,-103.929802,-2.861979,27.464518,-25.645748,-16.891018,-27.627750
7.112500,-106.080040,-2.859069,23.731279,-26.207090,-19.249800,-28.106649
7.118750,-106.172501,-2.856928,18.410410,-26.659237,-21.597574,-28.447882
7.125000,-104.545700,-2.855569,13.401109,-26.981384,-25.845917,-28.603186
7.131250,-101.622353,-2.854176,7.525590,-27.184204,-30.154926,-28.612345
7.137500,-97.894165,-2.852862,1.186185,-27.278986,-34.615383,-28.465471
7.143750,-93.899712,-2.852804,-5.256122,-27.270903,-39.520931,-28.156477
7.150000,-88.019135,-2.854850,-11.438531,-27.165411,-44.874123,-27.697283
7.156250,-82.137741,-2.857889,-17.042845,-26.969355,-50.584446,-27.110979
7.162500,-76.246819,-2.860554,-21.802788,-26.695080,-56.511681,-26.434145
7.168750,-70.349281,-2.862993,-25.524109,-26.361528,-62.511707,-25.719845
7.175000,-64.452927,-2.866082,-28.058243,-25.990002,-68.484322,-24.984169
7.181250,-58.556519,-2.869667,-29.306135,-25.602345,-74.564346,-24.242811
7.187500,-52.653728,-2.872887,-29.220795,-25.217203,-78.439445,-23.555670
7.193750,-46.744247,-2.875405,-27.795980,-24.836636,-81.567146,-22.965250
7.200000,-40.832977,-2.877738,-26.966438,-24.456488,-83.351440,-22.499041
7.206250,-34.921196,-2.879798,-23.546413,-24.154350,-83.176361,-22.114300
7.212500,-29.006617,-2.881132,-19.325052,-23.908974,-82.444572,-21.859278
7.218750,-23.090847,-2.882152,-14.584245,-23.726944,-80.013931,-21.758480
7.225000,-17.179174,-2.883774,-9.595967,-23.596594,-75.699623,-21.785259
7.231250,-11.269108,-2.885832,-4.648083,-23.506174,-69.950089,-21.917879
7.237500,-5.354052,-2.887258,-0.147014,-23.466753,-63.281101,-22.126141
7.243750,0.565727,-2.887884,5.700859,-23.473532,-56.235077,-22.362597
7.250000,6.483780,-2.888430,11.366923,-23.508305,-49.381042,-22.540348
7.256250,12.397221,-2.889349,17.107531,-23.560083,-44.054615,-22.787977
7.262500,18.308451,-2.890552,21.227051,-23.635683,-38.194607,-23.017361
7.268750,24.219072,-2.892035,25.564100,-23.731529,-33.473454,-23.170546
7.275000,30.127726,-2.894461,30.096376,-23.780647,-29.950428,-23.245100
7.281250,36.035622,-2.897782,34.315670,-23.805637,-27.664564,-23.246542
7.287500,41.949146,-2.900851,37.843697,-23.799875,-26.448305,-23.176546
7.293750,47.871292,-2.902706,40.581818,-23.735350,-26.058971,-23.040375
7.300000,53.796947,-2.903432,42.632484,-23.644257,-26.262926,-22.853565
7.306250,59.718586,-2.903932,44.296200,-23.533316,-26.825787,-22.637653
7.312500,65.632889,-2.905105,45.498837,-23.392838,-27.515055,-22.417427
7.318750,71.541763,-2.907183,46.443882,-23.233307,-28.170315,-22.208870
7.325000,77.450455,-2.909810,45.572121,-23.055220,-28.763084,-22.017330
7.331250,83.364799,-2.911901,45.023300,-22.843767,-29.172747,-21.869928
7.337500,89.284988,-2.912875,44.495296,-22.627455,-29.345608,-21.789249
7.343750,95.205597,-2.913233,43.743023,-22.429897,-29.385735,-21.779501
7.350000,99.225403,-2.913964,42.674644,-22.262314,-27.550005,-21.816921
7.356250,102.966568,-2.915387,41.245007,-22.127447,-25.541359,-21.911608
7.362500,105.902077,-2.917068,39.404449,-22.023560,-22.605288,-22.082390
7.368750,107.542267,-2.918447,37.100998,-21.941908,-20.742069,-22.294323
7.375000,107.458641,-2.919633,34.266445,-21.872114,-18.277357,-22.516043
7.381250,105.308228,-2.920902,32.925568,-21.813696,-15.410375,-22.714115
7.387500,100.853424,-2.922611,31.467367,-21.796928,-12.433746,-22.884052
7.393750,93.972572,-2.925175,30.072834,-21.794340,-7.575354,-23.025660
7.400000,84.668365,-2.928273,28.987429,-21.796862,-2.351595,-23.120045
7.406250,73.068130,-2.930882,28.567587,-21.824158,1.628474,-23.158632
7.412500,59.409821,-2.932364,28.863756,-21.890385,6.179830,-23.142603
7.418750,44.027664,-2.933455,29.806595,-22.005928,10.931254,-23.078623
7.425000,27.343723,-2.934948,31.258558,-22.179117,15.521277,-22.977760
7.431250,9.851882,-2.936710,33.063812,-22.413202,19.628721,-22.848043
7.437500,-7.908726,-2.938131,35.060268,-22.703575,23.007349,-22.681253
7.443750,-25.392910,-2.939166,39.252739,-23.029308,25.424032,-22.478556
7.450000,-42.070999,-2.940313,42.192055,-23.372671,26.444143,-22.291695
7.456250,-57.449478,-2.940982,45.437122,-23.796247,25.918287,-22.136353
7.462500,-71.096878,-2.940451,48.808685,-24.287727,23.923948,-22.024265
7.468750,-82.676849,-2.939013,52.136486,-24.856407,20.562014,-21.965351
7.475000,-91.958672,-2.937580,55.354382,-25.424749,16.048046,-21.953600
7.481250,-98.820625,-2.936263,58.213890,-26.007893,10.691856,-21.982473
7.487500,-103.257652,-2.934154,58.416416,-26.604753,4.788485,-22.050646
7.493750,-105.391716,-2.931292,57.502373,-27.195248,-1.232623,-22.145922
7.500000,-105.466721,-2.928823,54.960663,-27.738150,-6.764388,-22.256775
7.506250,-103.825684,-2.927360,52.456200,-28.211658,-11.076879,-22.386072
7.512500,-100.889862,-2.926095,48.026924,-28.618048,-13.585034,-22.512640
7.518750,-97.147911,-2.924687,41.973793,-28.927067,-13.746491,-22.616524
7.525000,-93.137512,-2.923965,34.631752,-29.123190,-11.014484,-22.693998
7.531250,-87.239769,-2.924590,26.307219,-29.208036,-7.021393,-22.738857
7.537500,-81.344337,-2.925975,17.362164,-29.194773,-1.742996,-22.722830
7.543750,-75.446953,-2.927487,8.366552,-29.051514,6.113782,-22.661213
7.550000,-69.549377,-2.929550,-0.222325,-28.804144,15.557561,-22.571362
7.556250,-63.655029,-2.932776,-8.140562,-28.485579,25.690676,-22.471258
7.562500,-57.759548,-2.936619,-16.791859,-28.113268,35.641716,-22.384159
7.568750,-51.858433,-2.940279,-24.004370,-27.694702,44.605511,-22.327810
7.575000,-45.951527,-2.943446,-29.663122,-27.272205,52.079239,-22.259163
7.581250,-40.041908,-2.946153,-33.608269,-26.859295,57.281399,-22.214361
7.587500,-34.130074,-2.948084,-36.085434,-26.460649,61.718746,-22.212370
7.593750,-28.217489,-2.949265,-37.271950,-26.087814,63.720734,-22.257076
7.600000,-22.307957,-2.950349,-37.252453,-25.746483,63.655670,-22.341463
7.606250,-16.404181,-2.952031,-36.125523,-25.439522,61.962383,-22.452475
7.612500,-10.502534,-2.953824,-34.032948,-25.162823,59.118614,-22.574152
7.618750,-4.598660,-2.955114,-31.159920,-24.910452,55.576260,-22.708233
7.625000,1.304774,-2.956272,-27.767637,-24.678011,51.725376,-22.881252
7.631250,7.203150,-2.958101,-21.992607,-24.464104,47.979855,-23.051220
7.637500,13.097957,-2.960680,-17.374697,-24.258360,44.191555,-23.174242
7.643750,18.992916,-2.963347,-12.023843,-24.019802,41.114525,-23.274887
7.650000,24.889252,-2.966239,-6.300234,-23.709013,38.778419,-23.357615
7.656250,30.782867,-2.970130,-1.049610,-23.405893,36.969429,-23.437927
7.662500,36.673969,-2.975300,3.172765,-23.099920,35.372776,-23.519213
7.668750,42.569359,-2.981022,8.319162,-22.787699,33.717442,-23.598114
7.675000,48.475010,-2.986154,12.631256,-22.479416,33.583199,-23.680563
7.681250,54.389191,-2.990309,16.249065,-22.194004,32.960098,-23.776155
7.687500,60.306568,-2.993803,19.379442,-21.955101,31.949844,-23.894451
7.693750,66.224350,-2.996887,22.309046,-21.772076,30.635817,-24.046902
7.700000,72.142975,-2.999444,23.547897,-21.635490,29.067146,-24.265532
7.706250,78.062714,-3.001350,24.945595,-21.559208,27.245852,-24.488550
7.712500,83.982559,-3.002690,26.191542,-21.540051,24.317055,-24.690620
7.718750,89.901237,-3.003510,27.067083,-21.561960,22.933865,-24.932327
7.725000,95.819016,-3.003681,27.175287,-21.659235,21.441168,-25.205593
7.731250,99.839935,-3.003395,26.264589,-21.812286,20.129557,-25.487259
7.737500,103.582634,-3.003173,24.328163,-21.991947,19.131237,-25.747551
7.743750,106.512535,-3.003788,23.361860,-22.172220,18.529480,-25.944292
7.750000,108.140068,-3.005370,21.802496,-22.334206,18.311728,-26.043301
7.756250,108.043671,-3.007301,19.932962,-22.466150,18.130133,-26.083639
7.762500,105.885612,-3.009146,17.967325,-22.568851,17.980375,-26.035631
7.768750,101.425110,-3.011473,16.105366,-22.639868,17.894049,-25.888264
7.775000,94.538261,-3.014942,14.585490,-22.675831,17.736937,-25.643600
7.781250,85.228699,-3.019284,13.564532,-22.684942,17.366934,-25.316994
7.787500,73.624779,-3.023309,13.095568,-22.680252,16.666483,-24.934233
7.793750,59.966125,-3.026469,13.203640,-22.674641,15.600208,-24.520746
7.800000,44.586609,-3.029119,13.875199,-22.678600,14.264871,-24.064333
7.806250,27.910582,-3.031515,15.083974,-22.694155,12.808519,-23.554579
7.812500,10.431462,-3.033201,14.879918,-22.721375,11.276478,-23.052416
7.818750,-7.316751,-3.033764,16.858789,-22.773777,8.626543,-22.624947
7.825000,-24.792261,-3.033833,18.904177,-22.880171,6.412702,-22.264057
7.831250,-41.465790,-3.033770,20.815487,-23.063690,4.583379,-21.974977
7.837500,-56.841606,-3.033035,22.519991,-23.358900,3.220300,-21.755516
7.843750,-70.489830,-3.031033,23.943436,-23.693171,2.473722,-21.607222
7.850000,-82.075447,-3.028537,25.631947,-24.066700,2.442566,-21.540073
7.856250,-91.368256,-3.026679,26.780828,-24.495855,1.051853,-21.551476
7.862500,-98.243103,-3.025440,27.455805,-24.965570,-0.184009,-21.629833
7.868750,-102.691704,-3.023517,25.821562,-25.445461,-1.575115,-21.758467
7.875000,-104.835121,-3.020678,23.505165,-25.912924,-3.379030,-21.911264
7.881250,-104.917068,-3.017910,22.028711,-26.366539,-5.783224,-22.033525
7.887500,-103.282417,-3.015783,19.608265,-26.780367,-8.876738,-22.165638
7.893750,-100.353447,-3.013849,16.429771,-27.135397,-11.706266,-22.306059
7.900000,-96.619720,-3.012040,12.692365,-27.402559,-14.633586,-22.396215
7.906250,-92.617439,-3.011230,8.675403,-27.556524,-17.531839,-22.444099
7.912500,-86.724991,-3.011774,4.497152,-27.605721,-20.118860,-22.461910
7.918750,-80.829132,-3.011774,0.357545,-27.605721,-21.992044,-22.461910
7.925000,-80.829132,-3.011774,0.357545,-27.605721,-21.992044,-22.461910
7.931250,-80.829132,-3.011774,0.357545,-27.605721,-21.992044,-22.461910
7.937500,-80.829132,-3.011774,0.357545,-27.605721,-21.992044,-22.461910
7.943750,-80.829132,-3.011774,0.357545,-27.605721,-21.992044,-22.461910
7.950000,-80.829132,-3.011774,0.357545,-27.605721,-21.992044,-22.461910
7.956250,-80.829132,-3.011774,0.357545,-27.605721,-21.992044,-22.461910
7.962500,-80.829132,-3.011774,0.357545,-27.605721,-21.992044,-22.461910
7.968750,-80.829132,-3.011774,0.357545,-27.605721,-21.992044,-22.461910
7.975000,-80.829132,-3.011774,0.357545,-27.605721,-21.992044,-22.461910
7.981250,-80.829132,-3.011774,0.357545,-27.605721,-21.992044,-22.461910
7.987500,-80.829132,-3.011774,0.357545,-27.605721,-21.992044,-22.461910
7.993750,-80.829132,-3.011774,0.357545,-27.605721,-21.992044,-22.461910
8.000000,-80.829132,-3.011774,0.357545,-27.605721,-21.992044,-22.461910
