Anritsu VNA Frequency[GHz],S21[deg],S21[dB],S11[deg],S11[dB],S22[deg],S22[dB]
1338123991.54,2012_05_27_14:06:31,+40.691,+10.287,+55.373,+10.302,+13.921,+13.732,+14.027,+13.778,10.399981,-15.808
3.006250,34.389500,-1.755489,59.535309,-26.655149,-79.627327,-27.426817
3.012500,34.389500,-1.755489,59.535309,-26.655149,-79.627327,-27.426817
3.018750,34.389500,-1.755489,59.535309,-26.655149,-79.627327,-27.426817
3.025000,34.389500,-1.755489,59.535309,-26.655149,-79.627327,-27.426817
3.031250,34.389500,-1.755489,59.535309,-26.655149,-79.627327,-27.426817
3.037500,34.389500,-1.755489,59.535309,-26.655149,-79.627327,-27.426817
3.043750,34.389500,-1.755489,59.535309,-26.655149,-79.627327,-27.426817
3.050000,34.389500,-1.755489,59.535309,-26.655149,-79.627327,-27.426817
3.056250,34.389500,-1.755489,59.535309,-26.655149,-79.627327,-27.426817
3.062500,34.389500,-1.755489,59.535309,-26.655149,-79.627327,-27.426817
3.068750,34.389500,-1.755489,59.535309,-26.655149,-79.627327,-27.426817
3.075000,34.389500,-1.755489,59.535309,-26.655149,-79.627327,-27.426817
3.081250,34.389500,-1.755489,59.535309,-26.655149,-79.627327,-27.426817
3.087500,34.389500,-1.755489,59.535309,-26.655149,-79.627327,-27.426817
3.093750,34.389500,-1.757223,59.535309,-26.452366,-79.627327,-27.177763
3.100000,40.296543,-1.759265,56.846321,-26.298008,-81.672951,-26.946259
3.106250,46.203804,-1.761358,53.270504,-26.214930,-82.097351,-26.733194
3.112500,52.111477,-1.763473,49.182610,-26.223782,-80.539879,-26.512300
3.118750,58.018360,-1.765783,43.174919,-26.265779,-78.841042,-26.213575
3.125000,63.924171,-1.768226,38.374512,-26.308571,-74.829788,-25.952391
3.131250,69.829498,-1.770737,33.983368,-26.378557,-68.678200,-25.664539
3.137500,75.733849,-1.773613,30.261324,-26.476900,-60.804985,-25.340319
3.143750,81.636497,-1.777046,27.416203,-26.595488,-51.393040,-24.987720
3.150000,87.540100,-1.780732,25.632854,-26.720055,-40.599403,-24.618916
3.156250,93.446762,-1.784224,25.028316,-26.836138,-28.598108,-24.252659
3.162500,97.461189,-1.787460,25.669249,-26.930624,-15.588029,-23.912758
3.168750,101.202469,-1.790762,27.573254,-26.994745,-3.672831,-23.646914
3.175000,104.136894,-1.794367,30.781841,-27.008018,8.606687,-23.401855
3.181250,105.774559,-1.798054,33.539894,-26.956358,21.126074,-23.179556
3.187500,105.689781,-1.801586,37.318226,-26.857439,32.608986,-23.010515
3.193750,103.541512,-1.804867,41.410480,-26.723576,42.623318,-22.911470
3.200000,99.092392,-1.807819,45.240543,-26.562580,50.844971,-22.886496
3.206250,92.220421,-1.810382,48.331585,-26.384674,56.983997,-22.935410
3.212500,82.923943,-1.812821,50.265755,-26.203615,60.848431,-23.066031
3.218750,71.323189,-1.815428,50.728165,-26.029919,62.333408,-23.260527
3.225000,57.656441,-1.817939,51.722069,-25.856831,61.184669,-23.464672
3.231250,42.266926,-1.819899,51.781303,-25.685392,57.690784,-23.686911
3.237500,25.580080,-1.821577,49.419025,-25.515369,53.959381,-23.918728
3.243750,8.083698,-1.823494,46.746494,-25.325005,48.496410,-24.137718
3.250000,-9.689651,-1.826011,43.631077,-25.152702,41.968327,-24.324327
3.256250,-27.189417,-1.828654,39.718681,-25.012932,34.971024,-24.477978
3.262500,-43.880856,-1.830903,35.242844,-24.888683,28.145151,-24.587276
3.268750,-59.273071,-1.832844,30.145666,-24.775784,22.177864,-24.643717
3.275000,-72.942581,-1.834902,24.302853,-24.672945,17.611698,-24.647032
3.281250,-84.548912,-1.837340,17.607527,-24.571449,14.887106,-24.604303
3.287500,-93.853600,-1.840140,9.968328,-24.458189,14.301681,-24.529423
3.293750,-100.732826,-1.843037,1.347648,-24.295086,16.008753,-24.423923
3.300000,-105.185715,-1.845824,-6.074708,-24.127043,20.050272,-24.287973
3.306250,-107.333809,-1.848373,-14.732152,-23.991383,26.288162,-24.148575
3.312500,-107.414856,-1.850709,-23.390120,-23.869366,34.421196,-24.036655
3.318750,-105.770401,-1.852916,-31.761803,-23.767992,44.064400,-23.973091
3.325000,-102.827225,-1.854967,-39.584961,-23.705553,54.772999,-23.969189
3.331250,-99.077660,-1.856711,-46.601109,-23.707636,66.026039,-24.027580
3.337500,-95.054115,-1.858086,-52.627731,-23.847246,77.248528,-24.146343
3.343750,-89.135597,-1.859116,-57.714981,-24.004181,87.861206,-24.311308
3.350000,-83.217552,-1.859790,-62.168991,-24.227158,97.612549,-24.467367
3.356250,-77.300163,-1.860143,-65.624626,-24.555950,106.219612,-24.666546
3.362500,-71.384804,-1.860368,-66.382446,-25.012087,112.482422,-24.917500
3.368750,-65.470963,-1.860289,-66.078346,-25.576052,116.526268,-25.208275
3.375000,-59.557766,-1.859663,-64.587669,-26.220659,117.950165,-25.583990
3.381250,-53.646324,-1.858659,-61.918674,-26.911510,116.582039,-25.920750
3.387500,-47.741016,-1.857983,-58.165878,-27.609493,113.059082,-26.244444
3.393750,-41.841949,-1.858094,-53.487160,-28.269512,106.819382,-26.548025
3.400000,-35.945328,-1.858519,-48.097469,-28.848343,98.426788,-26.824026
3.406250,-30.046921,-1.858760,-42.330658,-29.324736,88.884369,-27.103334
3.412500,-24.148922,-1.859123,-36.510517,-29.672977,78.855904,-27.351723
3.418750,-18.255629,-1.860353,-28.700981,-29.871326,66.984612,-27.548235
3.425000,-12.365257,-1.862550,-22.443836,-29.915033,55.557045,-27.686798
3.431250,-6.472014,-1.864838,-15.889328,-29.819071,45.005402,-27.773232
3.437500,-0.574446,-1.867020,-9.292835,-29.568253,35.787312,-27.811592
3.443750,5.322970,-1.869828,-2.676872,-29.160334,28.577711,-27.750185
3.450000,11.218741,-1.873573,3.442620,-28.641438,21.665932,-27.617559
3.456250,17.118927,-1.877522,8.899059,-28.051014,16.827095,-27.427595
3.462500,23.027281,-1.880856,13.683404,-27.432938,13.767484,-27.183020
3.468750,28.940901,-1.883536,17.877394,-26.834190,12.171410,-26.881062
3.475000,34.855007,-1.885994,21.585642,-26.321012,11.690806,-26.536001
3.481250,40.768322,-1.888350,25.071564,-25.844160,11.930856,-26.164164
3.487500,46.680660,-1.890723,27.063366,-25.436771,12.524753,-25.759411
3.493750,52.591534,-1.893529,28.944605,-25.134563,13.037494,-25.329332
3.500000,58.501537,-1.896821,30.545206,-24.943512,13.038663,-24.885990
3.506250,64.413841,-1.899889,31.760422,-24.848352,12.194195,-24.439175
3.512500,70.330780,-1.902162,32.496090,-24.815002,10.236048,-23.998362
3.518750,76.247742,-1.904220,32.725780,-24.743286,6.958905,-23.568462
3.525000,82.158051,-1.907153,32.661427,-24.731819,2.209828,-23.155651
3.531250,88.063705,-1.911205,32.799290,-24.721699,-1.982833,-22.774799
3.537500,93.971756,-1.915562,32.812462,-24.678127,-7.079128,-22.441347
3.543750,97.990646,-1.919566,32.961296,-24.592440,-12.650452,-22.151489
3.550000,101.738708,-1.923791,33.578506,-24.437580,-18.418415,-21.869560
3.556250,104.680679,-1.928668,33.108494,-24.214472,-23.908640,-21.542725
3.562500,106.327248,-1.933867,33.253036,-23.952740,-28.823013,-21.299988
3.568750,106.257904,-1.938234,33.670807,-23.679232,-31.956486,-21.128212
3.575000,104.131973,-1.941218,34.084103,-23.420355,-34.308949,-21.028236
3.581250,99.707504,-1.943162,34.208126,-23.211031,-35.613060,-21.014294
3.587500,92.857086,-1.944662,33.787079,-23.087952,-35.884228,-21.046129
3.593750,83.581627,-1.945791,32.712341,-23.038847,-35.006435,-21.145803
3.600000,72.006195,-1.945837,30.923920,-23.076427,-32.819305,-21.328125
3.606250,58.368484,-1.944497,30.263933,-23.214508,-29.479185,-21.587196
3.612500,43.003895,-1.942300,29.284840,-23.438868,-25.260534,-21.896578
3.618750,26.336029,-1.939688,28.399458,-23.766870,-20.564600,-22.231201
3.625000,8.858809,-1.936443,27.722431,-24.210144,-16.166779,-22.632784
3.631250,-8.893593,-1.932357,27.853050,-24.730816,-10.277466,-23.064785
3.637500,-26.378117,-1.927883,29.098253,-25.293539,-4.613605,-23.498600
3.643750,-43.066174,-1.923722,31.592838,-25.860479,0.801152,-23.914181
3.650000,-58.464836,-1.920208,33.475090,-26.386766,5.882372,-24.294212
3.656250,-72.143799,-1.917275,36.307354,-26.796421,10.537271,-24.622171
3.662500,-83.761032,-1.915039,39.258080,-27.136950,14.669417,-24.893301
3.668750,-93.079475,-1.913703,43.252838,-27.385025,18.137917,-25.114117
3.675000,-99.975037,-1.912932,46.612843,-27.512653,20.862310,-25.283176
3.681250,-104.445511,-1.912272,49.062538,-27.516870,22.784830,-25.399061
3.687500,-106.613792,-1.912058,50.362068,-27.410631,23.829796,-25.464746
3.693750,-106.720848,-1.913084,50.361843,-27.220329,23.944372,-25.489559
3.700000,-105.105263,-1.915253,49.066380,-26.950918,23.132988,-25.484819
3.706250,-102.187271,-1.917636,46.627449,-26.620741,21.528343,-25.442574
3.712500,-98.457703,-1.919791,43.035282,-26.268511,19.350590,-25.356377
3.718750,-94.454323,-1.922241,36.584248,-25.921816,16.748774,-25.231853
3.725000,-88.557495,-1.925379,29.199020,-25.596621,14.051604,-25.084539
3.731250,-82.658775,-1.928591,20.609272,-25.338163,11.865386,-24.952501
3.737500,-76.755241,-1.931413,12.753980,-25.169537,10.607708,-24.848522
3.743750,-70.849434,-1.933908,4.386111,-25.076601,10.683241,-24.794687
3.750000,-64.945068,-1.936581,-3.940692,-25.047758,10.693377,-24.706224
3.756250,-59.041557,-1.939204,-11.830552,-25.078945,10.615457,-24.603405
3.762500,-53.137447,-1.941638,-18.860125,-25.148806,11.778285,-24.486067
3.768750,-47.233051,-1.944080,-24.592632,-25.220268,13.916613,-24.403118
3.775000,-41.330715,-1.946806,-28.794725,-25.306257,16.582926,-24.343739
3.781250,-35.428818,-1.949619,-31.361204,-25.393291,19.172411,-24.292265
3.787500,-29.525648,-1.952159,-31.930399,-25.461645,21.320171,-24.241108
3.793750,-23.622488,-1.954752,-30.418636,-25.527042,22.717262,-24.194262
3.800000,-17.721466,-1.957775,-28.756927,-25.529213,23.170248,-24.143173
3.806250,-11.820971,-1.961123,-24.582233,-25.445450,22.695192,-24.053230
3.812500,-5.919230,-1.964620,-19.424204,-25.315140,21.156307,-23.931520
3.818750,-0.017085,-1.968505,-13.822633,-25.154900,18.441725,-23.788755
3.825000,5.885705,-1.972717,-8.309410,-24.979254,14.681432,-23.631546
3.831250,11.792391,-1.976683,-1.235409,-24.802380,10.138227,-23.471088
3.837500,17.703066,-1.980079,5.582309,-24.638107,5.137918,-23.343721
3.843750,23.613064,-1.983584,12.297284,-24.482105,0.022657,-23.205986
3.850000,29.520342,-1.987606,17.221338,-24.327932,-5.896558,-23.037949
3.856250,35.428608,-1.991504,22.030075,-24.184999,-11.428805,-22.879961
3.862500,41.341003,-1.994639,26.304100,-24.051676,-16.556543,-22.740818
3.868750,47.252754,-1.997662,29.710135,-23.914865,-21.257669,-22.617682
3.875000,53.158054,-2.001729,31.928940,-23.752338,-25.556747,-22.499609
3.881250,59.059017,-2.007005,32.606251,-23.570219,-29.522928,-22.370581
3.887500,64.963554,-2.012396,31.350309,-23.370485,-33.340210,-22.235506
3.893750,70.874748,-2.017289,28.086130,-23.135826,-37.265656,-22.099581
3.900000,76.787514,-2.022377,24.891508,-22.856104,-41.429653,-21.954893
3.906250,82.697105,-2.028537,20.315374,-22.530893,-44.134117,-21.799862
3.912500,88.607002,-2.035655,14.828135,-22.161518,-47.248783,-21.630121
3.918750,94.523064,-2.043111,8.895592,-21.755384,-50.481228,-21.431822
3.925000,98.553055,-2.050369,2.887352,-21.340672,-53.588173,-21.178398
3.931250,102.318192,-2.057207,-2.853266,-20.942970,-56.637039,-20.959452
3.937500,105.284340,-2.063612,-7.895546,-20.582346,-57.426693,-20.770840
3.943750,106.958755,-2.069358,-11.915009,-20.281528,-57.036301,-20.621120
3.950000,106.915398,-2.073994,-14.692637,-20.062775,-54.995811,-20.523664
3.956250,104.813499,-2.076926,-16.101751,-19.944082,-50.953129,-20.494293
3.962500,100.413223,-2.078155,-16.083990,-19.935581,-44.658764,-20.544537
3.968750,93.588890,-2.077949,-14.635940,-20.033531,-35.974831,-20.683445
3.975000,84.338188,-2.076463,-13.705380,-20.203527,-24.909931,-20.920847
3.981250,72.781639,-2.073719,-9.598856,-20.497919,-11.626540,-21.286524
3.987500,59.154736,-2.069838,-5.246033,-20.898771,2.265307,-21.693655
3.993750,43.796192,-2.065134,0.046292,-21.362196,17.428347,-22.203531
4.000000,27.132013,-2.059804,5.631940,-21.883863,33.050285,-22.822630
4.006250,9.655177,-2.053879,11.161701,-22.447357,48.270317,-23.582893
4.012500,-8.104283,-2.047766,16.363144,-23.024910,62.028873,-24.341969
4.018750,-25.602448,-2.042367,20.985579,-23.583719,74.984360,-25.076494
4.025000,-42.305393,-2.037870,24.742811,-24.108643,85.201797,-25.820131
4.031250,-57.716194,-2.033882,29.498604,-24.590277,93.591881,-26.578953
4.037500,-71.406136,-2.030454,31.885847,-25.008051,99.278458,-27.298336
4.043750,-83.037239,-2.028296,33.945618,-25.349632,102.547905,-27.948580
4.050000,-92.371346,-2.027568,35.531078,-25.615107,103.795708,-28.512646
4.056250,-99.280441,-2.027222,36.574215,-25.795557,103.548691,-28.980896
4.062500,-103.761765,-2.026639,37.151241,-25.872774,100.607231,-29.320494
4.068750,-105.943275,-2.026825,37.205490,-25.864275,97.370728,-29.517447
4.075000,-106.067093,-2.028981,36.756218,-25.787220,93.896332,-29.579370
4.081250,-104.467407,-2.032481,35.984188,-25.654711,90.410011,-29.510513
4.087500,-101.561417,-2.035798,35.145493,-25.475725,85.071831,-29.311729
4.093750,-97.841156,-2.038475,34.544601,-25.259151,79.608475,-28.988943
4.100000,-93.848328,-2.041376,32.601994,-25.019701,73.872551,-28.563345
4.106250,-87.964882,-2.045198,31.311419,-24.761747,67.765862,-28.074184
4.112500,-82.081734,-2.049540,30.571850,-24.476027,61.372219,-27.478653
4.118750,-76.195396,-2.054187,30.128143,-24.178984,54.863327,-26.812555
4.125000,-70.307465,-2.059387,29.688185,-23.885653,47.975735,-26.116693
4.131250,-64.418404,-2.065168,29.086288,-23.604757,40.856174,-25.421444
4.137500,-58.524902,-2.071024,28.206310,-23.339699,33.706139,-24.749863
4.143750,-52.624954,-2.076522,26.962683,-23.089167,26.738955,-24.120041
4.150000,-46.721706,-2.081974,25.271328,-22.852724,20.147175,-23.544500
4.156250,-40.818695,-2.087773,25.225573,-22.626089,14.108327,-23.024412
4.162500,-34.914116,-2.093830,25.417421,-22.399445,8.767468,-22.571535
4.168750,-29.006014,-2.099975,24.429317,-22.161608,5.826489,-22.189220
4.175000,-23.093985,-2.106200,24.122871,-21.930935,2.727406,-21.875154
4.181250,-17.178043,-2.112308,24.306398,-21.712923,1.186798,-21.623112
4.187500,-11.257531,-2.118055,24.776695,-21.512354,1.082697,-21.372608
4.193750,-5.332316,-2.123347,25.314558,-21.335596,2.455801,-21.232569
4.200000,0.596522,-2.128059,25.687202,-21.190434,3.418156,-21.176064
4.206250,6.528894,-2.131865,25.680164,-21.084274,4.634686,-21.182247
4.212500,12.463917,-2.134549,25.130144,-21.014145,7.134175,-21.206453
4.218750,18.397991,-2.136528,26.099813,-20.969505,8.681327,-21.253885
4.225000,24.328136,-2.138314,25.180025,-20.946043,9.275128,-21.325138
4.231250,30.254566,-2.139881,24.349068,-20.932398,8.769743,-21.406254
4.237500,36.178600,-2.141281,23.398935,-20.927929,6.996298,-21.474705
4.243750,42.100685,-2.142492,21.993063,-20.949434,5.871985,-21.539545
4.250000,48.021210,-2.143369,19.974861,-20.981594,3.777261,-21.600143
4.256250,53.939960,-2.143869,17.198009,-21.006556,1.235172,-21.640333
4.262500,59.854324,-2.144439,13.430628,-21.010286,-1.339560,-21.649042
4.268750,65.761803,-2.145823,8.475543,-20.982037,-3.594042,-21.616001
4.275000,71.662552,-2.148362,2.153065,-20.914511,-5.214550,-21.534107
4.281250,77.562706,-2.151575,-3.532760,-20.795198,-5.930856,-21.391073
4.287500,83.465111,-2.155148,-10.111719,-20.621109,-5.543496,-21.157427
4.293750,89.366867,-2.159907,-17.323969,-20.415377,-4.150724,-20.903864
4.300000,95.267532,-2.165965,-24.799456,-20.179489,-2.026551,-20.632881
4.306250,99.280312,-2.172245,-32.093502,-19.916941,1.024459,-20.341757
4.312500,103.031487,-2.177672,-38.890995,-19.638536,4.795253,-20.040077
4.318750,105.983795,-2.182548,-44.921402,-19.358841,9.020116,-19.741253
4.325000,107.637032,-2.187943,-49.983055,-19.098660,13.394078,-19.462843
4.331250,107.565971,-2.193709,-53.930553,-18.881123,17.606741,-19.219660
4.337500,105.437370,-2.198781,-56.665291,-18.751265,21.386696,-19.014345
4.343750,101.015060,-2.202673,-58.212154,-18.627771,24.511007,-18.791159
4.350000,94.172836,-2.205617,-57.568165,-18.573061,26.513910,-18.671106
4.356250,84.908524,-2.207524,-55.627075,-18.624844,29.053368,-18.635946
4.362500,73.344704,-2.207838,-52.191086,-18.782419,30.895174,-18.696190
4.368750,59.715416,-2.206962,-47.349319,-19.038116,32.387455,-18.877872
4.375000,44.355293,-2.205706,-41.305271,-19.378588,33.781956,-19.122694
4.381250,27.691832,-2.204018,-34.329197,-19.782930,35.130703,-19.411871
4.387500,10.221592,-2.201168,-26.744606,-20.224682,37.233784,-19.751219
4.393750,-7.524465,-2.197499,-18.963976,-20.687355,38.416965,-20.170073
4.400000,-25.006605,-2.194154,-11.445024,-21.158173,40.244820,-20.643990
4.406250,-41.692482,-2.191235,-2.390445,-21.619408,42.296783,-21.146502
4.412500,-57.083569,-2.188056,4.616858,-22.057594,44.281254,-21.659090
4.418750,-70.751831,-2.184571,11.420593,-22.466858,45.982838,-22.168589
4.425000,-82.362083,-2.181742,17.853195,-22.786062,47.317757,-22.627480
4.431250,-91.678268,-2.179972,23.742754,-23.014748,48.300068,-23.007664
4.437500,-98.573120,-2.178585,28.697351,-23.164812,48.695374,-23.305851
4.443750,-103.043945,-2.177373,32.669445,-23.243462,48.500343,-23.515102
4.450000,-105.217064,-2.177173,35.723564,-23.252417,47.844086,-23.627975
4.456250,-105.330055,-2.178495,37.990234,-23.196224,46.895813,-23.642820
4.462500,-103.717903,-2.180565,39.669498,-23.085094,45.836086,-23.565754
4.468750,-100.803116,-2.182929,41.050411,-22.938343,44.886063,-23.418924
4.475000,-97.081139,-2.186033,40.615639,-22.754732,44.338402,-23.188599
4.481250,-93.085960,-2.189996,40.529652,-22.527384,42.920483,-22.860205
4.487500,-87.191414,-2.193973,40.454487,-22.287985,42.163494,-22.479948
4.493750,-81.290794,-2.197596,40.199566,-22.057962,41.765194,-22.077719
4.500000,-75.391373,-2.202164,39.696854,-21.848391,41.506725,-21.674864
4.506250,-69.495201,-2.208296,38.922089,-21.660002,41.179592,-21.286152
4.512500,-63.593960,-2.214888,37.867970,-21.480392,40.565887,-20.920742
4.518750,-57.680260,-2.220414,36.532818,-21.257874,39.420296,-20.588392
4.525000,-51.757500,-2.225012,34.946499,-21.069633,37.430576,-20.323904
4.531250,-45.835506,-2.229926,34.195824,-20.930563,34.155159,-20.118170
4.537500,-39.915478,-2.235430,33.772110,-20.796402,30.943018,-19.946220
4.543750,-33.990173,-2.240739,32.266376,-20.655249,26.295862,-19.820135
4.550000,-28.056503,-2.245040,31.407146,-20.533745,20.548531,-19.716619
4.556250,-22.117100,-2.248440,30.898922,-20.454765,14.102947,-19.694317
4.562500,-16.176252,-2.251274,30.525864,-20.437601,7.670249,-19.770853
4.568750,-10.234478,-2.253630,30.061670,-20.507868,1.225643,-19.944592
4.575000,-4.290001,-2.255158,29.276821,-20.721830,-5.052498,-20.160931
4.581250,1.657380,-2.255439,27.968693,-21.004091,-10.840832,-20.432230
4.587500,7.606016,-2.254486,24.918083,-21.370874,-15.638585,-20.770813
4.593750,13.553093,-2.252532,22.961042,-21.842087,-19.264114,-21.169476
4.600000,19.496450,-2.249797,20.232498,-22.421299,-21.669704,-21.607393
4.606250,25.436121,-2.246001,16.602655,-23.180389,-23.000053,-22.096125
4.612500,31.371294,-2.241235,13.027031,-23.974754,-23.528160,-22.626659
4.618750,37.296906,-2.236504,8.821949,-24.842506,-23.318613,-23.175938
4.625000,43.210598,-2.232526,4.353940,-25.764250,-22.658689,-23.728741
4.631250,49.118282,-2.228745,-0.086796,-26.706095,-21.872217,-24.271423
4.637500,55.024719,-2.224130,-4.236553,-27.624699,-21.322304,-24.786676
4.643750,60.926811,-2.219188,-7.846807,-28.466864,-21.371264,-25.239676
4.650000,66.815384,-2.215497,-12.611395,-29.171362,-22.369385,-25.583050
4.656250,72.689621,-2.213872,-14.665038,-29.709488,-24.693213,-25.823135
4.662500,78.557983,-2.213838,-16.054531,-30.092083,-26.916777,-25.982628
4.668750,84.425697,-2.215061,-16.782412,-30.250483,-30.420918,-26.034550
4.675000,90.292450,-2.217813,-16.604549,-30.189680,-34.964184,-25.970669
4.681250,94.265129,-2.221861,-15.786170,-29.912155,-40.337200,-25.791775
4.687500,97.968956,-2.226622,-14.531992,-29.441465,-46.314888,-25.508959
4.693750,100.870346,-2.232324,-13.090695,-28.815254,-52.628895,-25.134529
4.700000,102.474258,-2.239985,-11.759417,-28.061163,-58.932560,-24.670578
4.706250,102.355553,-2.249391,-11.019360,-27.185686,-64.859062,-24.110073
4.712500,100.185249,-2.258725,-11.119396,-26.230438,-69.980469,-23.503422
4.718750,95.729683,-2.266749,-12.408498,-25.270876,-75.694153,-22.909986
4.725000,88.858208,-2.274158,-13.313036,-24.369080,-80.528618,-22.348736
4.731250,79.563660,-2.281834,-15.391018,-23.548822,-84.637718,-21.854824
4.737500,67.971031,-2.289089,-18.385397,-22.829420,-88.235161,-21.395247
4.743750,54.323116,-2.294794,-22.078955,-22.224485,-91.620224,-20.974186
4.750000,38.956074,-2.299246,-26.217133,-21.730972,-92.721725,-20.598574
4.756250,22.288836,-2.303288,-30.505129,-21.293806,-93.086212,-20.327837
4.762500,4.814502,-2.306771,-34.626846,-20.989628,-92.262413,-20.154898
4.768750,-12.929769,-2.309061,-37.103413,-20.802929,-90.103775,-20.060108
4.775000,-30.400307,-2.310246,-38.331463,-20.695024,-86.310890,-20.030760
4.781250,-47.069969,-2.311061,-37.707634,-20.629847,-80.635757,-20.065563
4.787500,-62.448082,-2.311843,-36.561356,-20.532076,-72.875824,-20.139912
4.793750,-76.105843,-2.312760,-33.781601,-20.479631,-64.534142,-20.203384
4.800000,-87.701271,-2.313834,-28.983568,-20.425674,-54.311771,-20.273283
4.806250,-96.996284,-2.315052,-22.827654,-20.362705,-42.844177,-20.342188
4.812500,-103.868568,-2.316264,-15.870880,-20.288712,-30.731600,-20.397215
4.818750,-108.318054,-2.317790,-8.670939,-20.203485,-18.561943,-20.425341
4.825000,-110.468544,-2.320282,-1.789671,-20.113544,-6.886957,-20.431654
4.831250,-110.554512,-2.323501,6.385570,-20.035357,3.771145,-20.438709
4.837500,-108.909103,-2.326004,14.030944,-19.981676,12.999023,-20.424635
4.843750,-105.959259,-2.327375,19.520185,-19.919361,20.884624,-20.353996
4.850000,-102.206490,-2.329026,24.604380,-19.866674,26.832211,-20.263966
4.856250,-98.188972,-2.332233,28.776201,-19.838568,30.800892,-20.169880
4.862500,-92.277580,-2.336109,31.774137,-19.838739,32.949516,-20.079575
4.868750,-86.356964,-2.339095,33.465359,-19.854063,33.548260,-19.990799
4.875000,-80.429642,-2.341182,33.808796,-19.862658,32.921192,-19.902229
4.881250,-74.504761,-2.343408,32.873627,-19.857105,31.375055,-19.820267
4.887500,-68.583595,-2.346137,31.020693,-19.857676,29.249756,-19.748928
4.893750,-62.663166,-2.349044,28.420359,-19.855541,26.913900,-19.690790
4.900000,-56.740696,-2.352010,25.245844,-19.850340,24.711855,-19.643303
4.906250,-50.816738,-2.355111,21.792458,-19.841949,22.960594,-19.594633
4.912500,-44.890785,-2.358002,18.264204,-19.816698,21.943741,-19.522511
4.918750,-38.962025,-2.360581,14.973712,-19.790112,22.099808,-19.470669
4.925000,-33.033337,-2.363370,12.282885,-19.784920,23.934208,-19.449303
4.931250,-27.104305,-2.366302,10.373776,-19.817541,25.213190,-19.456171
4.937500,-21.169708,-2.368365,9.357532,-19.897831,27.442612,-19.494949
4.943750,-15.227468,-2.368865,9.273209,-20.032701,30.263186,-19.573601
4.950000,-9.285839,-2.368602,10.124851,-20.220289,33.319920,-19.697477
4.956250,-3.350475,-2.368555,11.871743,-20.452370,36.268848,-19.875933
4.962500,2.582379,-2.368107,12.520543,-20.709112,38.745995,-20.179893
4.968750,8.517587,-2.366627,15.703383,-20.981739,39.593323,-20.395512
4.975000,14.451238,-2.364692,19.101048,-21.290543,40.725330,-20.687595
4.981250,20.378748,-2.362933,22.629513,-21.611147,40.571484,-21.045546
4.987500,26.303751,-2.360622,26.089951,-21.932461,39.163700,-21.457376
4.993750,32.229889,-2.357111,29.221460,-22.247570,36.442196,-21.913427
5.000000,38.150879,-2.353322,31.815680,-22.544752,32.376831,-22.401562
5.006250,44.058571,-2.350722,33.717033,-22.807581,28.853945,-22.899380
5.012500,49.957382,-2.349192,34.805161,-23.011635,24.174505,-23.340811
5.018750,55.856396,-2.347625,34.979649,-23.131866,18.813770,-23.716923
5.025000,61.756618,-2.345907,34.243988,-23.207613,12.913511,-24.065763
5.031250,67.652237,-2.344769,32.769737,-23.235790,7.263805,-24.356636
5.037500,73.541916,-2.344221,30.696877,-23.219540,2.250282,-24.574362
5.043750,79.429550,-2.344088,28.002663,-23.201487,-1.878087,-24.714029
5.050000,85.314690,-2.344856,24.643106,-23.145084,-4.895419,-24.770424
5.056250,91.196266,-2.346976,21.765881,-23.049730,-6.556553,-24.730677
5.062500,97.079605,-2.349402,18.468674,-22.963835,-6.722350,-24.598469
5.068750,101.075905,-2.350888,15.161047,-22.905081,-5.345041,-24.385281
5.075000,104.800743,-2.352174,12.237889,-22.874176,-2.359817,-24.101488
5.081250,107.711197,-2.355107,8.195058,-22.857735,2.278888,-23.756359
5.087500,109.318138,-2.359624,5.054394,-22.844519,8.565150,-23.366339
5.093750,109.207024,-2.364104,2.767131,-22.844967,16.390139,-22.956902
5.100000,107.039780,-2.367870,1.164343,-22.845171,25.467045,-22.536118
5.106250,102.570244,-2.372190,-0.037557,-22.825792,35.229027,-22.095844
5.112500,95.673126,-2.377745,-1.023600,-22.770973,45.448368,-21.669746
5.118750,86.356155,-2.383432,-1.961004,-22.672714,55.748814,-21.281258
5.125000,74.745483,-2.388440,-3.007391,-22.527271,65.572037,-20.943380
5.131250,61.073399,-2.393408,-4.286237,-22.331667,74.334816,-20.659761
5.137500,45.674763,-2.399153,-5.896798,-22.087229,81.489014,-20.420227
5.143750,28.980122,-2.405286,-5.768121,-21.800318,86.563217,-20.133623
5.150000,11.486979,-2.411051,-5.334194,-21.485609,90.096024,-20.019260
5.156250,-6.272354,-2.416421,-6.005517,-21.135105,92.167274,-19.899717
5.162500,-23.754704,-2.421499,-5.702107,-20.764395,92.248291,-19.813774
5.168750,-40.427113,-2.426154,-4.739303,-20.399654,90.737091,-19.767700
5.175000,-55.796719,-2.429868,-3.333575,-20.060532,88.213776,-19.757605
5.181250,-69.438141,-2.432700,-1.694258,-19.762630,85.338127,-19.771610
5.187500,-81.012772,-2.434699,-0.054823,-19.521860,80.667656,-19.801416
5.193750,-90.285362,-2.435949,1.331033,-19.355053,76.396133,-19.880714
5.200000,-97.135536,-2.436684,2.232254,-19.280979,72.801636,-20.045132
5.206250,-101.565071,-2.437371,4.672156,-19.289732,69.196548,-20.163948
5.212500,-103.694733,-2.437916,5.417831,-19.354242,66.334343,-20.299986
5.218750,-103.758003,-2.437913,6.326416,-19.476664,64.215858,-20.460463
5.225000,-102.094452,-2.436908,7.197918,-19.614136,62.703655,-20.639826
5.231250,-99.134544,-2.435026,7.985083,-19.804535,61.579800,-20.834866
5.237500,-95.373924,-2.432643,7.341319,-20.062088,60.506783,-21.056656
5.243750,-91.347603,-2.430447,6.019256,-20.350405,59.165760,-21.302778
5.250000,-85.436218,-2.429294,3.653700,-20.651966,57.283394,-21.565105
5.256250,-79.529808,-2.428896,-0.095714,-20.952253,54.569485,-21.837475
5.262500,-73.620674,-2.427837,-3.348517,-21.238855,50.775970,-22.109283
5.268750,-67.709000,-2.425797,-7.654496,-21.505610,45.679504,-22.366495
5.275000,-61.805298,-2.424464,-12.663606,-21.747551,39.071079,-22.590429
5.281250,-55.915573,-2.425454,-18.064508,-21.959629,30.909954,-22.783085
5.287500,-50.029373,-2.427626,-23.575113,-22.136923,21.519638,-22.967787
5.293750,-44.134342,-2.428957,-28.936768,-22.275982,10.963649,-23.123463
5.300000,-38.234917,-2.429885,-33.901703,-22.369902,-0.555499,-23.233713
5.306250,-32.344227,-2.432421,-38.235748,-22.410299,-12.658820,-23.287436
5.312500,-26.461903,-2.437084,-41.774559,-22.393900,-24.916801,-23.278763
5.318750,-20.576056,-2.442555,-44.406536,-22.317644,-36.886158,-23.202049
5.325000,-14.680726,-2.448235,-46.057888,-22.179754,-48.122116,-23.045572
5.331250,-8.780437,-2.454842,-46.764931,-22.001923,-58.249844,-22.873148
5.337500,-2.874998,-2.461963,-44.537971,-21.798077,-67.385597,-22.620811
5.343750,3.042733,-2.468256,-42.235638,-21.551996,-74.672928,-22.348986
5.350000,8.971927,-2.473371,-38.381336,-21.313663,-80.363029,-22.093861
5.356250,14.903999,-2.478503,-33.151031,-21.107403,-84.340706,-21.885672
5.362500,20.837288,-2.483723,-26.793781,-20.953455,-86.600716,-21.751505
5.368750,26.779915,-2.487555,-19.621109,-20.862946,-87.338661,-21.677200
5.375000,32.733803,-2.489227,-11.959003,-20.835430,-86.837791,-21.643221
5.381250,38.689098,-2.489705,-4.181635,-20.859711,-85.249458,-21.621979
5.387500,44.639416,-2.489531,3.262418,-20.940645,-82.048874,-21.743938
5.393750,50.589546,-2.487901,10.053108,-21.099602,-78.180069,-21.952688
5.400000,56.540642,-2.484369,16.195618,-21.319792,-74.020340,-22.240667
5.406250,62.483498,-2.480303,21.461525,-21.578894,-69.859451,-22.618174
5.412500,68.412834,-2.476732,25.637894,-21.848898,-65.724602,-22.980780
5.418750,74.334435,-2.472948,28.552023,-22.109297,-61.757431,-23.334156
5.425000,80.252686,-2.468455,30.108149,-22.340263,-58.381023,-23.666779
5.431250,86.162521,-2.464273,30.367411,-22.523502,-55.597454,-23.956392
5.437500,92.058022,-2.461607,29.556519,-22.643038,-53.357014,-24.175535
5.443750,97.943573,-2.460613,28.017078,-22.688061,-51.610004,-24.304480
5.450000,101.931389,-2.460887,26.102520,-22.648550,-50.286785,-24.331364
5.456250,105.645500,-2.462443,24.215895,-22.521984,-49.227036,-24.251997
5.462500,108.555229,-2.464919,22.797686,-22.319796,-48.266228,-24.095045
5.468750,110.171440,-2.467635,20.429567,-22.054586,-47.218838,-23.834949
5.475000,110.065643,-2.470864,19.293268,-21.718576,-45.193787,-23.459366
5.481250,107.892090,-2.475817,19.246325,-21.338257,-42.700138,-23.032648
5.487500,103.416412,-2.482507,20.014273,-20.946054,-39.435276,-22.592325
5.493750,96.527855,-2.489040,21.422009,-20.568689,-35.101002,-22.169476
5.500000,87.232658,-2.493976,23.318300,-20.222502,-29.466234,-21.786777
5.506250,75.642548,-2.498209,25.553778,-19.914061,-22.380617,-21.451504
5.512500,61.985283,-2.502942,27.958893,-19.624765,-13.873043,-21.081396
5.518750,46.605438,-2.507506,30.354797,-19.378687,-4.510638,-20.832729
5.525000,29.937622,-2.510623,32.138191,-19.218531,5.401779,-20.656507
5.531250,12.471145,-2.512432,33.885311,-19.119102,15.889233,-20.547310
5.537500,-5.269216,-2.513718,35.280186,-19.080038,26.423353,-20.496336
5.543750,-22.738028,-2.514498,36.002831,-19.108225,36.466988,-20.497179
5.550000,-39.399342,-2.514285,35.798431,-19.209877,45.618298,-20.594191
5.556250,-54.762184,-2.513136,34.482590,-19.391508,53.605492,-20.775827
5.562500,-68.402611,-2.511346,31.930717,-19.660378,60.812359,-20.976950
5.568750,-79.980003,-2.508823,28.189262,-19.985161,66.318581,-21.232767
5.575000,-89.258049,-2.505589,25.488222,-20.362677,70.257248,-21.542292
5.581250,-96.117928,-2.502149,20.505404,-20.792871,72.903694,-21.888391
5.587500,-100.559883,-2.498680,15.484473,-21.275047,74.594025,-22.231573
5.593750,-102.704269,-2.494901,10.508816,-21.808954,75.475769,-22.634947
5.600000,-102.788582,-2.491193,5.780452,-22.362999,74.082130,-23.036751
5.606250,-101.157051,-2.488626,1.498269,-22.916862,72.566483,-23.430523
5.612500,-98.234543,-2.487015,-2.303093,-23.458622,70.661011,-23.813673
5.618750,-94.504295,-2.484871,-5.512294,-23.972946,68.239105,-24.181469
5.625000,-90.498863,-2.481915,-8.011061,-24.442709,65.196747,-24.530704
5.631250,-84.608444,-2.480270,-9.688891,-24.846912,61.429188,-24.843437
5.637500,-78.732391,-2.481151,-10.465986,-25.162306,56.789955,-25.081722
5.643750,-72.857666,-2.483135,-12.208227,-25.361284,53.152042,-25.203493
5.650000,-66.973663,-2.484500,-11.166612,-25.422134,48.905998,-25.233480
5.656250,-61.086468,-2.486097,-9.477800,-25.366434,43.683586,-25.208740
5.662500,-55.207062,-2.489458,-7.347794,-25.194880,38.447098,-25.098091
5.668750,-49.332317,-2.494683,-4.854783,-24.906384,33.457218,-24.892550
5.675000,-43.452431,-2.500706,-2.242684,-24.516588,28.897684,-24.596567
5.681250,-37.562977,-2.507000,0.206601,-24.048908,24.941303,-24.217573
5.687500,-31.667574,-2.513633,2.214552,-23.538952,21.793999,-23.767080
5.693750,-25.766226,-2.520215,3.411281,-22.997595,19.745350,-23.273651
5.700000,-19.858004,-2.526465,3.161677,-22.418142,19.238447,-22.759407
5.706250,-13.946760,-2.533101,3.509298,-21.863493,18.436203,-22.255520
5.712500,-8.035128,-2.540726,2.831711,-21.372435,18.985401,-21.798294
5.718750,-2.115952,-2.548170,1.337095,-20.965889,20.489788,-21.415846
5.725000,3.818132,-2.553787,-0.773259,-20.653408,24.356493,-21.097942
5.731250,9.762092,-2.557665,-3.308312,-20.434475,28.450983,-20.817589
5.737500,15.704987,-2.561108,-6.076328,-20.296413,32.976559,-20.601650
5.743750,21.645447,-2.564133,-8.924087,-20.220278,37.028393,-20.517023
5.750000,27.589981,-2.565577,-11.837081,-20.222839,41.128941,-20.523983
5.756250,33.537548,-2.565366,-14.792610,-20.292288,44.979336,-20.606451
5.762500,39.480408,-2.564537,-15.401359,-20.403698,48.226673,-20.750883
5.768750,45.414627,-2.563553,-16.824995,-20.528254,50.526405,-20.958509
5.775000,51.344395,-2.561872,-16.927559,-20.640543,51.427429,-21.164051
5.781250,57.270218,-2.559643,-15.905149,-20.736490,51.877869,-21.369419
5.787500,63.187408,-2.557780,-14.015419,-20.807524,50.911667,-21.579916
5.793750,69.094490,-2.556957,-11.464002,-20.842226,48.699055,-21.780504
5.800000,74.996155,-2.556936,-8.530165,-20.831806,45.320606,-21.949745
5.806250,80.896423,-2.557308,-5.537635,-20.774210,40.904572,-22.065447
5.812500,86.796783,-2.557840,-2.823077,-20.672312,35.672440,-22.125965
5.818750,92.695885,-2.558702,-0.707700,-20.535971,29.983011,-22.141144
5.825000,96.695564,-2.560676,2.663097,-20.391012,22.083879,-22.140432
5.831250,100.416725,-2.564774,5.657453,-20.295942,13.803254,-22.062197
5.837500,103.331741,-2.570767,6.983049,-20.155373,5.244092,-21.931482
5.843750,104.959686,-2.577044,8.664833,-20.035576,-3.852275,-21.781332
5.850000,104.879860,-2.581890,10.155037,-19.969393,-13.343819,-21.635134
5.856250,102.746254,-2.585365,11.387339,-19.965025,-22.997927,-21.506603
5.862500,98.309212,-2.588639,12.311054,-20.020605,-32.595604,-21.407417
5.868750,91.446053,-2.592146,12.896398,-20.114801,-41.988659,-21.337591
5.875000,82.161285,-2.595156,13.266933,-20.245922,-51.131813,-21.287313
5.881250,70.578453,-2.597472,13.889677,-20.445181,-60.141552,-21.275597
5.887500,56.931934,-2.599139,14.739470,-20.684225,-66.783546,-21.300682
5.893750,41.562069,-2.599773,15.988262,-20.948517,-72.374336,-21.349028
5.900000,24.895357,-2.599268,15.987112,-21.243689,-76.523354,-21.410387
5.906250,7.418341,-2.598620,16.623461,-21.602070,-80.978859,-21.497395
5.912500,-10.339386,-2.598514,17.739748,-21.952169,-83.920715,-21.601822
5.918750,-27.825191,-2.597882,19.496456,-22.305201,-85.732567,-21.710508
5.925000,-44.501484,-2.595865,21.171417,-22.681515,-86.797760,-21.821072
5.931250,-59.883709,-2.593644,22.643181,-23.085009,-87.401291,-21.937260
5.937500,-73.552475,-2.592597,23.834047,-23.505415,-87.776764,-22.061092
5.943750,-85.162201,-2.592171,24.702047,-23.924139,-88.112915,-22.191895
5.950000,-94.466568,-2.591097,25.441792,-24.323898,-88.647156,-22.288588
5.956250,-101.346451,-2.589978,26.232193,-24.686075,-89.865303,-22.344910
5.962500,-105.810051,-2.590230,26.968788,-24.995409,-89.066536,-22.410845
5.968750,-107.975128,-2.591261,27.522831,-25.241545,-88.478867,-22.474901
5.975000,-108.067795,-2.591167,27.800884,-25.413219,-87.651390,-22.533138
5.981250,-106.431625,-2.590041,27.723291,-25.504095,-86.151649,-22.585138
5.987500,-103.506874,-2.590121,27.226971,-25.508421,-83.594933,-22.629257
5.993750,-99.788803,-2.592127,26.289007,-25.422562,-79.650719,-22.661415
6.000000,-95.796875,-2.594783,24.899815,-25.244802,-74.099518,-22.674139
6.006250,-89.903076,-2.597303,23.095457,-24.965528,-66.882607,-22.623688
6.012500,-84.008217,-2.600442,20.932323,-24.547207,-58.372639,-22.553360
6.018750,-78.114571,-2.604544,20.325871,-24.113903,-48.884682,-22.468687
6.025000,-72.215164,-2.608583,17.974861,-23.644676,-38.367290,-22.371134
6.031250,-66.308571,-2.612151,16.309578,-23.164585,-27.275770,-22.274361
6.037500,-60.399822,-2.616055,15.188842,-22.716553,-16.149155,-22.195841
6.043750,-54.490562,-2.620445,14.541555,-22.344963,-5.442402,-22.121973
6.050000,-48.575191,-2.624143,14.440275,-22.041021,4.593451,-22.035944
6.056250,-42.651508,-2.626813,14.878190,-21.832777,13.486546,-21.973898
6.062500,-36.727730,-2.629436,15.588185,-21.748613,20.993797,-21.957565
6.068750,-30.805710,-2.632229,14.613503,-21.795853,26.970341,-21.988956
6.075000,-24.878910,-2.633816,13.553362,-21.963482,31.418921,-22.064560
6.081250,-18.945641,-2.633566,14.028606,-22.218437,34.413746,-22.179504
6.087500,-13.016201,-2.632721,14.156940,-22.484678,36.033558,-22.312111
6.093750,-7.098920,-2.632814,13.821869,-22.795708,36.263012,-22.449192
6.100000,-1.188922,-2.633530,12.474050,-23.117853,35.272263,-22.594276
6.106250,4.722418,-2.634028,10.512767,-23.401758,33.354694,-22.738508
6.112500,10.633925,-2.634238,7.854077,-23.616467,30.691776,-22.867342
6.118750,16.540632,-2.634863,4.411064,-23.744099,27.417944,-22.963453
6.125000,22.442049,-2.636297,0.136177,-23.778919,23.685020,-23.005156
6.131250,28.340919,-2.638741,-2.796084,-23.726341,19.744400,-22.990337
6.137500,34.238739,-2.642253,-5.651486,-23.584965,16.406790,-22.931715
6.143750,40.140308,-2.646080,-9.623385,-23.354202,11.812525,-22.813126
6.150000,46.050652,-2.649258,-12.591914,-23.061272,7.386150,-22.648664
6.156250,51.966709,-2.651676,-14.600331,-22.733360,3.087990,-22.452059
6.162500,57.881275,-2.654415,-15.665136,-22.394171,-1.047797,-22.237017
6.168750,63.792828,-2.657823,-15.810969,-22.062128,-4.952256,-22.013468
6.175000,69.708397,-2.661002,-15.122141,-21.756384,-8.558317,-21.793798
6.181250,75.631378,-2.663055,-13.734192,-21.492926,-11.794309,-21.592651
6.187500,81.556564,-2.664457,-11.809326,-21.285366,-14.530774,-21.491737
6.193750,87.479294,-2.665882,-9.558821,-21.157436,-17.019678,-21.362844
6.200000,93.401199,-2.666936,-7.176629,-21.092587,-19.099264,-21.296423
6.206250,97.429405,-2.667272,-4.368965,-21.080069,-20.632221,-21.311394
6.212500,101.183167,-2.667406,-1.397528,-21.140347,-21.788771,-21.417288
6.218750,104.126083,-2.667783,1.549623,-21.260996,-22.740396,-21.648373
6.225000,105.768089,-2.668389,4.295393,-21.418425,-22.067348,-21.886848
6.231250,105.684547,-2.668949,6.469516,-21.639875,-22.296267,-22.203220
6.237500,103.535126,-2.669451,7.780798,-21.909462,-22.550100,-22.594366
6.243750,99.083138,-2.669559,8.199722,-22.208866,-22.746124,-23.045485
6.250000,92.207115,-2.669070,9.726650,-22.525961,-22.911142,-23.538076
6.256250,82.903992,-2.668558,10.888102,-22.853487,-23.071499,-24.052910
6.262500,71.291428,-2.668863,10.223026,-23.186609,-23.208099,-24.571627
6.268750,57.610725,-2.669504,9.848392,-23.509497,-23.076380,-25.034573
6.275000,42.210938,-2.668870,9.744164,-23.802301,-22.357380,-25.447004
6.281250,25.516695,-2.667071,9.775694,-24.060286,-21.159365,-25.801222
6.287500,8.007301,-2.665915,9.831459,-24.278851,-19.337206,-26.080692
6.293750,-9.787408,-2.666584,9.858291,-24.448715,-16.643326,-26.268829
6.300000,-27.310093,-2.667878,9.841323,-24.554770,-12.818188,-26.348040
6.306250,-44.019230,-2.668752,9.748418,-24.580778,-7.665821,-26.301582
6.312500,-59.428055,-2.669759,9.521610,-24.508953,-1.091977,-26.114088
6.318750,-73.115074,-2.671961,9.039183,-24.347275,6.734598,-25.841249
6.325000,-84.737259,-2.675073,10.226589,-24.129751,15.434407,-25.488726
6.331250,-94.051613,-2.678348,9.845325,-23.848085,24.770428,-25.045786
6.337500,-100.936966,-2.682180,10.142161,-23.497641,34.515228,-24.553757
6.343750,-105.396606,-2.687048,10.826721,-23.110228,44.234791,-24.051891
6.350000,-107.548470,-2.692302,11.664056,-22.716436,53.360046,-23.573854
6.356250,-107.624214,-2.696751,12.498883,-22.342621,61.293072,-23.147524
6.362500,-105.966774,-2.700415,13.201850,-22.010675,67.459541,-22.783613
6.368750,-103.009331,-2.703719,13.658353,-21.736080,71.353088,-22.418839
6.375000,-99.245674,-2.706519,13.742678,-21.529398,73.085632,-22.223690
6.381250,-95.206825,-2.708596,13.201108,-21.405849,72.363823,-22.144951
6.387500,-89.273598,-2.710294,13.170702,-21.351639,69.025551,-22.184593
6.393750,-83.343399,-2.711730,12.767255,-21.384081,63.393997,-22.296804
6.400000,-77.413506,-2.712412,12.262512,-21.503744,55.873077,-22.404739
6.406250,-71.483864,-2.712033,11.722948,-21.702608,44.800320,-22.632181
6.412500,-65.559959,-2.711701,11.179690,-21.965700,32.627510,-22.925854
6.418750,-59.645622,-2.712229,10.619525,-22.278889,19.156206,-23.250046
6.425000,-53.734188,-2.712932,10.042033,-22.616625,4.867115,-23.573212
6.431250,-47.820934,-2.713001,9.440312,-22.951979,-9.696548,-23.864975
6.437500,-41.909283,-2.713049,8.754210,-23.257874,-24.004436,-24.095665
6.443750,-36.004955,-2.714094,10.092214,-23.504440,-37.563778,-24.232365
6.450000,-30.105036,-2.716061,11.972063,-23.678982,-50.119175,-24.322388
6.456250,-24.202848,-2.718145,12.796577,-23.785797,-61.570450,-24.355759
6.462500,-18.297745,-2.720318,14.564026,-23.820372,-69.953819,-24.288029
6.468750,-12.392294,-2.722877,17.078100,-23.780922,-76.630592,-24.155491
6.475000,-6.484429,-2.725296,20.062704,-23.675642,-81.126495,-23.987839
6.481250,-0.572238,-2.727224,23.198267,-23.529089,-83.223763,-23.812696
6.487500,5.339952,-2.729224,26.182789,-23.368769,-82.815865,-23.647417
6.493750,11.249644,-2.731825,28.857454,-23.198435,-79.786034,-23.469606
6.500000,17.161440,-2.734123,29.211805,-23.025831,-76.106789,-23.280415
6.506250,23.079908,-2.735360,28.626778,-22.864403,-70.354263,-23.107382
6.512500,28.998806,-2.736280,28.576200,-22.739830,-63.022129,-22.982708
6.518750,34.911236,-2.738044,27.007076,-22.680145,-54.891090,-22.897715
6.525000,40.821598,-2.740266,24.088404,-22.679762,-46.671307,-22.844553
6.531250,46.738102,-2.741615,20.002726,-22.731285,-38.969456,-22.818727
6.537500,52.658955,-2.742115,14.912731,-22.826414,-32.327415,-22.816713
6.543750,58.576317,-2.742844,9.016948,-22.953978,-27.213884,-22.839556
6.550000,64.488174,-2.744143,2.549268,-23.100281,-22.176445,-22.861422
6.556250,70.401306,-2.745328,-4.183640,-23.231174,-19.215414,-22.873575
6.562500,76.316681,-2.746137,-10.739985,-23.342554,-17.774460,-22.885942
6.568750,82.231346,-2.746931,-16.065058,-23.466572,-17.488262,-22.895828
6.575000,88.144371,-2.747616,-21.934908,-23.569832,-18.054432,-22.927221
6.581250,94.056999,-2.748019,-26.282629,-23.645910,-19.028267,-22.957367
6.587500,98.072510,-2.748856,-29.138065,-23.697748,-19.869810,-22.987055
6.593750,101.810478,-2.750690,-30.519346,-23.730936,-22.108286,-23.022217
6.600000,104.743584,-2.752538,-30.471462,-23.749569,-23.689554,-23.065374
6.606250,106.384491,-2.753408,-29.071732,-23.754286,-24.721891,-23.115082
6.612500,106.301682,-2.753920,-26.457745,-23.746292,-25.329380,-23.169390
6.618750,104.145630,-2.755367,-22.833961,-23.725103,-25.655308,-23.224113
6.625000,99.681252,-2.757963,-18.444427,-23.690248,-23.946482,-23.275747
6.631250,92.795227,-2.760613,-13.592047,-23.644489,-21.979769,-23.336164
6.637500,83.489037,-2.763027,-8.311826,-23.584288,-19.439890,-23.323690
6.643750,71.879166,-2.766143,-2.614081,-23.489908,-18.158258,-23.293825
6.650000,58.201336,-2.770144,3.130802,-23.356461,-16.158960,-23.247770
6.656250,42.802696,-2.774056,8.441637,-23.188402,-13.844841,-23.175459
6.662500,26.113630,-2.777190,12.923218,-22.980644,-11.579442,-23.065067
6.668750,8.621018,-2.779950,16.248096,-22.723423,-9.773733,-22.910603
6.675000,-9.147488,-2.782914,18.037710,-22.432936,-8.968154,-22.744812
6.681250,-26.643942,-2.786159,20.090399,-22.126556,-7.441949,-22.579369
6.687500,-43.333755,-2.789577,20.903669,-21.814924,-6.843459,-22.421928
6.693750,-58.723366,-2.793135,20.816147,-21.530949,-7.036097,-22.291080
6.700000,-72.383270,-2.796153,20.029097,-21.258944,-7.879148,-22.230394
6.706250,-83.970909,-2.797960,18.540648,-21.004740,-9.045191,-22.201681
6.712500,-93.254860,-2.798906,16.907049,-20.814499,-9.968379,-22.226118
6.718750,-100.118492,-2.799969,15.319803,-20.711414,-10.844522,-22.329992
6.725000,-104.562080,-2.801316,13.887479,-20.703857,-11.337507,-22.503679
6.731250,-106.700905,-2.802116,12.652031,-20.791433,-13.165669,-22.760340
6.737500,-106.770790,-2.801858,11.611290,-20.962858,-14.371167,-23.100817
6.743750,-105.116859,-2.801013,10.693006,-21.221764,-15.224599,-23.490297
6.750000,-102.170517,-2.799932,9.700764,-21.597984,-15.879968,-23.890163
6.756250,-98.422630,-2.798792,9.289809,-21.965984,-16.415956,-24.261024
6.762500,-94.405869,-2.797816,9.291748,-22.370447,-17.043407,-24.602171
6.768750,-88.498611,-2.797163,9.466443,-22.805138,-17.903255,-24.894592
6.775000,-82.592529,-2.796176,9.773922,-23.251532,-16.859142,-25.120148
6.781250,-76.685890,-2.794464,10.122821,-23.690441,-15.347321,-25.267555
6.787500,-70.782692,-2.792701,10.406504,-24.102045,-12.933371,-25.328798
6.793750,-64.888145,-2.791846,10.515722,-24.468576,-9.219136,-25.299774
6.800000,-58.999611,-2.791951,10.345706,-24.774092,-3.859101,-25.178671
6.806250,-53.109673,-2.792262,9.798972,-25.005333,1.260212,-24.964638
6.812500,-47.218533,-2.792935,8.785397,-25.154425,7.724707,-24.636984
6.818750,-41.328987,-2.794776,9.378438,-25.230284,15.419820,-24.274338
6.825000,-35.438599,-2.797236,10.092694,-25.274784,22.823561,-23.875713
6.831250,-29.541016,-2.799298,9.869496,-25.210558,30.677374,-23.477011
6.837500,-23.637287,-2.801129,10.583734,-25.099943,38.185532,-23.126009
6.843750,-17.735622,-2.803976,12.014478,-24.969877,44.674885,-22.843069
6.850000,-11.835032,-2.807955,14.129592,-24.836088,51.295998,-22.625874
6.856250,-5.925462,-2.811363,16.866045,-24.708973,56.087891,-22.505091
6.862500,-0.004591,-2.813276,20.137548,-24.591877,59.248001,-22.489199
6.868750,5.918211,-2.814687,23.863974,-24.475950,60.972168,-22.569103
6.875000,11.835023,-2.816660,27.971619,-24.336962,61.523148,-22.723484
6.881250,17.748659,-2.818937,32.507030,-24.205193,61.214561,-22.896303
6.887500,23.663973,-2.820946,35.917847,-24.104052,60.234970,-23.116159
6.893750,29.581490,-2.822714,39.559757,-24.027611,58.483452,-23.360975
6.900000,35.498360,-2.824219,42.927505,-24.021090,56.717342,-23.580509
6.906250,41.414661,-2.825140,45.561153,-23.984381,55.316200,-23.740042
6.912500,47.329189,-2.825709,48.134811,-23.944389,52.662193,-23.823170
6.918750,53.237247,-2.826907,49.445606,-23.919832,50.634579,-23.822681
6.925000,59.138924,-2.829102,49.510738,-23.893175,48.950996,-23.733978
6.931250,65.040970,-2.831672,48.395138,-23.813168,47.331303,-23.556816
6.937500,70.947166,-2.834100,47.751892,-23.786299,45.426403,-23.315742
6.943750,76.854660,-2.836764,44.652756,-23.759510,42.819042,-23.051149
6.950000,82.762985,-2.839556,41.462475,-23.713785,40.902889,-22.723436
6.956250,88.676018,-2.841501,38.194035,-23.637939,37.687298,-22.367178
6.962500,94.593826,-2.842443,34.851765,-23.528040,33.595226,-22.017899
6.968750,98.612694,-2.843807,31.420858,-23.390308,28.768261,-21.700834
6.975000,102.350609,-2.846610,27.914118,-23.231636,23.304502,-21.432865
6.981250,105.283646,-2.849867,24.404625,-23.053816,17.316576,-21.221182
6.987500,106.927963,-2.852054,20.972687,-22.858017,10.903422,-21.064445
6.993750,106.854080,-2.853077,17.690689,-22.639071,4.142601,-20.945993
7.000000,104.711166,-2.854089,14.633384,-22.378586,-2.965852,-20.876844
7.006250,100.258423,-2.855982,11.806279,-22.052361,-8.493949,-20.878895
7.012500,93.379921,-2.858449,10.854966,-21.782158,-13.689600,-20.930231
7.018750,84.079147,-2.861117,10.547055,-21.555452,-18.031639,-21.012306
7.025000,72.479324,-2.863738,10.014477,-21.296564,-21.083479,-21.164324
7.031250,58.817322,-2.865982,10.803223,-21.072685,-24.371157,-21.359270
7.037500,43.432728,-2.868029,12.524135,-20.923723,-25.765396,-21.586939
7.043750,26.750254,-2.870358,14.926885,-20.883228,-26.222502,-21.876955
7.050000,9.263064,-2.872900,17.782293,-20.974413,-25.913301,-22.239767
7.056250,-8.491625,-2.874575,20.925879,-21.187630,-24.995066,-22.679836
7.062500,-25.965712,-2.874848,22.278748,-21.518425,-23.643265,-23.206673
7.068750,-42.632927,-2.874297,25.282328,-21.969645,-22.065861,-23.858866
7.075000,-58.006676,-2.873646,27.848654,-22.516825,-19.799967,-24.466930
7.081250,-71.657959,-2.872592,29.894913,-23.072945,-19.487799,-25.097948
7.087500,-83.242844,-2.870630,31.404779,-23.708899,-19.777361,-25.754457
7.093750,-92.525803,-2.867881,31.168507,-24.377583,-19.056601,-26.415468
7.100000,-99.390030,-2.864822,29.964697,-25.030598,-19.170689,-27.050608
7.106250,-103.836281,-2.861664,27.580378,-25.642534,-20.057156,-27.627230
7.112500,-105.986839,-2.858746,23.842081,-26.204929,-21.613550,-28.109612
7.118750,-106.079735,-2.856643,18.521212,-26.658564,-23.684008,-28.454824
7.125000,-104.453072,-2.855300,13.507463,-26.981651,-26.029354,-28.613449
7.131250,-101.529762,-2.853978,7.628211,-27.185616,-30.325113,-28.626286
7.137500,-97.801758,-2.852749,1.283366,-27.281305,-34.763039,-28.482821
7.143750,-93.807442,-2.852767,-5.161340,-27.274132,-39.645214,-28.176382
7.150000,-87.927017,-2.854883,-11.345131,-27.169292,-44.972023,-27.719109
7.156250,-82.046074,-2.858030,-16.949696,-26.973644,-50.655815,-27.134220
7.162500,-76.155014,-2.860801,-21.709204,-26.699574,-56.556374,-26.457472
7.168750,-70.257797,-2.863326,-25.429209,-26.365944,-62.528831,-25.742577
7.175000,-64.361526,-2.866542,-27.960470,-25.993837,-68.477623,-25.005995
7.181250,-58.465141,-2.870298,-29.205837,-25.605143,-74.534584,-24.262524
7.187500,-52.562359,-2.873623,-29.118002,-25.219141,-78.394821,-23.572649
7.193750,-46.652493,-2.876273,-27.689737,-24.837376,-81.515831,-22.978807
7.200000,-40.741108,-2.878753,-26.858421,-24.456211,-83.292847,-22.509712
7.206250,-34.829212,-2.880954,-23.435955,-24.152895,-83.113884,-22.121349
7.212500,-28.914070,-2.882432,-19.219889,-23.906507,-82.373337,-21.862656
7.218750,-22.997999,-2.883618,-14.480508,-23.723537,-79.941589,-21.758892
7.225000,-17.085878,-2.885346,-9.495850,-23.592575,-75.631058,-21.782888
7.231250,-11.175622,-2.887492,-4.555305,-23.501755,-69.882874,-21.913363
7.237500,-5.260285,-2.889037,-0.064910,-23.461477,-63.214008,-22.120758
7.243750,0.659843,-2.889729,5.779206,-23.468275,-56.166832,-22.356680
7.250000,6.578068,-2.890322,11.435914,-23.503168,-49.313114,-22.531576
7.256250,12.491029,-2.891269,17.168114,-23.555191,-43.991005,-22.779116
7.262500,18.401907,-2.892450,21.281982,-23.630630,-38.131332,-23.008862
7.268750,24.312191,-2.893908,25.614229,-23.726753,-33.409851,-23.162230
7.275000,30.220184,-2.896254,30.138863,-23.776138,-29.888092,-23.237083
7.281250,36.127449,-2.899480,34.356335,-23.801405,-27.604084,-23.238811
7.287500,42.039913,-2.902473,37.882767,-23.796106,-26.389359,-23.169338
7.293750,47.961174,-2.904176,40.623798,-23.731714,-26.001722,-23.033737
7.300000,53.886227,-2.904785,42.670643,-23.640352,-26.208267,-22.847687
7.306250,59.807373,-2.905188,44.334694,-23.529612,-26.774448,-22.633074
7.312500,65.720840,-2.906251,45.535648,-23.389318,-27.462872,-22.413937
7.318750,71.629379,-2.908211,46.480846,-23.229790,-28.119211,-22.206451
7.325000,77.537842,-2.910735,45.608658,-23.051813,-28.709412,-22.016026
7.331250,83.452011,-2.912766,45.060066,-22.840513,-29.116396,-21.869764
7.337500,89.372566,-2.913682,44.531715,-22.624464,-29.285028,-21.790138
7.343750,95.293304,-2.913984,43.778820,-22.427099,-29.316072,-21.781893
7.350000,99.313789,-2.914712,42.710850,-22.259827,-27.473951,-21.820946
7.356250,103.055893,-2.916119,41.281429,-22.125370,-25.456213,-21.916605
7.362500,105.991943,-2.917781,39.442261,-22.022203,-22.514212,-22.088175
7.368750,107.633194,-2.919175,37.141907,-21.940825,-20.642071,-22.300875
7.375000,107.550278,-2.920368,34.311375,-21.871511,-18.167891,-22.523382
7.381250,105.400818,-2.921627,32.976727,-21.813372,-15.291001,-22.721920
7.387500,100.946762,-2.923345,31.523647,-21.797504,-12.305918,-22.892118
7.393750,94.066483,-2.925895,30.136539,-21.795052,-7.442128,-23.033894
7.400000,84.762756,-2.928949,29.056318,-21.797861,-2.214277,-23.128025
7.406250,73.163078,-2.931531,28.643677,-21.825346,1.770325,-23.166439
7.412500,59.504902,-2.933025,28.945631,-21.891523,6.323237,-23.150158
7.418750,44.123070,-2.934112,29.893507,-22.007010,11.076064,-23.085531
7.425000,27.438862,-2.935594,31.350616,-22.179964,15.665310,-22.984407
7.431250,9.946711,-2.937373,33.159218,-22.413692,19.772360,-22.854650
7.437500,-7.813994,-2.938768,35.156765,-22.703014,23.148113,-22.687162
7.443750,-25.298460,-2.939847,39.350147,-23.027891,25.560036,-22.483978
7.450000,-41.977036,-2.941046,42.287304,-23.370216,26.573864,-22.296949
7.456250,-57.356060,-2.941812,45.537636,-23.792448,26.042908,-22.141495
7.462500,-71.004112,-2.941376,48.912148,-24.282095,24.041101,-22.029362
7.468750,-82.584404,-2.940019,52.239120,-24.849350,20.671919,-21.970716
7.475000,-91.866592,-2.938760,55.455849,-25.415195,16.150362,-21.959103
7.481250,-98.729126,-2.937552,58.324333,-25.996082,10.785003,-21.988329
7.487500,-103.166977,-2.935597,58.532272,-26.590336,4.873868,-22.056667
7.493750,-105.301231,-2.932871,57.626949,-27.178123,-1.155495,-22.152046
7.500000,-105.376770,-2.930577,55.093040,-27.718508,-6.696160,-22.262911
7.506250,-103.736099,-2.929245,52.598724,-28.189346,-11.016313,-22.392036
7.512500,-100.800766,-2.928091,48.179478,-28.593580,-13.530961,-22.518333
7.518750,-97.058907,-2.926767,42.135960,-28.900734,-13.697927,-22.621944
7.525000,-93.048325,-2.926152,34.803463,-29.095530,-10.972682,-22.698959
7.531250,-87.150475,-2.926812,26.487839,-29.179743,-6.984514,-22.742281
7.537500,-81.254967,-2.928238,17.552353,-29.166668,-1.711624,-22.725264
7.543750,-75.356873,-2.929750,8.561743,-29.023869,6.141076,-22.662676
7.550000,-69.458847,-2.931827,-0.025405,-28.777679,15.581848,-22.571369
7.556250,-63.563580,-2.935000,-7.941057,-28.461044,25.712158,-22.469719
7.562500,-57.667179,-2.938793,-16.592842,-28.091377,35.658215,-22.380838
7.568750,-51.764866,-2.942374,-23.806341,-27.675003,44.621201,-22.322762
7.575000,-45.856571,-2.945479,-29.468399,-27.256203,52.089085,-22.252382
7.581250,-39.945511,-2.948112,-33.418953,-26.846697,57.287453,-22.206114
7.587500,-34.032681,-2.950003,-35.901535,-26.451403,61.722248,-22.202574
7.593750,-28.118696,-2.951124,-37.094204,-26.081762,63.722816,-22.245754
7.600000,-22.208115,-2.952168,-37.080399,-25.742989,63.656391,-22.328865
7.606250,-16.303167,-2.953774,-35.959709,-25.438234,61.962929,-22.438648
7.612500,-10.400497,-2.955508,-33.873550,-25.163155,59.118279,-22.559109
7.618750,-4.495814,-2.956741,-31.004345,-24.912056,55.575535,-22.692436
7.625000,1.408447,-2.957874,-27.619514,-24.680420,51.726788,-22.864698
7.631250,7.307613,-2.959666,-21.847832,-24.467085,47.984486,-23.034468
7.637500,13.202806,-2.962205,-17.234999,-24.261158,44.200939,-23.157244
7.643750,19.098316,-2.964841,-11.890052,-24.022570,41.125042,-23.257990
7.650000,24.994818,-2.967664,-6.169310,-23.710812,38.790642,-23.341047
7.656250,30.888653,-2.971477,-0.918304,-23.407457,36.984207,-23.422188
7.662500,36.780319,-2.976629,3.296480,-23.100826,35.389519,-23.504778
7.668750,42.676098,-2.982275,8.439841,-22.788191,33.737869,-23.584846
7.675000,48.581699,-2.987375,12.748818,-22.479338,33.602722,-23.668507
7.681250,54.496010,-2.991452,16.364996,-22.193563,32.975533,-23.765406
7.687500,60.413383,-2.994880,19.492033,-21.954689,31.960394,-23.885084
7.693750,66.331497,-2.997924,22.415726,-21.771509,30.640127,-24.039654
7.700000,72.249893,-3.000453,23.652378,-21.635185,29.065197,-24.260868
7.706250,78.169312,-3.002344,25.046267,-21.559210,27.241646,-24.485458
7.712500,84.088722,-3.003684,26.286509,-21.540213,24.318041,-24.689968
7.718750,90.006958,-3.004461,27.154545,-21.561995,22.934130,-24.933535
7.725000,95.924103,-3.004634,27.257992,-21.659208,21.445778,-25.208664
7.731250,99.944641,-3.004296,26.343845,-21.812130,20.141821,-25.492599
7.737500,103.686768,-3.004103,24.401121,-21.991642,19.157948,-25.755041
7.743750,106.616432,-3.004709,23.428995,-22.171608,18.576283,-25.954149
7.750000,108.243660,-3.006305,21.863842,-22.333340,18.378834,-26.055317
7.756250,108.146858,-3.008220,19.988911,-22.464661,18.224707,-26.097618
7.762500,105.988358,-3.008799,18.021013,-22.567129,18.103889,-26.051424
7.768750,101.505379,-3.011092,16.155745,-22.637575,18.045855,-25.905563
7.775000,94.618759,-3.014548,14.635240,-22.673105,17.914988,-25.662073
7.781250,85.309372,-3.018889,13.613332,-22.681934,17.569042,-25.336342
7.787500,73.705750,-3.022954,13.146054,-22.677078,16.888384,-24.954285
7.793750,60.047523,-3.026136,13.256213,-22.670982,15.836250,-24.541416
7.800000,44.668514,-3.028867,13.929552,-22.675097,14.512838,-24.084564
7.806250,27.993032,-3.031291,15.142843,-22.690714,13.061915,-23.574598
7.812500,10.514682,-3.033042,14.941049,-22.717960,11.528898,-23.071705
7.818750,-7.233031,-3.033668,16.922449,-22.771122,8.870369,-22.643290
7.825000,-24.707767,-3.033776,18.970060,-22.878143,6.646791,-22.281570
7.831250,-41.380444,-3.033786,20.880884,-23.062408,4.804418,-21.991224
7.837500,-56.755650,-3.033154,22.587782,-23.357344,3.422498,-21.770538
7.843750,-70.403313,-3.031192,24.016182,-23.692673,2.657175,-21.620623
7.850000,-81.988411,-3.028784,25.703489,-24.066835,2.603711,-21.551731
7.856250,-91.280525,-3.027012,26.848732,-24.496534,1.190918,-21.561707
7.862500,-98.154594,-3.025807,27.524794,-24.966778,-0.061328,-21.638918
7.868750,-102.602821,-3.023950,25.890175,-25.446985,-1.467904,-21.766365
7.875000,-104.746010,-3.021204,23.577810,-25.914854,-3.284899,-21.917669
7.881250,-104.827530,-3.018542,22.102215,-26.368710,-5.697494,-22.037703
7.887500,-103.192558,-3.016480,19.685104,-26.782486,-8.801038,-22.167839
7.893750,-100.263557,-3.014595,16.513700,-27.137547,-11.644447,-22.307018
7.900000,-96.529739,-3.012856,12.782097,-27.404139,-14.579109,-22.395306
7.906250,-92.527336,-3.012156,8.770524,-27.558054,-17.483265,-22.441563
7.912500,-86.634911,-3.012753,4.599196,-27.607086,-20.073215,-22.457354
7.918750,-80.739540,-3.012753,0.466482,-27.607086,-21.951591,-22.457354
7.925000,-80.739540,-3.012753,0.466482,-27.607086,-21.951591,-22.457354
7.931250,-80.739540,-3.012753,0.466482,-27.607086,-21.951591,-22.457354
7.937500,-80.739540,-3.012753,0.466482,-27.607086,-21.951591,-22.457354
7.943750,-80.739540,-3.012753,0.466482,-27.607086,-21.951591,-22.457354
7.950000,-80.739540,-3.012753,0.466482,-27.607086,-21.951591,-22.457354
7.956250,-80.739540,-3.012753,0.466482,-27.607086,-21.951591,-22.457354
7.962500,-80.739540,-3.012753,0.466482,-27.607086,-21.951591,-22.457354
7.968750,-80.739540,-3.012753,0.466482,-27.607086,-21.951591,-22.457354
7.975000,-80.739540,-3.012753,0.466482,-27.607086,-21.951591,-22.457354
7.981250,-80.739540,-3.012753,0.466482,-27.607086,-21.951591,-22.457354
7.987500,-80.739540,-3.012753,0.466482,-27.607086,-21.951591,-22.457354
7.993750,-80.739540,-3.012753,0.466482,-27.607086,-21.951591,-22.457354
8.000000,-80.739540,-3.012753,0.466482,-27.607086,-21.951591,-22.457354
