Anritsu VNA Frequency[GHz],S21[deg],S21[dB],S11[deg],S11[dB],S22[deg],S22[dB]
1338076602.9,2012_05_27_00:56:42,+40.866,+10.268,+55.738,+10.285,+13.927,+13.737,+14.035,+13.788,10.388419,-17.942
3.006250,34.007870,-1.750916,59.259373,-26.643831,-80.166969,-27.451220
3.012500,34.007870,-1.750916,59.259373,-26.643831,-80.166969,-27.451220
3.018750,34.007870,-1.750916,59.259373,-26.643831,-80.166969,-27.451220
3.025000,34.007870,-1.750916,59.259373,-26.643831,-80.166969,-27.451220
3.031250,34.007870,-1.750916,59.259373,-26.643831,-80.166969,-27.451220
3.037500,34.007870,-1.750916,59.259373,-26.643831,-80.166969,-27.451220
3.043750,34.007870,-1.750916,59.259373,-26.643831,-80.166969,-27.451220
3.050000,34.007870,-1.750916,59.259373,-26.643831,-80.166969,-27.451220
3.056250,34.007870,-1.750916,59.259373,-26.643831,-80.166969,-27.451220
3.062500,34.007870,-1.750916,59.259373,-26.643831,-80.166969,-27.451220
3.068750,34.007870,-1.750916,59.259373,-26.643831,-80.166969,-27.451220
3.075000,34.007870,-1.750916,59.259373,-26.643831,-80.166969,-27.451220
3.081250,34.007870,-1.750916,59.259373,-26.643831,-80.166969,-27.451220
3.087500,34.007870,-1.750916,59.259373,-26.643831,-80.166969,-27.451220
3.093750,34.007870,-1.752827,59.259373,-26.441984,-80.166969,-27.203222
3.100000,39.914768,-1.755060,56.574169,-26.289463,-82.187782,-26.973053
3.106250,45.821712,-1.757329,53.007607,-26.208591,-82.584671,-26.761213
3.112500,51.729103,-1.759647,48.921124,-26.219929,-81.009590,-26.541014
3.118750,57.635670,-1.762129,42.915840,-26.263313,-79.295067,-26.242161
3.125000,63.541145,-1.764735,38.110481,-26.306965,-75.251190,-25.981913
3.131250,69.446281,-1.767478,33.720253,-26.378435,-69.090508,-25.693823
3.137500,75.350334,-1.770528,30.000870,-26.478098,-61.205486,-25.368986
3.143750,81.252838,-1.774100,27.158409,-26.597858,-51.785721,-25.015776
3.150000,87.155983,-1.777953,25.377951,-26.722965,-40.984234,-24.646242
3.156250,93.062485,-1.781578,24.777403,-26.839352,-28.976845,-24.279181
3.162500,97.076385,-1.784879,25.422148,-26.933569,-15.962534,-23.938480
3.168750,100.817360,-1.788305,27.330919,-26.998100,-4.045813,-23.672401
3.175000,103.751740,-1.791956,30.548136,-27.010262,8.227982,-23.425802
3.181250,105.389084,-1.795673,33.312031,-26.958305,20.746378,-23.202440
3.187500,105.304062,-1.799234,37.095367,-26.858946,32.224964,-23.033424
3.193750,103.155739,-1.802502,41.191967,-26.724342,42.236526,-22.934324
3.200000,98.706215,-1.805461,45.028664,-26.562147,50.449825,-22.908817
3.206250,91.833801,-1.808020,48.123348,-26.382849,56.583858,-22.957161
3.212500,82.536583,-1.810392,50.058720,-26.200363,60.440956,-23.087116
3.218750,70.935043,-1.812987,50.522221,-26.024849,61.920197,-23.281219
3.225000,57.267536,-1.815429,51.516666,-25.850407,60.766949,-23.484680
3.231250,41.877037,-1.817335,51.575165,-25.677237,57.267574,-23.706385
3.237500,25.188715,-1.818980,49.211445,-25.505255,53.533295,-23.937271
3.243750,7.690749,-1.820880,46.534946,-25.312534,48.067867,-24.155174
3.250000,-10.084144,-1.823361,43.407803,-25.139046,41.536896,-24.340809
3.256250,-27.585690,-1.825983,39.487480,-24.997467,34.533672,-24.493095
3.262500,-44.278637,-1.828268,35.001575,-24.871126,27.706720,-24.601139
3.268750,-59.672436,-1.830232,29.893761,-24.756481,21.734123,-24.656139
3.275000,-73.343269,-1.832308,24.042761,-24.652487,17.162258,-24.658043
3.281250,-84.951096,-1.834755,17.338810,-24.550173,14.432646,-24.614576
3.287500,-94.256996,-1.837570,9.692197,-24.436558,13.840390,-24.539267
3.293750,-101.136826,-1.840466,1.066278,-24.273348,15.543546,-24.432570
3.300000,-105.590416,-1.843274,-6.364241,-24.105770,19.580339,-24.296412
3.306250,-107.738770,-1.845866,-15.019191,-23.971504,25.808014,-24.156527
3.312500,-107.819725,-1.848133,-23.675850,-23.850950,33.931747,-24.044716
3.318750,-106.174812,-1.850291,-32.045372,-23.751833,43.568913,-23.981842
3.325000,-103.231621,-1.852267,-39.862934,-23.691202,54.271626,-23.978483
3.331250,-99.481369,-1.853872,-46.872608,-23.695108,65.520302,-24.037750
3.337500,-95.457146,-1.855096,-52.892677,-23.827328,76.735985,-24.157633
3.343750,-89.537857,-1.855988,-57.921089,-23.988216,87.340225,-24.323236
3.350000,-83.619156,-1.856461,-62.360775,-24.209742,97.086746,-24.479542
3.356250,-77.701118,-1.856656,-65.792908,-24.535156,105.695175,-24.679699
3.362500,-71.785065,-1.856696,-66.513359,-24.985250,111.953995,-24.930780
3.368750,-65.871002,-1.856426,-66.163773,-25.541798,115.993507,-25.222008
3.375000,-59.957512,-1.855653,-64.620773,-26.177828,117.415871,-25.597500
3.381250,-54.046261,-1.854487,-61.899181,-26.859533,116.050499,-25.933298
3.387500,-48.141258,-1.853704,-58.091721,-27.548002,112.525772,-26.255915
3.393750,-42.242592,-1.853747,-53.358307,-28.198957,106.287460,-26.558319
3.400000,-36.346241,-1.854131,-47.918934,-28.769543,97.895584,-26.832695
3.406250,-30.449045,-1.854358,-42.110485,-29.238758,88.356842,-27.110188
3.412500,-24.552401,-1.854740,-36.257645,-29.581749,78.333443,-27.356714
3.418750,-18.660435,-1.855986,-28.425926,-29.776419,66.465691,-27.551428
3.425000,-12.771640,-1.858186,-22.158142,-29.818747,55.043064,-27.688114
3.431250,-6.879973,-1.860543,-15.602615,-29.723740,44.498806,-27.773188
3.437500,-0.983945,-1.862771,-9.016227,-29.476238,35.287140,-27.810135
3.443750,4.911458,-1.865606,-2.420756,-29.073858,28.087954,-27.747787
3.450000,10.805400,-1.869376,3.665432,-28.562044,21.185139,-27.614807
3.456250,16.703581,-1.873293,9.080070,-27.980087,16.354761,-27.424847
3.462500,22.610365,-1.876584,13.818018,-27.371300,13.304107,-27.179928
3.468750,28.522469,-1.879230,17.960941,-26.781956,11.719845,-26.877445
3.475000,34.434696,-1.881591,21.618734,-26.277281,11.247071,-26.533010
3.481250,40.346718,-1.883866,25.050604,-25.809908,11.495075,-26.161337
3.487500,46.257881,-1.886127,26.991871,-25.410051,12.100903,-25.757147
3.493750,52.167660,-1.888843,28.830809,-25.113722,12.623683,-25.327660
3.500000,58.076630,-1.891973,30.395237,-24.926184,12.630073,-24.884714
3.506250,63.988487,-1.894894,31.580769,-24.833015,11.789695,-24.438370
3.512500,69.904549,-1.897054,32.296997,-24.799850,9.831899,-23.997999
3.518750,75.820671,-1.898998,32.517975,-24.737022,6.555069,-23.568432
3.525000,81.730583,-1.901858,32.397381,-24.721798,1.805377,-23.156176
3.531250,87.636002,-1.905844,32.527225,-24.709888,-2.391600,-22.775421
3.537500,93.543686,-1.910090,32.532677,-24.665216,-7.494140,-22.442671
3.543750,97.562210,-1.914061,32.672699,-24.578922,-13.075816,-22.153553
3.550000,101.310570,-1.918269,33.281387,-24.423473,-18.853220,-21.871658
3.556250,104.251717,-1.923147,32.802197,-24.199865,-24.352312,-21.545187
3.562500,105.897964,-1.928342,32.941013,-23.937593,-29.282957,-21.303236
3.568750,105.828018,-1.932718,33.353233,-23.663578,-32.425636,-21.132399
3.575000,103.702072,-1.935730,33.764641,-23.404673,-34.789864,-21.033422
3.581250,99.276688,-1.937692,33.890354,-23.195530,-36.104977,-21.019575
3.587500,92.425758,-1.939226,33.469360,-23.071455,-36.393112,-21.051872
3.593750,83.149521,-1.940314,32.398346,-23.022163,-35.522003,-21.152386
3.600000,71.573425,-1.940333,30.611158,-23.059908,-33.339317,-21.335522
3.606250,57.935005,-1.938976,29.959898,-23.197983,-30.004120,-21.595329
3.612500,42.569572,-1.936745,28.988474,-23.422783,-25.791832,-21.905342
3.618750,25.900806,-1.934100,28.105913,-23.750500,-21.097704,-22.240931
3.625000,8.423256,-1.930787,27.424215,-24.192575,-16.705791,-22.643457
3.631250,-9.329860,-1.926594,27.548800,-24.711805,-10.816039,-23.076700
3.637500,-26.814867,-1.922094,28.783983,-25.272333,-5.151879,-23.511396
3.643750,-43.503456,-1.917917,31.269676,-25.837255,0.262628,-23.927641
3.650000,-58.902359,-1.914448,33.142563,-26.361467,5.339518,-24.308649
3.656250,-72.581474,-1.911563,35.962082,-26.770012,9.990685,-24.637487
3.662500,-84.199074,-1.909389,38.905437,-27.108242,14.122804,-24.909588
3.668750,-93.517700,-1.908161,42.891918,-27.354664,17.592819,-25.131519
3.675000,-100.413582,-1.907547,46.241302,-27.480928,20.317223,-25.301430
3.681250,-104.884506,-1.907113,48.686031,-27.484190,22.239197,-25.417995
3.687500,-107.053375,-1.907157,49.982300,-27.377701,23.283291,-25.484394
3.693750,-107.160973,-1.908464,49.982307,-27.187325,23.396185,-25.509432
3.700000,-105.546051,-1.910900,48.690529,-26.918619,22.586256,-25.504408
3.706250,-102.629082,-1.913539,46.264339,-26.589495,20.983347,-25.461681
3.712500,-98.900742,-1.915956,42.686443,-26.239225,18.804541,-25.375046
3.718750,-94.898590,-1.918650,36.248901,-25.895212,16.204485,-25.249489
3.725000,-89.003319,-1.922024,28.879477,-25.573019,13.510428,-25.101065
3.731250,-83.106461,-1.925419,20.307966,-25.317156,11.326777,-24.967737
3.737500,-77.204239,-1.928382,12.473614,-25.151255,10.069116,-24.861761
3.743750,-71.299896,-1.931035,4.122899,-25.061052,10.149358,-24.805803
3.750000,-65.396469,-1.933774,-4.188584,-25.034632,10.151752,-24.714725
3.756250,-59.494530,-1.936516,-12.065398,-25.067293,10.073676,-24.608763
3.762500,-53.591164,-1.939008,-19.086138,-25.137939,11.232433,-24.489058
3.768750,-47.687874,-1.941476,-24.808729,-25.211039,13.371870,-24.403337
3.775000,-41.786072,-1.944270,-29.006557,-25.297602,16.030125,-24.341059
3.781250,-35.884590,-1.947130,-31.568718,-25.384890,18.609394,-24.286640
3.787500,-29.981510,-1.949694,-32.143017,-25.452618,20.747887,-24.233191
3.793750,-24.078392,-1.952332,-30.642790,-25.514887,22.136456,-24.184296
3.800000,-18.177065,-1.955375,-28.992426,-25.516939,22.577528,-24.132420
3.806250,-12.276612,-1.958721,-24.839138,-25.432112,22.090458,-24.041950
3.812500,-6.374541,-1.962244,-19.698112,-25.300400,20.538786,-23.919863
3.818750,-0.472149,-1.966094,-14.113967,-25.139048,17.811148,-23.777554
3.825000,5.430828,-1.970290,-8.624232,-24.962271,14.038465,-23.622002
3.831250,11.337931,-1.974117,-1.576249,-24.784536,9.487779,-23.464180
3.837500,17.248600,-1.977402,5.212797,-24.619902,4.482946,-23.340876
3.843750,23.158415,-1.980817,11.899813,-24.463816,-0.638526,-23.205662
3.850000,29.065653,-1.984701,16.797380,-24.309875,-6.560055,-23.041328
3.856250,34.973801,-1.988438,21.585922,-24.167864,-12.091255,-22.887489
3.862500,40.886257,-1.991454,25.841299,-24.036032,-17.213125,-22.752502
3.868750,46.797916,-1.994349,29.235447,-23.901030,-21.904278,-22.633236
3.875000,52.702679,-1.998294,31.448753,-23.741020,-26.189011,-22.518791
3.881250,58.603516,-2.003486,32.127716,-23.561588,-30.139534,-22.393091
3.887500,64.507980,-2.008798,30.872904,-23.364851,-33.939140,-22.260817
3.893750,70.419075,-2.013672,27.614532,-23.132883,-37.843513,-22.127007
3.900000,76.331833,-2.018809,24.431475,-22.855457,-41.988476,-21.983587
3.906250,82.241364,-2.024992,19.869848,-22.532204,-44.675785,-21.828903
3.912500,88.151161,-2.032172,14.399535,-22.164873,-47.773232,-21.658884
3.918750,94.067589,-2.039703,8.485514,-21.760849,-50.991505,-21.460405
3.925000,98.097763,-2.047052,2.495771,-21.347509,-54.090271,-21.206263
3.931250,101.862915,-2.054004,-3.227505,-20.950466,-57.124077,-20.985767
3.937500,104.828926,-2.060462,-8.257677,-20.590141,-57.906658,-20.795408
3.943750,106.503159,-2.066252,-12.269977,-20.289097,-57.510021,-20.643778
3.950000,106.459610,-2.070886,-15.041469,-20.069387,-55.466164,-20.544502
3.956250,104.357239,-2.073824,-16.449348,-19.949701,-51.420311,-20.513189
3.962500,99.956284,-2.075025,-16.435173,-19.939329,-45.123936,-20.561995
3.968750,93.131325,-2.074801,-14.995905,-20.036423,-36.436794,-20.699408
3.975000,83.879433,-2.073219,-14.079628,-20.207439,-25.366484,-20.936399
3.981250,72.321739,-2.070373,-9.994650,-20.501265,-12.071081,-21.300213
3.987500,58.693546,-2.066416,-5.653567,-20.902346,1.831830,-21.706503
3.993750,43.333817,-2.061666,-0.378105,-21.367136,16.998884,-22.215540
4.000000,26.668634,-2.056282,5.190310,-21.891224,32.632786,-22.834383
4.006250,9.190308,-2.050252,10.702591,-22.458130,47.862247,-23.593927
4.012500,-8.570739,-2.044109,15.889065,-23.040062,61.627979,-24.352251
4.018750,-26.070135,-2.038706,20.501926,-23.603987,74.588509,-25.084738
4.025000,-42.773777,-2.034205,24.253750,-24.134651,84.810410,-25.827595
4.031250,-58.185394,-2.030242,29.007593,-24.622393,93.196709,-26.584253
4.037500,-71.875961,-2.026876,31.393379,-25.046289,98.873466,-27.301371
4.043750,-83.507858,-2.024745,33.454384,-25.393501,102.128052,-27.948959
4.050000,-92.842461,-2.024029,35.043869,-25.663969,103.357231,-28.510220
4.056250,-99.751511,-2.023704,36.091858,-25.848316,103.087990,-28.975857
4.062500,-104.232841,-2.023143,36.676697,-25.928404,100.122421,-29.312601
4.068750,-106.414513,-2.023363,36.737251,-25.921621,96.860405,-29.506994
4.075000,-106.538460,-2.025495,36.295578,-25.844870,93.360802,-29.566717
4.081250,-104.938782,-2.028895,35.531315,-25.711832,89.852081,-29.496161
4.087500,-102.032722,-2.032146,34.699142,-25.531223,84.495796,-29.296410
4.093750,-98.312248,-2.034707,34.104061,-25.311848,79.019569,-28.973305
4.100000,-94.319679,-2.037519,32.163666,-25.068628,73.278435,-28.547894
4.106250,-88.436363,-2.041176,30.873856,-24.805971,67.172119,-28.058487
4.112500,-82.553314,-2.045370,30.137602,-24.515635,60.786789,-27.463795
4.118750,-76.667206,-2.049801,29.696529,-24.213514,54.287796,-26.799129
4.125000,-70.779755,-2.054849,29.261250,-23.915394,47.415447,-26.104944
4.131250,-64.891068,-2.060483,28.661924,-23.630390,40.316563,-25.411352
4.137500,-58.997551,-2.066183,27.785801,-23.361582,33.187054,-24.741442
4.143750,-53.097878,-2.071551,26.548090,-23.108469,26.241997,-24.112772
4.150000,-47.195385,-2.076913,24.862833,-22.869608,19.670637,-23.538195
4.156250,-41.292530,-2.082669,24.825235,-22.641335,13.648334,-23.018129
4.162500,-35.388195,-2.088774,25.026888,-22.414476,8.314993,-22.566259
4.168750,-29.480333,-2.094993,24.066139,-22.175404,5.377461,-22.183800
4.175000,-23.568621,-2.101315,23.769974,-21.944016,2.285436,-21.869951
4.181250,-17.653118,-2.107552,23.959999,-21.725525,0.739709,-21.618174
4.187500,-11.732900,-2.113487,24.439247,-21.524834,0.627865,-21.368544
4.193750,-5.808284,-2.119015,24.984043,-21.348240,1.990393,-21.229250
4.200000,0.120259,-2.123980,25.365732,-21.203438,2.937625,-21.174055
4.206250,6.052007,-2.128033,25.368372,-21.097567,4.133133,-21.180958
4.212500,11.986259,-2.131020,24.826660,-21.027807,6.609912,-21.206915
4.218750,17.919477,-2.133220,25.804127,-20.983538,8.139020,-21.256126
4.225000,23.848936,-2.135205,24.891541,-20.960224,8.713654,-21.329363
4.231250,29.774374,-2.137028,24.067389,-20.946293,8.188540,-21.412338
4.237500,35.697289,-2.138611,23.123287,-20.941183,6.395201,-21.482101
4.243750,41.617825,-2.139966,21.723133,-20.961735,5.251023,-21.548433
4.250000,47.537231,-2.140945,19.708557,-20.992773,3.137933,-21.610279
4.256250,53.454662,-2.141529,16.935301,-21.016699,0.580552,-21.651321
4.262500,59.367569,-2.142221,13.171162,-21.019159,-2.008695,-21.660517
4.268750,65.273659,-2.143646,8.216711,-20.989334,-4.273477,-21.627296
4.275000,71.172974,-2.146257,1.892681,-20.920143,-5.902996,-21.545153
4.281250,77.071838,-2.149518,-3.796768,-20.799208,-6.624541,-21.401285
4.287500,82.972885,-2.153187,-10.380052,-20.623928,-6.239336,-21.167732
4.293750,88.873260,-2.158001,-17.601711,-20.417126,-4.846367,-20.914057
4.300000,94.772995,-2.164204,-25.085989,-20.180645,-2.716861,-20.643055
4.306250,98.784927,-2.170551,-32.391785,-19.917753,0.340601,-20.351891
4.312500,102.535660,-2.176061,-39.201130,-19.639297,4.119855,-20.050434
4.318750,105.487091,-2.181050,-45.244678,-19.359694,8.355552,-19.752028
4.325000,107.139633,-2.186512,-50.319077,-19.100105,12.742512,-19.474529
4.331250,107.068359,-2.192325,-54.277729,-18.883528,16.969147,-19.232773
4.337500,104.939545,-2.197421,-57.024197,-18.755407,20.764584,-19.029310
4.343750,100.517029,-2.201303,-58.563519,-18.631689,23.908087,-18.807463
4.350000,93.674690,-2.204221,-57.932827,-18.577991,25.934643,-18.689716
4.356250,84.410088,-2.206032,-55.992714,-18.630665,28.493711,-18.657127
4.362500,72.845795,-2.206253,-52.549545,-18.789099,30.352278,-18.720230
4.368750,59.216251,-2.205231,-47.695927,-19.045450,31.865297,-18.905279
4.375000,43.855572,-2.203825,-41.633381,-19.386484,33.289196,-19.153450
4.381250,27.191507,-2.201916,-34.638607,-19.791166,34.658768,-19.445526
4.387500,9.720388,-2.198909,-27.033669,-20.233347,36.786564,-19.788885
4.393750,-8.026608,-2.195027,-19.233002,-20.696386,37.997738,-20.211554
4.400000,-25.510088,-2.191489,-11.694203,-21.167509,39.847385,-20.688980
4.406250,-42.196960,-2.188451,-2.620610,-21.629025,41.920353,-21.194696
4.412500,-57.588959,-2.185076,4.404671,-22.067406,43.921730,-21.710251
4.418750,-71.258385,-2.181452,11.224944,-22.476477,45.636883,-22.222202
4.425000,-82.869476,-2.178532,17.667824,-22.795956,46.980198,-22.682526
4.431250,-92.186737,-2.176699,23.561710,-23.024538,47.965729,-23.063322
4.437500,-99.082512,-2.175250,28.518753,-23.174007,48.357559,-23.361267
4.443750,-103.554253,-2.174000,32.489132,-23.251736,48.155235,-23.569399
4.450000,-105.727890,-2.173830,35.539547,-23.259583,47.487175,-23.680513
4.456250,-105.841553,-2.175200,37.798569,-23.202242,46.523769,-23.692995
4.462500,-104.229576,-2.177280,39.468044,-23.089937,45.445667,-23.613405
4.468750,-101.315300,-2.179690,40.837101,-22.941866,44.475830,-23.463882
4.475000,-97.593491,-2.182873,40.390030,-22.756622,43.909401,-23.229603
4.481250,-93.598740,-2.186869,40.291012,-22.527723,42.475891,-22.897783
4.487500,-87.704163,-2.190857,40.202629,-22.287109,41.703930,-22.514643
4.493750,-81.804352,-2.194506,39.934875,-22.056143,41.294426,-22.109911
4.500000,-75.905418,-2.199019,39.422287,-21.845978,41.030273,-21.705133
4.506250,-70.009644,-2.205105,38.638718,-21.657158,40.704029,-21.314901
4.512500,-64.108932,-2.211583,37.576504,-21.477140,40.097538,-20.948492
4.518750,-58.195244,-2.217010,36.236877,-21.253843,38.963974,-20.615448
4.525000,-52.272854,-2.221471,34.629444,-21.067081,36.986866,-20.351744
4.531250,-46.351254,-2.226193,33.879955,-20.928835,33.717445,-20.145037
4.537500,-40.431652,-2.231517,33.453865,-20.795389,30.515343,-19.973394
4.543750,-34.506397,-2.236562,31.942343,-20.655163,25.885023,-19.847826
4.550000,-28.572611,-2.240628,31.077347,-20.535038,20.148401,-19.744564
4.556250,-22.633106,-2.243774,30.565847,-20.457220,13.699212,-19.722424
4.562500,-16.692337,-2.246447,30.191063,-20.441124,7.261694,-19.798748
4.568750,-10.750512,-2.248574,29.726612,-20.512207,0.809631,-19.972403
4.575000,-4.805621,-2.249901,28.944235,-20.726944,-5.484749,-20.188046
4.581250,1.142602,-2.250072,27.654882,-21.008638,-11.294468,-20.458342
4.587500,7.091452,-2.248993,24.609446,-21.374664,-16.119497,-20.795584
4.593750,13.038644,-2.246986,22.665104,-21.844881,-19.774422,-21.192575
4.600000,18.981863,-2.244189,19.948181,-22.423346,-22.211525,-21.629169
4.606250,24.921246,-2.240368,16.344519,-23.175472,-23.571093,-22.116516
4.612500,30.856079,-2.235621,12.768694,-23.965807,-24.124775,-22.644989
4.618750,36.781445,-2.230930,8.585807,-24.828533,-23.940344,-23.192535
4.625000,42.694775,-2.227016,4.134838,-25.743931,-23.299040,-23.743849
4.631250,48.601753,-2.223296,-0.294074,-26.678581,-22.522022,-24.285168
4.637500,54.507469,-2.218753,-4.437967,-27.589403,-21.970516,-24.799772
4.643750,60.408356,-2.213908,-8.048874,-28.423506,-22.007019,-25.252523
4.650000,66.295937,-2.210317,-12.821652,-29.120083,-22.984154,-25.595377
4.656250,72.168945,-2.208807,-14.890873,-29.651272,-25.282494,-25.836395
4.662500,78.036140,-2.208870,-16.302664,-30.008478,-27.476627,-25.996754
4.668750,83.902351,-2.210196,-16.924856,-30.161135,-30.944221,-26.049856
4.675000,89.768097,-2.213026,-16.781006,-30.096794,-35.449272,-25.987642
4.681250,93.739723,-2.217204,-16.001106,-29.817978,-40.785938,-25.810711
4.687500,97.442497,-2.222111,-14.788197,-29.348240,-46.733345,-25.530201
4.693750,100.343048,-2.227998,-13.386530,-28.725445,-53.023846,-25.157831
4.700000,101.945618,-2.235847,-12.088954,-27.977520,-59.313190,-24.695646
4.706250,101.825890,-2.245428,-11.381390,-27.109276,-65.236549,-24.135958
4.712500,99.654602,-2.254946,-11.511144,-26.162338,-70.354836,-23.531656
4.718750,95.198463,-2.263142,-12.822848,-25.212259,-76.075264,-22.939497
4.725000,88.326035,-2.270777,-13.739236,-24.320631,-80.927612,-22.379646
4.731250,79.030571,-2.278737,-15.818121,-23.510159,-85.062386,-21.887165
4.737500,67.437119,-2.286240,-18.804720,-22.800207,-88.698112,-21.426775
4.743750,53.788494,-2.292136,-22.481916,-22.203856,-92.117096,-21.005756
4.750000,38.421074,-2.296801,-26.600027,-21.718023,-93.254486,-20.629915
4.756250,21.753214,-2.301082,-30.858543,-21.288197,-93.653465,-20.359289
4.762500,4.278217,-2.304761,-34.969139,-20.990255,-92.862160,-20.186333
4.768750,-13.466480,-2.307199,-37.419483,-20.807159,-90.733658,-20.091497
4.775000,-30.937586,-2.308510,-38.623642,-20.701195,-86.967445,-20.061687
4.781250,-47.607281,-2.309417,-37.981968,-20.636076,-81.314026,-20.095423
4.787500,-62.985573,-2.310310,-36.834229,-20.543207,-73.570839,-20.167412
4.793750,-76.643456,-2.311234,-34.030735,-20.490839,-65.245934,-20.229696
4.800000,-88.239204,-2.312312,-29.230686,-20.436468,-55.031315,-20.297649
4.806250,-97.534447,-2.313543,-23.076069,-20.372894,-43.566067,-20.364159
4.812500,-104.406731,-2.314692,-16.122828,-20.298222,-31.453041,-20.416754
4.818750,-108.856400,-2.316133,-8.928244,-20.212234,-19.280785,-20.441673
4.825000,-111.007278,-2.318528,-2.053139,-20.121534,-7.602540,-20.444250
4.831250,-111.093430,-2.321600,6.115777,-20.042542,3.060657,-20.448067
4.837500,-109.448402,-2.323941,13.757712,-19.987762,12.298684,-20.430063
4.843750,-106.498970,-2.325168,19.243643,-19.924335,20.196455,-20.356087
4.850000,-102.747093,-2.326666,24.324360,-19.870539,26.154751,-20.263439
4.856250,-98.730263,-2.329713,28.495621,-19.841297,30.135742,-20.167212
4.862500,-92.819672,-2.333375,31.495213,-19.840460,32.296867,-20.075504
4.868750,-86.899895,-2.336158,33.190899,-19.854874,32.908688,-19.985855
4.875000,-80.973358,-2.338055,33.538956,-19.862358,32.292931,-19.897234
4.881250,-75.049324,-2.340061,32.603912,-19.854866,30.756180,-19.815836
4.887500,-69.129364,-2.342555,30.754129,-19.854189,28.641182,-19.745611
4.893750,-63.209518,-2.345237,28.160879,-19.851259,26.311790,-19.689747
4.900000,-57.287857,-2.348017,24.994011,-19.846022,24.111336,-19.644785
4.906250,-51.364403,-2.350898,21.546106,-19.837801,22.356840,-19.598610
4.912500,-45.439133,-2.353546,18.014116,-19.811886,21.332251,-19.528231
4.918750,-39.511074,-2.355949,14.720582,-19.785234,21.482126,-19.479469
4.925000,-33.582607,-2.358617,12.028133,-19.780455,23.306665,-19.460545
4.931250,-27.653416,-2.361421,10.116601,-19.813938,24.569412,-19.469093
4.937500,-21.719158,-2.363379,9.095989,-19.895380,26.780741,-19.508923
4.943750,-15.776969,-2.363815,9.007124,-20.031567,29.582191,-19.588051
4.950000,-9.835331,-2.363507,9.851331,-20.220581,32.620598,-19.711632
4.956250,-3.899940,-2.363468,11.588949,-20.454187,35.552460,-19.890263
4.962500,2.032696,-2.363080,12.228328,-20.711538,38.013775,-20.190216
4.968750,7.967857,-2.361652,15.401797,-20.984594,38.863029,-20.404644
4.975000,13.901219,-2.359817,18.787403,-21.293793,39.987965,-20.694147
4.981250,19.828524,-2.358118,22.305006,-21.614414,39.837349,-21.049114
4.987500,25.752871,-2.355882,25.755617,-21.935219,38.440243,-21.457354
4.993750,31.678278,-2.352459,28.875483,-22.249241,35.738144,-21.909985
5.000000,37.598244,-2.348727,31.456621,-22.544954,31.700966,-22.394951
5.006250,43.504997,-2.346198,33.346214,-22.805895,28.213579,-22.889643
5.012500,49.402462,-2.344718,34.422417,-23.007677,23.569387,-23.327042
5.018750,55.300426,-2.343144,34.583466,-23.125772,18.246614,-23.700695
5.025000,61.199158,-2.341390,33.834351,-23.199295,12.386983,-24.047836
5.031250,67.093498,-2.340207,32.349934,-23.225227,6.777153,-24.337553
5.037500,72.981697,-2.339624,30.268215,-23.207163,1.797250,-24.554548
5.043750,78.868477,-2.339477,27.569138,-23.187466,-2.303632,-24.694031
5.050000,84.752579,-2.340189,24.207653,-23.128992,-5.302431,-24.750544
5.056250,90.633080,-2.342242,21.328901,-23.032303,-6.953246,-24.711147
5.062500,96.515930,-2.344602,18.035622,-22.945440,-7.117538,-24.579884
5.068750,100.512306,-2.346076,14.737585,-22.886005,-5.747294,-24.368151
5.075000,104.237091,-2.347371,11.826069,-22.854301,-2.778953,-24.085514
5.081250,107.147667,-2.350311,7.795491,-22.836414,1.837099,-23.741756
5.087500,108.754829,-2.354869,4.669504,-22.821360,8.095079,-23.352879
5.093750,108.644493,-2.359368,2.405707,-22.821245,15.886990,-22.944775
5.100000,106.478355,-2.363170,0.826511,-22.820721,24.929003,-22.525108
5.106250,102.009758,-2.367541,-0.355068,-22.800785,34.655792,-22.085869
5.112500,95.113029,-2.373140,-1.322754,-22.745367,44.843010,-21.661297
5.118750,85.797066,-2.378869,-2.244166,-22.646521,55.113174,-21.274153
5.125000,74.186806,-2.383865,-3.278751,-22.500795,64.908455,-20.937498
5.131250,60.515106,-2.388841,-4.548759,-22.305063,73.648323,-20.655016
5.137500,45.116444,-2.394541,-6.155257,-22.060822,80.785545,-20.415636
5.143750,28.421715,-2.400561,-6.026823,-21.774597,85.849792,-20.133131
5.150000,10.928004,-2.406181,-5.596940,-21.461266,89.362724,-20.018780
5.156250,-6.832235,-2.411338,-6.277474,-21.112097,91.435204,-19.900591
5.162500,-24.316181,-2.416237,-5.987123,-20.742928,91.516418,-19.816107
5.168750,-40.990017,-2.420585,-5.041917,-20.379940,90.008789,-19.771692
5.175000,-56.361561,-2.423949,-3.655757,-20.042759,87.492538,-19.762651
5.181250,-70.005043,-2.426404,-2.035187,-19.746883,84.626801,-19.776913
5.187500,-81.582230,-2.428007,-0.417196,-19.508030,79.968124,-19.806736
5.193750,-90.857010,-2.428864,0.948056,-19.343142,75.717209,-19.886786
5.200000,-97.709763,-2.429227,1.828566,-19.271019,72.146706,-20.048843
5.206250,-102.141716,-2.429567,4.249803,-19.281328,68.557884,-20.166668
5.212500,-104.273369,-2.429806,4.978449,-19.347528,65.717491,-20.301041
5.218750,-104.338409,-2.429559,5.871957,-19.471146,63.621510,-20.459530
5.225000,-102.676651,-2.428371,6.729368,-19.609529,62.130039,-20.636562
5.231250,-99.718277,-2.426424,7.503068,-19.801813,61.023201,-20.829552
5.237500,-95.958824,-2.424062,6.851886,-20.061255,59.963974,-21.049566
5.243750,-91.933609,-2.422014,5.521283,-20.351746,58.634048,-21.294392
5.250000,-86.022911,-2.421076,3.145591,-20.654808,56.756523,-21.555511
5.256250,-80.117043,-2.420970,-0.613426,-20.956482,54.041992,-21.827734
5.262500,-74.208275,-2.420257,-3.871932,-21.244972,50.237175,-22.100416
5.268750,-68.296677,-2.418625,-8.180551,-21.513674,45.121662,-22.358974
5.275000,-62.393276,-2.417807,-13.191192,-21.757652,38.489162,-22.584841
5.281250,-56.503876,-2.419308,-18.593447,-21.971642,30.300468,-22.780401
5.287500,-50.617901,-2.421963,-24.104038,-22.150555,20.875628,-22.968760
5.293750,-44.722950,-2.423791,-29.464083,-22.291027,10.279071,-23.127886
5.300000,-38.823898,-2.425109,-34.425610,-22.386049,-1.283484,-23.241682
5.306250,-32.933323,-2.428066,-38.755566,-22.427174,-13.429891,-23.298721
5.312500,-27.051691,-2.433069,-42.288780,-22.411211,-25.731068,-23.288134
5.318750,-21.165951,-2.438818,-44.912624,-22.334917,-37.733887,-23.212868
5.325000,-15.271163,-2.444790,-46.556347,-22.196854,-48.997856,-23.056850
5.331250,-9.371167,-2.451548,-47.256424,-22.017511,-59.146324,-22.884081
5.337500,-3.466406,-2.458822,-45.022903,-21.812382,-68.282059,-22.631001
5.343750,2.451134,-2.465185,-42.718143,-21.565014,-75.575073,-22.357687
5.350000,8.379919,-2.470347,-38.859573,-21.325064,-81.255692,-22.100180
5.356250,14.311764,-2.475502,-33.627892,-21.117044,-85.208061,-21.889406
5.362500,20.244493,-2.480729,-27.272612,-20.961075,-87.433472,-21.752392
5.368750,26.186811,-2.484534,-20.103739,-20.868748,-88.137161,-21.672798
5.375000,32.139843,-2.486180,-12.448212,-20.839495,-87.591896,-21.632725
5.381250,38.094532,-2.486673,-4.679637,-20.861814,-85.951385,-21.609240
5.387500,44.044491,-2.486499,2.755638,-20.941664,-82.688393,-21.727627
5.393750,49.993832,-2.484885,9.537097,-21.099684,-78.768227,-21.933384
5.400000,55.943962,-2.481389,15.670209,-21.319469,-74.563499,-22.219538
5.406250,61.885906,-2.477343,20.926794,-21.579008,-70.363617,-22.594086
5.412500,67.814491,-2.473806,25.096737,-21.849480,-66.197411,-22.955404
5.418750,73.735413,-2.470073,28.005501,-22.110327,-62.212612,-23.308174
5.425000,79.652908,-2.465629,29.559381,-22.341709,-58.826984,-23.640030
5.431250,85.561852,-2.461507,29.818041,-22.526159,-56.046410,-23.929148
5.437500,91.456818,-2.458857,29.011251,-22.647469,-53.818653,-24.147766
5.443750,97.341667,-2.457870,27.475864,-22.694044,-52.091278,-24.275856
5.450000,101.329086,-2.458179,25.564602,-22.656021,-50.792854,-24.301836
5.456250,105.042862,-2.459688,23.683197,-22.530588,-49.763775,-24.221558
5.462500,107.952248,-2.462079,22.271448,-22.329403,-48.835812,-24.064552
5.468750,109.568108,-2.464690,19.910227,-22.064892,-47.818619,-23.802656
5.475000,109.461945,-2.467751,18.782391,-21.729208,-45.825146,-23.426172
5.481250,107.287781,-2.472591,18.741827,-21.349012,-43.357388,-22.999037
5.487500,102.811668,-2.479071,19.515295,-20.956781,-40.110874,-22.558670
5.493750,95.922859,-2.485396,20.927704,-20.578846,-35.786953,-22.135921
5.500000,86.626686,-2.490140,22.827021,-20.231974,-30.156424,-21.753710
5.506250,75.036034,-2.494155,25.064219,-19.922558,-23.067732,-21.418676
5.512500,61.377811,-2.498708,27.469061,-19.632816,-14.553261,-21.051493
5.518750,45.997475,-2.503036,29.865526,-19.385744,-5.197631,-20.805758
5.525000,29.329077,-2.505935,31.653105,-19.224260,4.727888,-20.633278
5.531250,11.861642,-2.507556,33.397842,-19.123795,15.221826,-20.528183
5.537500,-5.879978,-2.508687,34.791767,-19.083927,25.755850,-20.480734
5.543750,-23.349539,-2.509290,35.514229,-19.111704,35.797932,-20.485065
5.550000,-40.011913,-2.508916,35.307701,-19.212858,44.956951,-20.587990
5.556250,-55.375526,-2.507628,33.990963,-19.394342,52.959267,-20.769760
5.562500,-69.016884,-2.505678,31.440264,-19.663620,60.153137,-20.973421
5.568750,-80.595558,-2.503037,27.699247,-19.988073,65.657776,-21.230362
5.575000,-89.874725,-2.499669,24.998789,-20.365816,69.601601,-21.539467
5.581250,-96.735481,-2.496111,20.017277,-20.796389,72.256813,-21.882940
5.587500,-101.178673,-2.492588,14.999209,-21.279160,73.957993,-22.223688
5.593750,-103.324158,-2.488724,10.028570,-21.814142,74.855118,-22.622465
5.600000,-103.409630,-2.484993,5.309079,-22.369164,73.482368,-23.018576
5.606250,-101.778938,-2.482387,1.034861,-22.924194,71.988716,-23.406563
5.612500,-98.857307,-2.480704,-2.754713,-23.467293,70.109184,-23.784267
5.618750,-95.128082,-2.478583,-5.952677,-23.983061,67.714554,-24.147108
5.625000,-91.123184,-2.475682,-8.440700,-24.454376,64.699890,-24.492493
5.631250,-85.233536,-2.474088,-10.107803,-24.860113,60.956886,-24.802181
5.637500,-79.357880,-2.475015,-10.875350,-25.177103,56.332664,-25.037868
5.643750,-73.483040,-2.477035,-12.610448,-25.377405,52.709362,-25.157785
5.650000,-67.599052,-2.478434,-11.563183,-25.439466,48.471176,-25.189394
5.656250,-61.712185,-2.480093,-9.873733,-25.384996,43.252247,-25.167362
5.662500,-55.832790,-2.483478,-7.744004,-25.214233,38.009518,-25.060398
5.668750,-49.958542,-2.488733,-5.253355,-24.926090,33.003700,-24.859489
5.675000,-44.078842,-2.494761,-2.645961,-24.536573,28.420538,-24.569122
5.681250,-38.189533,-2.501017,-0.203742,-24.068590,24.435966,-24.196434
5.687500,-32.294487,-2.507570,1.794713,-23.558008,21.258650,-23.752811
5.693750,-26.393578,-2.514049,2.981669,-23.015156,19.180048,-23.267027
5.700000,-20.486229,-2.520240,2.719300,-22.434488,18.643911,-22.759567
5.706250,-14.576158,-2.526827,3.057270,-21.878460,17.812086,-22.262457
5.712500,-8.665261,-2.534345,2.372654,-21.386131,18.339382,-21.811380
5.718750,-2.746794,-2.541658,0.871427,-20.978210,19.826712,-21.434334
5.725000,3.186448,-2.547184,-1.244423,-20.664391,23.684427,-21.121254
5.731250,9.129944,-2.551012,-3.780749,-20.444420,27.778173,-20.843811
5.737500,15.072415,-2.554432,-6.550018,-20.305298,32.292332,-20.635794
5.743750,21.012537,-2.557437,-9.397920,-20.228247,36.357189,-20.555061
5.750000,26.957109,-2.558874,-12.311854,-20.230768,40.466053,-20.565256
5.756250,32.904892,-2.558755,-15.268540,-20.300423,44.323730,-20.650551
5.762500,38.848244,-2.558036,-15.876391,-20.412163,47.580040,-20.797756
5.768750,44.783089,-2.557188,-17.297432,-20.536900,49.888878,-21.009762
5.775000,50.713615,-2.555758,-17.399776,-20.649088,50.794346,-21.216150
5.781250,56.640335,-2.553763,-16.380548,-20.745155,51.248692,-21.423222
5.787500,62.558239,-2.552259,-14.492727,-20.816397,50.287636,-21.635429
5.793750,68.466240,-2.551845,-11.945580,-20.851137,48.074871,-21.836985
5.800000,74.369102,-2.552207,-9.016211,-20.840816,44.694561,-22.006641
5.806250,80.270958,-2.552993,-6.027126,-20.783194,40.273724,-22.121721
5.812500,86.172241,-2.553945,-3.317580,-20.681259,35.037369,-22.176075
5.818750,92.071838,-2.555276,-1.207424,-20.544678,29.380447,-22.191446
5.825000,96.071945,-2.557683,2.158171,-20.399500,21.476221,-22.190052
5.831250,99.793686,-2.562180,5.147983,-20.304468,13.200382,-22.110018
5.837500,102.709167,-2.568557,6.458896,-20.164093,4.641189,-21.977892
5.843750,104.337395,-2.575152,8.133518,-20.044613,-4.450170,-21.826237
5.850000,104.258049,-2.580256,9.614203,-19.978786,-13.928939,-21.678469
5.856250,102.124260,-2.583884,10.833498,-19.975138,-23.564049,-21.548367
5.862500,97.686836,-2.587306,11.742402,-20.031641,-33.135853,-21.448183
5.868750,90.823044,-2.590848,12.312137,-20.126808,-42.501209,-21.377792
5.875000,81.537277,-2.593879,12.666570,-20.259491,-51.619701,-21.326590
5.881250,69.953316,-2.596134,13.275861,-20.459864,-60.609951,-21.313646
5.887500,56.305920,-2.597661,14.110737,-20.700188,-67.231911,-21.337561
5.893750,40.934692,-2.598141,15.343609,-20.965813,-72.804840,-21.385330
5.900000,24.266485,-2.597465,15.327366,-21.262365,-76.941292,-21.446096
5.906250,6.787776,-2.596610,15.948363,-21.624537,-81.388718,-21.532059
5.912500,-10.971610,-2.596271,17.035822,-21.977476,-84.336540,-21.634974
5.918750,-28.459053,-2.595377,18.795345,-22.333090,-86.158661,-21.742012
5.925000,-45.137047,-2.593117,20.455025,-22.713028,-87.237923,-21.850657
5.931250,-60.520962,-2.590625,21.910826,-23.121014,-87.857201,-21.964853
5.937500,-74.191261,-2.589263,23.084293,-23.546408,-88.251968,-22.086060
5.943750,-85.802795,-2.588557,23.932610,-23.970644,-88.606583,-22.214079
5.950000,-95.108559,-2.587208,24.650949,-24.376198,-89.158165,-22.306767
5.956250,-101.989624,-2.585840,25.420628,-24.743752,-90.409531,-22.360842
5.962500,-106.454536,-2.585826,26.138338,-25.057972,-89.632462,-22.423532
5.968750,-108.620567,-2.586547,26.674212,-25.308453,-89.064484,-22.484787
5.975000,-108.714233,-2.586160,26.936340,-25.483345,-88.256302,-22.540707
5.981250,-107.079117,-2.584865,26.846691,-25.576139,-86.775902,-22.590969
5.987500,-104.155624,-2.584727,26.341715,-25.580988,-84.238739,-22.633732
5.993750,-100.438568,-2.586594,25.400782,-25.494411,-80.312943,-22.665312
6.000000,-96.447456,-2.589086,24.013977,-25.314653,-74.778481,-22.678192
6.006250,-90.554512,-2.591531,22.218517,-25.032280,-67.577057,-22.628958
6.012500,-84.660889,-2.594637,20.068472,-24.609491,-59.098598,-22.560375
6.018750,-78.768280,-2.598734,19.493374,-24.171087,-49.633053,-22.477066
6.025000,-72.870171,-2.602756,17.171089,-23.695976,-39.135208,-22.381660
6.031250,-66.964981,-2.606333,15.534979,-23.209700,-28.062908,-22.287498
6.037500,-61.057732,-2.610287,14.447826,-22.755455,-16.955784,-22.211620
6.043750,-55.150101,-2.614684,13.831663,-22.378782,-6.268420,-22.139290
6.050000,-49.236233,-2.618426,13.755531,-22.070110,3.746192,-22.054140
6.056250,-43.314137,-2.621066,14.222582,-21.857357,12.625175,-21.992359
6.062500,-37.391842,-2.623653,14.950359,-21.770061,20.126917,-21.976065
6.068750,-31.471823,-2.626406,13.977502,-21.815496,26.103424,-22.006227
6.075000,-25.546778,-2.627944,12.910443,-21.982460,30.556288,-22.080120
6.081250,-19.614862,-2.627561,13.370048,-22.237770,33.562096,-22.193090
6.087500,-13.686917,-2.626671,13.476178,-22.502720,35.194317,-22.323198
6.093750,-7.770741,-2.626676,13.131619,-22.813639,35.434559,-22.457157
6.100000,-1.861886,-2.627248,11.738630,-23.136684,34.458813,-22.599335
6.106250,4.048748,-2.627572,9.745379,-23.421152,32.561298,-22.741282
6.112500,9.959728,-2.627694,7.055756,-23.636326,29.915167,-22.868681
6.118750,15.866155,-2.628257,3.586063,-23.763842,26.655228,-22.964361
6.125000,21.767942,-2.629620,-0.708570,-23.798435,22.927258,-23.005795
6.131250,27.666599,-2.632032,-3.655836,-23.744926,18.983246,-22.989651
6.137500,33.565151,-2.635446,-6.518088,-23.603310,15.658713,-22.931667
6.143750,39.467197,-2.639271,-10.489574,-23.371624,11.060791,-22.814190
6.150000,45.378326,-2.642395,-13.450670,-23.077156,6.628069,-22.650686
6.156250,51.295155,-2.644782,-15.445129,-22.747915,2.322149,-22.455050
6.162500,57.210560,-2.647458,-16.490854,-22.407385,-1.821708,-22.240944
6.168750,63.122402,-2.650854,-16.611948,-22.074198,-5.734852,-22.018419
6.175000,69.038506,-2.653915,-15.895067,-21.767262,-9.349589,-21.799414
6.181250,74.962166,-2.655866,-14.477627,-21.502588,-12.595214,-21.598545
6.187500,80.887558,-2.657145,-12.522097,-21.294327,-15.339680,-21.494362
6.193750,86.810272,-2.658431,-10.243920,-21.166073,-17.850588,-21.364655
6.200000,92.731979,-2.659273,-7.830664,-21.099520,-19.935598,-21.297062
6.206250,96.759956,-2.659431,-5.004197,-21.086899,-21.476772,-21.309790
6.212500,100.513184,-2.659337,-2.014318,-21.147612,-22.641994,-21.413431
6.218750,103.455391,-2.659496,0.948445,-21.268663,-23.605436,-21.647144
6.225000,105.096840,-2.659811,3.710048,-21.426153,-22.924665,-21.884260
6.231250,105.012321,-2.660077,5.904154,-21.647495,-23.170540,-22.200216
6.237500,102.861839,-2.660303,7.222393,-21.917749,-23.431725,-22.592741
6.243750,98.408813,-2.660186,7.646531,-22.217955,-23.625111,-23.047132
6.250000,91.531807,-2.659466,9.178990,-22.535887,-23.783964,-23.544403
6.256250,82.228043,-2.658753,10.341083,-22.863964,-23.932611,-24.064367
6.262500,70.614403,-2.658966,9.674328,-23.198139,-24.053175,-24.587563
6.268750,56.933037,-2.659462,9.296095,-23.521515,-23.897106,-25.055140
6.275000,41.532478,-2.658751,9.185546,-23.814415,-23.149546,-25.472973
6.281250,24.837683,-2.656977,9.210213,-24.072054,-21.918133,-25.831423
6.287500,7.328191,-2.655941,9.256423,-24.290220,-20.061993,-26.113749
6.293750,-10.466872,-2.656778,9.272867,-24.459333,-17.333401,-26.302999
6.300000,-27.989346,-2.658354,9.246103,-24.564558,-13.473675,-26.381733
6.306250,-44.698418,-2.659477,9.145152,-24.589289,-8.287985,-26.333378
6.312500,-60.106686,-2.660834,8.914782,-24.516138,-1.685177,-26.143002
6.318750,-73.793762,-2.663479,8.429162,-24.352314,6.164121,-25.865765
6.325000,-85.415459,-2.666987,9.613494,-24.132891,14.884686,-25.507959
6.331250,-94.729439,-2.670726,9.234352,-23.849482,24.238148,-25.059910
6.337500,-101.614548,-2.675011,9.534248,-23.497355,33.988163,-24.562372
6.343750,-106.074318,-2.680321,10.223345,-23.108177,43.706375,-24.054956
6.350000,-108.226112,-2.685877,11.065829,-22.712570,52.826157,-23.571840
6.356250,-108.302078,-2.690687,11.905944,-22.337294,60.747833,-23.141060
6.362500,-106.645477,-2.694640,12.615232,-22.003946,66.898918,-22.773663
6.368750,-103.688927,-2.698247,13.077309,-21.727793,70.769569,-22.409248
6.375000,-99.926239,-2.701225,13.169292,-21.519089,72.493401,-22.213015
6.381250,-95.888840,-2.703406,12.629023,-21.396746,71.752716,-22.134487
6.387500,-89.957191,-2.705158,12.594697,-21.341919,68.403305,-22.176332
6.393750,-84.028801,-2.706644,12.192224,-21.374048,62.756500,-22.291351
6.400000,-78.100388,-2.707268,11.689399,-21.493889,55.220684,-22.397667
6.406250,-72.172577,-2.706896,11.152643,-21.692837,44.108974,-22.627668
6.412500,-66.250328,-2.706538,10.611776,-21.957100,31.923967,-22.922935
6.418750,-60.337421,-2.707033,10.055051,-22.271790,18.434782,-23.247274
6.425000,-54.427296,-2.707674,9.482041,-22.611145,4.121121,-23.568975
6.431250,-48.514961,-2.707669,8.887963,-22.948435,-10.467311,-23.858192
6.437500,-42.604584,-2.707678,8.213126,-23.256702,-24.802143,-24.085478
6.443750,-36.701355,-2.708712,9.564547,-23.505226,-38.389854,-24.218857
6.450000,-30.801735,-2.710637,11.458730,-23.682076,-50.973560,-24.305975
6.456250,-24.900278,-2.712732,12.296789,-23.791348,-62.443916,-24.335808
6.462500,-18.995420,-2.714886,14.077191,-23.828362,-70.852570,-24.264740
6.468750,-13.090921,-2.717434,16.600830,-23.790766,-77.546486,-24.129837
6.475000,-7.183769,-2.719841,19.598358,-23.686930,-82.055733,-23.961031
6.481250,-1.272244,-2.721672,22.738462,-23.541891,-84.158615,-23.785368
6.487500,4.639069,-2.723663,25.721361,-23.384146,-83.752991,-23.620005
6.493750,10.548104,-2.726224,28.390564,-23.215881,-80.719139,-23.443382
6.500000,16.459063,-2.728421,30.638052,-23.044621,-77.034180,-23.256527
6.506250,22.376503,-2.729615,30.316664,-22.884974,-71.270782,-23.086523
6.512500,28.294333,-2.730466,31.056988,-22.762787,-63.929295,-22.964695
6.518750,34.205963,-2.732144,30.768385,-22.705809,-55.781185,-22.883039
6.525000,40.115532,-2.734232,29.555014,-22.708502,-47.544605,-22.833492
6.531250,46.031242,-2.735569,27.514267,-22.763426,-39.828743,-22.810955
6.537500,51.951763,-2.736032,24.706482,-22.861866,-33.174229,-22.811712
6.543750,57.868481,-2.736770,21.212334,-22.993076,-28.051136,-22.836720
6.550000,63.780125,-2.738019,17.148211,-23.142752,-23.002043,-22.860582
6.556250,69.692856,-2.739189,12.696694,-23.276869,-20.032024,-22.874475
6.562500,75.608086,-2.740033,8.184368,-23.388186,-18.585789,-22.888325
6.568750,81.522476,-2.740858,4.573442,-23.513573,-18.300056,-22.899153
6.575000,87.435776,-2.741573,-0.019755,-23.617249,-18.867990,-22.931021
6.581250,93.348106,-2.742038,-3.573796,-23.692036,-19.843582,-22.961439
6.587500,97.363190,-2.742850,-6.166265,-23.741457,-20.692753,-22.991318
6.593750,101.100883,-2.744631,-7.830371,-23.770769,-22.940601,-23.026018
6.600000,104.033852,-2.746453,-8.595575,-23.784550,-24.534330,-23.068331
6.606250,105.674591,-2.747216,-8.497779,-23.783781,-25.579063,-23.116585
6.612500,105.591232,-2.747648,-7.613242,-23.770058,-26.202789,-23.169024
6.618750,103.434769,-2.748935,-6.055091,-23.743069,-26.545650,-23.221432
6.625000,98.970505,-2.751342,-3.965118,-23.702528,-24.851841,-23.270540
6.631250,92.083771,-2.753782,-1.532067,-23.651518,-22.898804,-23.328751
6.637500,82.777229,-2.755948,3.225459,-23.586561,-20.370852,-23.312544
6.643750,71.166786,-2.758847,6.902106,-23.488253,-19.094200,-23.280220
6.650000,57.488750,-2.762666,11.398467,-23.352158,-17.097183,-23.231836
6.656250,42.090031,-2.766359,16.286364,-23.182518,-14.777759,-23.157194
6.662500,25.400490,-2.769266,21.204870,-22.973631,-12.503852,-23.045082
6.668750,7.907229,-2.771891,25.802174,-22.714779,-10.684619,-22.889906
6.675000,-9.861814,-2.774751,29.633207,-22.423300,-9.859212,-22.723864
6.681250,-27.358831,-2.777956,32.220043,-22.116941,-8.307337,-22.558937
6.687500,-44.049168,-2.781322,35.464909,-21.805601,-7.675755,-22.403830
6.693750,-59.439434,-2.784856,37.684803,-21.522926,-7.839080,-22.276199
6.700000,-73.100250,-2.787929,38.973480,-21.251680,-8.662208,-22.218933
6.706250,-84.688347,-2.789793,39.210171,-20.998146,-9.828541,-22.196062
6.712500,-93.972847,-2.790877,38.872929,-20.809179,-10.743362,-22.226698
6.718750,-100.837120,-2.792046,38.089252,-20.707714,-11.620600,-22.337128
6.725000,-105.280869,-2.793513,36.929108,-20.702078,-12.133824,-22.517403
6.731250,-107.420181,-2.794390,35.414486,-20.791861,-14.003011,-22.780590
6.737500,-107.489769,-2.794236,33.560223,-20.966160,-15.257743,-23.128145
6.743750,-105.835777,-2.793460,31.329041,-21.228922,-16.172794,-23.524542
6.750000,-102.889221,-2.792472,28.594934,-21.609724,-16.905771,-23.930758
6.756250,-99.141373,-2.791377,26.065672,-21.982035,-17.524313,-24.307995
6.762500,-95.124374,-2.790415,23.739326,-22.390934,-18.237553,-24.654266
6.768750,-89.217079,-2.789797,21.450975,-22.829807,-19.179714,-24.950054
6.775000,-83.310806,-2.788801,19.283852,-23.280264,-18.209675,-25.178146
6.781250,-77.403740,-2.787056,17.267677,-23.723209,-16.760809,-25.326897
6.787500,-71.500801,-2.785260,15.415799,-24.138523,-14.398075,-25.388432
6.793750,-65.606346,-2.784349,13.726473,-24.507935,-10.716969,-25.358730
6.800000,-59.718086,-2.784439,12.182597,-24.815561,-5.372570,-25.235865
6.806250,-53.828751,-2.784734,10.756315,-25.048063,-0.252104,-25.018616
6.812500,-47.938015,-2.785428,9.401962,-25.197052,6.226721,-24.685995
6.818750,-42.048691,-2.787268,8.039687,-25.272383,13.947983,-24.319817
6.825000,-36.158607,-2.789775,8.702471,-25.314707,21.401964,-23.915871
6.831250,-30.261152,-2.791889,8.428611,-25.247684,29.305025,-23.511089
6.837500,-24.357531,-2.793759,9.112906,-25.133350,36.877094,-23.154413
6.843750,-18.456032,-2.796768,10.524673,-24.998854,43.432983,-22.867254
6.850000,-12.554997,-2.800891,12.629651,-24.859913,50.119385,-22.645748
6.856250,-6.644961,-2.804448,15.365823,-24.727324,54.967644,-22.521030
6.862500,-0.723669,-2.806506,18.646347,-24.604645,58.178371,-22.502453
6.868750,5.199736,-2.808073,22.390209,-24.483181,59.938362,-22.579739
6.875000,11.117194,-2.810210,26.522163,-24.337667,60.516544,-22.732588
6.881250,17.031633,-2.812658,31.080927,-24.199995,60.231220,-22.905502
6.887500,22.947323,-2.814847,34.526718,-24.093761,59.282700,-23.124311
6.893750,28.865156,-2.816683,38.206783,-24.012703,57.542858,-23.369003
6.900000,34.781876,-2.818284,41.613670,-24.002804,55.780571,-23.589119
6.906250,40.698105,-2.819287,44.282787,-23.962818,54.380623,-23.749256
6.912500,46.612160,-2.819928,46.896496,-23.920450,51.727638,-23.832775
6.918750,52.519062,-2.821219,48.242378,-23.894829,49.700275,-23.832415
6.925000,58.419464,-2.823538,48.340450,-23.868504,48.015450,-23.743525
6.931250,64.320122,-2.826166,47.253204,-23.788025,46.397289,-23.565821
6.937500,70.224373,-2.828666,46.684013,-23.761560,44.496361,-23.323832
6.943750,76.130020,-2.831434,43.621208,-23.736065,43.787205,-23.057707
6.950000,82.036812,-2.834266,40.469727,-23.692770,42.163506,-22.729610
6.956250,87.947960,-2.836294,37.243530,-23.619328,39.764004,-22.372498
6.962500,93.863297,-2.837259,33.945805,-23.511642,36.981995,-22.022282
6.968750,97.879890,-2.838696,30.556034,-23.376268,33.895924,-21.704540
6.975000,101.615494,-2.841542,27.085028,-23.219877,30.517138,-21.436131
6.981250,104.546707,-2.844815,23.606195,-23.044090,26.853691,-21.224403
6.987500,106.189079,-2.846943,20.196777,-22.850061,22.884741,-21.068476
6.993750,106.113579,-2.847889,16.931454,-22.632601,18.569464,-20.951025
7.000000,103.968849,-2.848870,13.882279,-22.372574,13.782429,-20.882235
7.006250,99.514755,-2.850668,11.056895,-22.047207,10.333571,-20.885565
7.012500,92.634697,-2.853013,10.115237,-21.776304,6.883625,-20.939045
7.018750,83.332901,-2.855627,9.812895,-21.545301,3.853596,-21.023531
7.025000,71.732132,-2.858192,9.257760,-21.284163,1.615807,-21.175234
7.031250,58.069622,-2.860401,10.035416,-21.056534,-1.404789,-21.373100
7.037500,42.684597,-2.862454,11.746390,-20.902258,-3.072543,-21.602425
7.043750,26.002054,-2.864828,14.138753,-20.855301,-4.340310,-21.893017
7.050000,8.515017,-2.867452,16.979906,-20.938999,-5.340034,-22.256683
7.056250,-9.239241,-2.869256,20.104393,-21.144176,-6.160925,-22.697744
7.062500,-26.713020,-2.869620,21.441210,-21.467291,-6.891822,-23.224747
7.068750,-43.379917,-2.869210,24.423729,-21.911604,-7.641857,-23.879091
7.075000,-58.753368,-2.868687,26.966921,-22.453005,-7.837015,-24.488573
7.081250,-72.404198,-2.867767,28.989538,-23.004488,-9.976371,-25.121351
7.087500,-83.989090,-2.865876,30.480528,-23.638510,-12.597753,-25.780445
7.093750,-93.272240,-2.863184,30.221392,-24.307510,-13.975252,-26.444342
7.100000,-100.136993,-2.860152,28.997437,-24.963066,-15.846703,-27.082750
7.106250,-104.584244,-2.856943,26.592979,-25.579914,-18.060339,-27.662941
7.112500,-106.735893,-2.853952,22.838417,-26.147858,-20.447224,-28.149445
7.118750,-106.830025,-2.851669,17.496523,-26.609371,-22.813005,-28.498901
7.125000,-105.205086,-2.850070,12.483945,-26.941954,-27.068478,-28.661985
7.131250,-102.283669,-2.848519,6.608407,-27.155436,-31.386036,-28.677948
7.137500,-98.557793,-2.847008,0.272382,-27.261292,-35.834698,-28.537348
7.143750,-94.565681,-2.846765,-6.158307,-27.263792,-40.719048,-28.233147
7.150000,-88.687263,-2.848597,-12.320434,-27.167953,-46.045052,-27.777119
7.156250,-82.808159,-2.851426,-17.894445,-26.980146,-51.724236,-27.192266
7.162500,-76.918831,-2.853888,-22.615665,-26.712620,-57.616928,-26.514471
7.168750,-71.022888,-2.856121,-26.291382,-26.384045,-63.575310,-25.798342
7.175000,-65.128075,-2.859057,-28.777817,-26.015390,-69.502823,-25.059668
7.181250,-59.232746,-2.862546,-29.977879,-25.628733,-75.546936,-24.313358
7.187500,-53.330544,-2.865629,-29.845234,-25.242712,-79.389374,-23.619905
7.193750,-47.421154,-2.868078,-28.380510,-24.860086,-82.489662,-23.022604
7.200000,-41.510201,-2.870385,-27.529457,-24.480347,-84.251808,-22.549496
7.206250,-35.598038,-2.872439,-24.077888,-24.176466,-84.061829,-22.160019
7.212500,-29.682869,-2.873809,-19.846764,-23.929573,-83.303314,-21.896704
7.218750,-23.766294,-2.874859,-15.104165,-23.746180,-80.859474,-21.790247
7.225000,-17.853228,-2.876539,-10.129766,-23.614908,-76.540878,-21.812649
7.231250,-11.942068,-2.878632,-5.210845,-23.524382,-70.788170,-21.941881
7.237500,-6.025741,-2.880114,-0.749161,-23.484856,-64.119431,-22.148287
7.243750,-0.104724,-2.880754,5.050681,-23.492554,-57.078445,-22.384697
7.250000,5.814784,-2.881315,10.660241,-23.528458,-50.229233,-22.558813
7.256250,11.729128,-2.882224,16.343126,-23.581348,-44.904293,-22.806465
7.262500,17.641294,-2.886286,20.406422,-23.656902,-39.055866,-23.037014
7.268750,23.535500,-2.887848,24.686249,-23.753670,-34.348717,-23.191061
7.275000,29.445805,-2.890233,29.153975,-23.802879,-30.838434,-23.266470
7.281250,35.354774,-2.893457,33.327408,-23.826878,-28.565502,-23.268650
7.287500,41.269020,-2.896376,36.816109,-23.819525,-27.362400,-23.199224
7.293750,47.191643,-2.897986,39.521271,-23.754105,-26.988035,-23.063787
7.300000,53.117393,-2.898549,41.548656,-23.660751,-27.206228,-22.877594
7.306250,59.039089,-2.898870,43.185703,-23.547049,-27.784014,-22.661995
7.312500,64.952614,-2.899866,44.368404,-23.403788,-28.484970,-22.441910
7.318750,70.860924,-2.901753,45.301323,-23.240870,-29.151701,-22.233147
7.325000,76.768806,-2.904147,44.422882,-23.059729,-29.746881,-22.041750
7.331250,82.682137,-2.906043,43.873051,-22.845367,-30.157145,-21.894260
7.337500,88.601593,-2.906883,43.346886,-22.626225,-30.327002,-21.812843
7.343750,94.521111,-2.907136,42.599251,-22.425919,-30.356634,-21.803404
7.350000,98.539658,-2.907801,41.537842,-22.255859,-28.508799,-21.840599
7.356250,102.279770,-2.909206,40.117119,-22.118933,-26.488123,-21.934784
7.362500,105.214233,-2.910886,38.287193,-22.013552,-23.526859,-22.105398
7.368750,106.853363,-2.912307,35.992832,-21.930624,-21.639410,-22.317646
7.375000,106.768684,-2.913563,33.169830,-21.860195,-19.149311,-22.539474
7.381250,104.617279,-2.914979,31.845346,-21.801186,-16.255907,-22.737837
7.387500,100.161133,-2.916846,30.415424,-21.783886,-13.252848,-22.907385
7.393750,93.279289,-2.919538,29.057520,-21.782305,-8.367840,-23.049274
7.400000,83.973999,-2.922808,27.997850,-21.785690,-3.122320,-23.143803
7.406250,72.372871,-2.925546,27.610647,-21.814184,0.878522,-23.182661
7.412500,58.713596,-2.927201,27.944136,-21.881407,5.445212,-23.166798
7.418750,43.330334,-2.928412,28.927399,-21.998491,10.207122,-23.102791
7.425000,26.645121,-2.930089,30.423300,-22.173796,14.801242,-23.002052
7.431250,9.152506,-2.931948,32.268169,-22.410507,18.907148,-22.872688
7.437500,-8.609817,-2.933429,34.297253,-22.703066,22.275225,-22.705944
7.443750,-26.096075,-2.934572,38.513561,-23.031786,24.678373,-22.503336
7.450000,-42.776276,-2.935754,41.466805,-23.377645,25.682608,-22.316824
7.456250,-58.157814,-2.936485,44.733334,-23.803516,25.138353,-22.161734
7.462500,-71.808411,-2.935991,48.103745,-24.294828,23.122238,-22.049740
7.468750,-83.392548,-2.934536,51.416588,-24.861620,19.734329,-21.991743
7.475000,-92.679680,-2.933195,54.572578,-25.431406,15.192329,-21.981070
7.481250,-99.547844,-2.931854,57.385414,-26.013315,9.804787,-22.011110
7.487500,-103.992218,-2.929781,57.522945,-26.607229,3.871895,-22.080549
7.493750,-106.134308,-2.926946,56.527412,-27.193417,-2.179555,-22.176994
7.500000,-106.218246,-2.924544,53.886700,-27.731558,-7.738602,-22.289186
7.506250,-104.586784,-2.923140,51.272945,-28.199558,-12.083735,-22.419270
7.512500,-101.660889,-2.921957,46.729504,-28.600067,-14.620702,-22.546900
7.518750,-97.929008,-2.920572,40.564060,-28.903616,-14.807504,-22.652512
7.525000,-93.928802,-2.919920,33.116470,-29.094362,-12.100484,-22.730759
7.531250,-88.041290,-2.920610,24.696070,-29.174540,-8.129622,-22.776472
7.537500,-82.155586,-2.922001,15.673856,-29.157961,-2.874722,-22.761023
7.543750,-76.267220,-2.923521,6.621872,-29.012167,4.963864,-22.699705
7.550000,-70.378555,-2.925647,-2.003246,-28.763266,14.397504,-22.610134
7.556250,-64.492081,-2.928896,-9.932289,-28.444471,24.522434,-22.510174
7.562500,-58.603516,-2.932655,-18.571707,-28.073551,34.467182,-22.423378
7.568750,-52.708328,-2.936270,-25.754677,-27.657171,43.430660,-22.367542
7.575000,-46.806667,-2.939393,-31.376566,-27.236904,50.895821,-22.299723
7.581250,-40.901222,-2.942030,-35.264290,-26.827379,56.102520,-22.255108
7.587500,-34.993279,-2.943936,-37.672531,-26.432631,60.543297,-22.253365
7.593750,-29.083580,-2.945048,-38.784233,-26.064011,62.549107,-22.298462
7.600000,-23.176603,-2.946090,-38.690712,-25.726757,62.486923,-22.383413
7.606250,-17.275034,-2.947675,-37.496658,-25.423517,60.796413,-22.494957
7.612500,-11.374096,-2.949424,-35.342110,-25.149794,57.953430,-22.617266
7.618750,-5.470126,-2.950650,-32.412098,-24.900167,54.413410,-22.751762
7.625000,0.434256,-2.951735,-28.973207,-24.669960,50.562557,-22.923338
7.631250,6.334416,-2.953474,-23.157345,-24.456680,46.821857,-23.093363
7.637500,12.232125,-2.955978,-18.510590,-24.250565,43.045197,-23.215837
7.643750,18.130634,-2.958550,-13.142991,-24.013439,39.968773,-23.315401
7.650000,24.032187,-2.961382,-7.410738,-23.704918,37.638302,-23.396292
7.656250,29.932201,-2.965157,-2.116107,-23.399456,35.839874,-23.473406
7.662500,35.830967,-2.970256,2.120998,-23.092075,34.261398,-23.551746
7.668750,41.734886,-2.975853,7.281326,-22.778702,32.633358,-23.627905
7.675000,47.649979,-2.980900,11.609042,-22.469143,32.528412,-23.707584
7.681250,53.573978,-2.984911,15.246845,-22.181767,31.931028,-23.799828
7.687500,59.502056,-2.988305,18.399752,-21.940735,30.949898,-23.914892
7.693750,65.430374,-2.991241,21.352049,-21.755093,29.665998,-24.063812
7.700000,71.359024,-2.993698,22.613075,-21.615202,28.128590,-24.278879
7.706250,77.288490,-2.995492,24.028044,-21.536093,26.343500,-24.499813
7.712500,83.217522,-2.996681,25.292913,-21.513859,23.451241,-24.699549
7.718750,89.144424,-2.997385,26.185759,-21.532236,22.102171,-24.938946
7.725000,95.069618,-2.997451,26.308567,-21.625874,20.640083,-25.210592
7.731250,99.097313,-2.996994,25.414076,-21.775682,19.356195,-25.491144
7.737500,102.845215,-2.996644,23.487967,-21.952435,18.385229,-25.751139
7.743750,105.779495,-2.997143,22.531084,-22.130518,17.808523,-25.948202
7.750000,107.410774,-2.998615,20.981794,-22.290833,17.612724,-26.047474
7.756250,107.317085,-3.000413,19.125378,-22.421818,17.459602,-26.088291
7.762500,105.160637,-3.002127,17.179914,-22.524466,17.327726,-26.041691
7.768750,100.701607,-3.004359,15.336396,-22.596062,17.256216,-25.896133
7.775000,93.815506,-3.007710,13.836957,-22.633537,17.111143,-25.653362
7.781250,84.506638,-3.011932,12.838112,-22.644777,16.747751,-25.328987
7.787500,72.903900,-3.015883,12.396813,-22.643175,16.048590,-24.948460
7.793750,59.244858,-3.018899,12.533185,-22.641127,14.976533,-24.536770
7.800000,43.865395,-3.021466,13.231777,-22.649647,13.627393,-24.082632
7.806250,27.188908,-3.023741,14.466573,-22.669876,12.154554,-23.576561
7.812500,9.709371,-3.025352,14.284710,-22.701653,10.596462,-23.075695
7.818750,-8.039537,-3.025861,16.280128,-22.758972,7.904519,-22.649120
7.825000,-25.515587,-3.025844,18.338247,-22.869640,5.655494,-22.289291
7.831250,-42.189907,-3.025723,20.249420,-23.056410,3.788725,-22.000868
7.837500,-57.566315,-3.024963,21.948149,-23.350218,2.384286,-21.782829
7.843750,-71.215706,-3.022891,23.353207,-23.690657,1.595736,-21.635208
7.850000,-82.802635,-3.020354,25.010782,-24.066160,1.518873,-21.568203
7.856250,-92.096550,-3.018470,26.125397,-24.495836,0.085274,-21.579384
7.862500,-98.971962,-3.017141,26.758772,-24.965445,-1.180633,-21.657988
7.868750,-103.421738,-3.015148,25.070034,-25.444611,-2.597069,-21.786697
7.875000,-105.565750,-3.012323,22.693331,-25.911270,-4.418710,-21.940157
7.881250,-105.648209,-3.009487,21.152294,-26.364361,-6.832827,-22.063473
7.887500,-104.014214,-3.007310,18.668064,-26.777143,-9.935349,-22.195654
7.893750,-101.085701,-3.005357,15.429722,-27.131008,-12.774968,-22.337265
7.900000,-97.351997,-3.003535,11.630960,-27.397388,-15.703318,-22.428301
7.906250,-93.349876,-3.002728,7.559854,-27.550852,-18.596718,-22.477047
7.912500,-87.457420,-3.003226,3.339081,-27.599119,-21.178495,-22.495197
7.918750,-81.561478,-3.003226,-0.831360,-27.599119,-23.048433,-22.495197
7.925000,-81.561478,-3.003226,-0.831360,-27.599119,-23.048433,-22.495197
7.931250,-81.561478,-3.003226,-0.831360,-27.599119,-23.048433,-22.495197
7.937500,-81.561478,-3.003226,-0.831360,-27.599119,-23.048433,-22.495197
7.943750,-81.561478,-3.003226,-0.831360,-27.599119,-23.048433,-22.495197
7.950000,-81.561478,-3.003226,-0.831360,-27.599119,-23.048433,-22.495197
7.956250,-81.561478,-3.003226,-0.831360,-27.599119,-23.048433,-22.495197
7.962500,-81.561478,-3.003226,-0.831360,-27.599119,-23.048433,-22.495197
7.968750,-81.561478,-3.003226,-0.831360,-27.599119,-23.048433,-22.495197
7.975000,-81.561478,-3.003226,-0.831360,-27.599119,-23.048433,-22.495197
7.981250,-81.561478,-3.003226,-0.831360,-27.599119,-23.048433,-22.495197
7.987500,-81.561478,-3.003226,-0.831360,-27.599119,-23.048433,-22.495197
7.993750,-81.561478,-3.003226,-0.831360,-27.599119,-23.048433,-22.495197
8.000000,-81.561478,-3.003226,-0.831360,-27.599119,-23.048433,-22.495197
