Anritsu VNA Frequency[GHz],S21[deg],S21[dB],S11[deg],S11[dB],S22[deg],S22[dB]
1338062865.28,2012_05_26_21:07:45,+50.474,+112.98,+92.433,+113.27,+118.69,+120.78,+116.57,+118.10,117.785042,-9.430
3.006250,40.363968,-2.232822,64.970856,-27.128592,-81.184631,-28.103493
3.012500,40.363968,-2.232822,64.970856,-27.128592,-81.184631,-28.103493
3.018750,40.363968,-2.232822,64.970856,-27.128592,-81.184631,-28.103493
3.025000,40.363968,-2.232822,64.970856,-27.128592,-81.184631,-28.103493
3.031250,40.363968,-2.232822,64.970856,-27.128592,-81.184631,-28.103493
3.037500,40.363968,-2.232822,64.970856,-27.128592,-81.184631,-28.103493
3.043750,40.363968,-2.232822,64.970856,-27.128592,-81.184631,-28.103493
3.050000,40.363968,-2.232822,64.970856,-27.128592,-81.184631,-28.103493
3.056250,40.363968,-2.232822,64.970856,-27.128592,-81.184631,-28.103493
3.062500,40.363968,-2.232822,64.970856,-27.128592,-81.184631,-28.103493
3.068750,40.363968,-2.232822,64.970856,-27.128592,-81.184631,-28.103493
3.075000,40.363968,-2.232822,64.970856,-27.128592,-81.184631,-28.103493
3.081250,40.363968,-2.232822,64.970856,-27.128592,-81.184631,-28.103493
3.087500,40.363968,-2.232822,64.970856,-27.128592,-81.184631,-28.103493
3.093750,40.363968,-2.235069,64.970856,-26.928919,-81.184631,-27.877178
3.100000,46.286377,-2.237625,61.670898,-26.760561,-81.300247,-27.650429
3.106250,52.208443,-2.240247,57.503803,-26.652878,-80.543495,-27.424599
3.112500,58.131527,-2.242966,52.937912,-26.621384,-78.641533,-27.180048
3.118750,64.054100,-2.245772,46.580807,-26.657089,-75.370827,-26.857660
3.125000,69.975624,-2.248726,41.277382,-26.675289,-70.756592,-26.546883
3.131250,75.896706,-2.251770,36.580418,-26.718981,-64.924622,-26.210752
3.137500,81.816978,-2.255108,32.630226,-26.793306,-57.450588,-25.836592
3.143750,87.735451,-2.258973,29.622885,-26.893402,-48.434761,-25.432272
3.150000,93.654358,-2.263152,27.733015,-27.006561,-38.015095,-25.011951
3.156250,97.681511,-2.267148,27.075748,-27.118868,-28.239519,-24.595753
3.162500,101.437660,-2.270845,27.707897,-27.215380,-17.675491,-24.207571
3.168750,104.388298,-2.274589,29.639151,-27.283201,-7.052416,-23.884367
3.175000,106.040215,-2.278570,32.883472,-27.304466,2.957409,-23.622065
3.181250,105.967468,-2.282642,35.640667,-27.263865,12.267293,-23.375446
3.187500,103.831291,-2.286577,39.486137,-27.174412,19.902786,-23.182453
3.193750,99.394302,-2.290292,43.671982,-27.043625,25.549988,-23.062504
3.200000,92.534698,-2.293738,47.585796,-26.878113,29.101625,-23.022476
3.206250,83.251892,-2.296826,50.729862,-26.686596,30.507576,-23.060631
3.212500,71.666466,-2.299725,52.682583,-26.481680,29.809628,-23.182119
3.218750,58.013950,-2.302784,53.122662,-26.276037,27.173275,-23.399410
3.225000,42.635815,-2.305766,54.029331,-26.069380,22.574245,-23.618832
3.231250,25.961655,-2.308288,53.960987,-25.860495,16.320471,-23.859888
3.237500,8.482489,-2.310505,51.446686,-25.653685,10.828031,-24.120583
3.243750,-9.272793,-2.312887,48.590069,-25.436327,4.692794,-24.381836
3.250000,-26.758362,-2.315834,45.315952,-25.220909,-1.372730,-24.622345
3.256250,-43.438335,-2.318962,41.290455,-25.044746,-6.761968,-24.833086
3.262500,-58.817650,-2.321787,36.651558,-24.892172,-10.924442,-25.003693
3.268750,-72.470009,-2.324221,31.418390,-24.758131,-13.323524,-25.123178
3.275000,-84.058067,-2.326675,25.491302,-24.641745,-13.576736,-25.187235
3.281250,-93.346031,-2.329522,18.774328,-24.535683,-11.446354,-25.196970
3.287500,-100.210686,-2.332775,11.179012,-24.428688,-6.867509,-25.160091
3.293750,-104.649864,-2.336097,2.654848,-24.294844,0.050696,-25.078436
3.300000,-106.783875,-2.339338,-4.662671,-24.122812,9.079923,-24.952230
3.306250,-106.849701,-2.342323,-12.907803,-23.997185,19.856928,-24.801331
3.312500,-105.189056,-2.345092,-21.184679,-23.885128,31.868250,-24.652306
3.318750,-102.229889,-2.347822,-29.108496,-23.787281,44.521503,-24.527805
3.325000,-98.464355,-2.350380,-36.418125,-23.716234,57.200535,-24.442314
3.331250,-94.424484,-2.352654,-42.873520,-23.691092,69.286545,-24.402807
3.337500,-88.488853,-2.354532,-48.294773,-23.747509,82.326645,-24.412048
3.343750,-82.552803,-2.356083,-52.559494,-23.902796,94.390312,-24.463297
3.350000,-76.617157,-2.357254,-56.384754,-24.071575,103.616737,-24.524235
3.356250,-70.682304,-2.358121,-59.222496,-24.323359,111.660263,-24.599848
3.362500,-64.749176,-2.358803,-59.301311,-24.689993,117.444885,-24.742695
3.368750,-58.817837,-2.359227,-58.367485,-25.164974,120.968170,-24.934454
3.375000,-52.887154,-2.359138,-56.313808,-25.728018,121.928528,-25.191542
3.381250,-46.958591,-2.358589,-53.166523,-26.349453,120.166580,-25.484306
3.387500,-41.035015,-2.358221,-49.034191,-26.995171,116.166084,-25.765848
3.393750,-35.117886,-2.358491,-44.095520,-27.624935,109.617493,-26.045361
3.400000,-29.203707,-2.359174,-38.571358,-28.196375,100.940071,-26.285910
3.406250,-23.288998,-2.359675,-32.772915,-28.684099,91.101387,-26.557556
3.412500,-17.374662,-2.360218,-27.041332,-29.066055,80.937065,-26.818956
3.418750,-11.464424,-2.361478,-21.341188,-29.318605,68.950851,-27.043661
3.425000,-5.557458,-2.363624,-15.670983,-29.431513,57.432495,-27.221571
3.431250,0.351183,-2.365999,-10.310797,-29.410509,46.821545,-27.352871
3.437500,6.263899,-2.368238,-5.474966,-29.254133,37.570431,-27.444656
3.443750,12.176741,-2.370942,-1.170154,-28.944571,30.255302,-27.448833
3.450000,18.087809,-2.374601,2.345000,-28.517620,23.327051,-27.380220
3.456250,24.001619,-2.378569,4.958803,-28.008940,18.500500,-27.251595
3.462500,29.923246,-2.382010,6.774190,-27.457453,15.451570,-27.066122
3.468750,35.850380,-2.384814,8.006553,-26.903864,13.853738,-26.822298
3.475000,41.778187,-2.387389,8.911999,-26.396955,13.359276,-26.529888
3.481250,47.704845,-2.389927,9.815549,-25.946795,13.579694,-26.203936
3.487500,53.630390,-2.392609,9.529807,-25.534800,14.124237,-25.841032
3.493750,59.555058,-2.395664,9.716800,-25.205627,14.583177,-25.445223
3.500000,65.479042,-2.399090,10.171128,-24.974148,14.527604,-25.028046
3.506250,71.405136,-2.402490,10.824848,-24.834599,13.619146,-24.600161
3.512500,77.335304,-2.405179,11.602899,-24.764784,11.587030,-24.171310
3.518750,83.266045,-2.407577,12.448712,-24.713438,8.234070,-23.747906
3.525000,89.191788,-2.410731,13.306064,-24.637207,3.421373,-23.336487
3.531250,95.112869,-2.415006,14.995587,-24.606428,-0.801364,-22.949768
3.537500,99.140678,-2.419707,16.959188,-24.556332,-5.870646,-22.604515
3.543750,102.901016,-2.424126,19.310207,-24.469938,-11.331153,-22.313318
3.550000,105.859215,-2.428621,22.229576,-24.332554,-16.880068,-22.037457
3.556250,107.519104,-2.433654,24.060953,-24.130917,-22.167990,-21.755997
3.562500,107.456131,-2.439083,26.468397,-23.887863,-26.794165,-21.506882
3.568750,105.335175,-2.443893,28.943199,-23.629934,-31.234207,-21.347864
3.575000,100.921242,-2.447507,31.085743,-23.383326,-35.111698,-21.269184
3.581250,94.087509,-2.449949,32.517296,-23.180862,-38.598972,-21.297176
3.587500,84.828934,-2.451862,32.900291,-23.057991,-40.247131,-21.379566
3.593750,73.266403,-2.453372,32.033554,-23.019289,-42.254185,-21.527546
3.600000,59.640598,-2.453945,32.046371,-23.064600,-44.126415,-21.762241
3.606250,44.292583,-2.453210,31.305185,-23.211138,-45.799717,-22.079206
3.612500,27.645910,-2.451482,30.205772,-23.455143,-47.298752,-22.455545
3.618750,10.188578,-2.449267,29.176449,-23.796764,-48.721912,-22.857788
3.625000,-7.545734,-2.446496,28.420517,-24.256947,-50.416634,-23.316927
3.631250,-25.009430,-2.442864,28.395859,-24.804016,-50.441040,-23.805222
3.637500,-41.671894,-2.438828,29.467241,-25.402149,-50.168636,-24.291000
3.643750,-57.045498,-2.435046,31.797201,-26.013540,-49.318577,-24.752241
3.650000,-70.702339,-2.431854,33.534397,-26.596352,-47.724552,-25.168667
3.656250,-82.299484,-2.429318,36.241055,-27.092060,-45.290081,-25.523188
3.662500,-91.597862,-2.427464,39.171261,-27.481844,-41.981636,-25.805437
3.668750,-98.476097,-2.426499,43.306183,-27.785147,-37.871426,-26.019297
3.675000,-102.932297,-2.426249,46.789982,-27.964193,-33.091690,-26.166580
3.681250,-105.085564,-2.426362,49.433758,-28.008059,-27.793514,-26.246538
3.687500,-105.173759,-2.426938,50.992577,-27.923380,-22.204885,-26.262167
3.693750,-103.540375,-2.428667,51.287205,-27.732618,-16.598789,-26.222164
3.700000,-100.611557,-2.431671,50.247601,-27.462822,-11.252608,-26.140474
3.706250,-96.873779,-2.435005,48.040009,-27.108267,-6.383200,-26.021442
3.712500,-92.857071,-2.438187,44.725002,-26.710453,-2.104027,-25.858356
3.718750,-86.943848,-2.441536,38.473995,-26.307875,1.438515,-25.655594
3.725000,-81.031609,-2.445533,31.183605,-25.924662,4.182536,-25.418245
3.731250,-75.118011,-2.449678,22.636908,-25.592094,6.391889,-25.194458
3.737500,-69.199387,-2.453444,14.764262,-25.347672,8.361917,-25.002153
3.743750,-63.277218,-2.456750,6.222364,-25.191650,10.237447,-24.858128
3.750000,-57.355122,-2.460013,-2.382781,-25.112484,12.482163,-24.725117
3.756250,-51.434380,-2.463092,-10.586393,-25.104078,13.921636,-24.580912
3.762500,-45.512691,-2.465890,-17.963926,-25.149549,16.337875,-24.416464
3.768750,-39.590565,-2.468593,-24.065125,-25.216103,17.701378,-24.291994
3.775000,-33.669819,-2.471453,-28.581827,-25.298759,19.719208,-24.208704
3.781250,-27.749935,-2.474329,-31.419958,-25.396225,21.649017,-24.145887
3.787500,-21.828615,-2.476923,-32.248947,-25.485083,23.142857,-24.094345
3.793750,-15.907406,-2.479437,-30.915941,-25.564291,23.923075,-24.054300
3.800000,-9.987930,-2.482259,-29.298553,-25.624554,23.805885,-24.022226
3.806250,-4.069896,-2.485396,-25.303013,-25.584539,22.781065,-23.966539
3.812500,1.848786,-2.488717,-20.063984,-25.493149,20.831928,-23.882639
3.818750,7.767579,-2.492350,-14.284481,-25.368387,17.848589,-23.779015
3.825000,13.686237,-2.496398,-8.529859,-25.223305,13.943711,-23.659842
3.831250,19.607294,-2.500378,-1.172894,-25.070299,9.374283,-23.533113
3.837500,25.531876,-2.503889,5.942356,-24.922201,4.475824,-23.416925
3.843750,31.456419,-2.507438,12.924845,-24.782177,-0.381132,-23.330297
3.850000,37.378696,-2.511408,18.065117,-24.641378,-4.381015,-23.191940
3.856250,43.300667,-2.515431,23.079620,-24.506247,-9.305298,-23.051956
3.862500,49.225891,-2.518839,27.508423,-24.379551,-13.250465,-22.925573
3.868750,55.151154,-2.522087,31.000742,-24.252869,-16.287399,-22.814108
3.875000,61.070683,-2.526209,33.254787,-24.107506,-18.529947,-22.711172
3.881250,66.985954,-2.531490,33.987164,-23.924213,-20.143442,-22.602331
3.887500,72.903763,-2.537102,32.790535,-23.727346,-21.383396,-22.483246
3.893750,78.828217,-2.542220,29.492149,-23.501030,-22.623194,-22.361984
3.900000,84.755669,-2.547347,26.265776,-23.230715,-24.169991,-22.234127
3.906250,90.680389,-2.553399,21.694345,-22.914003,-26.314402,-22.096621
3.912500,96.604622,-2.560484,16.259220,-22.552820,-29.398933,-21.946430
3.918750,100.639748,-2.568038,10.450230,-22.153355,-31.862926,-21.774214
3.925000,104.409950,-2.575495,4.676143,-21.735577,-35.645069,-21.560745
3.931250,107.382965,-2.582541,-0.716940,-21.325756,-40.570541,-21.344131
3.937500,109.064842,-2.589182,-5.354842,-20.946018,-44.546944,-21.159067
3.943750,109.027786,-2.595346,-8.907560,-20.618628,-48.434795,-21.007332
3.950000,106.931824,-2.600552,-11.153275,-20.364933,-51.485336,-20.899778
3.956250,102.540062,-2.604281,-11.982780,-20.203434,-53.066177,-20.849771
3.962500,95.729187,-2.606385,-11.366251,-20.145567,-52.635456,-20.869471
3.968750,86.495171,-2.607042,-9.337761,-20.192451,-49.753586,-20.967875
3.975000,74.956627,-2.606427,-7.890818,-20.323784,-44.128746,-21.154043
3.981250,61.349224,-2.604678,-3.401129,-20.529692,-37.518635,-21.473135
3.987500,46.012508,-2.601812,1.432254,-20.870428,-28.134687,-21.825115
3.993750,29.372007,-2.598106,6.875768,-21.278009,-16.626204,-22.270546
4.000000,11.918880,-2.593694,12.536325,-21.743822,-3.999361,-22.819029
4.006250,-5.814236,-2.588621,17.993855,-22.256544,9.037313,-23.482367
4.012500,-23.282681,-2.583183,22.956688,-22.793186,21.696373,-24.230244
4.018750,-39.955986,-2.578148,27.181488,-23.326046,32.493786,-24.953436
4.025000,-55.342060,-2.573862,30.427368,-23.833963,43.128063,-25.647062
4.031250,-69.010002,-2.570127,32.699394,-24.310431,50.630089,-26.379452
4.037500,-80.616531,-2.566848,34.119694,-24.738657,57.073059,-27.092222
4.043750,-89.927078,-2.564629,34.624386,-25.104048,61.020298,-27.751875
4.050000,-96.818474,-2.563577,34.155434,-25.403212,62.862770,-28.337387
4.056250,-101.286217,-2.563015,32.720383,-25.631800,63.099739,-28.835426
4.062500,-103.448685,-2.562320,30.492435,-25.768259,60.466785,-29.223816
4.068750,-103.547806,-2.562149,27.623341,-25.819471,57.344803,-29.478382
4.075000,-101.929520,-2.563783,24.235260,-25.801367,53.844337,-29.599760
4.081250,-99.016335,-2.566897,20.627703,-25.726103,50.147011,-29.590456
4.087500,-95.290779,-2.570107,17.183464,-25.601170,46.556072,-29.450893
4.093750,-91.283356,-2.572671,12.434409,-25.432386,43.432896,-29.183456
4.100000,-85.380577,-2.575348,8.417239,-25.229868,38.971878,-28.803265
4.106250,-79.481949,-2.578882,5.030792,-25.000774,34.884396,-28.339956
4.112500,-73.584816,-2.583180,2.227125,-24.742041,31.041039,-27.792358
4.118750,-67.684570,-2.587898,-0.075712,-24.458317,27.582359,-27.153490
4.125000,-61.782131,-2.593120,-2.073356,-24.163925,24.110916,-26.469343
4.131250,-55.878201,-2.598958,-3.898630,-23.869514,20.513298,-25.773468
4.137500,-49.970047,-2.605053,-5.625838,-23.581491,16.790709,-25.092339
4.143750,-44.056210,-2.610964,-7.306502,-23.301409,12.976163,-24.445816
4.150000,-38.138386,-2.616801,-9.002480,-23.030149,9.099593,-23.849077
4.156250,-32.219494,-2.623061,-8.617064,-22.766682,5.199722,-23.306854
4.162500,-26.299229,-2.629597,-7.588445,-22.507412,3.474583,-22.789827
4.168750,-20.375614,-2.636372,-7.393238,-22.244513,2.317707,-22.387102
4.175000,-14.448325,-2.643251,-6.101771,-21.984705,0.520640,-22.042376
4.181250,-8.517328,-2.650124,-4.055801,-21.738522,0.014563,-21.762388
4.187500,-2.581481,-2.656705,-1.555609,-21.512638,0.573643,-21.520704
4.193750,3.359023,-2.662914,1.083703,-21.314461,2.003147,-21.315794
4.200000,9.303279,-2.668583,3.535086,-21.151192,4.877082,-21.221024
4.206250,15.250853,-2.673443,5.479909,-21.030342,6.272756,-21.213793
4.212500,21.201042,-2.677212,8.812129,-20.953400,9.135838,-21.237007
4.218750,27.151150,-2.680167,11.971970,-20.911341,10.977890,-21.282452
4.225000,33.098103,-2.682751,15.262562,-20.896965,11.967734,-21.360928
4.231250,39.040936,-2.685184,17.030279,-20.900072,11.963808,-21.465317
4.237500,44.981533,-2.687407,19.120264,-20.912510,10.781738,-21.577261
4.243750,50.919834,-2.689263,21.074463,-20.950232,10.363399,-21.691513
4.250000,56.857037,-2.690741,22.493916,-21.005219,9.069180,-21.811861
4.256250,62.792442,-2.691738,23.093248,-21.059336,7.324048,-21.923649
4.262500,68.723854,-2.692665,22.493826,-21.097176,5.535172,-22.013088
4.268750,74.648674,-2.694136,20.341677,-21.107105,4.036226,-22.066513
4.275000,80.566467,-2.696653,18.493484,-21.082550,3.112338,-22.073999
4.281250,86.482368,-2.699841,15.317358,-21.014099,3.005126,-22.023491
4.287500,92.399696,-2.703369,11.083841,-20.893608,3.897777,-21.891703
4.293750,96.421753,-2.707842,6.005761,-20.732332,5.802066,-21.698780
4.300000,100.168877,-2.713656,0.300288,-20.539473,8.326879,-21.481998
4.306250,103.114731,-2.719959,-5.687257,-20.316854,11.603224,-21.231424
4.312500,104.772827,-2.725648,-11.669387,-20.072309,15.484558,-20.951630
4.318750,104.713356,-2.730722,-17.402239,-19.816759,19.709394,-20.652985
4.325000,102.588295,-2.736176,-22.684889,-19.567276,23.976521,-20.351694
4.331250,98.160271,-2.742207,-27.355860,-19.343378,27.976042,-20.063795
4.337500,91.314262,-2.747820,-31.275305,-19.170492,31.431410,-19.798750
4.343750,82.053322,-2.752495,-34.361153,-19.085106,34.101410,-19.540855
4.350000,70.495590,-2.756191,-35.705303,-18.991928,35.742756,-19.329704
4.356250,56.875179,-2.758971,-35.770123,-18.993746,37.873940,-19.202971
4.362500,41.532841,-2.760392,-34.496239,-19.100670,39.279640,-19.167032
4.368750,24.894476,-2.760508,-31.825045,-19.309067,40.367001,-19.246521
4.375000,7.447129,-2.760039,-27.839819,-19.609543,41.517342,-19.447632
4.381250,-10.278127,-2.759122,-22.709314,-19.985218,42.564007,-19.683245
4.387500,-27.731457,-2.757161,-16.657412,-20.412296,44.353069,-19.966787
4.393750,-44.380272,-2.754190,-9.997035,-20.870293,45.203953,-20.341080
4.400000,-59.738964,-2.751217,-3.111546,-21.344814,46.936565,-20.797859
4.406250,-73.381012,-2.748614,1.741386,-21.819235,48.979378,-21.303751
4.412500,-84.961731,-2.745739,8.035725,-22.276398,51.019165,-21.834660
4.418750,-94.242172,-2.742422,13.593841,-22.704464,52.826439,-22.371986
4.425000,-101.104446,-2.739496,18.229647,-23.065826,54.263477,-22.883232
4.431250,-105.551895,-2.737497,21.922161,-23.332346,55.331501,-23.324287
4.437500,-107.701279,-2.735979,24.435953,-23.511341,55.879082,-23.683924
4.443750,-107.786781,-2.734623,25.773993,-23.609589,55.833782,-23.953180
4.450000,-106.151772,-2.734182,26.113091,-23.628536,55.288933,-24.121754
4.456250,-103.225716,-2.735315,25.708261,-23.570835,54.403828,-24.184059
4.462500,-99.495735,-2.737494,24.883615,-23.443714,53.354145,-24.141039
4.468750,-95.488411,-2.740064,24.037640,-23.261456,52.350513,-24.003553
4.475000,-89.583824,-2.743225,21.723003,-23.040890,51.648205,-23.791836
4.481250,-83.679497,-2.747227,20.105217,-22.773563,49.815754,-23.467548
4.487500,-77.772247,-2.751613,19.098249,-22.480215,48.740726,-23.067963
4.493750,-71.859947,-2.755824,18.469446,-22.188084,47.943939,-22.630186
4.500000,-65.946648,-2.760751,18.120565,-21.915613,47.190990,-22.181753
4.506250,-60.035618,-2.767147,17.996592,-21.671469,46.288795,-21.743141
4.512500,-54.120682,-2.774183,18.045813,-21.452951,45.052441,-21.329069
4.518750,-48.193459,-2.780443,18.201469,-21.238926,43.286793,-20.952429
4.525000,-42.255928,-2.785506,18.376616,-20.983437,40.765469,-20.637136
4.531250,-36.316879,-2.790519,19.869320,-20.818789,37.172665,-20.421320
4.537500,-30.379992,-2.796043,21.631851,-20.689894,33.802284,-20.238729
4.543750,-24.439201,-2.801478,22.269407,-20.562763,29.045425,-20.119198
4.550000,-18.490610,-2.806026,23.564659,-20.453224,23.409420,-20.051645
4.556250,-12.535966,-2.809579,25.034540,-20.384445,17.181356,-20.028652
4.562500,-6.579470,-2.812555,26.333895,-20.375107,11.284117,-20.134750
4.568750,-0.600618,-2.814974,27.147997,-20.448334,5.652958,-20.355909
4.575000,5.359045,-2.816663,27.186619,-20.641348,0.505393,-20.644981
4.581250,11.321693,-2.817262,26.202419,-20.953081,-4.243432,-20.976023
4.587500,17.285391,-2.816592,25.096182,-21.325281,-7.884540,-21.372900
4.593750,23.247744,-2.814919,23.273327,-21.801079,-10.274714,-21.833897
4.600000,29.206133,-2.812526,20.739359,-22.385298,-11.428687,-22.342449
4.606250,35.160198,-2.809283,17.509155,-23.114786,-11.504898,-22.890877
4.612500,41.109562,-2.805174,13.685219,-23.919676,-10.825723,-23.478422
4.618750,47.050617,-2.800989,9.693744,-24.789061,-9.587751,-24.081549
4.625000,52.981197,-2.797409,5.389344,-25.708143,-8.075495,-24.683004
4.631250,58.904823,-2.794073,0.990736,-26.646955,-6.643744,-25.269304
4.637500,64.826843,-2.790099,-3.263891,-27.566179,-5.667636,-25.828049
4.643750,70.745636,-2.785583,-9.029661,-28.417923,-5.526506,-26.329308
4.650000,76.652817,-2.781972,-14.471408,-29.148552,-6.597044,-26.732010
4.656250,82.545380,-2.780334,-17.813816,-29.711309,-9.187999,-27.005199
4.662500,88.430428,-2.780356,-20.931431,-30.096777,-11.629472,-27.191803
4.668750,94.314285,-2.781576,-23.777630,-30.283895,-15.609582,-27.274050
4.675000,98.303467,-2.784147,-26.197544,-30.256861,-20.700432,-27.238791
4.681250,102.019821,-2.788063,-28.153990,-30.013710,-26.640987,-27.083107
4.687500,104.933296,-2.792852,-29.687227,-29.572943,-33.171207,-26.815014
4.693750,106.552338,-2.798555,-30.884918,-28.969902,-40.009354,-26.447020
4.700000,106.447136,-2.805928,-31.867727,-28.251032,-46.809120,-25.985924
4.706250,104.277962,-2.815122,-32.936958,-27.412722,-53.201103,-25.429619
4.712500,99.816971,-2.824707,-34.421555,-26.492723,-58.803711,-24.777254
4.718750,92.948296,-2.833305,-36.382580,-25.547861,-65.010674,-24.134691
4.725000,83.665337,-2.841143,-37.127544,-24.655020,-70.184135,-23.511305
4.731250,72.082016,-2.849180,-38.366158,-23.846394,-74.603371,-22.943024
4.737500,58.436119,-2.857018,-39.815365,-23.140030,-78.398201,-22.426886
4.743750,43.074818,-2.863515,-41.310452,-22.549232,-82.039207,-21.937586
4.750000,26.422556,-2.868654,-42.705204,-22.073011,-85.319321,-21.485697
4.756250,8.963582,-2.873316,-43.843216,-21.679539,-86.368774,-21.120022
4.762500,-8.770180,-2.877459,-44.577393,-21.363327,-86.502983,-20.871513
4.768750,-26.228649,-2.880574,-43.556641,-21.177910,-85.747101,-20.713650
4.775000,-42.879749,-2.882516,-41.442970,-21.068054,-83.743874,-20.630077
4.781250,-58.235966,-2.883876,-39.693401,-20.998163,-80.141060,-20.611538
4.787500,-71.873077,-2.885103,-36.361839,-20.919495,-76.538467,-20.651985
4.793750,-83.449448,-2.886332,-31.861509,-20.853575,-70.985718,-20.699728
4.800000,-92.726646,-2.887722,-26.779573,-20.780457,-63.898262,-20.754869
4.806250,-99.581970,-2.889315,-21.424244,-20.691696,-55.922504,-20.813263
4.812500,-104.014565,-2.890996,-16.293736,-20.585552,-47.526146,-20.861378
4.818750,-106.145462,-2.892882,-11.846496,-20.462572,-39.142925,-20.880630
4.825000,-106.213341,-2.895538,-6.329481,-20.328196,-31.146681,-20.868988
4.831250,-104.557236,-2.898928,-1.476478,-20.196112,-23.848118,-20.842299
4.837500,-101.598793,-2.901923,2.932425,-20.083624,-17.533207,-20.812006
4.843750,-97.827835,-2.903911,5.314553,-19.983986,-12.240555,-20.726320
4.850000,-93.784065,-2.905874,7.722885,-19.889830,-7.998215,-20.604965
4.856250,-87.852699,-2.909198,9.778018,-19.820768,-4.997429,-20.470839
4.862500,-81.924194,-2.913367,11.241711,-19.787975,-3.075743,-20.338327
4.868750,-75.987251,-2.916843,12.020808,-19.785694,-1.964160,-20.211721
4.875000,-70.042030,-2.919262,12.096241,-19.795893,-1.349753,-20.092613
4.881250,-64.097694,-2.921552,11.497039,-19.791525,-0.961711,-19.987062
4.887500,-58.157803,-2.924236,10.488433,-19.802128,-0.542388,-19.900728
4.893750,-52.219162,-2.927134,9.400811,-19.825504,0.149645,-19.839655
4.900000,-46.279057,-2.929955,8.221910,-19.853466,1.311822,-19.803646
4.906250,-40.337559,-2.932763,7.148465,-19.889698,3.103114,-19.782049
4.912500,-34.395275,-2.935385,6.310737,-19.915560,5.619363,-19.750345
4.918750,-28.451254,-2.937709,5.798176,-19.933735,9.005788,-19.720600
4.925000,-22.507862,-2.940215,5.895624,-19.967236,13.785460,-19.733486
4.931250,-16.564882,-2.943021,6.683053,-20.032755,19.713675,-19.774736
4.937500,-10.618512,-2.945244,8.147738,-20.139481,24.583193,-19.842178
4.943750,-4.665014,-2.946077,10.211007,-20.293806,29.786604,-19.940277
4.950000,1.289423,-2.945977,12.760882,-20.494127,34.840935,-20.072115
4.956250,7.238385,-2.946060,15.673231,-20.733454,39.300030,-20.241850
4.962500,13.182595,-2.946179,19.058199,-20.997744,42.728138,-20.468546
4.968750,19.128855,-2.945515,23.000916,-21.264912,46.902687,-20.691692
4.975000,25.075436,-2.944309,27.163794,-21.553270,48.905197,-20.925459
4.981250,31.017727,-2.943141,31.224817,-21.850088,49.674156,-21.201929
4.987500,36.956463,-2.941755,35.044910,-22.140347,49.306339,-21.516060
4.993750,42.896309,-2.939369,38.347168,-22.418135,47.736595,-21.864716
5.000000,48.833687,-2.936394,40.896072,-22.675093,44.894421,-22.243498
5.006250,54.760761,-2.934216,42.527641,-22.899860,40.741325,-22.647472
5.012500,60.677891,-2.933109,43.129112,-23.076548,37.081802,-23.035183
5.018750,66.594330,-2.932135,42.637245,-23.180929,32.103931,-23.351112
5.025000,72.512260,-2.930871,41.236130,-23.223387,26.293579,-23.650608
5.031250,78.427155,-2.929918,38.995602,-23.226240,20.045368,-23.924902
5.037500,84.336105,-2.929530,36.073364,-23.188242,13.972771,-24.155458
5.043750,90.242363,-2.929619,32.564026,-23.131012,8.415271,-24.333235
5.050000,96.146301,-2.930335,28.522243,-23.175289,3.658432,-24.453140
5.056250,100.152145,-2.932186,24.802927,-23.094206,-0.000566,-24.503197
5.062500,103.885002,-2.934519,20.999996,-23.039625,-2.289209,-24.475601
5.068750,106.818108,-2.936292,17.323288,-23.037704,-3.056167,-24.374620
5.075000,108.455551,-2.937657,12.270063,-23.091482,-2.172875,-24.205797
5.081250,108.361290,-2.940311,7.842055,-23.187284,0.486307,-23.973688
5.087500,106.194008,-2.944701,3.874735,-23.299669,5.007135,-23.688128
5.093750,101.728508,-2.949483,0.302775,-23.432341,11.385456,-23.367762
5.100000,94.848221,-2.953625,-2.892243,-23.574249,19.474508,-23.042500
5.106250,85.546684,-2.957976,-5.963240,-23.697374,28.822910,-22.677086
5.112500,73.938774,-2.963379,-9.033936,-23.777040,38.979477,-22.299070
5.118750,60.267208,-2.969339,-12.171144,-23.796009,49.764244,-21.938084
5.125000,44.877930,-2.974851,-15.429043,-23.744442,60.634312,-21.610682
5.131250,28.196819,-2.980171,-18.830420,-23.615738,70.963142,-21.324059
5.137500,10.709646,-2.986050,-22.374258,-23.407724,80.127258,-21.076145
5.143750,-7.049723,-2.992474,-23.885893,-23.124037,87.553963,-20.839727
5.150000,-24.530148,-2.998706,-24.712673,-22.775330,92.758461,-20.681572
5.156250,-41.197445,-3.004472,-26.238400,-22.372868,96.709137,-20.560730
5.162500,-56.562057,-3.009922,-26.325161,-21.919073,98.777679,-20.467642
5.168750,-70.197189,-3.014925,-25.190950,-21.442133,98.807434,-20.414394
5.175000,-81.762520,-3.019072,-23.121080,-20.970181,97.252945,-20.399227
5.181250,-91.021812,-3.022360,-20.371494,-20.527031,94.702209,-20.410818
5.187500,-97.855431,-3.024787,-17.229219,-20.135355,91.831902,-20.431154
5.193750,-102.264679,-3.026577,-14.017897,-19.817736,87.270905,-20.477804
5.200000,-104.372803,-3.027811,-11.063756,-19.597548,83.343208,-20.613070
5.206250,-104.417877,-3.028868,-6.483256,-19.490419,80.221901,-20.729492
5.212500,-102.740196,-3.029780,-1.785154,-19.472992,76.867020,-20.842896
5.218750,-99.763893,-3.030169,1.431983,-19.544626,74.496574,-20.974085
5.225000,-95.980179,-3.029531,4.928070,-19.691854,72.953598,-21.124924
5.231250,-91.924393,-3.028106,8.438679,-19.780251,72.041748,-21.292234
5.237500,-85.979057,-3.026286,10.842232,-20.045338,71.459877,-21.483709
5.243750,-80.040543,-3.024610,12.305836,-20.364086,70.836639,-21.706907
5.250000,-74.110199,-3.023666,12.529441,-20.715010,69.848618,-21.956526
5.256250,-68.185165,-3.023547,13.232693,-21.079576,68.160698,-22.227936
5.262500,-62.259041,-3.023062,12.625656,-21.438921,65.469437,-22.515533
5.268750,-56.330170,-3.021607,10.953160,-21.786724,61.515450,-22.805735
5.275000,-50.406921,-3.020422,8.474640,-22.119043,56.033428,-23.081377
5.281250,-44.496479,-3.021183,5.389923,-22.428701,48.832615,-23.314890
5.287500,-38.592758,-3.023374,1.878837,-22.706799,40.072491,-23.549194
5.293750,-32.683144,-3.025202,-1.896659,-22.945885,30.013796,-23.767384
5.300000,-26.767971,-3.026343,-5.775450,-23.137072,18.664146,-23.945827
5.306250,-20.858780,-3.028574,-9.576559,-23.268229,6.363396,-24.068010
5.312500,-14.959752,-3.032906,-13.147318,-23.331722,-6.453676,-24.124023
5.318750,-9.060639,-3.038491,-16.368778,-23.322065,-19.322287,-24.106207
5.325000,-3.152971,-3.044298,-19.130463,-23.234631,-31.757511,-24.005590
5.331250,2.760741,-3.050737,-21.382877,-23.075581,-43.318104,-23.808180
5.337500,8.678428,-3.057963,-20.985439,-22.894154,-53.760605,-23.580915
5.343750,14.605242,-3.064843,-21.169762,-22.640348,-62.608128,-23.287497
5.350000,20.542816,-3.070702,-19.603575,-22.362539,-69.737289,-22.974257
5.356250,26.485762,-3.076450,-16.762653,-22.095810,-75.030243,-22.676855
5.362500,32.430058,-3.082375,-12.783205,-21.865463,-78.405991,-22.432705
5.368750,38.381748,-3.087489,-7.858137,-21.689724,-79.958160,-22.250330
5.375000,44.344929,-3.090536,-2.207853,-21.575676,-80.014549,-22.108484
5.381250,50.312775,-3.092149,3.903989,-21.521086,-78.723480,-21.978903
5.387500,56.277622,-3.093078,10.152523,-21.517733,-76.504761,-21.968952
5.393750,62.241096,-3.092820,14.190296,-21.589540,-72.489601,-22.070339
5.400000,68.205994,-3.090727,19.415026,-21.733814,-68.101082,-22.266109
5.406250,74.166656,-3.087609,23.777920,-21.932159,-63.613148,-22.554258
5.412500,80.116104,-3.084610,27.108675,-22.159773,-59.247589,-22.896317
5.418750,86.056892,-3.081448,29.295643,-22.390039,-54.969883,-23.239208
5.425000,91.994148,-3.077532,30.256016,-22.600695,-51.201473,-23.574692
5.431250,96.029839,-3.073560,30.027758,-22.769590,-48.065601,-23.884705
5.437500,99.779381,-3.070718,28.825487,-22.881166,-45.526924,-24.141687
5.443750,102.711853,-3.069444,27.038284,-22.927597,-43.528793,-24.318674
5.450000,104.342598,-3.069381,25.014425,-22.896135,-42.023544,-24.400465
5.456250,104.247406,-3.070341,23.133562,-22.777609,-40.876720,-24.376181
5.462500,102.086311,-3.072275,19.938572,-22.576756,-39.896492,-24.252518
5.468750,97.624451,-3.074744,17.500593,-22.306675,-38.890182,-24.068438
5.475000,90.741028,-3.077653,15.768373,-21.972588,-37.366776,-23.741541
5.481250,81.431908,-3.082022,14.696691,-21.584579,-35.088860,-23.339737
5.487500,69.819656,-3.088274,14.095718,-21.172523,-32.131981,-22.908197
5.493750,56.149525,-3.094993,13.796078,-20.767071,-28.210766,-22.481363
5.500000,40.770390,-3.100451,13.697627,-20.390411,-23.076059,-22.086975
5.506250,24.104153,-3.104932,13.735772,-20.056080,-16.540298,-21.745163
5.512500,6.632798,-3.109730,13.839374,-19.766281,-8.552596,-21.447887
5.518750,-11.111223,-3.114615,13.946548,-19.481476,0.663246,-21.189013
5.525000,-28.573410,-3.118428,14.083561,-19.289278,10.364296,-21.029177
5.531250,-45.221283,-3.120847,14.100364,-19.171291,20.759567,-20.953949
5.537500,-60.569836,-3.122503,14.186508,-19.116331,31.436010,-20.952204
5.543750,-74.194206,-3.123666,14.108573,-19.128035,41.851528,-21.008039
5.550000,-85.752068,-3.123920,13.633809,-19.211710,51.532738,-21.134375
5.556250,-95.005981,-3.123165,12.589315,-19.372726,60.265835,-21.384953
5.562500,-101.837326,-3.121680,10.831297,-19.620689,67.931786,-21.643745
5.568750,-106.247292,-3.119439,8.322901,-19.933441,74.279549,-21.942707
5.575000,-108.357170,-3.116379,7.289741,-20.298149,79.002213,-22.285038
5.581250,-108.406616,-3.112955,4.345098,-20.715391,82.279221,-22.659641
5.587500,-106.738197,-3.109597,1.622030,-21.178921,84.399742,-23.041182
5.593750,-103.778069,-3.106133,-0.898191,-21.686646,85.659248,-23.440527
5.600000,-100.017204,-3.102694,-3.214862,-22.223249,84.324661,-23.844660
5.606250,-95.990540,-3.100067,-5.228311,-22.759970,82.692680,-24.229063
5.612500,-90.077255,-3.098520,-6.955978,-23.281626,80.488052,-24.592995
5.618750,-84.164360,-3.096983,-8.425642,-23.774220,77.582397,-24.933674
5.625000,-78.248329,-3.094715,-9.631720,-24.223272,73.913055,-25.251656
5.631250,-72.338524,-3.093111,-10.549451,-24.611464,69.442940,-25.545456
5.637500,-66.441818,-3.093741,-13.040909,-24.920197,64.098511,-25.783632
5.643750,-60.549812,-3.095917,-13.306355,-25.128878,59.663841,-25.932629
5.650000,-54.650528,-3.097828,-13.244338,-25.214586,54.657623,-25.949499
5.656250,-48.746262,-3.099627,-12.955038,-25.180008,49.286835,-25.933792
5.662500,-42.846443,-3.102782,-12.632857,-25.038853,43.829037,-25.853397
5.668750,-36.953514,-3.107753,-12.317652,-24.790943,38.887737,-25.692738
5.675000,-31.057434,-3.113719,-12.086683,-24.446930,34.674866,-25.451603
5.681250,-25.152771,-3.119893,-12.083382,-24.025820,31.337168,-25.134096
5.687500,-19.241405,-3.126256,-12.442466,-23.556009,29.017546,-24.743526
5.693750,-13.326016,-3.132756,-13.340164,-23.083733,27.869652,-24.293533
5.700000,-7.404950,-3.139122,-15.167694,-22.566332,28.243036,-23.819201
5.706250,-1.480894,-3.145703,-16.106844,-22.056559,28.439871,-23.338919
5.712500,4.444594,-3.153244,-17.458641,-21.601604,29.947147,-22.883383
5.718750,10.375535,-3.160932,-18.967175,-21.227266,32.262333,-22.483627
5.725000,16.319324,-3.167241,-20.419863,-20.944687,34.888596,-22.150114
5.731250,22.274836,-3.171780,-21.640894,-20.754580,39.114689,-21.857183
5.737500,28.232319,-3.175622,-22.502415,-20.646467,42.896935,-21.578249
5.743750,34.187023,-3.179131,-22.931105,-20.598759,45.988876,-21.426556
5.750000,40.144367,-3.181467,-22.978085,-20.616581,48.255993,-21.369026
5.756250,46.105648,-3.182148,-22.811424,-20.696720,49.834465,-21.388695
5.762500,52.065044,-3.181974,-20.226570,-20.815353,50.539532,-21.472746
5.768750,58.016811,-3.181593,-18.527512,-20.946888,50.193905,-21.611765
5.775000,63.963047,-3.180763,-15.731945,-21.066086,48.619728,-21.869297
5.781250,69.906136,-3.179290,-12.129051,-21.157785,48.329556,-22.051125
5.787500,75.842133,-3.177963,-8.108683,-21.217331,45.560646,-22.262833
5.793750,81.769043,-3.177568,-4.022179,-21.235455,42.465221,-22.495638
5.800000,87.689865,-3.177914,-0.215387,-21.203699,39.172916,-22.729084
5.806250,93.607841,-3.178705,2.958541,-21.119936,35.787395,-22.936735
5.812500,97.630714,-3.179696,5.160447,-20.987110,32.429455,-23.091633
5.818750,101.378624,-3.181017,8.270317,-20.813152,29.335272,-23.200171
5.825000,104.316154,-3.183252,10.690160,-20.616501,24.673637,-23.279715
5.831250,105.950089,-3.187376,12.737086,-20.432081,19.948416,-23.315123
5.837500,105.856682,-3.193403,14.819027,-20.262873,15.102147,-23.270943
5.843750,103.704987,-3.199967,15.751009,-20.089373,9.823444,-23.174246
5.850000,99.266098,-3.205369,17.233032,-19.958019,3.917672,-23.050129
5.856250,92.414604,-3.209177,19.043795,-19.888620,-2.595431,-22.915453
5.862500,83.139114,-3.212507,21.079575,-19.887041,-9.646358,-22.786196
5.868750,71.556938,-3.216142,23.228144,-19.943905,-17.189857,-22.674231
5.875000,57.909492,-3.219398,25.447559,-20.019970,-25.223040,-22.568150
5.881250,42.541325,-3.221856,27.959295,-20.175030,-33.884373,-22.475098
5.887500,25.877922,-3.223609,30.984039,-20.387566,-41.032997,-22.412773
5.893750,8.409330,-3.224405,32.460876,-20.634918,-47.906452,-22.376276
5.900000,-9.330829,-3.224147,34.143074,-20.912994,-54.024284,-22.356163
5.906250,-26.800890,-3.223498,35.658978,-21.233910,-58.936684,-22.353224
5.912500,-43.470821,-3.223212,36.719631,-21.605448,-64.228134,-22.383373
5.918750,-58.845203,-3.222772,37.406612,-21.961695,-68.181984,-22.430496
5.925000,-72.490318,-3.221224,37.335903,-22.334845,-71.120651,-22.489645
5.931250,-84.069160,-3.219058,36.279854,-22.735697,-73.284286,-22.564293
5.937500,-93.353004,-3.217828,34.256565,-23.159956,-74.858749,-22.658524
5.943750,-100.219833,-3.217535,31.376072,-23.591793,-75.985519,-22.771906
5.950000,-104.659775,-3.217036,28.029577,-24.014582,-76.828224,-22.914885
5.956250,-106.793091,-3.216226,24.611065,-24.409086,-77.658188,-22.921434
5.962500,-106.864273,-3.216373,21.236637,-24.757002,-78.026451,-22.992582
5.968750,-105.214714,-3.217520,17.988583,-25.045641,-76.937904,-23.062096
5.975000,-102.263092,-3.218053,14.950325,-25.262327,-75.532707,-23.125109
5.981250,-98.500412,-3.217536,12.210135,-25.398523,-73.384560,-23.181013
5.987500,-94.469604,-3.217630,9.831974,-25.447418,-70.136154,-23.229435
5.993750,-88.556969,-3.219626,7.883610,-25.404209,-65.483215,-23.268318
6.000000,-82.646980,-3.222723,6.403127,-25.267933,-59.221069,-23.297094
6.006250,-76.731064,-3.225716,5.420068,-25.034935,-51.270100,-23.304962
6.012500,-70.812675,-3.228925,4.942593,-24.694736,-41.831310,-23.262161
6.018750,-64.896019,-3.233062,4.892590,-24.271238,-31.461237,-23.207207
6.025000,-58.978085,-3.237472,5.125305,-23.819349,-20.179199,-23.145651
6.031250,-53.054279,-3.241462,6.021998,-23.346491,-8.313906,-23.086241
6.037500,-47.127731,-3.245507,7.428248,-22.884211,3.570248,-23.041000
6.043750,-41.201439,-3.250068,9.129765,-22.473053,14.921485,-23.016388
6.050000,-35.272167,-3.254266,10.956330,-22.136850,25.353809,-22.978422
6.056250,-29.335081,-3.257473,12.868692,-21.876328,34.563995,-22.942535
6.062500,-23.395872,-3.260278,14.613414,-21.721577,42.209774,-22.942411
6.068750,-17.458817,-3.263197,14.073793,-21.689260,48.087173,-22.982851
6.075000,-11.519308,-3.265409,14.959581,-21.777788,52.166012,-23.060963
6.081250,-5.573806,-3.265904,15.351862,-21.968023,54.553356,-23.175596
6.087500,0.371777,-3.265393,15.257127,-22.213568,55.408066,-23.318094
6.093750,6.307401,-3.265387,14.665656,-22.464993,54.802887,-23.455643
6.100000,12.234039,-3.266136,13.162233,-22.759464,52.860374,-23.594826
6.106250,18.160276,-3.266862,10.861105,-23.040445,49.987694,-23.736418
6.112500,24.087851,-3.267294,7.862299,-23.270555,46.459503,-23.869425
6.118750,30.012276,-3.267938,4.122441,-23.427053,42.475342,-23.978806
6.125000,35.931931,-3.269328,-0.381724,-23.499313,38.209587,-24.045954
6.131250,41.847126,-3.271594,-3.461295,-23.485632,33.864708,-24.030203
6.137500,47.762691,-3.274832,-6.402072,-23.392300,29.802847,-23.971806
6.143750,53.679863,-3.278603,-10.440620,-23.215752,24.904119,-23.859747
6.150000,59.603046,-3.281991,-13.337380,-22.967293,20.339766,-23.687868
6.156250,65.532448,-3.284644,-15.180718,-22.673513,15.926823,-23.468208
6.162500,71.461708,-3.287397,-16.041344,-22.359608,11.659922,-23.216476
6.168750,77.386879,-3.290813,-15.968233,-22.044823,7.589772,-22.945242
6.175000,83.313667,-3.294327,-15.051343,-21.747728,3.780520,-22.667894
6.181250,89.246056,-3.296894,-13.438558,-21.484650,0.291632,-22.396757
6.187500,95.182411,-3.298653,-11.299873,-21.268867,-2.774761,-22.158947
6.193750,99.221954,-3.300288,-8.849810,-21.117979,-5.192873,-21.963081
6.200000,102.986061,-3.301657,-6.317468,-21.046028,-7.686472,-21.796461
6.206250,105.944908,-3.302449,-3.512222,-21.020788,-9.467087,-21.698114
6.212500,107.605103,-3.302901,-0.441583,-21.061649,-10.741375,-21.685722
6.218750,107.536148,-3.303533,2.540657,-21.168501,-11.672038,-21.780756
6.225000,105.399033,-3.304353,5.243427,-21.325804,-12.472277,-21.938715
6.231250,100.959473,-3.305080,7.434249,-21.527605,-12.461037,-22.149582
6.237500,94.096313,-3.305705,8.764506,-21.784409,-12.889026,-22.447508
6.243750,84.809769,-3.306046,9.117130,-22.077505,-13.557645,-22.821831
6.250000,73.221710,-3.305920,10.576066,-22.390762,-14.439415,-23.255095
6.256250,59.567806,-3.305598,11.685013,-22.712412,-15.531731,-23.725481
6.262500,44.184872,-3.305792,10.983351,-23.036503,-16.799631,-24.208069
6.268750,27.501293,-3.306432,10.552820,-23.354815,-18.105503,-24.666189
6.275000,10.015615,-3.306323,10.352686,-23.646778,-19.029398,-25.081329
6.281250,-7.738225,-3.304967,10.320283,-23.899963,-19.381849,-25.444862
6.287500,-25.224066,-3.303849,10.318927,-24.111509,-19.143513,-25.739475
6.293750,-41.916363,-3.304405,10.260981,-24.276649,-18.048634,-25.949709
6.300000,-57.315804,-3.306075,10.116192,-24.384932,-15.783787,-26.059862
6.306250,-70.984619,-3.307465,9.865311,-24.423824,-12.069845,-26.056919
6.312500,-82.583084,-3.308638,9.470456,-24.380180,-6.723569,-25.929140
6.318750,-91.883720,-3.310692,8.874693,-24.244328,0.299879,-25.685886
6.325000,-98.764870,-3.313898,10.091679,-24.038837,8.764164,-25.386549
6.331250,-103.220131,-3.317734,11.616699,-23.783163,18.389389,-25.010880
6.337500,-105.369102,-3.322009,12.139307,-23.468765,28.708378,-24.570160
6.343750,-105.450996,-3.327136,13.723166,-23.108480,39.553703,-24.113546
6.350000,-103.804855,-3.332764,16.048962,-22.730844,50.377678,-23.679346
6.356250,-100.852715,-3.337840,18.835947,-22.364052,60.517906,-23.298538
6.362500,-97.086296,-3.342148,21.842007,-22.032152,69.299820,-22.991903
6.368750,-93.044304,-3.346037,24.830618,-21.753313,76.075188,-22.744402
6.375000,-87.107086,-3.349550,27.567057,-21.541021,80.217163,-22.586205
6.381250,-81.167480,-3.352398,29.780851,-21.455475,82.336975,-22.562298
6.387500,-75.226234,-3.354640,33.057648,-21.409672,81.499786,-22.657028
6.393750,-69.286270,-3.356519,35.114975,-21.454790,77.861786,-22.849426
6.400000,-63.345913,-3.357737,36.935490,-21.602402,71.747856,-23.069540
6.406250,-57.405239,-3.357898,38.500462,-21.846693,63.465137,-23.333923
6.412500,-51.467541,-3.357740,39.738556,-22.173143,52.212269,-23.673241
6.418750,-45.537304,-3.358163,40.560528,-22.565245,39.364498,-24.036800
6.425000,-39.611275,-3.358968,40.886219,-22.998276,25.347063,-24.391460
6.431250,-33.683403,-3.359220,40.669849,-23.442034,10.692058,-24.707111
6.437500,-27.755251,-3.358983,39.845646,-23.867510,-4.056678,-24.957771
6.443750,-21.833672,-3.359399,40.540146,-24.240383,-18.364901,-25.117046
6.450000,-15.918069,-3.360924,39.455196,-24.531782,-31.775749,-25.184853
6.456250,-10.002947,-3.362900,38.607491,-24.736179,-44.080696,-25.227722
6.462500,-4.084527,-3.364991,37.839565,-24.850565,-55.109543,-25.153551
6.468750,1.834561,-3.367311,37.082127,-24.869364,-63.124645,-24.998026
6.475000,7.754603,-3.369765,36.248295,-24.793455,-69.255707,-24.802336
6.481250,13.678501,-3.371878,35.230862,-24.638502,-73.197571,-24.595440
6.487500,19.603081,-3.373970,33.908752,-24.433712,-74.784737,-24.403851
6.493750,25.525906,-3.376695,32.265961,-24.199919,-73.904678,-24.229473
6.500000,31.449051,-3.379612,30.404331,-23.942179,-72.372856,-24.058325
6.506250,37.378345,-3.381822,26.456013,-23.681662,-68.734604,-23.883186
6.512500,43.310894,-3.383424,22.043079,-23.437973,-63.603851,-23.745045
6.518750,49.239937,-3.385617,18.820320,-23.244034,-57.338303,-23.661753
6.525000,55.165730,-3.388441,14.977047,-23.116999,-50.784725,-23.615612
6.531250,61.096298,-3.390823,10.779115,-23.056698,-44.522614,-23.596014
6.537500,67.033455,-3.392256,6.434321,-23.059195,-39.034866,-23.596729
6.543750,72.969666,-3.393488,2.112496,-23.117676,-34.731529,-23.615294
6.550000,78.900597,-3.395242,-2.030414,-23.222416,-31.960274,-23.651300
6.556250,84.831261,-3.397033,-5.830246,-23.350595,-29.226902,-23.660486
6.562500,90.764297,-3.398338,-9.087936,-23.411648,-28.225773,-23.664062
6.568750,96.697670,-3.399426,-11.451775,-23.524958,-28.405142,-23.665457
6.575000,100.734062,-3.400507,-13.880228,-23.636465,-29.384026,-23.669954
6.581250,104.495506,-3.401323,-15.088861,-23.726311,-30.788755,-23.685684
6.587500,107.449677,-3.402255,-15.261135,-23.787706,-32.039639,-23.697935
6.593750,109.102203,-3.403886,-14.571441,-23.823151,-34.586113,-23.711605
6.600000,109.027924,-3.405826,-13.203483,-23.837944,-36.405941,-23.731840
6.606250,106.891968,-3.407005,-11.326212,-23.834484,-37.610977,-23.759159
6.612500,102.455620,-3.407531,-9.109767,-23.815437,-38.323685,-23.792910
6.618750,95.589287,-3.408613,-6.739534,-23.782019,-38.687099,-23.830257
6.625000,86.292244,-3.410941,-4.398387,-23.733999,-38.844265,-23.865725
6.631250,74.691147,-3.413675,-0.115361,-23.674055,-38.951397,-23.896332
6.637500,61.028828,-3.416260,2.666919,-23.602961,-39.148941,-24.001228
6.643750,45.642742,-3.419210,5.927061,-23.512726,-38.530247,-23.971745
6.650000,28.956808,-3.423025,9.451971,-23.389696,-39.498894,-23.955568
6.656250,11.467910,-3.426990,12.941715,-23.233723,-40.979267,-23.945238
6.662500,-6.288317,-3.430304,16.046434,-23.046444,-43.152775,-23.932028
6.668750,-23.768059,-3.433251,18.499905,-22.818909,-46.179150,-23.902550
6.675000,-40.443871,-3.436524,20.036283,-22.551315,-50.241039,-23.861517
6.681250,-55.823505,-3.440250,20.313711,-22.266207,-53.432316,-23.829071
6.687500,-69.476631,-3.444148,21.289410,-21.972490,-57.184799,-23.805704
6.693750,-81.060814,-3.448119,21.487192,-21.690031,-61.053692,-23.794744
6.700000,-90.337921,-3.451653,21.238764,-21.473093,-64.683876,-23.809681
6.706250,-97.184555,-3.454202,20.654591,-21.245590,-67.686768,-23.864410
6.712500,-101.604156,-3.455900,19.764799,-21.065321,-69.570000,-23.938391
6.718750,-103.723511,-3.457455,19.165575,-20.969673,-70.094337,-24.045774
6.725000,-103.780342,-3.459341,18.937885,-20.973503,-69.148827,-24.182524
6.731250,-102.110313,-3.460822,19.073105,-21.080107,-66.505165,-24.332445
6.737500,-99.137642,-3.461217,19.513393,-21.281651,-63.872913,-24.537996
6.743750,-95.357750,-3.460787,20.151140,-21.570023,-59.683781,-24.770090
6.750000,-91.308708,-3.460042,20.773838,-21.954327,-54.506802,-24.998089
6.756250,-85.368584,-3.459140,23.442497,-22.390511,-48.727959,-25.190680
6.762500,-79.431168,-3.458318,25.006109,-22.839485,-42.785381,-25.337185
6.768750,-73.497299,-3.457688,27.127956,-23.305910,-37.217361,-25.437876
6.775000,-67.564285,-3.456779,29.563503,-23.775433,-30.237953,-25.484192
6.781250,-61.630192,-3.455251,32.117245,-24.229965,-23.565742,-25.472605
6.787500,-55.698730,-3.453339,34.583450,-24.649431,-17.035427,-25.403797
6.793750,-49.774925,-3.452183,36.748886,-25.016466,-10.464717,-25.280901
6.800000,-43.858833,-3.452194,38.408356,-25.315704,-3.662237,-25.108932
6.806250,-37.944874,-3.452638,39.379913,-25.535276,3.560560,-24.893051
6.812500,-32.028847,-3.453282,39.509701,-25.667698,11.385356,-24.632582
6.818750,-26.113916,-3.454679,40.842354,-25.713531,20.002417,-24.189016
6.825000,-20.201336,-3.456912,41.908932,-25.695267,26.823587,-23.849255
6.831250,-14.285400,-3.459202,41.284626,-25.605051,34.220798,-23.500530
6.837500,-8.365471,-3.461239,41.310627,-25.445385,41.441383,-23.180904
6.843750,-2.446541,-3.464031,41.641830,-25.253811,47.837200,-22.941050
6.850000,3.469991,-3.467982,42.220890,-25.053820,52.751568,-22.758940
6.856250,9.391029,-3.471861,43.038795,-24.861736,57.406071,-22.653254
6.862500,15.322196,-3.474351,44.088230,-24.688545,60.073200,-22.648554
6.868750,21.257576,-3.476060,45.377762,-24.534878,60.986271,-22.744186
6.875000,27.188189,-3.478133,46.917946,-24.389235,60.421818,-22.927629
6.881250,33.113857,-3.480824,46.845463,-24.202648,58.730083,-23.169764
6.887500,39.040890,-3.483441,47.085159,-24.068703,56.259045,-23.435366
6.893750,44.971329,-3.485614,47.507004,-23.967800,53.196587,-23.729887
6.900000,50.902699,-3.487491,47.398483,-23.900433,49.951641,-24.017382
6.906250,56.833603,-3.488947,46.525932,-23.907848,47.098785,-24.257957
6.912500,62.763180,-3.490047,45.182632,-23.863735,43.174629,-24.422752
6.918750,68.687798,-3.491593,43.145260,-23.829979,40.137085,-24.497898
6.925000,74.606293,-3.494195,40.216038,-23.812305,37.738750,-24.477127
6.931250,80.524200,-3.497415,36.570686,-23.783302,35.741962,-24.356392
6.937500,86.446526,-3.500510,32.308952,-23.759222,33.869244,-24.144215
6.943750,92.372116,-3.503546,27.547180,-23.756968,31.775921,-23.876371
6.950000,96.404228,-3.506735,22.953466,-23.751337,29.089006,-23.582245
6.956250,100.164955,-3.509612,18.694750,-23.727568,27.006229,-23.214472
6.962500,103.124451,-3.511466,14.856091,-23.673615,23.820757,-22.832256
6.968750,104.784996,-3.513343,11.469802,-23.587004,19.824617,-22.471073
6.975000,104.713860,-3.516311,8.525237,-23.471664,15.102454,-22.155615
6.981250,102.574921,-3.519957,6.037273,-23.329294,9.742337,-21.899948
6.987500,98.140556,-3.522934,4.018286,-23.161432,3.834092,-21.711317
6.993750,91.290161,-3.524592,2.456941,-22.966331,-2.543750,-21.585085
7.000000,82.014900,-3.525843,1.329569,-22.734945,-9.327095,-21.505896
7.006250,70.430557,-3.527679,0.558940,-22.450327,-14.430132,-21.501827
7.012500,56.776386,-3.530132,2.100039,-22.153221,-19.352222,-21.573271
7.018750,41.398277,-3.532927,4.098743,-21.899508,-23.475965,-21.697336
7.025000,24.725338,-3.535688,5.294830,-21.647453,-26.376139,-21.853333
7.031250,7.249981,-3.538189,7.952309,-21.396566,-27.551279,-22.081388
7.037500,-10.495872,-3.540365,11.251199,-21.196049,-28.196987,-22.334572
7.043750,-27.967943,-3.542778,14.802006,-21.083405,-27.280331,-22.636734
7.050000,-44.634033,-3.545472,18.283066,-21.085157,-25.201723,-22.997131
7.056250,-59.998226,-3.547728,21.438889,-21.214785,-22.222591,-23.418201
7.062500,-73.629974,-3.548692,26.252855,-21.462944,-18.612854,-23.899958
7.068750,-85.193016,-3.548637,29.238991,-21.832888,-14.673786,-24.451704
7.075000,-94.456528,-3.548349,32.289520,-22.314728,-10.653386,-25.030918
7.081250,-101.299080,-3.547901,35.235146,-22.871475,-6.484780,-25.590246
7.087500,-105.717621,-3.546651,37.921543,-23.421110,-4.745726,-26.146030
7.093750,-107.833000,-3.544518,39.687214,-24.062212,-1.927500,-26.693205
7.100000,-107.886772,-3.541932,40.440170,-24.713448,-0.020377,-27.211840
7.106250,-106.221664,-3.539242,40.202324,-25.339241,0.939657,-27.677336
7.112500,-103.265099,-3.536649,38.747375,-25.925228,0.946090,-28.064058
7.118750,-99.509781,-3.534545,35.863903,-26.470356,0.046868,-28.342564
7.125000,-95.487595,-3.533108,33.235226,-26.876986,-1.635580,-28.469759
7.131250,-89.573471,-3.531895,29.479095,-27.172203,-3.875044,-28.415064
7.137500,-83.660927,-3.530649,25.151854,-27.367374,-8.132178,-28.244917
7.143750,-77.753899,-3.530260,20.530514,-27.469023,-12.869255,-27.935751
7.150000,-71.855324,-3.531767,15.876126,-27.481819,-18.264090,-27.492029
7.156250,-65.959770,-3.534620,11.449401,-27.408834,-24.255583,-26.932775
7.162500,-60.056217,-3.537461,7.481275,-27.255743,-30.701275,-26.287302
7.168750,-54.144772,-3.539798,4.145980,-27.034191,-37.429264,-25.599316
7.175000,-48.232944,-3.542492,1.580227,-26.759346,-44.251606,-24.927311
7.181250,-42.322594,-3.545858,-0.115275,-26.448757,-51.136677,-24.248199
7.187500,-36.408302,-3.549279,-0.873564,-26.119034,-56.162674,-23.608894
7.193750,-30.487068,-3.552118,-0.657761,-25.778538,-60.473186,-23.056149
7.200000,-24.562059,-3.554575,-1.349125,-25.414875,-63.415798,-22.618748
7.206250,-18.636045,-3.556923,0.720613,-25.076504,-64.400505,-22.295664
7.212500,-12.707855,-3.558763,3.159367,-24.784452,-64.782326,-22.068733
7.218750,-6.777299,-3.560274,6.149493,-24.533930,-63.055252,-21.992302
7.225000,-0.848254,-3.562105,9.459060,-24.321699,-59.402897,-22.038074
7.231250,5.079091,-3.564442,12.876900,-24.143513,-54.179104,-22.184145
7.237500,11.009831,-3.566483,16.127640,-23.997684,-47.887230,-22.404741
7.243750,16.946527,-3.567658,18.912584,-23.894186,-41.072914,-22.664364
7.250000,22.883930,-3.568378,23.173185,-23.825098,-34.310730,-22.910835
7.256250,28.816711,-3.569358,25.509357,-23.780800,-28.257927,-23.141630
7.262500,34.745682,-3.570800,27.852160,-23.758997,-23.918373,-23.372881
7.268750,40.673271,-3.572537,29.943892,-23.767935,-19.305838,-23.554132
7.275000,46.600220,-3.574925,31.616898,-23.782045,-16.100626,-23.649614
7.281250,52.526455,-3.578015,32.872074,-23.776875,-14.293870,-23.661591
7.287500,58.455952,-3.581025,33.368015,-23.758131,-13.768518,-23.595173
7.293750,64.392204,-3.582983,33.005192,-23.707344,-14.247809,-23.455133
7.300000,70.332214,-3.583851,31.855997,-23.590981,-15.425693,-23.253502
7.306250,76.269531,-3.584427,30.455788,-23.485998,-16.992144,-23.009604
7.312500,82.198830,-3.585549,29.018221,-23.361662,-18.636446,-22.749090
7.318750,88.122597,-3.587569,27.681561,-23.213247,-20.073238,-22.504358
7.325000,94.045265,-3.590296,24.940773,-23.051691,-21.118473,-22.292696
7.331250,98.077850,-3.592779,22.905306,-22.869444,-21.766785,-22.117041
7.337500,101.843987,-3.594320,21.543102,-22.667646,-21.870104,-22.009647
7.343750,104.806213,-3.595035,20.594658,-22.471849,-21.404726,-21.992556
7.350000,106.466492,-3.595908,19.887331,-22.300097,-20.532881,-22.058342
7.356250,106.395958,-3.597533,19.325788,-22.160706,-17.570051,-22.170565
7.362500,104.258736,-3.599576,18.815989,-22.056419,-14.143987,-22.379929
7.368750,99.821541,-3.601362,18.240702,-21.983503,-11.858236,-22.665176
7.375000,92.962708,-3.602813,17.466452,-21.936144,-9.303804,-22.987740
7.381250,83.678986,-3.604232,18.464725,-21.910692,-6.700614,-23.313124
7.387500,72.091202,-3.605843,19.642038,-21.915607,-4.273615,-23.609991
7.393750,58.435658,-3.608159,21.135483,-21.966057,-0.162774,-23.873177
7.400000,43.054302,-3.611080,22.905617,-22.021084,4.007841,-24.087864
7.406250,26.379307,-3.613746,25.166548,-22.097540,6.733706,-24.235367
7.412500,8.905210,-3.615489,28.015404,-22.211752,9.923046,-24.307751
7.418750,-8.839352,-3.616575,31.306700,-22.373289,13.277118,-24.304834
7.425000,-26.314379,-3.617915,34.804657,-22.589117,16.491417,-24.233728
7.431250,-42.987644,-3.619859,38.250198,-22.863161,19.292288,-24.104071
7.437500,-58.361290,-3.621771,43.563862,-23.192789,21.467499,-23.920633
7.443750,-72.005974,-3.623288,47.258232,-23.568651,22.854786,-23.679144
7.450000,-83.582825,-3.624785,51.257664,-23.965374,23.268208,-23.401148
7.456250,-92.857224,-3.626091,55.220840,-24.394297,22.418549,-23.128250
7.462500,-99.703148,-3.626583,58.587894,-24.876286,20.326145,-22.879202
7.468750,-104.122238,-3.626030,61.216396,-25.408304,17.116791,-22.670902
7.475000,-106.240883,-3.625282,62.951145,-25.975498,12.954269,-22.515268
7.481250,-106.299370,-3.624657,63.823719,-26.534090,8.118935,-22.409019
7.487500,-104.634674,-3.623602,61.717575,-27.086147,2.919745,-22.353580
7.493750,-101.671280,-3.621655,58.137283,-27.625629,-2.351481,-22.349459
7.500000,-97.906578,-3.619665,52.658287,-28.127190,-7.263717,-22.377966
7.506250,-93.877792,-3.618470,47.144844,-28.557449,-11.262097,-22.431128
7.512500,-87.960251,-3.617758,39.930370,-28.908035,-13.644876,-22.515642
7.518750,-82.043480,-3.616796,31.265657,-29.172401,-13.930121,-22.605640
7.525000,-76.129417,-3.616182,21.653219,-29.331791,-11.684947,-22.683060
7.531250,-70.222748,-3.616704,11.574961,-29.379414,-8.318936,-22.743731
7.537500,-64.320251,-3.618115,1.487218,-29.325695,-3.892814,-22.771746
7.543750,-58.416718,-3.619798,-8.133397,-29.176952,2.801785,-22.752090
7.550000,-52.512306,-3.621876,-16.666380,-28.917734,10.797729,-22.697195
7.556250,-46.609234,-3.624840,-23.772772,-28.579643,19.179506,-22.621723
7.562500,-40.706055,-3.628648,-31.068951,-28.190121,27.130293,-22.541555
7.568750,-34.798107,-3.632530,-36.527092,-27.758110,33.917065,-22.478697
7.575000,-28.882696,-3.635922,-40.283188,-27.296247,38.916462,-22.432751
7.581250,-22.962614,-3.638758,-42.273998,-26.857782,41.801086,-22.384670
7.587500,-17.039789,-3.640968,-42.718983,-26.439541,44.137703,-22.363140
7.593750,-11.115470,-3.642486,-41.995949,-26.045778,44.235252,-22.382158
7.600000,-5.192231,-3.643758,-40.362236,-25.682173,42.537300,-22.441833
7.606250,0.726442,-3.645494,-38.038746,-25.353670,39.581169,-22.534988
7.612500,6.643110,-3.647662,-35.249393,-25.058853,35.934464,-22.648361
7.618750,12.562263,-3.649500,-32.221348,-24.792328,32.151394,-22.772528
7.625000,18.484055,-3.650957,-27.045897,-24.548292,28.706629,-22.916588
7.631250,24.403254,-3.652723,-21.375858,-24.323528,26.026274,-23.116364
7.637500,30.318827,-3.655352,-16.883852,-24.111938,24.515968,-23.289444
7.643750,36.232914,-3.658346,-11.732295,-23.900723,23.636833,-23.432117
7.650000,42.149738,-3.661650,-6.240679,-23.650978,24.251842,-23.566010
7.656250,48.066601,-3.665604,-0.905251,-23.361139,26.095518,-23.699974
7.662500,53.982632,-3.670769,3.497204,-23.072639,28.697258,-23.845167
7.668750,59.901241,-3.676678,8.764901,-22.782581,31.531265,-23.999380
7.675000,65.829163,-3.682415,13.247114,-22.492674,34.112598,-24.162731
7.681250,71.766617,-3.687172,17.103720,-22.215628,35.877792,-24.338991
7.687500,77.710083,-3.691102,20.517807,-21.969782,38.115345,-24.532415
7.693750,83.654259,-3.694504,23.717581,-21.774837,38.614246,-24.747004
7.700000,89.597672,-3.697661,25.111803,-21.633453,37.384861,-24.991547
7.706250,95.541801,-3.700241,26.678404,-21.542978,34.514256,-25.278358
7.712500,99.592056,-3.702144,28.074295,-21.511551,30.604593,-25.532135
7.718750,103.368088,-3.703464,29.017620,-21.531767,26.193239,-25.773298
7.725000,106.336670,-3.704093,29.267223,-21.599222,21.071857,-26.027548
7.731250,108.004890,-3.704263,28.447838,-21.734884,15.613667,-26.280178
7.737500,107.941879,-3.704460,26.448280,-21.916815,10.201549,-26.508959
7.743750,105.806793,-3.705117,25.406010,-22.117863,5.144793,-26.683975
7.750000,101.363640,-3.706671,23.814432,-22.318743,0.688959,-26.768795
7.756250,94.494675,-3.708622,22.018452,-22.502764,-3.028476,-26.754480
7.762500,85.203514,-3.710474,20.318501,-22.660727,-6.152571,-26.662344
7.768750,73.610435,-3.712607,18.909382,-22.791267,-8.485265,-26.476349
7.775000,59.948990,-3.715657,17.986025,-22.889427,-9.950521,-26.193617
7.781250,44.561619,-3.719764,17.732248,-22.957432,-10.615733,-25.825584
7.787500,27.882286,-3.724001,18.217216,-23.004259,-10.598976,-25.395067
7.793750,10.406961,-3.727338,19.442911,-23.039362,-10.016340,-24.931446
7.800000,-7.334492,-3.730019,21.345510,-23.074236,-8.966533,-24.457569
7.806250,-24.802124,-3.732415,23.831768,-23.115070,-7.407947,-23.957014
7.812500,-41.463238,-3.734530,24.906916,-23.157990,-5.446239,-23.412792
7.818750,-56.822857,-3.735759,28.173723,-23.212360,-5.118643,-22.927212
7.825000,-70.454994,-3.736248,31.484434,-23.289541,-3.829286,-22.526230
7.831250,-82.023636,-3.736417,34.580757,-23.414146,-2.616765,-22.201609
7.837500,-91.291176,-3.736299,37.262703,-23.602793,-1.618935,-21.953730
7.843750,-98.133049,-3.735169,39.427948,-23.874994,-0.845023,-21.779932
7.850000,-102.550713,-3.733196,41.094643,-24.176613,-0.239165,-21.683041
7.856250,-104.672112,-3.731354,42.342976,-24.510782,0.217785,-21.664404
7.862500,-104.734489,-3.730108,42.823185,-24.883310,0.637203,-21.716532
7.868750,-103.073380,-3.728489,40.647137,-25.279724,-0.957827,-21.826517
7.875000,-100.111092,-3.725954,37.501778,-25.674568,-2.960089,-21.975254
7.881250,-96.345230,-3.722914,35.061111,-26.055330,-5.602715,-22.133760
7.887500,-92.314941,-3.720330,31.453266,-26.415648,-9.082942,-22.261217
7.893750,-86.396751,-3.718214,26.922558,-26.734890,-11.574619,-22.408163
7.900000,-80.481422,-3.716366,21.741713,-26.995224,-14.662232,-22.533844
7.906250,-74.570389,-3.715297,16.216516,-27.172050,-17.562931,-22.611637
7.912500,-68.664825,-3.715456,10.680604,-27.252636,-20.016289,-22.649601
7.918750,-62.759735,-3.715456,5.352182,-27.252636,-21.679930,-22.649601
7.925000,-62.759735,-3.715456,5.352182,-27.252636,-21.679930,-22.649601
7.931250,-62.759735,-3.715456,5.352182,-27.252636,-21.679930,-22.649601
7.937500,-62.759735,-3.715456,5.352182,-27.252636,-21.679930,-22.649601
7.943750,-62.759735,-3.715456,5.352182,-27.252636,-21.679930,-22.649601
7.950000,-62.759735,-3.715456,5.352182,-27.252636,-21.679930,-22.649601
7.956250,-62.759735,-3.715456,5.352182,-27.252636,-21.679930,-22.649601
7.962500,-62.759735,-3.715456,5.352182,-27.252636,-21.679930,-22.649601
7.968750,-62.759735,-3.715456,5.352182,-27.252636,-21.679930,-22.649601
7.975000,-62.759735,-3.715456,5.352182,-27.252636,-21.679930,-22.649601
7.981250,-62.759735,-3.715456,5.352182,-27.252636,-21.679930,-22.649601
7.987500,-62.759735,-3.715456,5.352182,-27.252636,-21.679930,-22.649601
7.993750,-62.759735,-3.715456,5.352182,-27.252636,-21.679930,-22.649601
8.000000,-62.759735,-3.715456,5.352182,-27.252636,-21.679930,-22.649601
