Anritsu VNA Frequency[GHz],S21[deg],S21[dB],S11[deg],S11[dB],S22[deg],S22[dB]
1338099155.38,2012_05_27_07:12:35,+40.452,+10.253,+54.727,+10.264,+13.897,+13.707,+14.003,+13.753,10.358143,-15.987
3.006250,33.017197,-1.740769,58.287338,-26.696529,-81.367477,-27.422005
3.012500,33.017197,-1.740769,58.287338,-26.696529,-81.367477,-27.422005
3.018750,33.017197,-1.740769,58.287338,-26.696529,-81.367477,-27.422005
3.025000,33.017197,-1.740769,58.287338,-26.696529,-81.367477,-27.422005
3.031250,33.017197,-1.740769,58.287338,-26.696529,-81.367477,-27.422005
3.037500,33.017197,-1.740769,58.287338,-26.696529,-81.367477,-27.422005
3.043750,33.017197,-1.740769,58.287338,-26.696529,-81.367477,-27.422005
3.050000,33.017197,-1.740769,58.287338,-26.696529,-81.367477,-27.422005
3.056250,33.017197,-1.740769,58.287338,-26.696529,-81.367477,-27.422005
3.062500,33.017197,-1.740769,58.287338,-26.696529,-81.367477,-27.422005
3.068750,33.017197,-1.740769,58.287338,-26.696529,-81.367477,-27.422005
3.075000,33.017197,-1.740769,58.287338,-26.696529,-81.367477,-27.422005
3.081250,33.017197,-1.740769,58.287338,-26.696529,-81.367477,-27.422005
3.087500,33.017197,-1.740769,58.287338,-26.696529,-81.367477,-27.422005
3.093750,33.017197,-1.742545,58.287338,-26.498114,-81.367477,-27.169315
3.100000,38.921345,-1.744621,55.635616,-26.352108,-83.324257,-26.934496
3.106250,44.825493,-1.746706,52.111412,-26.278824,-83.677994,-26.718609
3.112500,50.730247,-1.748841,48.064148,-26.297634,-82.073593,-26.495493
3.118750,56.633953,-1.751155,42.096413,-26.346687,-80.348183,-26.190989
3.125000,62.536453,-1.753678,37.327576,-26.396488,-76.264023,-25.928774
3.131250,68.438683,-1.756291,32.973022,-26.472439,-70.095749,-25.639374
3.137500,74.339638,-1.759232,29.293610,-26.575750,-62.213551,-25.313614
3.143750,80.238983,-1.762695,26.490217,-26.696918,-52.796589,-24.960205
3.150000,86.139168,-1.766466,24.740242,-26.821394,-41.998737,-24.591774
3.156250,92.042542,-1.769984,24.163559,-26.934425,-29.992277,-24.226498
3.162500,96.053589,-1.773214,24.825300,-27.023146,-16.973770,-23.887217
3.168750,99.791435,-1.776597,26.746046,-27.079765,-3.152846,-23.624912
3.175000,102.722618,-1.780224,29.972176,-27.084047,9.401255,-23.381348
3.181250,104.356949,-1.783923,32.745674,-27.023020,22.733511,-23.161093
3.187500,104.269135,-1.787407,36.525799,-26.913923,35.515388,-22.995657
3.193750,102.118057,-1.790651,40.610188,-26.769529,47.258003,-22.900927
3.200000,97.666100,-1.793569,44.431725,-26.598001,57.545372,-22.879597
3.206250,90.791321,-1.796109,47.509003,-26.410402,65.990555,-22.932230
3.212500,81.491943,-1.798447,49.425179,-26.221220,72.280754,-23.066322
3.218750,69.888412,-1.800996,49.868713,-26.041084,76.183678,-23.263931
3.225000,56.219223,-1.803423,50.839596,-25.863966,77.333023,-23.470606
3.231250,40.827145,-1.805280,50.878063,-25.690001,75.901436,-23.694822
3.237500,24.137640,-1.806823,48.490215,-25.518469,73.891243,-23.928049
3.243750,6.638251,-1.808725,45.789318,-25.325668,69.717911,-24.147449
3.250000,-11.137849,-1.811174,42.640446,-25.153751,63.983601,-24.334242
3.256250,-28.640251,-1.813729,38.686943,-25.014111,57.244545,-24.487293
3.262500,-45.334095,-1.815928,34.174549,-24.889744,50.131306,-24.595573
3.268750,-60.729095,-1.817805,29.044109,-24.776686,43.341629,-24.650240
3.275000,-74.401009,-1.819779,23.171543,-24.674183,37.460827,-24.651419
3.281250,-86.010155,-1.822171,16.448803,-24.572914,32.993446,-24.606504
3.287500,-95.317406,-1.824914,8.780704,-24.460186,30.319918,-24.530552
3.293750,-102.198921,-1.827726,0.132652,-24.296068,29.703604,-24.422613
3.300000,-106.654274,-1.830467,-7.319867,-24.128578,31.309559,-24.283916
3.306250,-108.804535,-1.832930,-15.993584,-23.993851,35.111961,-24.141750
3.312500,-108.887802,-1.835157,-24.667879,-23.872593,40.924694,-24.028263
3.318750,-107.245201,-1.837248,-33.053062,-23.773382,48.488579,-23.964031
3.325000,-104.304382,-1.839191,-40.885651,-23.713245,57.463898,-23.958782
3.331250,-100.556442,-1.840768,-47.910458,-23.716785,67.417938,-24.015425
3.337500,-96.534821,-1.841983,-53.943878,-23.845718,77.832253,-24.132957
3.343750,-90.618309,-1.842857,-58.973015,-24.008331,88.167107,-24.296646
3.350000,-84.702209,-1.843346,-63.410034,-24.230013,97.921539,-24.449533
3.356250,-78.787025,-1.843537,-66.850037,-24.554041,106.814362,-24.646852
3.362500,-72.873444,-1.843581,-67.574219,-25.002960,113.889488,-24.895283
3.368750,-66.961777,-1.843375,-67.219643,-25.557344,119.235817,-25.184675
3.375000,-61.050602,-1.842577,-65.671562,-26.190495,122.390297,-25.560339
3.381250,-55.141651,-1.841410,-62.942513,-26.868557,123.097427,-25.894352
3.387500,-49.239140,-1.840614,-59.129993,-27.553366,121.881775,-26.215887
3.393750,-43.342869,-1.840628,-54.391613,-28.199987,118.073105,-26.517658
3.400000,-37.449104,-1.841019,-48.948650,-28.765985,112.113548,-26.792456
3.406250,-31.554241,-1.841205,-43.136131,-29.230677,104.881302,-27.071167
3.412500,-25.659891,-1.841563,-37.284096,-29.569159,96.922668,-27.319399
3.418750,-19.770763,-1.842823,-29.455139,-29.760111,86.777588,-27.516142
3.425000,-13.884532,-1.845042,-23.190296,-29.799150,76.649506,-27.655313
3.431250,-7.995551,-1.847423,-16.636572,-29.702057,66.906189,-27.742617
3.437500,-2.102648,-1.849730,-10.047194,-29.453056,57.960419,-27.782148
3.443750,3.789866,-1.852685,-3.448949,-29.050764,50.483978,-27.721350
3.450000,9.680881,-1.856598,2.642145,-28.540295,42.764515,-27.589796
3.456250,15.575906,-1.860695,8.061143,-27.960241,36.624393,-27.400928
3.462500,21.479700,-1.864134,12.806839,-27.354038,31.835993,-27.156939
3.468750,27.388617,-1.866956,16.963425,-26.767950,28.177813,-26.853781
3.475000,33.297871,-1.869555,20.641926,-26.266273,25.398739,-26.508356
3.481250,39.206562,-1.872039,24.096870,-25.803560,23.212286,-26.136490
3.487500,45.114830,-1.874517,26.061712,-25.408033,21.382124,-25.731558
3.493750,51.021843,-1.877390,27.923805,-25.115282,19.597984,-25.300390
3.500000,56.928116,-1.880698,29.507519,-24.929768,17.539431,-24.855465
3.506250,62.837826,-1.883711,30.708757,-24.837187,14.974827,-24.407591
3.512500,68.751625,-1.885891,31.436981,-24.804388,11.720198,-23.966122
3.518750,74.665520,-1.887847,31.665918,-24.744705,7.643096,-23.535488
3.525000,80.573311,-1.890740,31.535578,-24.727001,2.629718,-23.122005
3.531250,86.476898,-1.894676,31.646511,-24.713272,-3.452236,-22.740423
3.537500,92.383179,-1.898852,31.640385,-24.667494,-8.546074,-22.407751
3.543750,96.400497,-1.902760,31.761129,-24.579395,-14.119340,-22.119881
3.550000,100.147392,-1.906807,32.347980,-24.422083,-19.888298,-21.838453
3.556250,103.087379,-1.911601,31.842983,-24.196905,-25.378519,-21.510386
3.562500,104.732338,-1.916621,31.952703,-23.933769,-30.302794,-21.269466
3.568750,104.661659,-1.920889,32.341568,-23.659599,-33.443344,-21.099657
3.575000,102.534462,-1.923789,32.731880,-23.400492,-35.811832,-21.002464
3.581250,98.107925,-1.925604,32.838409,-23.191399,-37.136082,-20.990631
3.587500,91.255661,-1.927016,32.404903,-23.068110,-37.440723,-21.024605
3.593750,81.977913,-1.928031,31.318098,-23.019936,-36.587658,-21.126852
3.600000,70.400223,-1.927957,29.525755,-23.058241,-34.426708,-21.312027
3.606250,56.759987,-1.926515,28.872694,-23.197502,-31.117821,-21.574291
3.612500,41.392658,-1.924237,27.898371,-23.423388,-26.937445,-21.887197
3.618750,24.721962,-1.921542,27.001415,-23.752327,-22.279428,-22.225792
3.625000,7.241970,-1.918169,26.296719,-24.194019,-17.929792,-22.632708
3.631250,-10.513819,-1.913961,26.392092,-24.711708,-12.074533,-23.069132
3.637500,-28.001495,-1.909381,27.597881,-25.270487,-6.439315,-23.506878
3.643750,-44.692875,-1.905220,30.051851,-25.833313,-1.051085,-23.926249
3.650000,-60.094868,-1.901713,31.889774,-26.355137,4.002953,-24.310638
3.656250,-73.777000,-1.898810,34.670704,-26.762339,8.638396,-24.642761
3.662500,-85.397385,-1.896602,37.573322,-27.098003,12.762351,-24.916973
3.668750,-94.718994,-1.895359,41.522202,-27.341948,16.232971,-25.140022
3.675000,-101.617790,-1.894725,44.838661,-27.466249,18.965612,-25.310913
3.681250,-106.091225,-1.894209,47.255550,-27.467970,20.900202,-25.427788
3.687500,-108.263199,-1.894218,48.534199,-27.360357,21.961441,-25.493877
3.693750,-108.373344,-1.895500,48.528564,-27.170265,22.096205,-25.517847
3.700000,-106.760818,-1.897942,47.242947,-26.902336,21.309689,-25.510517
3.706250,-103.845909,-1.900525,44.835293,-26.574821,19.732115,-25.464703
3.712500,-100.119446,-1.902908,41.287830,-26.227121,17.578156,-25.374454
3.718750,-96.119133,-1.905650,34.894020,-25.885500,14.999724,-25.244581
3.725000,-90.225845,-1.909009,27.574627,-25.565954,12.322891,-25.091143
3.731250,-84.330528,-1.912452,19.054945,-25.313393,10.153423,-24.953285
3.737500,-78.429893,-1.915412,11.276100,-25.150677,8.905149,-24.843294
3.743750,-72.527069,-1.918158,2.981837,-25.063362,8.989753,-24.783468
3.750000,-66.625610,-1.920916,-5.276067,-25.038853,9.012059,-24.688190
3.756250,-60.725243,-1.923681,-13.105598,-25.073065,8.937698,-24.577818
3.762500,-54.823669,-1.926227,-20.083735,-25.144793,10.101696,-24.454206
3.768750,-48.922424,-1.928791,-25.773525,-25.217897,12.253068,-24.365587
3.775000,-43.022758,-1.931633,-29.940901,-25.303755,14.922649,-24.301256
3.781250,-37.123371,-1.934549,-32.487934,-25.389975,17.515213,-24.245363
3.787500,-31.222677,-1.937168,-33.060234,-25.455040,19.668766,-24.190962
3.793750,-25.321941,-1.939853,-31.570328,-25.512951,21.077286,-24.142042
3.800000,-19.423216,-1.942954,-28.037615,-25.511856,21.545103,-24.089563
3.806250,-13.525288,-1.946342,-23.632977,-25.422812,21.089636,-23.997797
3.812500,-7.625589,-1.949869,-17.710640,-25.287071,19.562298,-23.876156
3.818750,-1.725564,-1.953763,-10.858588,-25.121550,16.853756,-23.734383
3.825000,4.175057,-1.957984,-3.681855,-24.940428,13.099289,-23.579336
3.831250,10.079907,-1.961834,5.389741,-24.758423,8.565948,-23.421219
3.837500,15.988533,-1.965116,14.438859,-24.589737,3.574713,-23.297264
3.843750,21.896616,-1.968480,23.509008,-24.429974,-1.536477,-23.160835
3.850000,27.802029,-1.972325,30.794529,-24.273260,-7.460492,-22.995764
3.856250,33.708447,-1.976000,37.852993,-24.129427,-12.998168,-22.840765
3.862500,39.619251,-1.978919,44.146904,-23.997017,-18.131172,-22.704098
3.868750,45.529415,-1.981674,49.244560,-23.863035,-22.838305,-22.582464
3.875000,51.432373,-1.985549,52.739265,-23.704775,-27.144199,-22.465137
3.881250,57.331856,-1.990601,54.212074,-23.528339,-31.120441,-22.336800
3.887500,63.234818,-1.995766,53.222054,-23.335634,-34.950226,-22.201984
3.893750,69.144394,-2.000532,49.686195,-23.107857,-38.887440,-22.065817
3.900000,75.055275,-2.005515,45.693493,-22.835300,-43.064594,-21.920959
3.906250,80.963127,-2.011620,39.835941,-22.517752,-45.782139,-21.765709
3.912500,86.871033,-2.018727,32.646408,-22.156796,-48.907013,-21.595366
3.918750,92.785164,-2.026223,24.676291,-21.759815,-52.150803,-21.396976
3.925000,96.813210,-2.033543,16.391832,-21.353579,-55.270706,-21.143114
3.931250,100.576294,-2.040505,8.245755,-20.962460,-58.341225,-20.924564
3.937500,103.540100,-2.047008,0.794229,-20.607195,-59.142715,-20.736795
3.943750,105.211731,-2.052880,-5.517002,-20.310625,-58.763966,-20.587744
3.950000,105.165894,-2.057590,-10.349970,-20.094887,-56.736824,-20.491285
3.956250,103.061127,-2.060594,-13.478662,-19.977940,-52.707073,-20.462984
3.962500,98.657761,-2.061888,-14.758404,-19.969887,-46.424686,-20.514576
3.968750,91.830383,-2.061747,-14.121958,-20.068752,-37.750168,-20.654633
3.975000,82.576027,-2.060250,-13.475972,-20.241468,-26.685801,-20.893999
3.981250,71.015984,-2.057420,-11.290545,-20.534655,-13.399410,-21.253637
3.987500,57.385658,-2.053482,-6.950257,-20.936243,0.513955,-21.659409
3.993750,42.023628,-2.048719,-1.669199,-21.401354,15.687741,-22.166552
4.000000,25.356096,-2.043305,3.895672,-21.925550,31.327560,-22.782293
4.006250,7.875659,-2.037187,9.401388,-22.493156,46.576691,-23.538095
4.012500,-9.887253,-2.030951,14.576930,-23.076586,60.349850,-24.289898
4.018750,-27.388531,-2.025430,19.174719,-23.642776,73.344437,-25.015467
4.025000,-44.094498,-2.020846,22.907473,-24.175974,83.595726,-25.751991
4.031250,-59.508186,-2.016778,27.638391,-24.666212,92.014343,-26.502024
4.037500,-73.200455,-2.013238,29.998125,-25.092302,97.718491,-27.212708
4.043750,-84.834572,-2.011039,32.030380,-25.441370,100.996597,-27.855114
4.050000,-94.171196,-2.010245,33.589317,-25.712732,102.242203,-28.412266
4.056250,-101.082390,-2.009821,34.606537,-25.897528,101.982559,-28.874908
4.062500,-105.565895,-2.009198,35.161114,-25.976969,99.020874,-29.209612
4.068750,-107.749886,-2.009359,35.200611,-25.968391,95.753983,-29.403286
4.075000,-107.876190,-2.011523,34.745136,-25.889206,92.240501,-29.463346
4.081250,-106.278862,-2.014929,33.974632,-25.753002,88.710342,-29.394060
4.087500,-103.374924,-2.018134,33.143803,-25.568529,83.325523,-29.195971
4.093750,-99.656822,-2.020678,32.552872,-25.344284,77.814735,-28.875547
4.100000,-95.666473,-2.023477,30.620153,-25.095161,72.038437,-28.453300
4.106250,-89.785698,-2.027131,29.344862,-24.826324,65.899452,-27.968166
4.112500,-83.905296,-2.031282,28.631077,-24.530512,59.484173,-27.377119
4.118750,-78.021652,-2.035705,28.219080,-24.223839,52.956253,-26.716290
4.125000,-72.136299,-2.040669,27.814920,-23.921942,46.058491,-26.026337
4.131250,-66.249992,-2.046287,27.243336,-23.633984,38.940281,-25.337170
4.137500,-60.358669,-2.051912,26.391178,-23.363630,31.801268,-24.671148
4.143750,-54.461300,-2.057214,25.171381,-23.109900,24.854443,-24.046173
4.150000,-48.560944,-2.062548,23.498041,-22.871983,18.291063,-23.474524
4.156250,-42.660347,-2.068282,23.465494,-22.645842,12.280107,-22.955696
4.162500,-36.758350,-2.074367,23.669901,-22.421362,6.970504,-22.512682
4.168750,-30.852596,-2.080602,22.695601,-22.185688,4.064414,-22.133499
4.175000,-24.942873,-2.086994,22.391836,-21.959076,0.990117,-21.823589
4.181250,-19.029272,-2.093298,22.577822,-21.746658,-0.525210,-21.576118
4.187500,-13.111093,-2.099334,23.052696,-21.552664,-0.607717,-21.330122
4.193750,-7.188084,-2.105019,23.594538,-21.382761,0.807678,-21.196438
4.200000,-1.261517,-2.110135,23.973003,-21.244539,1.788785,-21.146481
4.206250,4.668381,-2.114360,23.972446,-21.145388,3.024482,-21.158041
4.212500,10.600911,-2.117493,23.428267,-21.081873,5.542796,-21.188484
4.218750,16.531864,-2.119925,24.405333,-21.042789,7.110167,-21.242155
4.225000,22.459148,-2.122029,23.493769,-21.024012,7.719151,-21.318844
4.231250,28.382494,-2.124038,22.674202,-21.014143,7.224610,-21.404705
4.237500,34.303379,-2.125734,21.738424,-21.011919,5.454275,-21.476999
4.243750,40.221638,-2.127149,20.351595,-21.034571,4.322522,-21.545605
4.250000,46.138702,-2.128202,18.353605,-21.066849,2.211797,-21.609148
4.256250,52.053516,-2.128720,15.597225,-21.091438,-0.352134,-21.651419
4.262500,57.964226,-2.129327,11.849310,-21.093393,-2.957202,-21.661024
4.268750,63.867435,-2.130673,6.910819,-21.062046,-5.247954,-21.628052
4.275000,69.764191,-2.133151,0.601262,-20.990707,-6.908801,-21.545376
4.281250,75.660629,-2.136190,-5.074172,-20.866791,-7.669511,-21.400675
4.287500,81.559479,-2.139643,-11.644114,-20.687794,-7.328399,-21.165649
4.293750,87.457748,-2.144242,-18.851612,-20.476892,-5.984781,-20.910587
4.300000,93.355423,-2.150181,-26.328642,-20.236145,-3.905487,-20.637756
4.306250,97.365440,-2.156355,-33.632496,-19.968813,-0.895726,-20.344513
4.312500,101.114494,-2.161590,-40.442890,-19.685888,2.838949,-20.040747
4.318750,104.064438,-2.166405,-46.489693,-19.402142,7.035820,-19.739801
4.325000,105.715614,-2.171764,-51.570297,-19.139063,11.390534,-19.459436
4.331250,105.643059,-2.177480,-55.537228,-18.919779,15.594285,-19.214472
4.337500,103.513298,-2.182536,-58.289146,-18.796198,19.376368,-19.007423
4.343750,99.090126,-2.186447,-59.851841,-18.665977,22.514778,-18.780199
4.350000,92.247063,-2.189456,-59.214844,-18.611248,24.514553,-18.658392
4.356250,82.982018,-2.191340,-57.276424,-18.665203,27.074446,-18.621683
4.362500,71.417206,-2.191706,-53.833187,-18.826534,28.936077,-18.680828
4.368750,57.787205,-2.190848,-48.974262,-19.086481,30.453926,-18.862989
4.375000,42.426052,-2.189624,-42.902435,-19.431812,31.868828,-19.105343
4.381250,25.761448,-2.187890,-35.891907,-19.840696,33.238312,-19.392227
4.387500,8.290246,-2.185022,-28.265852,-20.286476,35.366074,-19.731464
4.393750,-9.457221,-2.181282,-20.441338,-20.752739,36.570095,-20.150295
4.400000,-26.940996,-2.177878,-12.877791,-21.226919,38.409721,-20.624367
4.406250,-43.628483,-2.174948,-3.778167,-21.690823,40.465340,-21.127523
4.412500,-59.021233,-2.171604,3.271091,-22.131186,42.446430,-21.641106
4.418750,-72.691345,-2.168014,10.114079,-22.541424,44.139412,-22.151342
4.425000,-84.303543,-2.165056,16.576227,-22.860008,45.466042,-22.609816
4.431250,-93.621872,-2.163161,22.487282,-23.086861,46.430077,-22.989573
4.437500,-100.518539,-2.161653,27.454147,-23.233526,46.802814,-23.286821
4.443750,-104.991707,-2.160346,31.432775,-23.307877,46.585728,-23.494783
4.450000,-107.167007,-2.160108,34.489288,-23.311848,45.910042,-23.605837
4.456250,-107.282166,-2.161411,36.755413,-23.250242,44.942631,-23.618923
4.462500,-105.671997,-2.163458,38.431293,-23.133549,43.868095,-23.539921
4.468750,-102.759125,-2.165762,39.805233,-22.981392,42.907711,-23.391317
4.475000,-99.039230,-2.168892,39.360916,-22.792501,42.360622,-23.157747
4.481250,-95.046127,-2.172898,39.270061,-22.560368,40.947723,-22.827110
4.487500,-89.152916,-2.176804,39.189507,-22.317600,40.200871,-22.445601
4.493750,-83.254692,-2.180452,38.927647,-22.085907,39.820751,-22.042723
4.500000,-77.357765,-2.185020,38.419014,-21.876425,39.587990,-21.640139
4.506250,-71.463890,-2.191175,37.639191,-21.689384,39.292538,-21.252357
4.512500,-65.564560,-2.197732,36.580906,-21.511845,38.713703,-20.888664
4.518750,-59.652115,-2.203151,35.241474,-21.284098,37.602638,-20.558950
4.525000,-53.731392,-2.207651,33.652889,-21.103889,35.639915,-20.299482
4.531250,-47.811840,-2.212420,32.890705,-20.971495,32.372849,-20.096586
4.537500,-41.894382,-2.217796,32.459972,-20.842068,29.166853,-19.929409
4.543750,-35.970978,-2.222897,30.951885,-20.705969,24.525951,-19.808146
4.550000,-30.039135,-2.227032,30.080626,-20.590752,18.768614,-19.708055
4.556250,-24.102047,-2.230221,29.560402,-20.518585,12.306376,-19.691992
4.562500,-18.163534,-2.232922,29.176037,-20.509039,5.844915,-19.774580
4.568750,-12.224105,-2.235086,28.703491,-20.587601,-0.645034,-19.952875
4.575000,-6.281977,-2.236468,27.920511,-20.812822,-6.987246,-20.172493
4.581250,-0.336863,-2.236620,26.643375,-21.099407,-12.832440,-20.447672
4.587500,5.609375,-2.235519,23.591970,-21.471476,-17.690319,-20.789932
4.593750,11.553430,-2.233477,21.648226,-21.947355,-21.378027,-21.191389
4.600000,17.493731,-2.230633,18.942873,-22.529896,-23.845428,-21.631668
4.606250,23.430235,-2.226774,15.345609,-23.278791,-25.239016,-22.122234
4.612500,29.361937,-2.221995,11.756120,-24.066462,-25.819611,-22.653399
4.618750,35.283886,-2.217220,7.578269,-24.923134,-25.658497,-23.203201
4.625000,41.193745,-2.213269,3.130122,-25.827990,-25.033037,-23.755724
4.631250,47.097710,-2.209464,-1.300255,-26.748083,-24.265533,-24.297745
4.637500,53.000484,-2.204778,-5.452422,-27.640833,-23.717867,-24.811773
4.643750,58.898731,-2.199831,-9.077098,-28.453897,-23.754877,-25.262571
4.650000,64.783073,-2.196194,-13.866928,-29.127394,-24.725426,-25.602352
4.656250,70.653297,-2.194603,-15.955437,-29.634378,-27.011946,-25.839743
4.662500,76.517700,-2.194609,-17.394524,-29.967993,-29.185226,-25.995543
4.668750,82.381340,-2.195869,-18.046261,-30.098520,-32.629738,-26.043100
4.675000,88.244865,-2.198659,-17.932318,-30.014332,-37.112541,-25.974703
4.681250,94.109100,-2.202775,-17.183840,-29.718819,-42.428082,-25.791187
4.687500,98.083153,-2.207599,-16.001940,-29.236555,-48.354622,-25.503874
4.693750,101.787445,-2.213389,-14.627920,-28.606134,-54.625229,-25.124516
4.700000,104.685867,-2.221191,-13.356290,-27.855997,-60.895729,-24.655474
4.706250,106.289566,-2.230674,-12.682032,-26.988640,-66.802574,-24.088947
4.712500,106.182503,-2.240023,-12.839276,-26.045101,-71.900063,-23.479961
4.718750,104.027298,-2.248089,-14.179289,-25.103140,-77.601387,-22.883574
4.725000,99.577621,-2.255597,-15.133111,-24.222429,-82.438797,-22.320055
4.731250,92.704422,-2.263382,-17.243410,-23.424530,-86.560310,-21.824886
4.737500,83.411949,-2.270677,-20.256481,-22.727726,-90.192352,-21.361504
4.743750,71.827377,-2.276383,-23.957308,-22.144258,-93.608887,-20.937620
4.750000,58.182671,-2.280857,-28.094864,-21.670027,-94.738739,-20.560812
4.756250,42.810703,-2.284930,-32.375210,-21.246958,-95.121323,-20.290653
4.762500,26.139349,-2.288450,-36.517368,-20.959274,-94.328247,-20.117737
4.768750,8.665642,-2.290694,-38.975430,-20.783043,-92.200439,-20.022629
4.775000,-9.080544,-2.291866,-40.186039,-20.680918,-88.437225,-19.992846
4.781250,-26.558453,-2.292604,-39.555779,-20.617197,-82.789696,-20.027403
4.787500,-43.237053,-2.293363,-38.410866,-20.529806,-75.055229,-20.099548
4.793750,-58.622349,-2.294144,-35.579567,-20.478621,-66.738800,-20.162352
4.800000,-72.285782,-2.295187,-30.765806,-20.424866,-56.537266,-20.231113
4.806250,-83.885628,-2.296305,-24.592726,-20.362082,-45.088741,-20.298830
4.812500,-93.184258,-2.297400,-17.614851,-20.288345,-32.994144,-20.352423
4.818750,-100.060013,-2.298813,-10.388591,-20.203476,-20.838978,-20.378603
4.825000,-104.515480,-2.301214,-3.477865,-20.114317,-9.172170,-20.383213
4.831250,-106.669136,-2.304300,4.728628,-20.037323,1.482112,-20.390108
4.837500,-106.750572,-2.306657,12.408011,-19.984545,10.714095,-20.373295
4.843750,-105.100677,-2.307844,17.939552,-19.922365,18.613638,-20.301569
4.850000,-102.156128,-2.309472,23.058205,-19.870197,24.574051,-20.211941
4.856250,-98.414124,-2.312616,27.264267,-19.842829,28.564627,-20.118961
4.862500,-94.399498,-2.316386,30.297207,-19.844124,30.743008,-20.030476
4.868750,-88.480858,-2.319244,32.022202,-19.860542,31.379072,-19.943995
4.875000,-82.555763,-2.321274,32.391579,-19.869520,30.791264,-19.858759
4.881250,-76.633377,-2.323411,31.473066,-19.862585,29.283779,-19.780428
4.887500,-70.714981,-2.326062,29.645243,-19.863340,27.198601,-19.713346
4.893750,-64.796669,-2.328903,27.068314,-19.862831,24.895142,-19.660280
4.900000,-58.876450,-2.331785,23.908367,-19.860987,22.714775,-19.617996
4.906250,-52.955051,-2.334775,20.458401,-19.855419,20.975439,-19.573948
4.912500,-47.031601,-2.337532,16.905586,-19.830597,19.963305,-19.504671
4.918750,-41.105457,-2.340049,13.592257,-19.805468,20.129103,-19.457096
4.925000,-35.179523,-2.342868,10.877091,-19.802752,21.959366,-19.438938
4.931250,-29.252665,-2.345754,8.935023,-19.838135,23.222708,-19.447441
4.937500,-23.320435,-2.347776,7.875886,-19.920992,25.432026,-19.486719
4.943750,-17.380634,-2.348231,7.743131,-20.057999,28.231852,-19.564629
4.950000,-11.441845,-2.348039,8.540131,-20.246906,31.269140,-19.686710
4.956250,-5.509131,-2.348014,10.230248,-20.479662,34.200455,-19.863663
4.962500,0.421101,-2.347649,10.824810,-20.735464,36.663044,-20.143387
4.968750,6.353992,-2.346210,13.961308,-21.006638,37.446644,-20.352678
4.975000,12.285119,-2.344378,17.310446,-21.313591,38.560932,-20.633121
4.981250,18.209923,-2.342610,20.804382,-21.631607,38.382534,-20.974699
4.987500,24.132195,-2.340299,24.240385,-21.950226,36.938370,-21.366587
4.993750,30.055737,-2.336703,27.354605,-22.262470,34.172218,-21.800488
5.000000,35.973515,-2.332867,29.940065,-22.556885,30.055647,-22.265539
5.006250,41.877991,-2.330169,31.842901,-22.816723,26.475658,-22.740059
5.012500,47.773590,-2.328451,32.941494,-23.017191,21.724905,-23.155460
5.018750,53.669746,-2.326609,33.134529,-23.134090,16.288069,-23.511009
5.025000,59.566807,-2.324653,32.412971,-23.207785,10.310863,-23.842035
5.031250,65.459183,-2.323187,30.964231,-23.234144,4.589228,-24.118425
5.037500,71.345390,-2.322391,28.920822,-23.217190,-0.497145,-24.326416
5.043750,77.230171,-2.321980,26.262121,-23.203390,-4.695355,-24.461096
5.050000,83.112114,-2.322557,22.939152,-23.143774,-7.774742,-24.516909
5.056250,88.990471,-2.324466,20.093018,-23.049910,-9.484217,-24.481003
5.062500,94.871346,-2.326683,16.834871,-22.967546,-9.687575,-24.357929
5.068750,98.865524,-2.328055,13.567698,-22.912867,-8.332424,-24.158022
5.075000,102.587685,-2.329344,10.680430,-22.885525,-5.349851,-23.890669
5.081250,105.495705,-2.332376,6.670734,-22.870596,-0.690126,-23.564392
5.087500,107.100761,-2.337060,3.564927,-22.858368,5.636859,-23.194969
5.093750,106.988434,-2.341675,1.332711,-22.862043,13.515207,-22.807528
5.100000,104.819946,-2.345643,-0.224484,-22.864574,22.652578,-22.408020
5.106250,100.349060,-2.350165,-1.392079,-22.846453,32.482792,-21.987787
5.112500,93.450241,-2.355981,-2.351776,-22.791866,42.779762,-21.580601
5.118750,84.131935,-2.361901,-3.268365,-22.693106,53.154785,-21.207996
5.125000,72.520012,-2.367097,-4.303651,-22.546635,63.040882,-20.882442
5.131250,58.846222,-2.372222,-5.579548,-22.349577,71.852722,-20.606644
5.137500,43.445824,-2.378094,-7.196864,-22.103312,79.040054,-20.368906
5.143750,26.749411,-2.384259,-7.083817,-21.814407,84.130264,-20.104313
5.150000,9.254340,-2.389997,-6.678018,-21.498196,87.721321,-19.988920
5.156250,-8.507333,-2.395222,-7.382971,-21.146463,89.800941,-19.871473
5.162500,-25.992271,-2.400171,-7.123408,-20.774839,89.879967,-19.788048
5.168750,-42.667248,-2.404551,-6.211452,-20.409746,88.367424,-19.744589
5.175000,-58.039837,-2.407963,-4.860159,-20.071056,85.841354,-19.736843
5.181250,-71.684265,-2.410405,-3.275750,-19.774261,82.964676,-19.752287
5.187500,-83.262619,-2.412015,-1.692946,-19.535738,78.295586,-19.783195
5.193750,-92.538635,-2.412872,-0.361203,-19.372150,74.043472,-19.866777
5.200000,-99.392838,-2.413242,0.488961,-19.302650,70.477081,-20.027025
5.206250,-103.826462,-2.413559,2.884239,-19.315723,66.869225,-20.146376
5.212500,-105.960106,-2.413767,3.593348,-19.385180,64.033394,-20.282375
5.218750,-106.027245,-2.413442,4.468473,-19.512352,61.942921,-20.441448
5.225000,-104.368103,-2.412228,5.307667,-19.649586,60.455505,-20.618483
5.231250,-101.412483,-2.410167,6.068379,-19.848486,59.348690,-20.811394
5.237500,-97.656067,-2.407713,5.409904,-20.112259,58.282867,-21.031197
5.243750,-93.634438,-2.405556,4.064447,-20.404978,56.944168,-21.275211
5.250000,-87.727493,-2.404528,1.668081,-20.709225,55.060226,-21.535324
5.256250,-81.824883,-2.404300,-2.109306,-21.011227,52.334320,-21.806288
5.262500,-75.919380,-2.403401,-5.381061,-21.300184,48.516758,-22.077810
5.268750,-70.011314,-2.401542,-9.705396,-21.569193,43.386139,-22.335350
5.275000,-64.111427,-2.400556,-14.737977,-21.812759,36.736240,-22.559645
5.281250,-58.224987,-2.401900,-20.167410,-22.025444,28.535801,-22.754461
5.287500,-52.341389,-2.404341,-25.708780,-22.202387,19.106218,-22.941984
5.293750,-46.448509,-2.405914,-31.101473,-22.340330,8.507124,-23.099977
5.300000,-40.551220,-2.407009,-36.096024,-22.432360,-3.051585,-23.212383
5.306250,-34.662437,-2.409754,-40.457596,-22.470181,-15.186913,-23.267809
5.312500,-28.781837,-2.414613,-44.019722,-22.451056,-27.468527,-23.260271
5.318750,-22.896820,-2.420184,-46.668888,-22.371498,-39.451725,-23.183708
5.325000,-17.002357,-2.425951,-48.333454,-22.230505,-50.691257,-23.026272
5.331250,-11.102913,-2.432539,-49.047447,-22.050045,-60.815083,-22.853119
5.337500,-5.198130,-2.439664,-46.832203,-21.842245,-69.866295,-22.598427
5.343750,0.719216,-2.445851,-44.511780,-21.593767,-77.124451,-22.324898
5.350000,6.647517,-2.450897,-40.648441,-21.353930,-82.754532,-22.068012
5.356250,12.578374,-2.456003,-35.404846,-21.147156,-86.646637,-21.858822
5.362500,18.510092,-2.461185,-29.030249,-20.993561,-88.806808,-21.723145
5.368750,24.451260,-2.464942,-21.831949,-20.904251,-89.445412,-21.644476
5.375000,30.402826,-2.466545,-14.138701,-20.878571,-88.833359,-21.605415
5.381250,36.355206,-2.467039,-6.326245,-20.904642,-87.133820,-21.588802
5.387500,42.302769,-2.466893,1.155982,-20.988949,-83.802406,-21.711498
5.393750,48.249500,-2.465285,7.983188,-21.151606,-79.842842,-21.921833
5.400000,54.196728,-2.461808,14.163168,-21.375790,-75.614281,-22.213106
5.406250,60.135521,-2.457824,19.463181,-21.639051,-71.404991,-22.592081
5.412500,66.060677,-2.454376,23.671587,-21.912304,-67.220474,-22.955669
5.418750,71.978516,-2.450673,26.614399,-22.174360,-63.254429,-23.310522
5.425000,77.893196,-2.446277,28.199539,-22.406420,-59.896255,-23.643494
5.431250,83.799088,-2.442223,28.491049,-22.591326,-57.149181,-23.932570
5.437500,89.690994,-2.439622,27.711395,-22.712379,-54.958649,-24.149557
5.443750,95.573425,-2.438666,26.191217,-22.757061,-53.272873,-24.274609
5.450000,99.558594,-2.439025,24.289030,-22.715994,-52.019657,-24.296478
5.456250,103.270462,-2.440525,22.412388,-22.586893,-51.033337,-24.211805
5.462500,106.178062,-2.442888,21.001036,-22.382147,-50.145988,-24.050646
5.468750,107.792282,-2.445457,18.635754,-22.114178,-49.162258,-23.783123
5.475000,107.684601,-2.448486,17.501064,-21.775141,-47.199688,-23.402460
5.481250,105.509087,-2.453316,17.449972,-21.392080,-44.755848,-22.972519
5.487500,101.031578,-2.459813,18.205997,-20.997774,-41.526203,-22.530371
5.493750,94.141762,-2.466015,19.596951,-20.618525,-37.211666,-22.107462
5.500000,84.844559,-2.470668,21.472473,-20.271212,-31.581291,-21.726154
5.506250,73.252350,-2.474669,23.685343,-19.961887,-24.487226,-21.392338
5.512500,59.592690,-2.479146,26.067648,-19.671671,-15.965319,-21.029242
5.518750,44.210911,-2.483439,28.450315,-19.426937,-6.667369,-20.788036
5.525000,27.540913,-2.486295,30.200058,-19.268158,3.251225,-20.620430
5.531250,10.071887,-2.487872,31.924316,-19.170740,13.722034,-20.520805
5.537500,-7.671332,-2.488991,33.299286,-19.134716,24.222712,-20.479160
5.543750,-25.143002,-2.489588,34.005257,-19.167301,34.222713,-20.490915
5.550000,-41.807163,-2.489191,33.784351,-19.274029,43.337776,-20.604250
5.556250,-57.172947,-2.487889,32.451908,-19.462584,51.298595,-20.791849
5.562500,-70.816437,-2.485931,29.887789,-19.740620,58.437096,-21.003536
5.568750,-82.397285,-2.483294,26.145576,-20.073561,63.898758,-21.268858
5.575000,-91.678619,-2.479953,23.449942,-20.460327,67.812790,-21.586214
5.581250,-98.541748,-2.476419,18.469883,-20.901281,70.447319,-21.937674
5.587500,-102.987335,-2.472917,13.459399,-21.395638,72.142242,-22.287136
5.593750,-105.135185,-2.469081,8.500786,-21.943123,73.020844,-22.693314
5.600000,-105.222908,-2.465449,3.801246,-22.509607,71.672295,-23.095356
5.606250,-103.594925,-2.462944,-0.449189,-23.076323,70.200516,-23.488743
5.612500,-100.675758,-2.461330,-4.214277,-23.630316,68.350555,-23.870222
5.618750,-96.948425,-2.459281,-7.385813,-24.155588,65.995209,-24.235258
5.625000,-92.946205,-2.456513,-9.846669,-24.634491,63.027145,-24.580986
5.631250,-87.059258,-2.455041,-11.487607,-25.045424,59.333431,-24.887495
5.637500,-81.186211,-2.456151,-12.229946,-25.364937,54.759953,-25.117990
5.643750,-75.313560,-2.458227,-13.940736,-25.564510,51.187992,-25.230192
5.650000,-69.431725,-2.459685,-12.872317,-25.622612,46.994186,-25.254095
5.656250,-63.547314,-2.461445,-11.168143,-25.561836,41.811607,-25.222431
5.662500,-57.670933,-2.464928,-9.030837,-25.382360,36.591675,-25.104340
5.668750,-51.799313,-2.470258,-6.535969,-25.083748,31.595583,-24.892075
5.675000,-45.922253,-2.476287,-3.931409,-24.682447,27.006224,-24.590271
5.681250,-40.035545,-2.482521,-1.497452,-24.202087,23.002331,-24.206652
5.687500,-34.143005,-2.489045,0.484236,-23.679375,19.795797,-23.752367
5.693750,-28.244970,-2.495514,1.635760,-23.120232,17.687239,-23.257339
5.700000,-22.340483,-2.501637,1.345223,-22.526762,17.114683,-22.743383
5.706250,-16.433231,-2.508240,1.649333,-21.959486,16.236498,-22.242300
5.712500,-10.525526,-2.515781,0.920803,-21.457359,16.719891,-21.789768
5.718750,-4.610001,-2.523075,-0.630270,-21.040854,18.165258,-21.412373
5.725000,1.320857,-2.528574,-2.800123,-20.719635,21.978857,-21.098591
5.731250,7.261394,-2.532445,-5.392118,-20.493353,26.034533,-20.819889
5.737500,13.200905,-2.535883,-8.209487,-20.348648,30.511187,-20.615885
5.743750,19.138311,-2.538949,-11.100219,-20.265846,34.558998,-20.537994
5.750000,25.080351,-2.540338,-14.058232,-20.264530,38.649490,-20.551012
5.756250,31.025537,-2.540188,-17.055447,-20.331743,42.488899,-20.638783
5.762500,36.965988,-2.539466,-17.688786,-20.441284,45.732391,-20.787567
5.768750,42.898426,-2.538520,-19.125395,-20.564138,48.028763,-21.000212
5.775000,48.826630,-2.536954,-19.232750,-20.674519,48.915699,-21.206484
5.781250,54.750664,-2.534788,-18.210171,-20.770443,49.339767,-21.413931
5.787500,60.666065,-2.533051,-16.309069,-20.842030,48.357803,-21.625658
5.793750,66.571831,-2.532358,-13.737958,-20.877981,46.122684,-21.826468
5.800000,72.472290,-2.532415,-10.776999,-20.869883,42.714771,-21.994957
5.806250,78.371819,-2.532817,-7.752394,-20.815588,38.263805,-22.108564
5.812500,84.270958,-2.533387,-5.003745,-20.717836,32.999619,-22.162897
5.818750,90.168396,-2.534311,-2.855203,-20.586620,27.316904,-22.179043
5.825000,96.060684,-2.536401,0.544359,-20.447559,19.388695,-22.178577
5.831250,100.053329,-2.540607,3.558891,-20.363684,11.103710,-22.099812
5.837500,103.772285,-2.546705,4.894024,-20.230511,2.533360,-21.970285
5.843750,106.696846,-2.553007,6.586051,-20.119606,-6.560006,-21.822931
5.850000,108.340637,-2.557846,8.068968,-20.063082,-16.030046,-21.680532
5.856250,108.270561,-2.561311,9.280426,-20.068785,-25.645615,-21.556915
5.862500,106.133713,-2.564649,10.170275,-20.134653,-35.192432,-21.463976
5.868750,101.692268,-2.568132,10.715886,-20.238066,-44.528854,-21.401194
5.875000,94.829224,-2.571178,11.055953,-20.383211,-53.627331,-21.358320
5.881250,85.546318,-2.573525,11.637044,-20.593531,-62.595421,-21.353849
5.887500,73.962921,-2.575126,12.438825,-20.842775,-69.192596,-21.385143
5.893750,60.315830,-2.575697,13.639854,-21.117203,-74.749535,-21.438902
5.900000,44.944439,-2.575144,13.593133,-21.422354,-78.875298,-21.504910
5.906250,28.270269,-2.574478,14.180461,-21.794790,-83.307396,-21.595968
5.912500,10.783104,-2.574280,15.191638,-22.157169,-86.238983,-21.701580
5.918750,-6.978029,-2.573570,16.925417,-22.521677,-88.053009,-21.810049
5.925000,-24.462292,-2.571430,18.541285,-22.910547,-89.125839,-21.918880
5.931250,-41.144985,-2.569168,19.934288,-23.327627,-89.736038,-22.032104
5.937500,-56.541294,-2.567998,21.034498,-23.761663,-90.116646,-22.151361
5.943750,-70.218666,-2.567427,21.801813,-24.193525,-90.457207,-22.276382
5.950000,-81.827827,-2.566246,22.436617,-24.604923,-90.999687,-22.360620
5.956250,-91.134270,-2.564993,23.123310,-24.976303,-92.231194,-22.409967
5.962500,-98.024490,-2.565111,23.760866,-25.292208,-91.432777,-22.467384
5.968750,-102.494194,-2.565944,24.224886,-25.541666,-90.852036,-22.522726
5.975000,-104.654709,-2.565623,24.430143,-25.713192,-90.037964,-22.572418
5.981250,-104.746498,-2.564373,24.299196,-25.800468,-88.557556,-22.616539
5.987500,-103.123016,-2.564308,23.774134,-25.797823,-86.028366,-22.653399
5.993750,-100.213730,-2.566241,22.834486,-25.702284,-82.118164,-22.679842
6.000000,-96.497910,-2.568764,21.471561,-25.512171,-76.606491,-22.687656
6.006250,-92.501785,-2.571174,19.722837,-25.218882,-69.440125,-22.632515
6.012500,-86.610497,-2.574233,17.643721,-24.780579,-61.013199,-22.560169
6.018750,-80.720306,-2.578228,17.147409,-24.330952,-51.589802,-22.474190
6.025000,-74.824524,-2.582155,14.910831,-23.845068,-41.136276,-22.377171
6.031250,-68.921844,-2.585600,13.370644,-23.348820,-30.110329,-22.282608
6.037500,-63.017078,-2.589471,12.374829,-22.886528,-19.049465,-22.207554
6.043750,-57.111961,-2.593766,11.849885,-22.504808,-8.396246,-22.134657
6.050000,-51.200748,-2.597385,11.858889,-22.192289,1.596410,-22.051054
6.056250,-45.281261,-2.599925,12.388821,-21.978731,10.465113,-21.992947
6.062500,-39.361794,-2.602394,13.161008,-21.892754,17.972706,-21.980587
6.068750,-33.444359,-2.605024,12.214002,-21.941292,23.972092,-22.015326
6.075000,-27.521940,-2.606457,11.155101,-22.112211,28.466545,-22.093948
6.081250,-21.592915,-2.606011,11.606772,-22.371870,31.526615,-22.211775
6.087500,-15.668467,-2.605088,11.698309,-22.638887,33.218880,-22.346144
6.093750,-9.755716,-2.605063,11.378357,-22.951744,33.515568,-22.484482
6.100000,-3.849858,-2.605633,9.957354,-23.275696,32.601215,-22.630342
6.106250,2.057822,-2.605944,7.944617,-23.559513,30.760410,-22.774712
6.112500,7.965903,-2.606026,5.246536,-23.772179,28.159964,-22.903091
6.118750,13.869282,-2.606621,1.775531,-23.895529,24.931393,-22.998037
6.125000,19.767939,-2.608029,-2.512348,-23.924566,21.223295,-23.037281
6.131250,25.664040,-2.610478,-5.448411,-23.865009,17.295853,-23.021055
6.137500,31.560240,-2.613960,-8.292734,-23.715405,13.974182,-22.959835
6.143750,37.460213,-2.617818,-12.240191,-23.475357,9.365309,-22.838795
6.150000,43.369198,-2.620965,-15.176573,-23.172922,4.913963,-22.671732
6.156250,49.284031,-2.623409,-17.145170,-22.835798,0.588895,-22.472885
6.162500,55.197224,-2.626207,-18.162493,-22.488024,-3.573065,-22.255610
6.168750,61.107285,-2.629745,-18.255207,-22.148476,-7.501500,-22.030605
6.175000,67.021553,-2.632914,-17.509094,-21.836277,-11.127950,-21.809523
6.181250,72.943344,-2.634956,-16.062689,-21.567709,-14.380246,-21.608223
6.187500,78.866486,-2.636353,-14.080837,-21.356956,-17.116089,-21.502117
6.193750,84.786636,-2.637798,-11.780850,-21.228514,-19.655317,-21.373026
6.200000,90.706055,-2.638790,-9.349914,-21.161482,-21.726997,-21.306974
6.206250,96.625999,-2.639107,-6.493315,-21.149706,-23.259100,-21.321537
6.212500,100.649368,-2.639168,-3.489408,-21.212990,-24.423994,-21.427773
6.218750,104.394188,-2.639483,-0.513070,-21.338423,-25.388718,-21.672964
6.225000,107.330368,-2.639986,2.254864,-21.500072,-24.816044,-21.912077
6.231250,108.967987,-2.640419,4.446363,-21.727873,-25.106108,-22.235247
6.237500,108.879982,-2.640785,5.765937,-22.004881,-25.430283,-22.637434
6.243750,106.726631,-2.640818,6.186313,-22.312805,-25.717207,-23.104019
6.250000,102.270981,-2.640241,7.710538,-22.638489,-25.993685,-23.614729
6.256250,95.388290,-2.639672,8.862027,-22.975029,-26.279915,-24.149191
6.262500,86.074493,-2.640016,8.182638,-23.317318,-26.548523,-24.686972
6.268750,74.456818,-2.640575,7.790317,-23.647614,-26.537945,-25.168756
6.275000,60.779476,-2.639910,7.667543,-23.946112,-25.925512,-25.600319
6.281250,45.380535,-2.638130,7.678912,-24.208336,-24.817167,-25.971149
6.287500,28.674694,-2.637105,7.717871,-24.429541,-23.059423,-26.263876
6.293750,11.150922,-2.637904,7.733414,-24.599974,-20.396725,-26.460899
6.300000,-6.645941,-2.639302,7.713595,-24.704679,-16.568600,-26.544298
6.306250,-24.162117,-2.640181,7.625230,-24.727045,-11.378798,-26.497047
6.312500,-40.869743,-2.641248,7.414455,-24.649218,-4.742182,-26.305033
6.318750,-56.283489,-2.643562,6.951164,-24.480259,3.164308,-26.022738
6.325000,-69.972374,-2.646694,8.154523,-24.255192,11.960346,-25.656334
6.331250,-81.590332,-2.649977,7.798225,-23.964840,21.425938,-25.198553
6.337500,-90.901367,-2.653840,8.117007,-23.605225,31.295988,-24.689520
6.343750,-97.787186,-2.658668,8.817270,-23.208805,41.135063,-24.169292
6.350000,-102.243500,-2.663787,9.666175,-22.806389,50.369461,-23.672705
6.356250,-104.386963,-2.668157,10.504987,-22.425255,58.395466,-23.228880
6.362500,-104.457245,-2.671757,11.206151,-22.087219,64.635506,-22.848141
6.368750,-102.800697,-2.675090,11.651670,-21.807331,68.567825,-22.476072
6.375000,-99.845825,-2.677866,11.720689,-21.595381,70.377190,-22.273230
6.381250,-96.083611,-2.679946,11.146189,-21.469948,69.665901,-22.190487
6.387500,-92.048897,-2.681642,11.069317,-21.413931,66.328995,-22.228254
6.393750,-86.122459,-2.683182,10.620668,-21.445387,60.687878,-22.340984
6.400000,-80.196159,-2.683909,10.066484,-21.564140,53.118984,-22.436852
6.406250,-74.270172,-2.683680,9.474384,-21.762138,42.068222,-22.668982
6.412500,-68.350250,-2.683532,8.876820,-22.024998,29.874287,-22.962700
6.418750,-62.439453,-2.684273,8.262042,-22.338034,16.389284,-23.283558
6.425000,-56.530964,-2.685073,7.637849,-22.674984,2.098330,-23.599590
6.431250,-50.620483,-2.685310,6.998842,-23.009863,-12.453252,-23.881849
6.437500,-44.712055,-2.685503,6.286884,-23.315037,-26.736801,-24.100605
6.443750,-38.810486,-2.686687,7.608576,-23.560139,-40.263481,-24.224775
6.450000,-32.912601,-2.688729,9.480043,-23.734159,-52.786098,-24.302906
6.456250,-27.012732,-2.690881,10.302728,-23.841398,-64.201515,-24.321777
6.462500,-21.109760,-2.693069,12.074661,-23.876553,-72.545784,-24.242453
6.468750,-15.206863,-2.695610,14.597958,-23.838205,-79.185524,-24.100424
6.475000,-9.301574,-2.698036,17.601057,-23.735586,-83.651360,-23.925386
6.481250,-3.391961,-2.699889,20.750851,-23.593283,-85.726822,-23.744860
6.487500,2.517273,-2.701961,23.744440,-23.441441,-85.303894,-23.574566
6.493750,8.423974,-2.704613,26.431328,-23.280060,-82.262039,-23.394478
6.500000,14.333034,-2.706924,28.701237,-23.118334,-78.582794,-23.207249
6.506250,20.248409,-2.708193,28.400846,-22.969681,-72.824310,-23.038893
6.512500,26.163708,-2.709247,29.156471,-22.860796,-65.503258,-22.918684
6.518750,32.072544,-2.711141,28.879038,-22.818777,-57.375587,-22.839273
6.525000,37.980061,-2.713485,27.676893,-22.836884,-49.157215,-22.792425
6.531250,43.893509,-2.715028,25.641666,-22.907003,-41.455742,-22.772947
6.537500,49.811691,-2.715717,22.833771,-23.019638,-34.814701,-22.776600
6.543750,55.726097,-2.716664,19.334257,-23.163202,-29.701160,-22.803379
6.550000,61.635498,-2.718106,15.259557,-23.323427,-24.653244,-22.829597
6.556250,67.546349,-2.719398,10.793694,-23.465332,-21.672939,-22.845152
6.562500,73.459732,-2.720368,6.273188,-23.584700,-20.219009,-22.860491
6.568750,79.372314,-2.721255,2.639735,-23.714533,-19.927210,-22.875160
6.575000,85.283897,-2.721948,-1.965119,-23.819544,-20.494133,-22.908371
6.581250,91.194633,-2.722374,-5.532047,-23.893663,-21.448702,-22.940340
6.587500,97.102379,-2.723173,-8.136986,-23.941311,-22.288534,-22.972357
6.593750,101.111603,-2.724898,-9.810657,-23.967936,-24.523314,-23.009619
6.600000,104.848778,-2.726549,-10.579496,-23.978199,-26.101131,-23.054573
6.606250,107.785622,-2.727179,-10.478930,-23.973154,-27.128052,-23.105270
6.612500,109.425194,-2.727418,-9.582264,-23.954672,-27.730639,-23.159733
6.618750,109.331917,-2.728621,-8.006719,-23.922466,-26.158239,-23.213955
6.625000,107.167793,-2.730863,-5.893800,-23.876814,-24.172302,-23.264866
6.631250,102.703003,-2.733136,-3.433779,-23.820604,-21.397686,-23.323896
6.637500,95.818466,-2.735145,1.352722,-23.750502,-17.568447,-23.309893
6.643750,86.507874,-2.737871,5.058588,-23.647261,-14.547695,-23.278938
6.650000,74.892548,-2.741517,9.580120,-23.506109,-10.479048,-23.231659
6.656250,61.216286,-2.744986,14.490936,-23.330652,-5.864951,-23.158230
6.662500,45.821976,-2.747684,19.426947,-23.115917,-1.185523,-23.047571
6.668750,29.131773,-2.750101,24.038982,-22.849586,3.023187,-22.895651
6.675000,11.633205,-2.752772,27.874104,-22.551426,6.098378,-22.733669
6.681250,-6.139703,-2.755754,30.451923,-22.237682,9.656651,-22.573462
6.687500,-23.638243,-2.758988,33.681423,-21.918249,11.941840,-22.422243
6.693750,-40.328754,-2.762314,35.879097,-21.626020,12.998238,-22.296322
6.700000,-55.716518,-2.765210,37.140984,-21.347181,12.904959,-22.232071
6.706250,-69.372711,-2.766935,37.348469,-21.085812,11.955434,-22.206142
6.712500,-80.962044,-2.767926,36.969276,-20.889151,10.650344,-22.231436
6.718750,-90.253174,-2.769087,36.142216,-20.780067,8.888985,-22.330923
6.725000,-97.123581,-2.770586,34.936512,-20.767673,7.017959,-22.495481
6.731250,-101.567268,-2.771544,33.380203,-20.851589,3.379945,-22.737694
6.737500,-103.704628,-2.771492,31.493689,-21.020416,0.024891,-23.059431
6.743750,-103.777809,-2.770809,29.236254,-21.278255,-3.214391,-23.425207
6.750000,-102.131187,-2.770001,26.480499,-21.656065,-6.378295,-23.797770
6.756250,-99.191254,-2.769089,23.961714,-22.025547,-9.422033,-24.142599
6.762500,-95.449547,-2.768310,21.633484,-22.433344,-12.437600,-24.457365
6.768750,-91.438446,-2.767829,19.356789,-22.872147,-15.422879,-24.723883
6.775000,-85.534019,-2.766988,17.213713,-23.323780,-16.149202,-24.926369
6.781250,-79.628769,-2.765327,15.235216,-23.768715,-15.964208,-25.054508
6.787500,-73.727776,-2.763622,13.430830,-24.186865,-14.368501,-25.101557
6.793750,-67.835228,-2.762758,11.794626,-24.559942,-10.921815,-25.063814
6.800000,-61.948654,-2.762771,10.309141,-24.871750,-7.432612,-24.939796
6.806250,-56.061058,-2.763025,8.943678,-25.108644,-2.272324,-24.727921
6.812500,-50.172287,-2.763610,7.649484,-25.262407,4.247143,-24.408709
6.818750,-44.285610,-2.765280,6.342338,-25.341286,12.035032,-24.062082
6.825000,-38.397751,-2.767615,7.049329,-25.387884,19.529184,-23.683449
6.831250,-32.502823,-2.769495,6.824213,-25.323467,27.477194,-23.309849
6.837500,-26.602430,-2.771194,7.535064,-25.210606,35.092030,-22.989086
6.843750,-20.704426,-2.774076,8.961453,-25.076582,41.677715,-22.735449
6.850000,-14.806665,-2.778031,11.072558,-24.936703,48.382900,-22.548508
6.856250,-8.899993,-2.781374,13.805376,-24.801760,53.261127,-22.458714
6.862500,-2.982079,-2.783332,17.074802,-24.675909,56.492001,-22.472078
6.868750,2.937372,-2.784806,20.804291,-24.551041,58.258125,-22.578045
6.875000,8.850796,-2.786942,24.918127,-24.403111,58.822533,-22.756557
6.881250,14.761355,-2.789387,29.454485,-24.261177,58.499123,-22.958502
6.887500,20.673687,-2.791609,32.869144,-24.151409,57.472435,-23.196772
6.893750,26.587975,-2.793508,36.520424,-24.067816,55.706387,-23.454718
6.900000,32.502136,-2.795130,39.894409,-24.057266,53.890335,-23.684319
6.906250,38.415764,-2.796156,42.483170,-24.016024,52.432354,-23.850330
6.912500,44.327065,-2.796825,45.072487,-23.974463,49.722267,-23.935825
6.918750,50.231606,-2.798151,46.373047,-23.950455,47.642933,-23.934097
6.925000,56.129982,-2.800474,46.414909,-23.926512,45.917412,-23.841175
6.931250,62.028828,-2.803068,45.268131,-23.847872,44.269329,-23.657286
6.937500,67.931908,-2.805534,44.599968,-23.825291,42.348412,-23.407734
6.943750,73.836449,-2.808268,41.455383,-23.804018,41.631340,-23.131678
6.950000,79.741859,-2.811000,38.218159,-23.764593,40.000996,-22.792561
6.956250,85.652031,-2.812846,34.903217,-23.694931,37.616821,-22.425528
6.962500,91.566406,-2.813712,31.518929,-23.590519,34.853401,-22.066278
6.968750,95.581650,-2.815090,28.046911,-23.457966,31.785240,-21.740740
6.975000,99.315933,-2.817875,24.502918,-23.303570,28.424417,-21.466158
6.981250,102.246109,-2.821088,20.962955,-23.128996,24.776323,-21.249950
6.987500,103.887405,-2.823124,17.505686,-22.935431,20.820063,-21.090973
6.993750,103.810234,-2.824023,14.208236,-22.717157,16.512308,-20.971519
7.000000,101.663795,-2.825034,11.144804,-22.456440,11.723738,-20.903702
7.006250,97.207550,-2.826862,8.328123,-22.128185,8.257600,-20.907162
7.012500,90.325531,-2.829314,7.395271,-21.846939,4.783697,-20.958565
7.018750,81.021622,-2.832020,7.190166,-21.614763,1.734496,-21.037479
7.025000,69.418785,-2.834668,6.674228,-21.351555,-0.490926,-21.182884
7.031250,55.753727,-2.836994,7.497925,-21.122128,-3.443043,-21.372204
7.037500,40.366043,-2.839230,9.260294,-20.967081,-5.122956,-21.590303
7.043750,23.680859,-2.841759,11.699669,-20.920883,-6.355082,-21.865736
7.050000,6.191253,-2.844550,14.580732,-21.008955,-7.281229,-22.209703
7.056250,-11.565284,-2.846490,17.732637,-21.219446,-7.994515,-22.627653
7.062500,-29.041283,-2.847053,19.104210,-21.549980,-8.588148,-23.129934
7.068750,-45.710255,-2.846818,22.104998,-22.003933,-9.165521,-23.742437
7.075000,-61.085526,-2.846439,24.651096,-22.557074,-9.198129,-24.321817
7.081250,-74.738060,-2.845681,26.669214,-23.121485,-11.161390,-24.923008
7.087500,-86.324310,-2.843916,28.189032,-23.771952,-13.603480,-25.549971
7.093750,-95.608833,-2.841312,27.897547,-24.456963,-14.811469,-26.182697
7.100000,-102.474609,-2.838319,26.643358,-25.128065,-16.531631,-26.792185
7.106250,-106.922859,-2.835166,24.203146,-25.758318,-18.621668,-27.346424
7.112500,-109.075356,-2.832210,20.402594,-26.334669,-20.918756,-27.810684
7.118750,-109.170517,-2.829902,15.013638,-26.804014,-23.232244,-28.142746
7.125000,-107.546249,-2.828231,9.973263,-27.142437,-27.473475,-28.295469
7.131250,-104.625244,-2.826550,4.057942,-27.357086,-31.802105,-28.307817
7.137500,-100.900116,-2.824873,-2.323169,-27.458652,-36.308685,-28.169121
7.143750,-96.909492,-2.824514,-8.798601,-27.452757,-41.281246,-27.872669
7.150000,-91.032387,-2.826186,-15.000881,-27.344452,-46.718449,-27.430040
7.156250,-85.154366,-2.828850,-20.606098,-27.141088,-52.526588,-26.863575
7.162500,-79.266319,-2.831119,-25.349440,-26.855654,-58.560040,-26.208487
7.168750,-73.371765,-2.833198,-29.037235,-26.507830,-64.669823,-25.517239
7.175000,-67.478531,-2.836044,-31.527315,-26.119715,-70.754128,-24.803963
7.181250,-61.584869,-2.839484,-32.724194,-25.714148,-75.030502,-24.085037
7.187500,-55.684383,-2.842561,-32.587097,-25.310152,-78.709190,-23.419430
7.193750,-49.777195,-2.845074,-31.111076,-24.911196,-81.097008,-22.849171
7.200000,-43.868275,-2.847489,-30.253853,-24.517952,-81.633209,-22.400755
7.206250,-37.958496,-2.849685,-26.803951,-24.204172,-79.782707,-22.035416
7.212500,-32.045536,-2.851254,-22.575172,-23.949553,-77.058998,-21.795624
7.218750,-26.131683,-2.852582,-17.852940,-23.761299,-72.317902,-21.707731
7.225000,-20.221519,-2.854569,-12.907268,-23.627333,-65.580772,-21.744856
7.231250,-14.312871,-2.856955,-8.024128,-23.534231,-57.400257,-21.884974
7.237500,-8.399199,-2.858697,-3.599948,-23.494514,-48.416512,-22.097666
7.243750,-2.480944,-2.859582,2.141647,-23.503075,-39.290779,-22.334606
7.250000,3.435038,-2.860371,7.691751,-23.540421,-30.707716,-22.522072
7.256250,9.346145,-2.861529,13.318926,-23.594353,-24.046202,-22.769320
7.262500,15.254636,-2.862849,17.329008,-23.670414,-17.354347,-22.999107
7.268750,21.162416,-2.864473,21.563349,-23.765905,-12.341009,-23.152302
7.275000,27.068241,-2.866927,25.991543,-23.813238,-9.072906,-23.227392
7.281250,32.972961,-2.870192,30.137621,-23.834225,-7.579829,-23.229984
7.287500,38.883244,-2.873078,33.617569,-23.823099,-7.653226,-23.162310
7.293750,44.802280,-2.874609,36.338478,-23.756418,-8.991534,-23.030270
7.300000,50.724499,-2.875173,38.395149,-23.659735,-11.273609,-22.849836
7.306250,56.642220,-2.875488,40.049103,-23.540487,-14.157549,-22.641043
7.312500,62.552181,-2.876506,41.267017,-23.391886,-17.302687,-22.428068
7.318750,68.457016,-2.878453,42.247093,-23.224533,-20.428820,-22.227350
7.325000,74.362564,-2.880914,41.417950,-23.039902,-23.366850,-22.046629
7.331250,80.274002,-2.882810,40.912323,-22.823092,-25.888929,-21.910128
7.337500,86.191711,-2.883657,40.431057,-22.602022,-27.843027,-21.839314
7.343750,92.109238,-2.883955,39.717823,-22.400560,-29.241259,-21.838028
7.350000,96.126228,-2.884750,38.676376,-22.230017,-28.267891,-21.882357
7.356250,99.864937,-2.886299,37.261929,-22.093273,-26.572256,-21.984182
7.362500,102.797943,-2.888063,35.422653,-21.988493,-25.568106,-22.159883
7.368750,104.435974,-2.889570,33.110928,-21.907169,-23.732546,-22.375004
7.375000,104.350273,-2.890871,30.258812,-21.839510,-21.283306,-22.597250
7.381250,102.197662,-2.892309,28.908201,-21.781466,-18.427153,-22.794468
7.387500,97.741119,-2.894302,27.456871,-21.766481,-15.459305,-22.962481
7.393750,90.857880,-2.897094,26.090391,-21.769554,-10.597984,-23.100155
7.400000,81.551697,-2.900380,25.016226,-21.775673,-5.365766,-23.188658
7.406250,69.950233,-2.903151,24.622881,-21.806505,0.523757,-23.220161
7.412500,56.290730,-2.904783,24.967398,-21.876181,5.365522,-23.195971
7.418750,40.907566,-2.906051,25.978325,-21.995762,10.942970,-23.122993
7.425000,24.222803,-2.907758,27.518782,-22.173773,16.852133,-23.013027
7.431250,6.731594,-2.909684,29.419260,-22.413115,22.709679,-22.873629
7.437500,-11.028335,-2.911157,31.511850,-22.708586,28.180820,-22.696682
7.443750,-28.511063,-2.912326,35.792465,-23.040047,32.925446,-22.484083
7.450000,-45.186974,-2.913490,38.806057,-23.390064,36.399105,-22.288548
7.456250,-60.563076,-2.914208,42.129280,-23.817493,38.332371,-22.125202
7.462500,-74.207108,-2.913631,45.545856,-24.310415,38.684940,-22.005886
7.468750,-85.784225,-2.912094,48.890175,-24.876942,37.438667,-21.940514
7.475000,-95.063629,-2.910637,52.044109,-25.447657,34.708984,-21.923328
7.481250,-101.923599,-2.909137,54.832485,-26.027201,30.705021,-21.947868
7.487500,-106.359184,-2.906866,54.925964,-26.616434,25.663481,-22.013645
7.493750,-108.493164,-2.903818,53.864872,-27.195545,19.978140,-22.109007
7.500000,-108.568863,-2.901186,51.142727,-27.724358,14.240394,-22.221754
7.506250,-106.930038,-2.899488,48.436405,-28.180918,9.172794,-22.351782
7.512500,-103.997307,-2.898006,43.800079,-28.568237,5.407443,-22.479368
7.518750,-100.259735,-2.896365,37.537262,-28.857637,3.557495,-22.585192
7.525000,-96.254639,-2.895468,29.998352,-29.034431,4.254872,-22.665606
7.531250,-90.363693,-2.895884,21.502836,-29.100454,5.970704,-22.714275
7.537500,-84.475563,-2.897057,12.423576,-29.070135,8.843372,-22.702232
7.543750,-78.585793,-2.898342,3.331831,-28.913971,14.277999,-22.645111
7.550000,-72.696594,-2.900330,-5.307454,-28.656540,21.416897,-22.560316
7.556250,-66.810707,-2.903541,-13.227654,-28.332542,29.477562,-22.466869
7.562500,-60.923538,-2.907336,-21.837410,-27.959890,37.693890,-22.388176
7.568750,-55.030945,-2.910941,-28.976320,-27.544024,45.357910,-22.340572
7.575000,-49.131531,-2.914124,-34.563393,-27.125895,52.026981,-22.282703
7.581250,-43.228668,-2.916878,-38.391056,-26.722706,56.960098,-22.249939
7.587500,-37.324108,-2.918899,-40.730244,-26.337168,59.509178,-22.261152
7.593750,-31.417814,-2.920226,-41.777588,-25.979647,61.519493,-22.320078
7.600000,-25.514559,-2.921473,-41.622898,-25.654530,61.463280,-22.418983
7.606250,-19.616259,-2.923309,-40.378616,-25.363951,59.778656,-22.544207
7.612500,-13.719441,-2.925231,-38.179916,-25.102774,56.938213,-22.679745
7.618750,-7.819710,-2.926647,-35.215294,-24.865038,53.390293,-22.827059
7.625000,-1.919917,-2.927917,-31.745859,-24.645496,49.528637,-23.009621
7.631250,3.975380,-2.929889,-25.904598,-24.440874,45.755775,-23.185776
7.637500,9.867805,-2.932478,-21.239876,-24.243877,41.966278,-23.314041
7.643750,15.760360,-2.935145,-15.861041,-24.013565,38.855106,-23.417286
7.650000,21.654984,-2.938061,-10.126832,-23.712822,36.474564,-23.500851
7.656250,27.546934,-2.941952,-4.824702,-23.411545,34.608387,-23.578989
7.662500,33.437149,-2.947112,-0.581014,-23.108065,32.954971,-23.655146
7.668750,39.331615,-2.952774,4.579629,-22.797855,31.252090,-23.727161
7.675000,45.236973,-2.957773,8.902296,-22.490795,31.075125,-23.802162
7.681250,51.150265,-2.961842,12.530558,-22.206121,30.409155,-23.890238
7.687500,57.067184,-2.965287,15.671317,-21.967289,29.362894,-24.000225
7.693750,62.983952,-2.968296,18.607203,-21.783232,28.017090,-24.144522
7.700000,68.901260,-2.970818,19.853958,-21.645481,26.424828,-24.351250
7.706250,74.819397,-2.972714,21.252878,-21.568373,24.608631,-24.569218
7.712500,80.737862,-2.974029,22.498331,-21.549679,21.670240,-24.762899
7.718750,86.654602,-2.974833,23.371004,-21.572927,20.279339,-24.995907
7.725000,92.570541,-2.975031,23.479132,-21.670971,18.793444,-25.260424
7.731250,96.589249,-2.974720,22.568243,-21.826418,17.494465,-25.533146
7.737500,100.329231,-2.974523,20.626413,-22.008976,16.513470,-25.783680
7.743750,103.256706,-2.975230,19.653255,-22.193485,15.929422,-25.970097
7.750000,104.882195,-2.976799,18.091150,-22.359753,15.720369,-26.059599
7.756250,104.783707,-2.978619,16.228077,-22.495705,15.543620,-26.089457
7.762500,102.623138,-2.980357,14.279498,-22.602720,15.396153,-26.031315
7.768750,98.160217,-2.982543,12.434793,-22.677505,15.305949,-25.874022
7.775000,91.270691,-2.985813,10.939137,-22.716431,15.139305,-25.619888
7.781250,81.958687,-2.989897,9.947844,-22.727615,14.756137,-25.285049
7.787500,70.352531,-2.993572,9.517138,-22.724018,14.036531,-24.894682
7.793750,56.690582,-2.996363,9.667817,-22.718344,12.946921,-24.473640
7.800000,41.307934,-2.998638,10.385418,-22.722317,11.589240,-24.011461
7.806250,24.628216,-3.000617,11.647010,-22.736462,10.100366,-23.499163
7.812500,7.145384,-3.001846,11.497913,-22.762217,8.552946,-22.997051
7.818750,-10.607040,-3.002045,13.530264,-22.813854,5.849801,-22.568619
7.825000,-28.086758,-3.001762,15.626177,-22.918839,3.600708,-22.207272
7.831250,-44.764565,-3.001436,17.572063,-23.100077,1.740719,-21.917063
7.837500,-60.144279,-3.000421,19.296400,-23.387024,0.354306,-21.696049
7.843750,-73.796638,-2.998183,20.715542,-23.726778,-0.407755,-21.547901
7.850000,-85.386314,-2.995613,22.392195,-24.101118,-0.453540,-21.481182
7.856250,-94.682808,-2.993783,23.507187,-24.529415,-1.853824,-21.492527
7.862500,-101.560440,-2.992452,24.120344,-24.997561,-3.084202,-21.570204
7.868750,-106.012032,-2.990574,22.391764,-25.475193,-4.462145,-21.698446
7.875000,-108.157593,-2.987816,19.957703,-25.940493,-6.242412,-21.851110
7.881250,-108.241920,-2.985153,18.337044,-26.391300,-8.615214,-21.977718
7.887500,-106.609314,-2.983177,15.761426,-26.801430,-11.697206,-22.107496
7.893750,-103.682381,-2.981438,12.422065,-27.152689,-14.495976,-22.251348
7.900000,-99.950485,-2.979777,8.520224,-27.415323,-17.397627,-22.344877
7.906250,-95.949898,-2.979194,4.354147,-27.564301,-20.272650,-22.397331
7.912500,-90.059456,-2.979925,0.043112,-27.608824,-22.843914,-22.420441
7.918750,-84.165321,-2.979925,-4.206633,-27.608824,-24.713255,-22.420441
7.925000,-84.165321,-2.979925,-4.206633,-27.608824,-24.713255,-22.420441
7.931250,-84.165321,-2.979925,-4.206633,-27.608824,-24.713255,-22.420441
7.937500,-84.165321,-2.979925,-4.206633,-27.608824,-24.713255,-22.420441
7.943750,-84.165321,-2.979925,-4.206633,-27.608824,-24.713255,-22.420441
7.950000,-84.165321,-2.979925,-4.206633,-27.608824,-24.713255,-22.420441
7.956250,-84.165321,-2.979925,-4.206633,-27.608824,-24.713255,-22.420441
7.962500,-84.165321,-2.979925,-4.206633,-27.608824,-24.713255,-22.420441
7.968750,-84.165321,-2.979925,-4.206633,-27.608824,-24.713255,-22.420441
7.975000,-84.165321,-2.979925,-4.206633,-27.608824,-24.713255,-22.420441
7.981250,-84.165321,-2.979925,-4.206633,-27.608824,-24.713255,-22.420441
7.987500,-84.165321,-2.979925,-4.206633,-27.608824,-24.713255,-22.420441
7.993750,-84.165321,-2.979925,-4.206633,-27.608824,-24.713255,-22.420441
8.000000,-84.165321,-2.979925,-4.206633,-27.608824,-24.713255,-22.420441
