Anritsu VNA Frequency[GHz],S21[deg],S21[dB],S11[deg],S11[dB],S22[deg],S22[dB]
1338092942.65,2012_05_27_05:29:02,+40.537,+10.241,+54.884,+10.252,+13.901,+13.710,+14.006,+13.757,10.346590,-16.188
3.006250,33.198853,-1.744314,58.397785,-26.678867,-81.107658,-27.443182
3.012500,33.198853,-1.744314,58.397785,-26.678867,-81.107658,-27.443182
3.018750,33.198853,-1.744314,58.397785,-26.678867,-81.107658,-27.443182
3.025000,33.198853,-1.744314,58.397785,-26.678867,-81.107658,-27.443182
3.031250,33.198853,-1.744314,58.397785,-26.678867,-81.107658,-27.443182
3.037500,33.198853,-1.744314,58.397785,-26.678867,-81.107658,-27.443182
3.043750,33.198853,-1.744314,58.397785,-26.678867,-81.107658,-27.443182
3.050000,33.198853,-1.744314,58.397785,-26.678867,-81.107658,-27.443182
3.056250,33.198853,-1.744314,58.397785,-26.678867,-81.107658,-27.443182
3.062500,33.198853,-1.744314,58.397785,-26.678867,-81.107658,-27.443182
3.068750,33.198853,-1.744314,58.397785,-26.678867,-81.107658,-27.443182
3.075000,33.198853,-1.744314,58.397785,-26.678867,-81.107658,-27.443182
3.081250,33.198853,-1.744314,58.397785,-26.678867,-81.107658,-27.443182
3.087500,33.198853,-1.744314,58.397785,-26.678867,-81.107658,-27.443182
3.093750,33.198853,-1.746119,58.397785,-26.479942,-81.107658,-27.191347
3.100000,39.103607,-1.748278,55.738533,-26.333120,-83.082306,-26.957008
3.106250,45.008568,-1.750448,52.208118,-26.259096,-83.445686,-26.742561
3.112500,50.914379,-1.752648,48.152328,-26.277254,-81.842628,-26.518494
3.118750,56.819187,-1.755095,42.175011,-26.325964,-80.116539,-26.214651
3.125000,62.722912,-1.757641,37.398754,-26.375401,-76.050987,-25.952698
3.131250,68.626511,-1.760301,33.036144,-26.451199,-69.874916,-25.662622
3.137500,74.528946,-1.763303,29.346985,-26.554668,-61.987633,-25.336086
3.143750,80.429955,-1.766822,26.535845,-26.677088,-52.565151,-24.981766
3.150000,86.331421,-1.770610,24.778175,-26.803028,-41.764809,-24.612064
3.156250,92.236450,-1.774167,24.193842,-26.918167,-29.756395,-24.245575
3.162500,96.248810,-1.777436,24.849138,-27.008873,-16.739164,-23.905636
3.168750,99.987854,-1.780815,26.765841,-27.068293,-2.920971,-23.642340
3.175000,102.920456,-1.784458,29.990763,-27.075230,9.627588,-23.396851
3.181250,104.556252,-1.788169,32.765251,-27.017141,22.959066,-23.175526
3.187500,104.469490,-1.791691,36.548313,-26.910843,35.737686,-23.008600
3.193750,102.319397,-1.794975,40.638157,-26.768902,47.472126,-22.912851
3.200000,97.868500,-1.797900,44.468052,-26.599325,57.755009,-22.890087
3.206250,90.994446,-1.800489,47.556736,-26.413593,66.193909,-22.941462
3.212500,81.696175,-1.802874,49.486748,-26.225563,72.475792,-23.074249
3.218750,70.093620,-1.805490,49.944374,-26.045734,76.375450,-23.271339
3.225000,56.425133,-1.808000,50.929344,-25.868307,77.523674,-23.477291
3.231250,41.033714,-1.809929,50.979935,-25.693899,76.089096,-23.700895
3.237500,24.344793,-1.811563,48.605183,-25.521307,74.077209,-23.933523
3.243750,6.846372,-1.813484,45.915154,-25.327551,69.903458,-24.152920
3.250000,-10.929036,-1.815987,42.780357,-25.153910,64.172630,-24.339243
3.256250,-28.430996,-1.818606,38.836704,-25.012751,57.438168,-24.492294
3.262500,-45.124622,-1.820844,34.332039,-24.886829,50.331337,-24.600578
3.268750,-60.518944,-1.822731,29.206520,-24.772520,43.548325,-24.655443
3.275000,-74.190643,-1.824719,23.338289,-24.668936,37.674984,-24.656693
3.281250,-85.799507,-1.827084,16.617388,-24.566883,33.215176,-24.612312
3.287500,-95.106583,-1.829778,8.948120,-24.453205,30.551050,-24.536242
3.293750,-101.988029,-1.832554,0.299898,-24.288456,29.940453,-24.428467
3.300000,-106.443390,-1.835197,-7.150507,-24.120813,31.550987,-24.290022
3.306250,-108.593689,-1.837581,-15.826306,-23.985762,35.355747,-24.148130
3.312500,-108.676826,-1.839691,-24.500872,-23.864580,41.170528,-24.034689
3.318750,-107.034332,-1.841687,-32.886017,-23.765158,48.734417,-23.970196
3.325000,-104.093620,-1.843547,-40.718204,-23.704519,57.705986,-23.965038
3.331250,-100.345856,-1.845052,-47.739285,-23.708218,67.654907,-24.022079
3.337500,-96.324562,-1.846199,-53.772343,-23.836369,78.062675,-24.139425
3.343750,-90.408157,-1.846990,-58.795292,-23.998180,88.389191,-24.303368
3.350000,-84.491966,-1.847496,-63.228626,-24.218912,98.131172,-24.455965
3.356250,-78.576775,-1.847651,-66.662224,-24.542339,107.015816,-24.653677
3.362500,-72.663582,-1.847731,-67.376907,-24.990162,114.079659,-24.902115
3.368750,-66.752312,-1.847584,-67.014778,-25.543280,119.417366,-25.191149
3.375000,-60.841282,-1.846847,-65.457504,-26.175240,122.564148,-25.566414
3.381250,-54.932770,-1.845788,-62.720348,-26.852333,123.280739,-25.900023
3.387500,-49.030285,-1.845098,-58.896595,-27.535881,122.060638,-26.221132
3.393750,-43.134354,-1.845256,-54.148617,-28.181665,118.255363,-26.522663
3.400000,-37.240788,-1.845745,-48.695168,-28.747408,112.304070,-26.796471
3.406250,-31.346060,-1.846052,-42.874367,-29.212051,105.082253,-27.074348
3.412500,-25.451780,-1.846496,-37.013863,-29.550625,97.141617,-27.321611
3.418750,-19.562407,-1.847855,-29.178314,-29.741856,87.016151,-27.517399
3.425000,-13.676012,-1.850182,-22.908785,-29.781874,76.908501,-27.655619
3.431250,-7.786542,-1.852595,-16.351610,-29.685890,67.186356,-27.742237
3.437500,-1.892898,-1.854920,-9.761285,-29.438160,58.258545,-27.781099
3.443750,4.000378,-1.857858,-3.162096,-29.037516,50.798645,-27.719976
3.450000,9.892115,-1.861752,2.925101,-28.528603,43.095173,-27.588337
3.456250,15.788534,-1.865847,8.340072,-27.950085,36.966713,-27.399862
3.462500,21.693525,-1.869247,13.079719,-27.345591,32.186111,-27.156193
3.468750,27.603775,-1.872047,17.231466,-26.761219,28.529078,-26.854147
3.475000,33.514572,-1.874571,20.902269,-26.261600,25.749067,-26.510105
3.481250,39.424953,-1.876986,24.350718,-25.799919,23.558210,-26.139229
3.487500,45.334850,-1.879455,26.307158,-25.405668,21.718164,-25.735519
3.493750,51.243229,-1.882329,28.162760,-25.113884,19.921638,-25.305901
3.500000,57.150898,-1.885621,29.739971,-24.929474,17.846731,-24.862511
3.506250,63.061596,-1.888627,30.937071,-24.838083,15.264819,-24.415716
3.512500,68.976372,-1.890854,31.660269,-24.805529,11.992476,-23.974958
3.518750,74.891205,-1.892851,31.890079,-24.746655,7.896153,-23.545343
3.525000,80.799767,-1.895808,31.756777,-24.729548,2.866166,-23.132292
3.531250,86.703560,-1.899754,31.869944,-24.716270,-3.229156,-22.750818
3.537500,92.610069,-1.904036,31.863926,-24.670433,-8.334471,-22.418108
3.543750,96.627335,-1.907990,31.984266,-24.582335,-13.916806,-22.129496
3.550000,100.374214,-1.912067,32.573738,-24.424976,-19.691845,-21.847446
3.556250,103.313988,-1.916877,32.071537,-24.199404,-25.183516,-21.518959
3.562500,104.958740,-1.921949,32.185196,-23.935865,-30.120817,-21.277266
3.568750,104.887802,-1.926251,32.576099,-23.661053,-33.256329,-21.106413
3.575000,102.760475,-1.929138,32.968361,-23.401342,-35.620815,-21.007751
3.581250,98.334015,-1.930962,33.078018,-23.191404,-36.941296,-20.994967
3.587500,91.481934,-1.932351,32.648098,-23.067541,-37.237938,-21.027370
3.593750,82.204742,-1.933371,31.563185,-23.018522,-36.377003,-21.128359
3.600000,70.627861,-1.933294,29.774742,-23.056314,-34.208611,-21.312431
3.606250,56.988373,-1.931843,29.124624,-23.195370,-30.890196,-21.573528
3.612500,41.621902,-1.929568,28.153187,-23.421265,-26.698971,-21.885004
3.618750,24.952314,-1.926850,27.259275,-23.750553,-22.027494,-22.222223
3.625000,7.473641,-1.923505,26.555285,-24.193075,-17.661011,-22.627634
3.631250,-10.280407,-1.919321,26.654493,-24.711964,-11.794298,-23.062767
3.637500,-27.766752,-1.914784,27.863382,-25.272142,-6.146768,-23.498943
3.643750,-44.456890,-1.910661,30.318239,-25.836439,-0.747217,-23.917318
3.650000,-59.857513,-1.907160,32.157059,-26.359913,4.316229,-24.300484
3.656250,-73.538681,-1.904284,34.937645,-26.768509,8.956836,-24.631407
3.662500,-85.158287,-1.902107,37.839256,-27.106222,13.084338,-24.904993
3.668750,-94.479370,-1.900870,41.787830,-27.351809,16.555346,-25.127434
3.675000,-101.377769,-1.900210,45.102425,-27.477526,19.283175,-25.297939
3.681250,-105.851021,-1.899722,47.517483,-27.480583,21.210695,-25.414793
3.687500,-108.022812,-1.899719,48.794212,-27.373903,22.262094,-25.481016
3.693750,-108.133194,-1.900975,48.784996,-27.184536,22.384388,-25.505558
3.700000,-106.520889,-1.903376,47.496365,-26.916624,21.583189,-25.499109
3.706250,-103.606461,-1.905926,45.087299,-26.589058,19.991692,-25.454546
3.712500,-99.880302,-1.908282,41.535488,-26.240898,17.822552,-25.365889
3.718750,-95.880646,-1.910936,35.138298,-25.898743,15.228152,-25.237709
3.725000,-89.987732,-1.914223,27.818089,-25.578375,12.537545,-25.086470
3.731250,-84.092659,-1.917609,19.296270,-25.324688,10.358863,-24.950865
3.737500,-78.192192,-1.920523,11.514308,-25.161085,9.104333,-24.843332
3.743750,-72.289421,-1.923218,3.220587,-25.072636,9.182447,-24.785427
3.750000,-66.387901,-1.925936,-5.038591,-25.046854,9.193908,-24.692406
3.756250,-60.487450,-1.928646,-12.867555,-25.079903,9.117908,-24.584558
3.762500,-54.585865,-1.931143,-19.845760,-25.150652,10.280770,-24.462788
3.768750,-48.684174,-1.933670,-25.536804,-25.222610,12.427658,-24.376343
3.775000,-42.784241,-1.936475,-29.702528,-25.307995,15.092924,-24.313545
3.781250,-36.884590,-1.939332,-32.249340,-25.393675,17.681583,-24.259001
3.787500,-30.983332,-1.941888,-32.820843,-25.458494,19.829655,-24.205570
3.793750,-25.082167,-1.944511,-31.329370,-25.515951,21.230623,-24.156942
3.800000,-19.182945,-1.947547,-27.797812,-25.514893,21.689854,-24.104689
3.806250,-13.284310,-1.950906,-23.389723,-25.426056,21.219913,-24.013010
3.812500,-7.384243,-1.954368,-17.466341,-25.290424,19.684528,-23.890757
3.818750,-1.483763,-1.958194,-10.613322,-25.125216,16.965637,-23.748672
3.825000,4.417464,-1.962325,-3.433060,-24.944426,13.201352,-23.592499
3.831250,10.322885,-1.966100,5.640285,-24.762869,8.660110,-23.433655
3.837500,16.232088,-1.969293,14.692994,-24.594627,3.663149,-23.308765
3.843750,22.140661,-1.972619,23.767656,-24.435246,-1.455863,-23.171682
3.850000,28.046539,-1.976439,31.056992,-24.278912,-7.378631,-23.005753
3.856250,33.953526,-1.980093,38.119125,-24.135191,-12.916680,-22.850113
3.862500,39.864304,-1.982998,44.417797,-24.002676,-18.046986,-22.713081
3.868750,45.774521,-1.985779,49.518646,-23.868435,-22.748148,-22.591440
3.875000,51.677650,-1.989658,53.017773,-23.709614,-27.047058,-22.474451
3.881250,57.576504,-1.994740,54.494305,-23.532913,-31.012913,-22.346575
3.887500,63.479214,-1.999982,53.506824,-23.339418,-34.833179,-22.212414
3.893750,69.388138,-2.004743,49.974487,-23.110918,-38.759117,-22.076941
3.900000,75.298340,-2.009789,45.984905,-22.837465,-42.923500,-21.932852
3.906250,81.205338,-2.015932,40.127392,-22.518898,-45.629032,-21.778297
3.912500,87.112518,-2.023061,32.938538,-22.157043,-48.743160,-21.608521
3.918750,93.026009,-2.030586,24.968309,-21.758966,-51.978317,-21.410065
3.925000,97.053474,-2.037901,16.682741,-21.351519,-55.088280,-21.156790
3.931250,100.815964,-2.044820,8.537765,-20.959785,-58.144367,-20.938454
3.937500,103.779373,-2.051315,1.084515,-20.603573,-58.940269,-20.750546
3.943750,105.451378,-2.057134,-5.227775,-20.306286,-58.553192,-20.600931
3.950000,105.405945,-2.061812,-10.062400,-20.089828,-56.519253,-20.503822
3.956250,103.301895,-2.064785,-13.191243,-19.972374,-52.483353,-20.474915
3.962500,98.899399,-2.066050,-14.472034,-19.963785,-46.195309,-20.525732
3.968750,92.072823,-2.065879,-13.836241,-20.061813,-37.515251,-20.665016
3.975000,82.819763,-2.064372,-13.191238,-20.234289,-26.449583,-20.903017
3.981250,71.261032,-2.061594,-11.002896,-20.527304,-13.163470,-21.265671
3.987500,57.631783,-2.057663,-6.660453,-20.928308,0.757788,-21.671581
3.993750,42.270760,-2.052966,-1.382746,-21.392780,15.926862,-22.179682
4.000000,25.604349,-2.047572,4.184923,-21.916885,31.566730,-22.797403
4.006250,8.124781,-2.041546,9.692619,-22.484089,46.812164,-23.556225
4.012500,-9.637614,-2.035378,14.872160,-23.066950,60.581379,-24.311361
4.018750,-27.138693,-2.029936,19.473749,-23.632648,73.569817,-25.041195
4.025000,-43.844688,-2.025388,23.209106,-24.165386,83.818184,-25.781635
4.031250,-59.258606,-2.021320,27.942049,-24.655306,92.226517,-26.536482
4.037500,-72.951614,-2.017789,30.305489,-25.081169,97.923729,-27.251585
4.043750,-84.585892,-2.015560,32.340206,-25.430305,101.191849,-27.897717
4.050000,-93.923286,-2.014746,33.901573,-25.701994,102.427673,-28.457981
4.056250,-100.835396,-2.014254,34.920750,-25.886749,102.159653,-28.922764
4.062500,-105.319550,-2.013534,35.474667,-25.966537,99.188072,-29.258871
4.068750,-107.504463,-2.013597,35.513233,-25.958817,95.913025,-29.452618
4.075000,-107.631340,-2.015671,35.054852,-25.880213,92.393738,-29.511763
4.081250,-106.034447,-2.018969,34.280205,-25.744652,88.858963,-29.440504
4.087500,-103.130745,-2.022114,33.443398,-25.560860,83.472694,-29.239830
4.093750,-99.412819,-2.024602,32.846397,-25.337376,77.962250,-28.916004
4.100000,-95.422440,-2.027379,30.907694,-25.088644,72.188705,-28.489763
4.106250,-89.541321,-2.031031,29.623732,-24.820370,66.052887,-27.999924
4.112500,-83.660202,-2.035237,28.900837,-24.524881,59.642052,-27.404186
4.118750,-77.775482,-2.039738,28.481382,-24.218449,53.122986,-26.738632
4.125000,-71.889191,-2.044862,28.067884,-23.916525,46.233585,-26.044281
4.131250,-66.001617,-2.050580,27.489418,-23.628464,39.124817,-25.351070
4.137500,-60.109138,-2.056354,26.630577,-23.357632,31.994370,-24.681763
4.143750,-54.210377,-2.061821,25.404825,-23.103586,25.055723,-24.054079
4.150000,-48.308365,-2.067287,23.727985,-22.865072,18.498062,-23.480659
4.156250,-42.406349,-2.073180,23.692957,-22.638605,12.494800,-22.962147
4.162500,-36.502880,-2.079382,23.893999,-22.412977,7.191678,-22.514929
4.168750,-30.595922,-2.085686,22.912645,-22.176983,4.278143,-22.135506
4.175000,-24.684940,-2.092067,22.612572,-21.950159,1.208644,-21.825552
4.181250,-18.770149,-2.098396,22.796787,-21.736908,-0.309792,-21.577608
4.187500,-12.850756,-2.104374,23.270126,-21.542311,-0.395206,-21.330904
4.193750,-6.926802,-2.109946,23.810049,-21.371967,1.014136,-21.196569
4.200000,-0.999271,-2.114928,24.186398,-21.233103,1.990770,-21.145447
4.206250,4.931717,-2.118998,24.182581,-21.133247,3.218356,-21.156378
4.212500,10.865148,-2.121945,23.637251,-21.069149,5.727994,-21.185747
4.218750,16.797485,-2.124201,24.611300,-21.029623,7.288420,-21.238272
4.225000,22.725853,-2.126181,23.697783,-21.010292,7.892556,-21.314028
4.231250,28.650274,-2.127994,22.875134,-20.999872,7.393073,-21.399200
4.237500,34.572491,-2.129597,21.937012,-20.997746,5.618262,-21.470936
4.243750,40.492420,-2.130933,20.549448,-21.020411,4.484506,-21.539003
4.250000,46.411121,-2.131925,18.549446,-21.052664,2.374073,-21.602472
4.256250,52.327450,-2.132486,15.792253,-21.077379,-0.189555,-21.644979
4.262500,58.239449,-2.133133,12.044556,-21.079706,-2.792086,-21.655207
4.268750,64.144196,-2.134547,7.107943,-21.049086,-5.078836,-21.622860
4.275000,70.042274,-2.137139,0.800513,-20.978308,-6.736410,-21.541050
4.281250,75.939697,-2.140319,-4.871394,-20.855337,-7.493099,-21.397757
4.287500,81.839363,-2.143926,-11.437031,-20.677252,-7.147361,-21.164291
4.293750,87.738113,-2.148697,-18.639868,-20.467323,-5.796748,-20.910671
4.300000,93.636139,-2.154835,-26.111971,-20.227623,-3.711468,-20.639305
4.306250,97.646172,-2.161139,-33.409447,-19.961250,-0.696081,-20.347683
4.312500,101.394714,-2.166564,-40.213768,-19.679125,3.043355,-20.045341
4.318750,104.344246,-2.171514,-46.254860,-19.396133,7.244320,-19.745718
4.325000,105.994720,-2.176994,-51.330738,-19.133402,11.602428,-19.466616
4.331250,105.921249,-2.182822,-55.293224,-18.914457,15.809156,-19.222698
4.337500,103.790558,-2.187927,-58.042004,-18.791477,19.591953,-19.016500
4.343750,99.366096,-2.191878,-59.600655,-18.662128,22.732141,-18.790556
4.350000,92.522141,-2.194918,-58.962753,-18.607883,24.738100,-18.669411
4.356250,83.256187,-2.196865,-57.024780,-18.662350,27.298893,-18.633450
4.362500,71.690712,-2.197217,-53.582397,-18.824169,29.163212,-18.693022
4.368750,58.059830,-2.196368,-48.726143,-19.084833,30.681749,-18.874983
4.375000,42.698021,-2.195125,-42.658226,-19.430788,32.098515,-19.117680
4.381250,26.033003,-2.193395,-35.651363,-19.840565,33.474098,-19.405006
4.387500,8.561347,-2.190526,-28.030048,-20.287477,35.605804,-19.744141
4.393750,-9.186228,-2.186797,-20.210726,-20.754595,36.814838,-20.162703
4.400000,-26.670406,-2.183406,-12.652253,-21.229650,38.660049,-20.636480
4.406250,-43.357929,-2.180461,-3.557443,-21.694380,40.723167,-21.139196
4.412500,-58.750603,-2.177136,3.488672,-22.134989,42.711647,-21.652218
4.418750,-72.420715,-2.173514,10.326560,-22.546021,44.412415,-22.162010
4.425000,-84.033234,-2.170585,16.789488,-22.865034,45.745220,-22.619972
4.431250,-93.351494,-2.168659,22.698288,-23.091948,46.714561,-22.999399
4.437500,-100.248528,-2.167076,27.665623,-23.238750,47.093124,-23.296322
4.443750,-104.721664,-2.165674,31.645525,-23.312897,46.880150,-23.503971
4.450000,-106.897331,-2.165333,34.704525,-23.316595,46.205185,-23.615124
4.456250,-107.013000,-2.166493,36.972500,-23.254705,45.237236,-23.628536
4.462500,-105.402885,-2.168370,38.649837,-23.137554,44.160252,-23.549860
4.468750,-102.490395,-2.170523,40.025730,-22.984846,43.194351,-23.401707
4.475000,-98.770851,-2.173478,39.583427,-22.795338,42.640934,-23.168840
4.481250,-94.778053,-2.177255,39.492634,-22.562611,41.220043,-22.838936
4.487500,-88.885094,-2.181005,39.412323,-22.319189,40.463802,-22.457991
4.493750,-82.986900,-2.184501,39.150215,-22.086836,40.073925,-22.055765
4.500000,-77.089836,-2.188905,38.640446,-21.876560,39.832218,-21.653654
4.506250,-71.195587,-2.194905,37.860020,-21.689123,39.528652,-21.266243
4.512500,-65.296104,-2.201356,36.800003,-21.511223,38.943089,-20.902712
4.518750,-59.383369,-2.206731,35.457916,-21.282667,37.828827,-20.573206
4.525000,-53.461945,-2.211206,33.864876,-21.101789,35.864315,-20.313776
4.531250,-47.541595,-2.215966,33.103592,-20.968470,32.596931,-20.110563
4.537500,-41.622993,-2.221368,32.672188,-20.838074,29.393486,-19.942499
4.543750,-35.698841,-2.226562,31.161121,-20.701199,24.756170,-19.820377
4.550000,-29.765896,-2.230731,30.288942,-20.585073,19.005886,-19.720007
4.556250,-23.827688,-2.233995,29.768440,-20.511877,12.552185,-19.703062
4.562500,-17.888041,-2.236762,29.383829,-20.501152,6.094026,-19.784412
4.568750,-11.947327,-2.239026,28.911915,-20.578003,-0.385540,-19.961803
4.575000,-6.003931,-2.240465,28.127241,-20.800404,-6.715110,-20.181168
4.581250,-0.057314,-2.240670,26.853067,-21.086407,-12.555018,-20.455595
4.587500,5.889933,-2.239591,23.801146,-21.457022,-17.409229,-20.797150
4.593750,11.835210,-2.237545,21.860107,-21.931761,-21.092550,-21.198072
4.600000,17.776392,-2.234708,19.157665,-22.513775,-23.556826,-21.638115
4.606250,23.714155,-2.230820,15.567671,-23.264578,-24.945459,-22.128721
4.612500,29.646635,-2.225976,11.990748,-24.052782,-25.524168,-22.659952
4.618750,35.569435,-2.221169,7.824816,-24.911152,-25.361303,-23.209827
4.625000,41.479980,-2.217144,3.391538,-25.819492,-24.736656,-23.762487
4.631250,47.384338,-2.213266,-1.021986,-26.744310,-23.971790,-24.304821
4.637500,53.287468,-2.208534,-5.152428,-27.642956,-23.426495,-24.819073
4.643750,59.185478,-2.203521,-8.752970,-28.462973,-23.466839,-25.270319
4.650000,65.069702,-2.199829,-13.517342,-29.143974,-24.440104,-25.610647
4.656250,70.939720,-2.198210,-15.581197,-29.658688,-26.732668,-25.848433
4.662500,76.803749,-2.198210,-16.995821,-29.999804,-28.912115,-26.004538
4.668750,82.666809,-2.199477,-17.625532,-30.137356,-32.362419,-26.052664
4.675000,88.529625,-2.202260,-17.492998,-30.059410,-36.850178,-25.984804
4.681250,94.393188,-2.206405,-16.730347,-29.769035,-42.170486,-25.801947
4.687500,98.366333,-2.211296,-15.538568,-29.290367,-48.101658,-25.515318
4.693750,102.070107,-2.217164,-14.161402,-28.662212,-54.376236,-25.136610
4.700000,104.967918,-2.225018,-12.890610,-27.912586,-60.650063,-24.667976
4.706250,106.571289,-2.234595,-12.220043,-27.044325,-66.558685,-24.101963
4.712500,106.463966,-2.244054,-12.388882,-26.098772,-71.657829,-23.493544
4.718750,104.308838,-2.252183,-13.743738,-25.153530,-77.360168,-22.897522
4.725000,99.859352,-2.259729,-14.712383,-24.268436,-82.195618,-22.334421
4.731250,92.986420,-2.267531,-16.839188,-23.465248,-86.314407,-21.839151
4.737500,83.694527,-2.274885,-19.870338,-22.762880,-89.945717,-21.375677
4.743750,72.110771,-2.280600,-23.589279,-22.173681,-93.356033,-20.952145
4.750000,58.466969,-2.285051,-27.743563,-21.694286,-94.484337,-20.575197
4.756250,43.095955,-2.289066,-32.036339,-21.267952,-94.869431,-20.303999
4.762500,26.425634,-2.292505,-36.192047,-20.975536,-94.075294,-20.130346
4.768750,8.952907,-2.294701,-38.658066,-20.796309,-91.946335,-20.034624
4.775000,-8.792252,-2.295807,-39.876015,-20.692438,-88.183830,-20.004255
4.781250,-26.268848,-2.296471,-39.246456,-20.626688,-82.537354,-20.037922
4.787500,-42.946564,-2.297132,-38.106907,-20.535866,-74.805878,-20.109289
4.793750,-58.330845,-2.297888,-35.280437,-20.484137,-66.490089,-20.171286
4.800000,-71.993378,-2.298870,-30.468056,-20.429947,-56.289940,-20.239496
4.806250,-83.592743,-2.299991,-24.295307,-20.366440,-44.841976,-20.306923
4.812500,-92.890526,-2.301097,-17.316669,-20.292059,-32.745708,-20.360151
4.818750,-99.765648,-2.302537,-10.091288,-20.206587,-20.588854,-20.386326
4.825000,-104.220436,-2.305001,-3.181190,-20.116804,-8.919953,-20.390968
4.831250,-106.373360,-2.308131,5.024160,-20.039200,1.736551,-20.397593
4.837500,-106.454292,-2.310587,12.702276,-19.985935,10.972420,-20.381283
4.843750,-104.803925,-2.311878,18.231636,-19.923515,18.876532,-20.309820
4.850000,-101.858795,-2.313551,23.347809,-19.871069,24.841833,-20.220259
4.856250,-98.116249,-2.316767,27.550718,-19.843479,28.836519,-20.127371
4.862500,-94.101227,-2.320599,30.581194,-19.844532,31.018515,-20.038754
4.868750,-88.182213,-2.323521,32.302891,-19.860821,31.657610,-19.952190
4.875000,-82.256828,-2.325551,32.670235,-19.869516,31.072470,-19.866680
4.881250,-76.334007,-2.327704,31.748688,-19.862429,29.566753,-19.788094
4.887500,-70.415421,-2.330344,29.915287,-19.863094,27.480930,-19.720505
4.893750,-64.497185,-2.333153,27.334311,-19.862194,25.178003,-19.666960
4.900000,-58.577183,-2.336017,24.171284,-19.859934,22.999086,-19.624239
4.906250,-52.655972,-2.338973,20.716440,-19.853336,21.258924,-19.579742
4.912500,-46.732906,-2.341742,17.161940,-19.828085,20.244877,-19.510078
4.918750,-40.807209,-2.344200,13.847952,-19.802362,20.413435,-19.462400
4.925000,-34.881760,-2.346970,11.131906,-19.798977,22.241539,-19.444050
4.931250,-28.955702,-2.349838,9.189702,-19.833389,23.503502,-19.452524
4.937500,-23.024246,-2.351868,8.132641,-19.915422,25.712812,-19.492031
4.943750,-17.085340,-2.352339,8.001371,-20.051653,28.512411,-19.570303
4.950000,-11.147189,-2.352113,8.801510,-20.239782,31.548973,-19.692930
4.956250,-5.215033,-2.352095,10.496088,-20.471968,34.479206,-19.870592
4.962500,0.714427,-2.351771,11.095431,-20.726961,36.939083,-20.152508
4.968750,6.646751,-2.350407,14.233212,-20.997910,37.720776,-20.362835
4.975000,12.577236,-2.348616,17.586298,-21.304516,38.832603,-20.644577
4.981250,18.501627,-2.346947,21.082924,-21.622257,38.650436,-20.987923
4.987500,24.424093,-2.344754,24.519751,-21.940800,37.202332,-21.381750
4.993750,30.347605,-2.341304,27.634256,-22.252922,34.431740,-21.817965
5.000000,36.265781,-2.337586,30.218885,-22.547258,30.310349,-22.285255
5.006250,42.170792,-2.335040,32.120155,-22.807196,26.725437,-22.762058
5.012500,48.067207,-2.333547,33.215752,-23.008032,21.971848,-23.180531
5.018750,53.964420,-2.331900,33.404217,-23.125465,16.533583,-23.537863
5.025000,59.862667,-2.330134,32.678852,-23.199665,10.553766,-23.870996
5.031250,65.756416,-2.328881,31.225084,-23.226704,4.831174,-24.149271
5.037500,71.644394,-2.328262,29.177097,-23.210485,-0.253988,-24.358551
5.043750,77.530830,-2.328000,26.512199,-23.197706,-4.450243,-24.494316
5.050000,83.414551,-2.328675,23.184700,-23.139505,-7.526735,-24.550560
5.056250,89.294861,-2.330697,20.333279,-23.046516,-9.233262,-24.514832
5.062500,95.177666,-2.333002,17.069799,-22.965031,-9.433089,-24.391394
5.068750,99.173599,-2.334369,13.797100,-22.911358,-8.073547,-24.190710
5.075000,102.897720,-2.335606,10.905007,-22.884817,-5.086625,-23.921881
5.081250,105.807243,-2.338548,6.890338,-22.870602,-0.425436,-23.593788
5.087500,107.413322,-2.343092,3.781148,-22.859560,5.902352,-23.222281
5.093750,107.302177,-2.347547,1.543799,-22.863653,13.781962,-22.832457
5.100000,105.134575,-2.351321,-0.017470,-22.866461,22.920029,-22.430521
5.106250,100.664284,-2.355693,-1.187983,-22.848215,32.750942,-22.007845
5.112500,93.766083,-2.361244,-2.148613,-22.793648,43.047134,-21.598324
5.118750,84.448074,-2.366928,-3.066249,-22.694550,53.420845,-21.223509
5.125000,72.836426,-2.371928,-4.099563,-22.547512,63.306835,-20.896187
5.131250,59.162952,-2.376889,-5.372626,-22.349735,72.119789,-20.618999
5.137500,43.762386,-2.382595,-6.986605,-22.102474,79.309288,-20.380049
5.143750,27.065865,-2.388605,-6.869757,-21.813023,84.402374,-20.113194
5.150000,9.570745,-2.394222,-6.455564,-21.496119,87.997490,-19.997381
5.156250,-8.190866,-2.399412,-7.156145,-21.143322,90.077911,-19.879271
5.162500,-25.675644,-2.404337,-6.888441,-20.770798,90.161880,-19.795347
5.168750,-42.350620,-2.408709,-5.968357,-20.404827,88.653831,-19.751564
5.175000,-57.722855,-2.412143,-4.610390,-20.065491,86.131424,-19.743431
5.181250,-71.367340,-2.414638,-3.019971,-19.768122,83.257385,-19.758656
5.187500,-82.945229,-2.416345,-1.431759,-19.528934,78.590790,-19.789299
5.193750,-92.220894,-2.417261,-0.094994,-19.364723,74.337997,-19.872177
5.200000,-99.074532,-2.417727,0.758373,-19.294765,70.767632,-20.032818
5.206250,-103.507530,-2.418101,3.157074,-19.307671,67.159828,-20.151890
5.212500,-105.640427,-2.418400,3.866935,-19.376755,64.320168,-20.287464
5.218750,-105.706856,-2.418116,4.742407,-19.503674,62.224415,-20.446310
5.225000,-104.046867,-2.416927,5.582112,-19.640661,60.732342,-20.623137
5.231250,-101.090157,-2.414900,6.341751,-19.838797,59.622234,-20.815847
5.237500,-97.332748,-2.412429,5.683406,-20.102146,58.554337,-21.035229
5.243750,-93.310104,-2.410237,4.339299,-20.394369,57.214470,-21.279110
5.250000,-87.402100,-2.409160,1.944651,-20.698259,55.329781,-21.539171
5.256250,-81.498680,-2.408864,-1.831122,-20.999966,52.606453,-21.810270
5.262500,-75.592293,-2.407914,-5.099867,-21.288616,48.792305,-22.081709
5.268750,-69.683250,-2.406059,-9.419552,-21.557163,43.667515,-22.339205
5.275000,-63.782749,-2.405064,-14.447960,-21.800426,37.023628,-22.564119
5.281250,-57.895935,-2.406421,-19.872599,-22.012930,28.829899,-22.759399
5.287500,-52.012127,-2.408868,-25.407623,-22.189972,19.407436,-22.947466
5.293750,-46.119156,-2.410556,-30.793951,-22.328096,8.815624,-23.106152
5.300000,-40.221828,-2.411778,-35.782131,-22.420481,-2.736814,-23.219503
5.306250,-34.333447,-2.414615,-40.138077,-22.458927,-14.867487,-23.275858
5.312500,-28.453423,-2.419616,-43.695381,-22.440538,-27.147432,-23.269325
5.318750,-22.569016,-2.425347,-46.340385,-22.361820,-39.130657,-23.193695
5.325000,-16.675041,-2.431316,-48.001961,-22.221748,-50.372196,-23.036886
5.331250,-10.776008,-2.438108,-48.714573,-22.041952,-60.500671,-22.865797
5.337500,-4.871485,-2.445419,-46.494629,-21.835253,-69.548004,-22.611849
5.343750,1.045538,-2.451772,-44.178974,-21.587620,-76.811577,-22.339005
5.350000,6.973821,-2.456986,-40.317173,-21.348562,-82.447464,-22.082916
5.356250,12.904895,-2.462183,-35.075443,-21.142220,-86.343224,-21.874193
5.362500,18.837442,-2.467478,-28.702482,-20.988911,-88.503975,-21.739460
5.368750,24.779453,-2.471300,-21.506151,-20.899715,-89.143661,-21.661743
5.375000,30.732033,-2.472986,-13.816707,-20.873976,-88.528847,-21.623491
5.381250,36.685589,-2.473495,-6.007791,-20.899914,-86.824867,-21.606899
5.387500,42.634487,-2.473366,1.468956,-20.983366,-83.490189,-21.729969
5.393750,48.582584,-2.471719,8.292596,-21.145521,-79.524216,-21.940708
5.400000,54.531311,-2.468200,14.468809,-21.369085,-75.286407,-22.232004
5.406250,60.471600,-2.464197,19.766336,-21.631596,-71.066605,-22.610737
5.412500,66.397881,-2.460665,23.971935,-21.904005,-66.876755,-22.974548
5.418750,72.316635,-2.456863,26.911657,-22.165354,-62.900578,-23.329271
5.425000,78.231964,-2.452389,28.492533,-22.397123,-59.533951,-23.661821
5.431250,84.138420,-2.448200,28.780371,-22.581486,-56.780575,-23.950399
5.437500,90.030731,-2.445563,27.997465,-22.702122,-54.587833,-24.166634
5.443750,95.913040,-2.444540,26.473503,-22.746674,-52.900368,-24.291191
5.450000,99.898094,-2.444795,24.567514,-22.705608,-51.648819,-24.312357
5.456250,103.609756,-2.446229,22.688250,-22.576782,-50.665318,-24.226612
5.462500,106.517090,-2.448551,21.273815,-22.372215,-49.783363,-24.064236
5.468750,108.131165,-2.451102,18.906946,-22.104223,-48.805935,-23.796003
5.475000,108.023239,-2.454125,17.769867,-21.765579,-46.852512,-23.414211
5.481250,105.847488,-2.458952,17.716747,-21.382790,-44.417603,-22.982874
5.487500,101.370056,-2.465448,18.473303,-20.988497,-41.196014,-22.539587
5.493750,94.480225,-2.471677,19.865023,-20.609148,-36.888977,-22.115543
5.500000,85.183220,-2.476367,21.742514,-20.261637,-31.265665,-21.733448
5.506250,73.591331,-2.480378,23.957573,-19.952156,-24.175203,-21.399355
5.512500,59.932098,-2.484882,26.341642,-19.661673,-15.653984,-21.033878
5.518750,44.550560,-2.489170,28.724474,-19.416393,-6.360300,-20.792017
5.525000,27.881058,-2.492036,30.479565,-19.256939,3.559903,-20.623320
5.531250,10.412458,-2.493554,32.206112,-19.158918,14.036426,-20.522753
5.537500,-7.330558,-2.494628,33.584553,-19.122206,24.542652,-20.480232
5.543750,-24.801725,-2.495166,34.292515,-19.153969,34.549183,-20.490404
5.550000,-41.465725,-2.494696,34.072632,-19.259785,43.673676,-20.602077
5.556250,-56.831268,-2.493323,32.742390,-19.447336,51.641926,-20.787546
5.562500,-70.474663,-2.491276,30.179855,-19.724842,58.791290,-20.997063
5.568750,-82.055298,-2.488509,26.434776,-20.056892,64.265175,-21.260118
5.575000,-91.336571,-2.485089,23.737591,-20.442797,68.187790,-21.574871
5.581250,-98.199593,-2.481481,18.756651,-20.883072,70.829277,-21.923635
5.587500,-102.645103,-2.477879,13.744172,-21.376749,72.530693,-22.270369
5.593750,-104.792778,-2.473966,8.780792,-21.923504,73.418655,-22.673323
5.600000,-104.880478,-2.470267,4.076316,-22.490038,72.071724,-23.072615
5.606250,-103.252213,-2.467655,-0.178973,-23.056402,70.602753,-23.463432
5.612500,-100.332718,-2.466035,-3.950461,-23.610243,68.753860,-23.842770
5.618750,-96.605339,-2.463892,-7.128194,-24.135609,66.397903,-24.206223
5.625000,-92.602585,-2.461063,-9.594556,-24.614807,63.427242,-24.551020
5.631250,-86.715202,-2.459561,-11.241237,-25.026356,59.727394,-24.857540
5.637500,-80.841629,-2.460664,-11.988712,-25.346594,55.145462,-25.088928
5.643750,-74.968384,-2.462735,-13.702971,-25.547125,51.564190,-25.202902
5.650000,-69.085930,-2.464217,-12.638499,-25.606709,47.358398,-25.228565
5.656250,-63.200714,-2.466017,-10.936148,-25.547153,42.165966,-25.199596
5.662500,-57.323185,-2.469556,-8.798518,-25.369087,36.936684,-25.084991
5.668750,-51.450726,-2.475013,-6.303764,-25.071835,31.931122,-24.876238
5.675000,-45.572369,-2.481193,-3.696730,-24.671768,27.334137,-24.578207
5.681250,-39.684612,-2.487591,-1.260298,-24.192772,23.324289,-24.198212
5.687500,-33.790924,-2.494307,0.726516,-23.670849,20.112829,-23.747650
5.693750,-27.891418,-2.501004,1.885611,-23.113359,17.999432,-23.255594
5.700000,-21.985447,-2.507324,1.601867,-22.520468,17.425755,-22.744257
5.706250,-16.076778,-2.514071,1.913106,-21.953917,16.548948,-22.245342
5.712500,-10.167336,-2.521789,1.193585,-21.452126,17.032558,-21.793873
5.718750,-4.250043,-2.529250,-0.348712,-21.035906,18.481081,-21.416815
5.725000,1.682168,-2.534887,-2.508170,-20.714899,22.301031,-21.103422
5.731250,7.624321,-2.538790,-5.090417,-20.488935,26.363783,-20.824295
5.737500,13.565349,-2.542229,-7.900691,-20.344620,30.848009,-20.619814
5.743750,19.504147,-2.545243,-10.784598,-20.261528,34.901825,-20.541014
5.750000,25.447292,-2.546642,-13.733452,-20.260517,38.995831,-20.552601
5.756250,31.393688,-2.546381,-16.723743,-20.327770,42.842743,-20.639034
5.762500,37.335190,-2.545528,-17.353575,-20.437193,46.092155,-20.786633
5.768750,43.268082,-2.544454,-18.788052,-20.559746,48.394115,-20.997713
5.775000,49.196640,-2.542758,-18.892828,-20.670069,49.285351,-21.202719
5.781250,55.121204,-2.540465,-17.870819,-20.765211,49.715649,-21.409246
5.787500,61.036472,-2.538633,-15.972037,-20.836214,48.737526,-21.620056
5.793750,66.941872,-2.537874,-13.403110,-20.871435,46.505836,-21.820053
5.800000,72.841850,-2.537878,-10.446425,-20.862461,43.100349,-21.987690
5.806250,78.740662,-2.538274,-7.426960,-20.807007,38.649857,-22.100460
5.812500,84.639091,-2.538847,-4.683702,-20.707977,33.385742,-22.154072
5.818750,90.535439,-2.539778,-2.541257,-20.575352,27.703545,-22.169203
5.825000,96.426903,-2.541947,0.853035,-20.435120,19.774990,-22.168074
5.831250,100.418633,-2.546235,3.862451,-20.349596,11.488334,-22.088829
5.837500,104.136780,-2.552379,5.200718,-20.215183,2.914416,-21.958553
5.843750,107.060326,-2.558772,6.890101,-20.103083,-6.182417,-21.810562
5.850000,108.703476,-2.563684,8.375645,-20.045561,-15.656363,-21.667421
5.856250,108.632751,-2.567234,9.592363,-20.050688,-25.275949,-21.542906
5.862500,106.495659,-2.570637,10.491364,-20.115915,-34.826397,-21.449032
5.868750,102.053871,-2.574175,11.048256,-20.219376,-44.165524,-21.385300
5.875000,95.190384,-2.577193,11.399308,-20.363523,-53.265282,-21.341984
5.881250,85.907265,-2.579514,11.993245,-20.573551,-62.234493,-21.336670
5.887500,74.323975,-2.581143,12.809892,-20.822561,-68.833908,-21.367407
5.893750,60.676788,-2.581693,14.028042,-21.096684,-74.389839,-21.420801
5.900000,45.305462,-2.581087,13.996033,-21.401423,-78.514069,-21.486961
5.906250,28.631422,-2.580306,14.597800,-21.772015,-82.946434,-21.577942
5.912500,11.144398,-2.580076,15.639541,-22.132828,-85.879555,-21.684036
5.918750,-6.616698,-2.579267,17.383566,-22.495892,-87.693687,-21.793135
5.925000,-24.100637,-2.577065,19.016270,-22.882601,-88.767265,-21.902807
5.931250,-40.782894,-2.574679,20.428644,-23.296885,-89.379112,-22.017000
5.937500,-56.179024,-2.573410,21.548632,-23.727859,-89.763382,-22.137362
5.943750,-69.856216,-2.572778,22.338795,-24.156507,-90.106148,-22.263840
5.950000,-81.464600,-2.571512,22.994598,-24.564760,-90.651329,-22.350910
5.956250,-90.770172,-2.570190,23.700087,-24.933271,-91.888107,-22.402147
5.962500,-97.659981,-2.570275,24.354271,-25.246679,-91.093155,-22.461241
5.968750,-102.128906,-2.571074,24.832510,-25.494188,-90.515312,-22.518572
5.975000,-104.288567,-2.570725,25.046501,-25.664471,-89.702019,-22.570375
5.981250,-104.379356,-2.569444,24.921202,-25.751171,-88.221062,-22.616510
5.987500,-102.755005,-2.569386,24.396839,-25.748774,-85.689301,-22.655413
5.993750,-99.844841,-2.571332,23.453054,-25.654251,-81.773758,-22.683529
6.000000,-96.127815,-2.573871,22.082134,-25.465927,-76.256142,-22.693020
6.006250,-92.130920,-2.576247,20.319441,-25.174994,-69.082596,-22.639423
6.012500,-86.238724,-2.579339,18.223255,-24.739683,-60.647446,-22.567978
6.018750,-80.347443,-2.583390,17.700123,-24.293484,-51.215080,-22.482838
6.025000,-74.450783,-2.587352,15.441239,-23.810833,-40.753773,-22.385780
6.031250,-68.547012,-2.590870,13.876626,-23.318033,-29.719746,-22.290821
6.037500,-62.641598,-2.594765,12.858631,-22.859091,-18.650839,-22.214708
6.043750,-56.735813,-2.599074,12.305552,-22.479675,-7.990589,-22.141464
6.050000,-50.823685,-2.602708,12.286060,-22.169844,2.004856,-22.056465
6.056250,-44.903557,-2.605301,12.795874,-21.957975,10.875379,-21.996361
6.062500,-38.983345,-2.607862,13.551661,-21.873184,18.381374,-21.981844
6.068750,-33.065182,-2.610537,12.592351,-21.922132,24.378641,-22.014021
6.075000,-27.142111,-2.612020,11.521359,-22.092838,28.868572,-22.089977
6.081250,-21.212368,-2.611602,11.966054,-22.351624,31.922752,-22.205122
6.087500,-15.286894,-2.610759,12.052417,-22.618889,33.608082,-22.337002
6.093750,-9.373507,-2.610776,11.710979,-22.931311,33.899021,-22.472752
6.100000,-3.466753,-2.611422,10.288942,-23.254328,32.978447,-22.616199
6.106250,2.441613,-2.611776,8.269488,-23.537395,31.131927,-22.758640
6.112500,8.350397,-2.611893,5.564911,-23.747456,28.527889,-22.885757
6.118750,14.254872,-2.612533,2.146314,-23.870581,25.297554,-22.979866
6.125000,20.154381,-2.613931,-2.145490,-23.899565,21.586821,-23.018616
6.131250,26.051277,-2.616374,-5.085002,-23.840389,17.654373,-23.001789
6.137500,31.948330,-2.619864,-7.935650,-23.691330,14.332285,-22.941055
6.143750,37.849117,-2.623682,-11.890918,-23.452034,9.721025,-22.820868
6.150000,43.758915,-2.626797,-14.832853,-23.150383,5.268559,-22.654959
6.156250,49.674446,-2.629171,-16.807520,-22.814314,0.940615,-22.457298
6.162500,55.588470,-2.631910,-17.831034,-22.467554,-3.226229,-22.241632
6.168750,61.499321,-2.635350,-17.928553,-22.129150,-7.161404,-22.018316
6.175000,67.414162,-2.638441,-17.187527,-21.818165,-10.797012,-21.799156
6.181250,73.336304,-2.640395,-15.744962,-21.550714,-14.058064,-21.599453
6.187500,79.260231,-2.641777,-13.765448,-21.340923,-16.806782,-21.496164
6.193750,85.180992,-2.643130,-11.463874,-21.213173,-19.351068,-21.369139
6.200000,91.100685,-2.644075,-9.032403,-21.147310,-21.435415,-21.304443
6.206250,95.126251,-2.644354,-6.175212,-21.136160,-22.976788,-21.320730
6.212500,98.876648,-2.644408,-3.170843,-21.200277,-24.146738,-21.429228
6.218750,101.816032,-2.644727,-0.194140,-21.326042,-25.117229,-21.673885
6.225000,103.454338,-2.645254,2.576945,-21.488697,-24.531382,-21.914789
6.231250,103.366745,-2.645735,4.777748,-21.716648,-24.817970,-22.238182
6.237500,101.213066,-2.646143,6.099808,-21.993841,-25.132458,-22.639906
6.243750,96.756874,-2.646219,6.523440,-22.301910,-25.403215,-23.104822
6.250000,89.876663,-2.645687,8.053320,-22.627663,-25.660070,-23.613132
6.256250,80.569481,-2.645182,9.209446,-22.963915,-25.921608,-24.144585
6.262500,68.952744,-2.645599,8.531771,-23.306252,-26.164755,-24.678856
6.268750,55.268654,-2.646203,8.141953,-23.636520,-26.129507,-25.156618
6.275000,39.866184,-2.645566,8.021869,-23.934975,-25.492044,-25.583773
6.281250,23.169001,-2.643797,8.035758,-24.197149,-24.362343,-25.950266
6.287500,5.657012,-2.642797,8.072782,-24.418507,-22.588459,-26.238878
6.293750,-12.139981,-2.643558,8.085592,-24.589216,-19.916237,-26.432188
6.300000,-29.664124,-2.644953,8.060739,-24.694361,-16.085176,-26.512669
6.306250,-46.374554,-2.645830,7.965216,-24.717478,-10.897513,-26.463066
6.312500,-61.784122,-2.646914,7.744342,-24.640371,-4.267241,-26.269388
6.318750,-75.473068,-2.649171,7.270913,-24.472275,3.628361,-25.986691
6.325000,-87.096252,-2.652267,8.465816,-24.247936,12.413628,-25.620874
6.331250,-96.411430,-2.655568,8.097692,-23.958445,21.860582,-25.164318
6.337500,-103.298218,-2.659435,8.408482,-23.599510,31.714294,-24.657190
6.343750,-107.759544,-2.664296,9.101596,-23.203938,41.537231,-24.139582
6.350000,-109.913147,-2.669462,9.944092,-22.802185,50.759022,-23.645939
6.356250,-109.990768,-2.673871,10.779959,-22.421358,58.775845,-23.205465
6.362500,-108.335930,-2.677516,11.479940,-22.083473,65.009865,-22.828491
6.368750,-105.381561,-2.680872,11.927445,-21.804035,68.943649,-22.458511
6.375000,-101.620682,-2.683741,11.999975,-21.592176,70.749619,-22.257305
6.381250,-97.585121,-2.685899,11.436745,-21.466034,70.046387,-22.176359
6.387500,-91.655556,-2.687676,11.360732,-21.410091,66.719772,-22.215639
6.393750,-85.728951,-2.689290,10.923073,-21.441032,61.084187,-22.328859
6.400000,-79.802444,-2.690081,10.378671,-21.559690,53.529335,-22.427725
6.406250,-73.876320,-2.689909,9.798605,-21.757336,42.472046,-22.659176
6.412500,-67.956017,-2.689827,9.209021,-22.019939,30.283159,-22.953049
6.418750,-62.044518,-2.690643,8.602818,-22.332850,16.795757,-23.274149
6.425000,-56.135895,-2.691510,7.985225,-22.669794,2.495794,-23.590977
6.431250,-50.224979,-2.691778,7.349988,-23.004725,-12.068285,-23.874296
6.437500,-44.315899,-2.692004,6.639866,-23.310263,-26.370905,-24.094412
6.443750,-38.413864,-2.693202,7.964296,-23.555578,-39.918556,-24.219891
6.450000,-32.515228,-2.695270,9.836776,-23.729677,-52.463184,-24.299513
6.456250,-26.614723,-2.697462,10.658701,-23.836855,-63.900280,-24.320290
6.462500,-20.710957,-2.699667,12.429334,-23.871767,-72.269279,-24.242466
6.468750,-14.807297,-2.702183,14.953977,-23.833258,-78.929520,-24.101852
6.475000,-8.901196,-2.704612,17.956553,-23.729891,-83.412994,-23.928125
6.481250,-2.990518,-2.706479,21.107153,-23.586599,-85.501442,-23.748726
6.487500,2.919513,-2.708521,24.102522,-23.433348,-85.088127,-23.579802
6.493750,8.827001,-2.711100,26.792950,-23.270426,-82.052910,-23.400545
6.500000,14.736755,-2.713355,29.068390,-23.106287,-78.376541,-23.213751
6.506250,20.652998,-2.714568,28.772570,-22.955433,-72.619675,-23.045341
6.512500,26.568981,-2.715524,29.535885,-22.843792,-65.294769,-22.924850
6.518750,32.478584,-2.717314,29.265636,-22.799032,-57.163700,-22.845078
6.525000,38.386307,-2.719545,28.071487,-22.814362,-48.940655,-22.797661
6.531250,44.300144,-2.720939,26.045343,-22.881769,-41.235867,-22.777403
6.537500,50.218422,-2.721513,23.246275,-22.992027,-34.590176,-22.780138
6.543750,56.132801,-2.722316,19.755249,-23.133547,-29.471748,-22.806292
6.550000,62.042252,-2.723649,15.688334,-23.291492,-24.423111,-22.830933
6.556250,67.952705,-2.724833,11.229884,-23.431532,-21.441076,-22.846148
6.562500,73.865547,-2.725673,6.710113,-23.549364,-19.985270,-22.860592
6.568750,79.777740,-2.726503,3.087515,-23.677889,-19.691254,-22.873968
6.575000,85.688522,-2.727107,-1.518916,-23.781534,-20.251963,-22.906437
6.581250,91.598618,-2.727482,-5.083562,-23.854660,-21.207151,-22.937910
6.587500,97.506149,-2.728264,-7.690358,-23.901052,-22.040859,-22.969278
6.593750,101.514671,-2.730001,-9.363613,-23.926355,-24.272604,-23.006039
6.600000,105.250916,-2.731694,-10.135750,-23.935278,-25.844257,-23.050678
6.606250,108.187668,-2.732375,-10.039215,-23.928801,-26.866318,-23.101089
6.612500,109.827171,-2.732697,-9.148699,-23.908941,-27.465195,-23.155458
6.618750,109.733917,-2.734000,-7.579752,-23.875462,-25.888342,-23.209772
6.625000,107.570015,-2.736369,-5.475002,-23.828680,-23.897022,-23.260609
6.631250,103.105270,-2.738759,-3.022653,-23.771742,-21.116535,-23.320145
6.637500,96.220940,-2.740884,1.756229,-23.701176,-17.282934,-23.306335
6.643750,86.910873,-2.743740,5.454934,-23.598070,-14.258880,-23.275417
6.650000,75.296295,-2.747522,9.968709,-23.457361,-10.187753,-23.228302
6.656250,61.620499,-2.751168,14.874520,-23.283066,-5.567155,-23.155048
6.662500,46.226593,-2.753965,19.806479,-23.069965,-0.881777,-23.044508
6.668750,29.537012,-2.756457,24.416288,-22.805788,3.333288,-22.892195
6.675000,12.038636,-2.759231,28.250515,-22.509958,6.418318,-22.729776
6.681250,-5.733771,-2.762309,30.827869,-22.199308,9.987473,-22.568731
6.687500,-23.232044,-2.765573,34.061165,-21.883173,12.283532,-22.417093
6.693750,-39.922405,-2.768948,36.263844,-21.594921,13.349164,-22.291027
6.700000,-55.310062,-2.771833,37.528683,-21.318863,13.264724,-22.227501
6.706250,-68.966309,-2.773527,37.740337,-21.060774,12.320973,-22.202265
6.712500,-80.555756,-2.774460,37.367485,-20.867125,11.027453,-22.228689
6.718750,-89.846954,-2.775516,36.546963,-20.760962,9.270788,-22.330139
6.725000,-96.717422,-2.776891,35.347893,-20.750973,7.399908,-22.497143
6.731250,-101.161537,-2.777688,33.797379,-20.837152,3.757701,-22.743393
6.737500,-103.299286,-2.777450,31.911322,-21.007507,0.394189,-23.069769
6.743750,-103.372894,-2.776616,29.653875,-21.266726,-2.857430,-23.441616
6.750000,-101.726784,-2.775575,26.895487,-21.645119,-6.036925,-23.820820
6.756250,-98.787148,-2.774483,24.369026,-22.015680,-9.098135,-24.172279
6.762500,-95.045769,-2.773551,22.034525,-22.423538,-12.130168,-24.493553
6.768750,-91.035210,-2.772914,19.748875,-22.862341,-15.136223,-24.766424
6.775000,-85.130974,-2.771913,17.592976,-23.313377,-15.881123,-24.974827
6.781250,-79.225746,-2.770160,15.598969,-23.757538,-15.716006,-25.108009
6.787500,-73.324799,-2.768397,13.777842,-24.174768,-14.136522,-25.159044
6.793750,-67.432060,-2.767551,12.123332,-24.546913,-10.702861,-25.124140
6.800000,-61.545158,-2.767639,10.620025,-24.857550,-7.224402,-25.001579
6.806250,-55.657883,-2.767949,9.236191,-25.093325,-2.073587,-24.789925
6.812500,-49.769058,-2.768638,7.925271,-25.245659,4.439274,-24.468643
6.818750,-43.882240,-2.770456,6.604904,-25.323362,12.218411,-24.118937
6.825000,-37.994881,-2.772951,7.301836,-25.369419,19.711449,-23.735775
6.831250,-32.100098,-2.775019,7.067534,-25.304022,27.660276,-23.355719
6.837500,-26.200333,-2.776847,7.775658,-25.190720,35.273972,-23.027699
6.843750,-20.303534,-2.779863,9.201603,-25.056643,41.864334,-22.767063
6.850000,-14.407621,-2.783947,11.317286,-24.917048,48.570698,-22.572155
6.856250,-8.502896,-2.787384,14.058063,-24.782686,53.450558,-22.474270
6.862500,-2.587257,-2.789373,17.337990,-24.657761,56.683575,-22.479969
6.868750,3.329840,-2.790913,21.078270,-24.533451,58.451950,-22.578619
6.875000,9.241026,-2.793038,25.204826,-24.385983,59.023033,-22.750549
6.881250,15.149557,-2.795479,29.756933,-24.245699,58.707504,-22.946198
6.887500,21.060335,-2.797678,33.189075,-24.136869,57.693748,-23.179319
6.893750,26.973572,-2.799545,36.857891,-24.054554,55.935448,-23.433586
6.900000,32.887127,-2.801159,40.247906,-24.046362,54.130241,-23.660486
6.906250,38.800858,-2.802195,42.859993,-24.005770,52.682381,-23.825024
6.912500,44.713253,-2.802908,45.462086,-23.964924,49.983089,-23.910074
6.918750,50.619381,-2.804290,46.777950,-23.942671,47.915161,-23.908552
6.925000,56.520103,-2.806678,46.834667,-23.920614,46.201061,-23.816538
6.931250,62.422092,-2.809375,45.703384,-23.844196,44.561165,-23.634113
6.937500,68.328560,-2.811961,45.057724,-23.823153,42.646664,-23.386215
6.943750,74.236992,-2.814780,41.928394,-23.803604,41.937786,-23.112062
6.950000,80.146591,-2.817639,38.706352,-23.765974,40.311489,-22.775240
6.956250,86.061134,-2.819656,35.406849,-23.697927,37.930168,-22.410280
6.962500,91.979431,-2.820639,32.036068,-23.595003,35.167542,-22.052652
6.968750,95.998512,-2.822092,28.575687,-23.463522,32.100834,-21.728334
6.975000,99.736046,-2.824928,25.041157,-23.309813,28.739557,-21.454414
6.981250,102.668701,-2.828147,21.507170,-23.135517,25.092115,-21.238384
6.987500,104.312828,-2.830200,18.055397,-22.941702,21.136196,-21.079636
6.993750,104.238052,-2.831103,14.759421,-22.723038,16.827116,-20.960054
7.000000,102.093475,-2.832025,11.693998,-22.461535,12.039788,-20.891218
7.006250,97.639015,-2.833757,8.871597,-22.131580,8.577184,-20.894264
7.012500,90.757835,-2.836076,7.934931,-21.857269,5.108388,-20.945959
7.018750,81.454582,-2.838622,7.654733,-21.621111,2.060230,-21.026520
7.025000,69.852310,-2.841086,7.131493,-21.355219,-0.167674,-21.173536
7.031250,56.187576,-2.843189,7.948223,-21.122240,-3.123602,-21.365152
7.037500,40.800026,-2.845181,9.702781,-20.963360,-4.806395,-21.586302
7.043750,24.114777,-2.847483,12.138882,-20.912651,-6.044657,-21.866285
7.050000,6.624907,-2.850013,15.018275,-20.995644,-6.981595,-22.216078
7.056250,-11.132036,-2.851722,18.170460,-21.201279,-7.708950,-22.640347
7.062500,-28.608690,-2.851980,19.541574,-21.526150,-8.323600,-23.150116
7.068750,-45.278431,-2.851470,22.543112,-21.974968,-8.927463,-23.772825
7.075000,-60.654335,-2.850850,25.095032,-22.523003,-8.987685,-24.360567
7.081250,-74.307693,-2.849838,27.116283,-23.081312,-10.976407,-24.970436
7.087500,-85.894424,-2.847876,28.637548,-23.727154,-13.447292,-25.606058
7.093750,-95.179420,-2.845082,28.354141,-24.407936,-14.682371,-26.247030
7.100000,-102.045471,-2.841951,27.107063,-25.075382,-16.426870,-26.863712
7.106250,-106.493721,-2.838700,24.673040,-25.703186,-18.537945,-27.424437
7.112500,-108.646179,-2.835660,20.878008,-26.277880,-20.851654,-27.893866
7.118750,-108.740829,-2.833345,15.496176,-26.746996,-23.173655,-28.229883
7.125000,-107.115997,-2.831679,10.460958,-27.085562,-27.418941,-28.385025
7.131250,-104.194305,-2.830050,4.550290,-27.301830,-31.746490,-28.398026
7.137500,-100.468475,-2.828480,-1.825436,-27.406570,-36.245651,-28.258327
7.143750,-96.476707,-2.828236,-8.295554,-27.404663,-41.204987,-27.959372
7.150000,-90.598602,-2.830048,-14.491606,-27.301325,-46.625568,-27.512901
7.156250,-84.719498,-2.832871,-20.091679,-27.103296,-52.413219,-26.941658
7.162500,-78.830528,-2.835294,-24.830532,-26.823759,-58.425377,-26.280655
7.168750,-72.935234,-2.837547,-28.515488,-26.481665,-64.509781,-25.582939
7.175000,-67.041122,-2.840511,-31.003111,-26.099043,-70.566887,-24.863352
7.181250,-61.146957,-2.844107,-32.197899,-25.698196,-76.711372,-24.137701
7.187500,-55.245911,-2.847293,-32.058689,-25.298901,-80.644875,-23.465551
7.193750,-49.338272,-2.849868,-30.584419,-24.902790,-83.820412,-22.889303
7.200000,-43.429031,-2.852336,-29.729277,-24.513599,-85.636391,-22.434490
7.206250,-37.519009,-2.854576,-26.274698,-24.201645,-85.496140,-22.063217
7.212500,-31.605898,-2.856189,-22.047041,-23.948801,-84.820885,-21.818619
7.218750,-25.691816,-2.857536,-17.321945,-23.761028,-82.371284,-21.727005
7.225000,-19.781210,-2.859517,-12.374962,-23.627253,-78.049889,-21.760942
7.231250,-13.872370,-2.861860,-7.491090,-23.534271,-72.288582,-21.898689
7.237500,-7.958487,-2.863543,-3.066089,-23.493820,-65.605896,-22.110275
7.243750,-2.039857,-2.864413,2.679916,-23.502234,-58.542793,-22.346676
7.250000,3.876799,-2.865172,8.235321,-23.538977,-51.681782,-22.532173
7.256250,9.788545,-2.866312,13.865440,-23.592531,-46.317261,-22.779814
7.262500,15.698107,-2.867627,17.879009,-23.668198,-40.435982,-23.008450
7.268750,21.606552,-2.869229,22.117498,-23.763824,-35.580700,-23.162266
7.275000,27.513231,-2.871684,26.548374,-23.811605,-32.049870,-23.237768
7.281250,33.418697,-2.874954,30.695444,-23.833031,-29.765261,-23.240616
7.287500,39.329712,-2.877834,34.176441,-23.822382,-28.556906,-23.173067
7.293750,45.249424,-2.879413,36.896606,-23.756340,-28.183716,-23.040550
7.300000,51.172344,-2.879991,38.949890,-23.660030,-28.413176,-22.858683
7.306250,57.090809,-2.880365,40.600018,-23.542194,-29.007404,-22.648546
7.312500,63.001221,-2.881419,41.815575,-23.394613,-29.735754,-22.434050
7.318750,68.906609,-2.883352,42.791374,-23.228209,-30.441612,-22.230673
7.325000,74.812195,-2.885812,41.959534,-23.044157,-31.076555,-22.046888
7.331250,80.723587,-2.887762,41.451023,-22.827839,-31.530628,-21.907545
7.337500,86.641174,-2.888631,40.965298,-22.607140,-31.751436,-21.833662
7.343750,92.558685,-2.888960,40.249481,-22.405832,-31.838297,-21.830002
7.350000,96.575424,-2.889740,39.207729,-22.235371,-30.042133,-21.871489
7.356250,100.314003,-2.891267,37.793751,-22.098623,-28.061541,-21.970720
7.362500,103.246971,-2.892993,35.957508,-21.993883,-25.147028,-22.144266
7.368750,104.884888,-2.894494,33.649384,-21.911978,-23.293142,-22.357874
7.375000,104.798820,-2.895810,30.803595,-21.844057,-20.828951,-22.579308
7.381250,102.646210,-2.897244,29.458120,-21.786179,-17.958582,-22.776722
7.387500,98.188774,-2.899172,28.009333,-21.771235,-14.976194,-22.944752
7.393750,91.305618,-2.901931,26.643475,-21.773714,-10.104222,-23.083248
7.400000,81.999237,-2.905175,25.568729,-21.780218,-4.862035,-23.173332
7.406250,70.396660,-2.907902,25.176319,-21.811163,-0.860955,-23.206738
7.412500,56.736244,-2.909522,25.518370,-21.881310,3.712196,-23.184980
7.418750,41.351498,-2.910754,26.524530,-22.001165,8.484429,-23.114756
7.425000,24.664982,-2.912428,28.054409,-22.179539,13.094495,-23.007666
7.431250,7.170879,-2.914336,29.943903,-22.419117,17.221115,-22.871103
7.437500,-10.591783,-2.915752,32.023727,-22.714441,20.619574,-22.696947
7.443750,-28.078081,-2.916889,36.294582,-23.045609,23.050606,-22.487497
7.450000,-44.758160,-2.918075,39.298504,-23.394821,24.088867,-22.294647
7.456250,-60.138737,-2.918793,42.610966,-23.821821,23.583540,-22.133783
7.462500,-73.787537,-2.918220,46.017307,-24.313711,21.612885,-22.016655
7.468750,-85.369148,-2.916734,49.355076,-24.879366,18.280773,-21.953131
7.475000,-94.652802,-2.915365,52.500118,-25.448513,13.799246,-21.937538
7.481250,-101.516457,-2.913940,55.289772,-26.027088,8.472261,-21.963751
7.487500,-105.955444,-2.911774,55.385895,-26.615461,2.598168,-22.030502
7.493750,-108.091621,-2.908855,54.327091,-27.194201,-3.389301,-22.125841
7.500000,-108.168755,-2.906363,51.607738,-27.722937,-8.884558,-22.238911
7.506250,-106.530212,-2.904848,48.903294,-28.180080,-13.176634,-22.369291
7.512500,-103.596558,-2.903540,44.267750,-28.568441,-15.670470,-22.496819
7.518750,-99.857040,-2.902069,38.006104,-28.859339,-15.819180,-22.602526
7.525000,-95.849251,-2.901284,30.467960,-29.037642,-13.078623,-22.682287
7.531250,-89.954239,-2.901862,21.970781,-29.105602,-9.080503,-22.730240
7.537500,-84.061607,-2.903163,12.889479,-29.076969,-3.805279,-22.717546
7.543750,-78.166756,-2.904555,3.794581,-28.922266,4.041954,-22.659330
7.550000,-72.272438,-2.906615,-4.848390,-28.666269,13.473186,-22.573063
7.556250,-66.381027,-2.909795,-12.769906,-28.342764,23.593996,-22.478127
7.562500,-60.488632,-2.913562,-21.384335,-27.970592,33.531666,-22.397692
7.568750,-54.589905,-2.917135,-28.525270,-27.554090,42.488316,-22.348751
7.575000,-48.685844,-2.920261,-34.106918,-27.135584,49.958801,-22.288954
7.581250,-42.778858,-2.922917,-37.928940,-26.730881,55.163498,-22.254053
7.587500,-36.870148,-2.924812,-40.261696,-26.343370,59.604561,-22.263363
7.593750,-30.960712,-2.925985,-41.299728,-25.983433,61.613434,-22.320366
7.600000,-25.054514,-2.927096,-41.134346,-25.655930,61.555695,-22.417658
7.606250,-19.154072,-2.928790,-39.874882,-25.362820,59.869503,-22.541353
7.612500,-13.254879,-2.930586,-37.661785,-25.099350,57.029739,-22.675739
7.618750,-7.353993,-2.931894,-34.682213,-24.859600,53.483509,-22.821802
7.625000,-1.453604,-2.933058,-31.202463,-24.638649,49.626194,-23.004087
7.631250,4.442307,-2.934906,-25.354422,-24.432749,45.862972,-23.180243
7.637500,10.334703,-2.937444,-20.686680,-24.234650,42.073063,-23.308487
7.643750,16.227386,-2.940090,-15.303554,-24.004038,38.973431,-23.411898
7.650000,22.121649,-2.943012,-9.571280,-23.702539,36.605259,-23.495304
7.656250,28.013018,-2.946877,-4.266448,-23.401522,34.757042,-23.573515
7.662500,33.902367,-2.952062,-0.031402,-23.098166,33.123638,-23.649595
7.668750,39.796253,-2.957766,5.119758,-22.788275,31.437931,-23.721603
7.675000,45.700920,-2.962844,9.432627,-22.481348,31.279425,-23.796356
7.681250,51.613388,-2.966995,13.050885,-22.196697,30.630577,-23.883686
7.687500,57.529720,-2.970541,16.183285,-21.957909,29.600389,-23.992939
7.693750,63.446087,-2.973651,19.112049,-21.773552,28.271811,-24.135683
7.700000,69.363007,-2.976299,20.352764,-21.635347,26.694078,-24.342056
7.706250,75.281143,-2.978331,21.746725,-21.557814,24.883696,-24.557894
7.712500,81.199371,-2.979748,22.990351,-21.538103,21.951372,-24.750467
7.718750,87.116302,-2.980649,23.863997,-21.560522,20.570307,-24.982378
7.725000,93.032333,-2.981007,23.975279,-21.657551,19.086487,-25.246510
7.731250,97.051559,-2.980769,23.068676,-21.811466,17.788631,-25.519693
7.737500,100.792313,-2.980706,21.130926,-21.993155,16.803402,-25.771221
7.743750,103.720497,-2.981471,20.166962,-22.176243,16.213192,-25.959009
7.750000,105.346550,-2.983115,18.612789,-22.341574,16.000687,-26.049917
7.756250,105.248878,-2.984987,16.759182,-22.476418,15.820230,-26.082289
7.762500,103.089325,-2.986775,14.821438,-22.582830,15.666565,-26.026890
7.768750,98.627411,-2.989007,12.985601,-22.657351,15.573305,-25.872749
7.775000,91.738968,-2.992342,11.497828,-22.696089,15.404124,-25.621874
7.781250,82.428246,-2.996487,10.512341,-22.707401,15.018359,-25.290182
7.787500,70.823563,-3.000194,10.087236,-22.704300,14.298370,-24.902719
7.793750,57.163067,-3.003023,10.241405,-22.699644,13.211720,-24.484869
7.800000,41.781742,-3.005352,10.959685,-22.704622,11.855771,-24.025253
7.806250,25.103588,-3.007374,12.217209,-22.719578,10.375840,-23.514597
7.812500,7.622114,-3.008702,12.062210,-22.746351,8.830154,-23.013046
7.818750,-10.128777,-3.008961,14.089472,-22.798292,6.140170,-22.584911
7.825000,-27.607388,-3.008739,16.175793,-22.904196,3.903577,-22.223507
7.831250,-44.284130,-3.008435,18.111525,-23.085817,2.058004,-21.933310
7.837500,-59.662693,-3.007515,19.826834,-23.372099,0.688250,-21.712273
7.843750,-73.314201,-3.005356,21.232647,-23.711081,-0.060117,-21.563543
7.850000,-84.903549,-3.002791,22.895918,-24.084047,-0.090596,-21.495804
7.856250,-94.199883,-3.001008,24.004631,-24.510948,-1.476956,-21.506313
7.862500,-101.077278,-2.999751,24.614725,-24.977079,-2.694172,-21.583578
7.868750,-105.528763,-2.997869,22.884186,-25.452707,-4.061991,-21.711321
7.875000,-107.674461,-2.995165,20.450760,-25.915953,-5.837530,-21.864336
7.881250,-107.758728,-2.992469,18.836288,-26.364826,-8.209205,-21.990049
7.887500,-106.126251,-2.990468,16.270302,-26.773535,-11.284852,-22.120672
7.893750,-103.199287,-2.988684,12.943867,-27.123333,-14.082310,-22.264366
7.900000,-99.467346,-2.987011,9.055772,-27.385269,-16.989712,-22.357883
7.906250,-95.466774,-2.986303,4.904995,-27.534222,-19.871956,-22.410124
7.912500,-89.575668,-2.986886,0.609659,-27.579275,-22.450539,-22.432720
7.918750,-83.681053,-2.986886,-3.623164,-27.579275,-24.326191,-22.432720
7.925000,-83.681053,-2.986886,-3.623164,-27.579275,-24.326191,-22.432720
7.931250,-83.681053,-2.986886,-3.623164,-27.579275,-24.326191,-22.432720
7.937500,-83.681053,-2.986886,-3.623164,-27.579275,-24.326191,-22.432720
7.943750,-83.681053,-2.986886,-3.623164,-27.579275,-24.326191,-22.432720
7.950000,-83.681053,-2.986886,-3.623164,-27.579275,-24.326191,-22.432720
7.956250,-83.681053,-2.986886,-3.623164,-27.579275,-24.326191,-22.432720
7.962500,-83.681053,-2.986886,-3.623164,-27.579275,-24.326191,-22.432720
7.968750,-83.681053,-2.986886,-3.623164,-27.579275,-24.326191,-22.432720
7.975000,-83.681053,-2.986886,-3.623164,-27.579275,-24.326191,-22.432720
7.981250,-83.681053,-2.986886,-3.623164,-27.579275,-24.326191,-22.432720
7.987500,-83.681053,-2.986886,-3.623164,-27.579275,-24.326191,-22.432720
7.993750,-83.681053,-2.986886,-3.623164,-27.579275,-24.326191,-22.432720
8.000000,-83.681053,-2.986886,-3.623164,-27.579275,-24.326191,-22.432720
