Anritsu VNA Frequency[GHz],S21[deg],S21[dB],S11[deg],S11[dB],S22[deg],S22[dB]
1338092615.68,2012_05_27_05:23:35,+40.572,+10.289,+54.892,+10.304,+13.926,+13.738,+14.032,+13.783,10.390547,-16.194
3.006250,33.238609,-1.744748,58.582588,-26.682682,-81.139442,-27.423725
3.012500,33.238609,-1.744748,58.582588,-26.682682,-81.139442,-27.423725
3.018750,33.238609,-1.744748,58.582588,-26.682682,-81.139442,-27.423725
3.025000,33.238609,-1.744748,58.582588,-26.682682,-81.139442,-27.423725
3.031250,33.238609,-1.744748,58.582588,-26.682682,-81.139442,-27.423725
3.037500,33.238609,-1.744748,58.582588,-26.682682,-81.139442,-27.423725
3.043750,33.238609,-1.744748,58.582588,-26.682682,-81.139442,-27.423725
3.050000,33.238609,-1.744748,58.582588,-26.682682,-81.139442,-27.423725
3.056250,33.238609,-1.744748,58.582588,-26.682682,-81.139442,-27.423725
3.062500,33.238609,-1.744748,58.582588,-26.682682,-81.139442,-27.423725
3.068750,33.238609,-1.744748,58.582588,-26.682682,-81.139442,-27.423725
3.075000,33.238609,-1.744748,58.582588,-26.682682,-81.139442,-27.423725
3.081250,33.238609,-1.744748,58.582588,-26.682682,-81.139442,-27.423725
3.087500,33.238609,-1.744748,58.582588,-26.682682,-81.139442,-27.423725
3.093750,33.238609,-1.746476,58.582588,-26.483168,-81.139442,-27.173145
3.100000,39.143208,-1.748529,55.918499,-26.335690,-83.097267,-26.939844
3.106250,45.047718,-1.750599,52.378384,-26.260729,-83.450356,-26.725521
3.112500,50.952892,-1.752699,48.315437,-26.278215,-81.838402,-26.502399
3.118750,56.857189,-1.755037,42.327297,-26.326307,-80.104668,-26.202383
3.125000,62.760483,-1.757530,37.541298,-26.375040,-76.011124,-25.941072
3.131250,68.663719,-1.760102,33.168896,-26.450718,-69.835098,-25.652040
3.137500,74.565781,-1.763027,29.469521,-26.554041,-61.941063,-25.327236
3.143750,80.466393,-1.766470,26.648643,-26.675875,-52.511696,-24.974543
3.150000,86.367867,-1.770219,24.884607,-26.801481,-41.705173,-24.606558
3.156250,92.272804,-1.773745,24.293072,-26.916222,-29.692839,-24.241541
3.162500,96.285248,-1.776967,24.943766,-27.006845,-16.673727,-23.903109
3.168750,100.024529,-1.780296,26.857086,-27.066442,-2.854131,-23.640486
3.175000,102.957176,-1.783902,30.081059,-27.073521,9.708054,-23.395960
3.181250,104.593178,-1.787577,32.852318,-27.015455,23.043882,-23.175234
3.187500,104.506599,-1.791096,36.633820,-26.909258,35.826324,-23.008707
3.193750,102.356613,-1.794331,40.724178,-26.767450,47.570564,-22.912771
3.200000,97.905731,-1.797276,44.554016,-26.598398,57.860630,-22.889961
3.206250,91.031769,-1.799860,47.642281,-26.412870,66.311409,-22.940622
3.212500,81.733292,-1.802250,49.572292,-26.225496,72.609444,-23.072607
3.218750,70.130547,-1.804870,50.031982,-26.046188,76.523567,-23.268639
3.225000,56.461655,-1.807321,51.017784,-25.869446,77.687637,-23.473648
3.231250,41.069889,-1.809271,51.069122,-25.695282,76.269524,-23.696129
3.237500,24.380539,-1.810938,48.694122,-25.523491,74.271095,-23.927681
3.243750,6.881459,-1.812882,46.006405,-25.330069,70.109085,-24.146069
3.250000,-10.894499,-1.815414,42.866611,-25.156740,64.388374,-24.331709
3.256250,-28.397034,-1.818084,38.923374,-25.016026,57.659008,-24.483896
3.262500,-45.090939,-1.820374,34.418594,-24.890268,50.553711,-24.591608
3.268750,-60.486012,-1.822358,29.292343,-24.776087,43.768528,-24.646063
3.275000,-74.157974,-1.824442,23.422474,-24.672760,37.887863,-24.647251
3.281250,-85.767052,-1.826924,16.699841,-24.570618,33.417336,-24.603031
3.287500,-95.074341,-1.829766,9.029493,-24.457130,30.737497,-24.527437
3.293750,-101.955742,-1.832663,0.377592,-24.292555,30.111286,-24.420218
3.300000,-106.411102,-1.835473,-7.076551,-24.124712,31.701956,-24.282509
3.306250,-108.561188,-1.838023,-15.757129,-23.989933,35.487709,-24.141628
3.312500,-108.644112,-1.840319,-24.435946,-23.868679,41.283062,-24.029242
3.318750,-107.001434,-1.842496,-32.827522,-23.768980,48.828526,-23.965824
3.325000,-104.060410,-1.844480,-40.664860,-23.708853,57.784035,-23.961843
3.331250,-100.312485,-1.846101,-47.692196,-23.712425,67.719887,-24.019720
3.337500,-96.290817,-1.847320,-53.730530,-23.840075,78.118683,-24.138239
3.343750,-90.374161,-1.848166,-58.756111,-24.003033,88.442459,-24.302597
3.350000,-84.457916,-1.848674,-63.197735,-24.223539,98.184135,-24.456631
3.356250,-78.542442,-1.848816,-66.638329,-24.547178,107.057755,-24.655027
3.362500,-72.629173,-1.848829,-67.359024,-24.994719,114.120903,-24.903828
3.368750,-66.717712,-1.848554,-67.001137,-25.547962,119.460503,-25.193394
3.375000,-60.806656,-1.847732,-65.448151,-26.180117,122.609268,-25.570358
3.381250,-54.897701,-1.846508,-62.714703,-26.857296,123.318619,-25.904234
3.387500,-48.994961,-1.845660,-58.894341,-27.541281,122.100822,-26.225903
3.393750,-43.098598,-1.845630,-54.149387,-28.187481,118.290871,-26.528532
3.400000,-37.204498,-1.845974,-48.699150,-28.753431,112.334190,-26.803854
3.406250,-31.308891,-1.846145,-42.880863,-29.218340,105.107002,-27.083195
3.412500,-25.413790,-1.846450,-37.022900,-29.557316,97.158302,-27.332092
3.418750,-19.523510,-1.847671,-29.188215,-29.748938,87.026718,-27.529493
3.425000,-13.635917,-1.849901,-22.919476,-29.789196,76.913521,-27.669367
3.431250,-7.745594,-1.852245,-16.364231,-29.693628,67.185638,-27.757627
3.437500,-1.850772,-1.854513,-9.773938,-29.446047,58.256378,-27.797766
3.443750,4.043666,-1.857426,-3.177238,-29.045027,50.795410,-27.737728
3.450000,9.936799,-1.861276,2.911245,-28.536274,43.091438,-27.606895
3.456250,15.834115,-1.865328,8.327204,-27.957727,36.965508,-27.418737
3.462500,21.739901,-1.868749,13.066996,-27.353035,32.190338,-27.174990
3.468750,27.650928,-1.871508,17.216995,-26.768366,28.540756,-26.872335
3.475000,33.562027,-1.874089,20.887196,-26.268457,25.765610,-26.527323
3.481250,39.472801,-1.876509,24.334568,-25.806465,23.583450,-26.155106
3.487500,45.382622,-1.878935,26.292097,-25.411661,21.751326,-25.749622
3.493750,51.290932,-1.881777,28.146658,-25.119621,19.963079,-25.318081
3.500000,57.198261,-1.885033,29.725367,-24.935154,17.895201,-24.872593
3.506250,63.108341,-1.888012,30.922285,-24.843023,15.319228,-24.423769
3.512500,69.022499,-1.890141,31.646704,-24.810684,12.050717,-23.981039
3.518750,74.936569,-1.892070,31.876680,-24.752743,7.956915,-23.549341
3.525000,80.844093,-1.894920,31.740271,-24.734892,2.924874,-23.134809
3.531250,86.747101,-1.898773,31.855995,-24.721851,-3.172745,-22.751957
3.537500,92.652611,-1.902903,31.851706,-24.675957,-8.279469,-22.417965
3.543750,96.668983,-1.906711,31.973967,-24.588247,-13.867820,-22.128763
3.550000,100.414764,-1.910674,32.561932,-24.430788,-19.648720,-21.846485
3.556250,103.353966,-1.915365,32.060265,-24.205328,-25.149334,-21.516729
3.562500,104.998055,-1.920338,32.175098,-23.941729,-30.088001,-21.274912
3.568750,104.926308,-1.924503,32.565182,-23.666573,-33.235573,-21.104134
3.575000,102.798637,-1.927302,32.957008,-23.406559,-35.607544,-21.005451
3.581250,98.371849,-1.929069,33.065365,-23.195910,-36.935425,-20.992981
3.587500,91.519463,-1.930450,32.633842,-23.070309,-37.241817,-21.025295
3.593750,82.242035,-1.931462,31.548273,-23.019922,-36.388390,-21.126623
3.600000,70.664948,-1.931402,29.756632,-23.056364,-34.227688,-21.310928
3.606250,57.025494,-1.929998,29.101295,-23.193367,-30.916670,-21.572428
3.612500,41.659378,-1.927764,28.128685,-23.416449,-26.731089,-21.884300
3.618750,24.990078,-1.925166,27.233284,-23.742767,-22.067446,-22.222296
3.625000,7.511339,-1.921926,26.529877,-24.182371,-17.709373,-22.628239
3.631250,-10.242692,-1.917858,26.627811,-24.697866,-11.847079,-23.064514
3.637500,-27.728863,-1.913446,27.834234,-25.254637,-6.203902,-23.501932
3.643750,-44.418747,-1.909399,30.289362,-25.815971,-0.806876,-23.921124
3.650000,-59.819145,-1.906043,32.129990,-26.336853,4.255225,-24.305557
3.656250,-73.499771,-1.903223,34.913811,-26.742937,8.898284,-24.637705
3.662500,-85.119064,-1.901148,37.818439,-27.078768,13.028669,-24.912546
3.668750,-94.439697,-1.899986,41.770409,-27.323204,16.505663,-25.136246
3.675000,-101.337921,-1.899419,45.089699,-27.448378,19.241039,-25.307957
3.681250,-105.810867,-1.898951,47.510670,-27.451445,21.178837,-25.426039
3.687500,-107.982216,-1.898981,48.792553,-27.345606,22.241341,-25.493134
3.693750,-108.092216,-1.900308,48.787598,-27.157066,22.377354,-25.518564
3.700000,-106.479630,-1.902716,47.503635,-26.891155,21.591204,-25.512688
3.706250,-103.564674,-1.905287,45.097439,-26.565741,20.014038,-25.468422
3.712500,-99.838387,-1.907632,41.552052,-26.219713,17.860899,-25.379831
3.718750,-95.838440,-1.910281,35.156910,-25.880169,15.279531,-25.251591
3.725000,-89.945358,-1.913603,27.838797,-25.562380,12.604500,-25.099936
3.731250,-84.050140,-1.916970,19.320066,-25.311283,10.436810,-24.963560
3.737500,-78.150017,-1.919859,11.540949,-25.149738,9.193084,-24.854542
3.743750,-72.247429,-1.922509,3.246766,-25.063234,9.282617,-24.795519
3.750000,-66.346001,-1.925243,-5.009741,-25.039337,9.299270,-24.701328
3.756250,-60.445934,-1.927964,-12.837045,-25.073650,9.227942,-24.592075
3.762500,-54.544647,-1.930467,-19.813669,-25.145533,10.393847,-24.468420
3.768750,-48.643276,-1.933004,-25.501982,-25.219296,12.543052,-24.380278
3.775000,-42.743656,-1.935821,-29.666792,-25.305620,15.207996,-24.315638
3.781250,-36.844185,-1.938736,-32.210648,-25.391699,17.793808,-24.259394
3.787500,-30.943369,-1.941373,-32.775715,-25.457214,19.938423,-24.204481
3.793750,-25.042397,-1.944118,-31.282185,-25.515594,21.332907,-24.154779
3.800000,-19.143484,-1.947270,-27.749119,-25.514961,21.786184,-24.101767
3.806250,-13.245089,-1.950740,-23.338903,-25.426474,21.310444,-24.009693
3.812500,-7.345201,-1.954377,-17.414190,-25.291267,19.767380,-23.886984
3.818750,-1.444693,-1.958350,-10.559717,-25.126539,17.042845,-23.744724
3.825000,4.456437,-1.962669,-3.380986,-24.946268,13.270150,-23.589205
3.831250,10.361716,-1.966617,5.689975,-24.764837,8.721433,-23.430748
3.837500,16.270901,-1.970007,14.738819,-24.596794,3.717398,-23.307045
3.843750,22.179243,-1.973494,23.807144,-24.437449,-1.402969,-23.170725
3.850000,28.084961,-1.977472,31.088699,-24.281036,-7.333220,-23.006060
3.856250,33.992012,-1.981245,38.143032,-24.137318,-12.873840,-22.851673
3.862500,39.902992,-1.984297,44.431107,-24.004858,-18.005352,-22.715693
3.868750,45.813507,-1.987193,49.522083,-23.870461,-22.706247,-22.595217
3.875000,51.717098,-1.991147,53.011841,-23.712000,-27.003237,-22.479126
3.881250,57.616772,-1.996308,54.479115,-23.534998,-30.967827,-22.352114
3.887500,63.519958,-2.001554,53.484383,-23.341475,-34.783176,-22.218534
3.893750,69.429893,-2.006349,49.943642,-23.113041,-38.705837,-22.083424
3.900000,75.341278,-2.011420,45.949028,-22.839567,-42.866035,-21.939405
3.906250,81.249496,-2.017531,40.088173,-22.521049,-45.568100,-21.784824
3.912500,87.157944,-2.024657,32.897644,-22.159348,-48.678085,-21.614662
3.918750,93.072914,-2.032123,24.926620,-21.761642,-51.910381,-21.416235
3.925000,97.101639,-2.039382,16.643135,-21.354378,-55.023144,-21.162600
3.931250,100.865417,-2.046268,8.502088,-20.962757,-58.075977,-20.943319
3.937500,103.830048,-2.052696,1.052651,-20.606998,-58.872734,-20.754688
3.943750,105.503006,-2.058435,-5.255661,-20.310305,-58.489082,-20.604372
3.950000,105.458000,-2.063008,-10.085732,-20.094387,-56.458530,-20.506863
3.956250,103.354507,-2.065931,-13.211115,-19.977562,-52.428852,-20.477169
3.962500,98.952202,-2.067110,-14.486652,-19.969748,-46.147095,-20.527506
3.968750,92.125885,-2.066870,-13.848143,-20.068283,-37.475380,-20.666174
3.975000,82.872559,-2.065322,-13.199166,-20.240965,-26.413713,-20.904566
3.981250,71.313393,-2.062438,-11.006487,-20.534729,-13.132493,-21.267609
3.987500,57.683773,-2.058445,-6.664526,-20.936592,0.770866,-21.673410
3.993750,42.322266,-2.053696,-1.383489,-21.401592,15.937030,-22.182287
4.000000,25.655209,-2.048301,4.183996,-21.925974,31.572807,-22.800657
4.006250,8.175212,-2.042240,9.692121,-22.493198,46.815639,-23.560686
4.012500,-9.587763,-2.036088,14.871308,-23.076321,60.580807,-24.317722
4.018750,-27.089399,-2.030653,19.471943,-23.641968,73.564941,-25.048918
4.025000,-43.795662,-2.026115,23.206692,-24.174784,83.809914,-25.791677
4.031250,-59.209572,-2.022093,27.940029,-24.664694,92.222549,-26.548292
4.037500,-72.902878,-2.018633,30.301388,-25.090534,97.922447,-27.265392
4.043750,-84.537018,-2.016473,32.335693,-25.439323,101.196129,-27.913374
4.050000,-93.874184,-2.015695,33.895184,-25.710819,102.439308,-28.475309
4.056250,-100.785843,-2.015300,34.912659,-25.895212,102.178741,-28.941433
4.062500,-105.269714,-2.014655,35.467800,-25.974756,99.217842,-29.278919
4.068750,-107.453751,-2.014786,35.505184,-25.966467,95.951668,-29.473656
4.075000,-107.579918,-2.016941,35.045876,-25.887480,92.442459,-29.533453
4.081250,-105.982246,-2.020335,34.269997,-25.751520,88.918472,-29.462423
4.087500,-103.077538,-2.023543,33.433052,-25.567238,83.541077,-29.261452
4.093750,-99.358749,-2.026066,32.837276,-25.343210,78.038445,-28.937113
4.100000,-95.367477,-2.028902,30.898643,-25.094168,72.270287,-28.510120
4.106250,-89.485382,-2.032605,29.616796,-24.825569,66.141174,-28.019051
4.112500,-83.603363,-2.036833,28.894165,-24.529724,59.732838,-27.422100
4.118750,-77.718132,-2.041339,28.474817,-24.223021,53.215553,-26.755098
4.125000,-71.831223,-2.046440,28.064074,-23.920708,46.326454,-26.059191
4.131250,-65.943085,-2.052175,27.487129,-23.632448,39.215694,-25.364145
4.137500,-60.050415,-2.057936,26.630209,-23.361706,32.084404,-24.693207
4.143750,-54.151333,-2.063409,25.405491,-23.107576,25.143587,-24.064034
4.150000,-48.249519,-2.068884,23.729944,-22.869431,18.583803,-23.489458
4.156250,-42.347549,-2.074709,23.696625,-22.643263,12.573989,-22.968864
4.162500,-36.444126,-2.080906,23.898012,-22.418150,7.263794,-22.520542
4.168750,-30.537210,-2.087197,22.922787,-22.182234,4.352577,-22.140202
4.175000,-24.626537,-2.093564,22.622768,-21.955761,1.277879,-21.829103
4.181250,-18.712053,-2.099841,22.810703,-21.742970,-0.245885,-21.580881
4.187500,-12.793139,-2.105810,23.287897,-21.548843,-0.338661,-21.334072
4.193750,-6.869612,-2.111328,23.832483,-21.378813,1.065015,-21.199684
4.200000,-0.942607,-2.116274,24.213718,-21.240337,2.037157,-21.149164
4.206250,4.987864,-2.120293,24.216469,-21.140738,3.256060,-21.160320
4.212500,10.920761,-2.123191,23.676424,-21.076754,5.757995,-21.190475
4.218750,16.852636,-2.125372,24.657589,-21.037163,7.309616,-21.243814
4.225000,22.780159,-2.127250,23.750809,-21.017731,7.905121,-21.320597
4.231250,28.703945,-2.128987,22.935434,-21.006979,7.397702,-21.406759
4.237500,34.625217,-2.130435,22.003729,-21.004490,5.617064,-21.479494
4.243750,40.544197,-2.131658,20.618893,-21.026525,4.477470,-21.548155
4.250000,46.461971,-2.132591,18.623413,-21.058210,2.365091,-21.612066
4.256250,52.377716,-2.133027,15.868226,-21.082333,-0.199563,-21.654844
4.262500,58.289112,-2.133551,12.121849,-21.083910,-2.801404,-21.665152
4.268750,64.192940,-2.134880,7.183706,-21.052557,-5.086145,-21.632645
4.275000,70.090576,-2.137378,0.873598,-20.981260,-6.738654,-21.550556
4.281250,75.987976,-2.140493,-4.801117,-20.857479,-7.487112,-21.406481
4.287500,81.887413,-2.144062,-11.371264,-20.678890,-7.133440,-21.172318
4.293750,87.786156,-2.148757,-18.579622,-20.468544,-5.773467,-20.917850
4.300000,93.684502,-2.154854,-26.056629,-20.228424,-3.678964,-20.645540
4.306250,97.694687,-2.161181,-33.359692,-19.961800,-0.653845,-20.352896
4.312500,101.443596,-2.166620,-40.169243,-19.679579,3.095908,-20.049555
4.318750,104.393494,-2.171611,-46.214611,-19.396555,7.305304,-19.749163
4.325000,106.044182,-2.177130,-51.293285,-19.134039,11.670671,-19.469288
4.331250,105.970970,-2.182983,-55.257507,-18.914869,15.883422,-19.224699
4.337500,103.840294,-2.188185,-58.008949,-18.790253,19.671698,-19.018246
4.343750,99.415741,-2.192210,-59.561413,-18.660671,22.813650,-18.790762
4.350000,92.571350,-2.195348,-58.922440,-18.605881,24.829809,-18.669146
4.356250,83.304985,-2.197357,-56.980526,-18.658867,27.392458,-18.632631
4.362500,71.738876,-2.197785,-53.532005,-18.818869,29.261465,-18.691771
4.368750,58.107464,-2.197005,-48.667934,-19.077402,30.783627,-18.873096
4.375000,42.745113,-2.195832,-42.590969,-19.420895,32.203201,-19.115379
4.381250,26.079718,-2.194135,-35.575504,-19.828070,33.579655,-19.401979
4.387500,8.608089,-2.191280,-27.944141,-20.272198,35.716454,-19.740726
4.393750,-9.139696,-2.187567,-20.114315,-20.736786,36.928341,-20.158937
4.400000,-26.623558,-2.184142,-12.545568,-21.209459,38.776905,-20.632591
4.406250,-43.310406,-2.181168,-3.442838,-21.672220,40.841473,-21.135347
4.412500,-58.702244,-2.177781,3.609932,-22.111542,42.830059,-21.648708
4.418750,-72.371330,-2.174136,10.454407,-22.521276,44.529770,-22.158968
4.425000,-83.982269,-2.171138,16.917603,-22.839817,45.860630,-22.617868
4.431250,-93.299042,-2.169145,22.827139,-23.066965,46.826683,-22.998219
4.437500,-100.194328,-2.167527,27.791737,-23.214409,47.201504,-23.296188
4.443750,-104.666008,-2.166122,31.766600,-23.289919,46.982887,-23.505051
4.450000,-106.839851,-2.165771,34.817883,-23.295317,46.303635,-23.617325
4.456250,-106.953880,-2.166980,37.075779,-23.235416,45.330997,-23.631630
4.462500,-105.342941,-2.168899,38.740910,-23.120535,44.248013,-23.553989
4.468750,-102.429359,-2.171134,40.103001,-22.970272,43.278297,-23.406664
4.475000,-98.709106,-2.174191,39.646984,-22.783407,42.719292,-23.174305
4.481250,-94.716110,-2.178104,39.542862,-22.553082,41.295410,-22.844748
4.487500,-88.823235,-2.181980,39.448982,-22.311934,40.536495,-22.464041
4.493750,-82.925323,-2.185591,39.175571,-22.081562,40.143646,-22.061846
4.500000,-77.028984,-2.190123,38.656971,-21.872892,39.900295,-21.659430
4.506250,-71.135574,-2.196287,37.869011,-21.686459,39.596367,-21.271568
4.512500,-65.237015,-2.202896,36.804462,-21.509672,39.010887,-20.907530
4.518750,-59.325649,-2.208357,35.463551,-21.283514,37.895752,-20.577078
4.525000,-53.405560,-2.212950,33.866840,-21.103014,35.932178,-20.317152
4.531250,-47.486439,-2.217808,33.108440,-20.969706,32.664032,-20.113344
4.537500,-41.569111,-2.223277,32.677967,-20.839907,29.465776,-19.944742
4.543750,-35.645874,-2.228509,31.172287,-20.703506,24.827629,-19.822613
4.550000,-29.714071,-2.232694,30.304895,-20.587481,19.078163,-19.721838
4.556250,-23.776592,-2.235953,29.788118,-20.514297,12.626730,-19.704327
4.562500,-17.837347,-2.238716,29.408770,-20.503241,6.174409,-19.785383
4.568750,-11.897103,-2.240927,28.939716,-20.579624,-0.301580,-19.962385
4.575000,-5.953887,-2.242279,28.155750,-20.803114,-6.629580,-20.181606
4.581250,-0.007095,-2.242412,26.890858,-21.088827,-12.465672,-20.455647
4.587500,5.940516,-2.241205,23.842430,-21.459457,-17.313404,-20.796839
4.593750,11.886250,-2.239093,21.901487,-21.934267,-20.991671,-21.197195
4.600000,17.828407,-2.236114,19.203487,-22.516512,-23.451775,-21.636452
4.606250,23.766773,-2.232078,15.615482,-23.268112,-24.837414,-22.125896
4.612500,29.700264,-2.227075,12.048928,-24.057156,-25.413828,-22.656076
4.618750,35.624008,-2.222152,7.889417,-24.916595,-25.251081,-23.204805
4.625000,41.535587,-2.217984,3.462196,-25.826040,-24.626051,-23.756464
4.631250,47.440884,-2.213989,-0.942448,-26.751709,-23.862541,-24.297577
4.637500,53.344734,-2.209166,-5.066233,-27.651157,-23.320599,-24.810862
4.643750,59.243896,-2.204088,-8.659982,-28.471876,-23.365124,-25.261122
4.650000,65.128914,-2.200325,-13.418289,-29.153282,-24.345686,-25.600719
4.656250,70.999557,-2.198682,-15.477586,-29.667915,-26.643545,-25.838106
4.662500,76.864326,-2.198646,-16.888222,-30.008772,-28.831350,-25.994015
4.668750,82.728233,-2.199899,-17.516157,-30.145712,-32.289780,-26.042109
4.675000,88.591591,-2.202739,-17.384062,-30.066765,-36.785671,-25.974531
4.681250,94.455780,-2.206965,-16.622742,-29.775312,-42.113506,-25.792183
4.687500,98.429489,-2.211890,-15.435521,-29.295343,-48.051788,-25.506287
4.693750,102.133705,-2.217805,-14.063569,-28.665396,-54.331806,-25.128633
4.700000,105.032310,-2.225769,-12.799875,-27.913925,-60.609154,-24.661196
4.706250,106.636093,-2.235391,-12.137200,-27.043846,-66.519798,-24.096619
4.712500,106.529167,-2.244926,-12.315780,-26.096979,-71.619148,-23.489452
4.718750,104.374237,-2.253130,-13.676208,-25.150337,-77.323723,-22.894775
4.725000,99.924736,-2.260741,-14.653633,-24.263737,-82.158661,-22.332933
4.731250,93.052139,-2.268625,-16.787373,-23.459566,-86.276131,-21.839195
4.737500,83.760223,-2.276042,-19.824072,-22.756359,-89.901695,-21.377047
4.743750,72.176239,-2.281811,-23.546642,-22.166958,-93.308441,-20.954609
4.750000,58.532185,-2.286342,-27.702692,-21.687908,-94.433784,-20.579227
4.756250,43.161015,-2.290463,-31.994049,-21.260370,-94.811081,-20.309135
4.762500,26.490255,-2.293993,-36.157028,-20.968136,-94.008827,-20.136658
4.768750,9.017035,-2.296295,-38.625046,-20.788946,-91.874008,-20.041748
4.775000,-8.728515,-2.297438,-39.840462,-20.685085,-88.104248,-20.011942
4.781250,-26.205736,-2.298215,-39.213177,-20.620066,-82.450447,-20.046371
4.787500,-42.883713,-2.299006,-38.068142,-20.529772,-74.711967,-20.118376
4.793750,-58.268314,-2.299864,-35.247559,-20.478315,-66.390244,-20.180571
4.800000,-71.931160,-2.300917,-30.435230,-20.424683,-56.184975,-20.248838
4.806250,-83.530525,-2.302118,-24.262674,-20.361830,-44.733269,-20.315878
4.812500,-92.828537,-2.303293,-17.286915,-20.288363,-32.635143,-20.368862
4.818750,-99.703682,-2.304760,-10.063181,-20.203779,-20.478020,-20.394562
4.825000,-104.158615,-2.307263,-3.154997,-20.114866,-8.810798,-20.398565
4.831250,-106.311646,-2.310410,5.048804,-20.038149,1.843687,-20.404413
4.837500,-106.392586,-2.312782,12.724427,-19.986008,11.075102,-20.387074
4.843750,-104.742233,-2.314031,18.249235,-19.924541,18.974207,-20.314854
4.850000,-101.797264,-2.315672,23.363577,-19.872942,24.933313,-20.224461
4.856250,-98.054787,-2.318785,27.565195,-19.846153,28.921989,-20.130692
4.862500,-94.039864,-2.322511,30.592499,-19.847704,31.097765,-20.041410
4.868750,-88.120964,-2.325291,32.312786,-19.864351,31.731230,-19.954268
4.875000,-82.195465,-2.327213,32.677967,-19.873600,31.140617,-19.868132
4.881250,-76.272865,-2.329221,31.754538,-19.866877,29.630045,-19.789165
4.887500,-70.354355,-2.331761,29.918945,-19.867641,27.541805,-19.721136
4.893750,-64.435837,-2.334452,27.336651,-19.866684,25.236860,-19.667324
4.900000,-58.515537,-2.337181,24.173311,-19.864069,23.056908,-19.624624
4.906250,-52.593765,-2.340061,20.720486,-19.857365,21.317589,-19.579815
4.912500,-46.669926,-2.342757,17.166693,-19.831778,20.304989,-19.510168
4.918750,-40.743488,-2.345168,13.855405,-19.805750,20.472923,-19.462366
4.925000,-34.816982,-2.347914,11.141665,-19.801773,22.302614,-19.444094
4.931250,-28.889963,-2.350801,9.203072,-19.835598,23.567032,-19.452595
4.937500,-22.957344,-2.352840,8.151999,-19.917135,25.777367,-19.492008
4.943750,-17.017218,-2.353322,8.027024,-20.052780,28.576925,-19.570282
4.950000,-11.077644,-2.353158,8.833841,-20.240494,31.613483,-19.692923
4.956250,-5.144388,-2.353258,10.535748,-20.471960,34.543522,-19.870428
4.962500,0.786134,-2.352998,11.140877,-20.726656,37.001396,-20.151556
4.968750,6.719423,-2.351677,14.286795,-20.996975,37.796196,-20.361597
4.975000,12.650928,-2.349948,17.647930,-21.303577,38.909870,-20.642962
4.981250,18.576212,-2.348313,21.149496,-21.621250,38.733761,-20.985479
4.987500,24.498779,-2.346128,24.591331,-21.939648,37.296093,-21.378302
4.993750,30.422581,-2.342665,27.709471,-22.251837,34.540230,-21.813223
5.000000,36.340794,-2.338940,30.297085,-22.546385,30.436878,-22.279232
5.006250,42.245716,-2.336299,32.199936,-22.806664,26.873743,-22.754364
5.012500,48.141918,-2.334699,33.295822,-23.007936,22.141914,-23.171217
5.018750,54.038506,-2.332996,33.483421,-23.125711,16.726969,-23.527424
5.025000,59.936253,-2.331071,32.757595,-23.200283,10.771524,-23.859039
5.031250,65.829269,-2.329682,31.302050,-23.227774,5.071786,-24.136065
5.037500,71.716614,-2.328946,29.251041,-23.212030,0.006292,-24.344339
5.043750,77.602303,-2.328548,26.582123,-23.199160,-4.173457,-24.479389
5.050000,83.485519,-2.329144,23.251528,-23.141104,-7.237050,-24.535164
5.056250,89.364983,-2.331058,20.397287,-23.048132,-8.936206,-24.499210
5.062500,95.247246,-2.333341,17.130650,-22.966497,-9.133761,-24.375834
5.068750,99.242737,-2.334704,13.854784,-22.912565,-7.776742,-24.175596
5.075000,102.966270,-2.335933,10.960244,-22.885857,-4.798219,-23.907543
5.081250,105.875519,-2.338927,6.942515,-22.871372,-0.149039,-23.580269
5.087500,107.481377,-2.343529,3.829353,-22.859921,6.162650,-23.209810
5.093750,107.369690,-2.348072,1.588901,-22.863750,14.022522,-22.820866
5.100000,105.201859,-2.351993,0.023764,-22.866356,23.137981,-22.420229
5.106250,100.731232,-2.356478,-1.149575,-22.848225,32.946377,-21.998640
5.112500,93.832832,-2.362183,-2.112180,-22.793783,43.219734,-21.589874
5.118750,84.514587,-2.367993,-3.033040,-22.694845,53.571415,-21.215881
5.125000,72.902489,-2.373121,-4.069478,-22.548212,63.437988,-20.889027
5.131250,59.228527,-2.378223,-5.345029,-22.350924,72.233551,-20.612104
5.137500,43.827511,-2.384029,-6.961221,-22.104441,79.408875,-20.373598
5.143750,27.130613,-2.390111,-6.845461,-21.815653,84.493942,-20.107374
5.150000,9.635214,-2.395776,-6.432639,-21.499348,88.067703,-19.991432
5.156250,-8.126763,-2.400980,-7.133112,-21.147305,90.146622,-19.873457
5.162500,-25.612204,-2.405901,-6.866524,-20.775299,90.226479,-19.789541
5.168750,-42.287292,-2.410247,-5.946011,-20.409880,88.714684,-19.745880
5.175000,-57.659851,-2.413611,-4.585823,-20.070866,86.191643,-19.737902
5.181250,-71.304436,-2.416023,-2.992887,-19.773796,83.318283,-19.753059
5.187500,-82.882492,-2.417606,-1.401761,-19.534653,78.652771,-19.784031
5.193750,-92.158112,-2.418389,-0.062308,-19.370386,74.404198,-19.867203
5.200000,-99.011642,-2.418671,0.794733,-19.299885,70.840202,-20.028427
5.206250,-103.444283,-2.418951,3.196847,-19.312212,67.237610,-20.148039
5.212500,-105.576897,-2.419086,3.910154,-19.380720,64.404762,-20.284328
5.218750,-105.643082,-2.418689,4.787849,-19.506660,62.316269,-20.444002
5.225000,-103.982468,-2.417383,5.632043,-19.643061,60.831718,-20.621624
5.231250,-101.025444,-2.415277,6.393483,-19.840324,59.728348,-20.815334
5.237500,-97.267639,-2.412769,5.735805,-20.102747,58.666809,-21.035931
5.243750,-93.244644,-2.410546,4.390564,-20.394310,57.334141,-21.280973
5.250000,-87.336174,-2.409452,1.996407,-20.697245,55.454060,-21.541939
5.256250,-81.432426,-2.409212,-1.779522,-20.998314,52.734657,-21.813917
5.262500,-75.525772,-2.408342,-5.050378,-21.286551,48.923748,-22.086273
5.268750,-69.616692,-2.406573,-9.374510,-21.554703,43.799736,-22.344631
5.275000,-63.715973,-2.405645,-14.405475,-21.797760,37.158096,-22.570112
5.281250,-57.828907,-2.407070,-19.832512,-22.010132,28.964533,-22.765448
5.287500,-51.945034,-2.409656,-25.369701,-22.187088,19.540796,-22.953520
5.293750,-46.052013,-2.411411,-30.758202,-22.325338,8.947052,-23.112089
5.300000,-40.154747,-2.412738,-35.748535,-22.417854,-2.606832,-23.225073
5.306250,-34.266319,-2.415684,-40.105339,-22.456383,-14.739254,-23.280922
5.312500,-28.386145,-2.420751,-43.662697,-22.437969,-27.020031,-23.273758
5.318750,-22.501640,-2.426514,-46.307079,-22.359468,-39.004021,-23.197262
5.325000,-16.607479,-2.432508,-47.966663,-22.219332,-50.245792,-23.039610
5.331250,-10.708186,-2.439328,-48.678879,-22.039753,-60.371933,-22.866566
5.337500,-4.803736,-2.446626,-46.460175,-21.832689,-69.433174,-22.611288
5.343750,1.113521,-2.452956,-44.143093,-21.585129,-76.698784,-22.337015
5.350000,7.041912,-2.458088,-40.281132,-21.345682,-82.337753,-22.079187
5.356250,12.972970,-2.463233,-35.040932,-21.139103,-86.240517,-21.868319
5.362500,18.905508,-2.468410,-28.669985,-20.985306,-88.410240,-21.731306
5.368750,24.847425,-2.472117,-21.478298,-20.895729,-89.059914,-21.651152
5.375000,30.799608,-2.473629,-13.794051,-20.869471,-88.459190,-21.610609
5.381250,36.753159,-2.473986,-5.991532,-20.895103,-86.769341,-21.591129
5.387500,42.701576,-2.473660,1.479248,-20.978504,-83.448502,-21.711613
5.393750,48.649376,-2.471855,8.296111,-21.140331,-79.496918,-21.919910
5.400000,54.597473,-2.468151,14.466557,-21.363781,-75.272438,-22.208977
5.406250,60.536995,-2.463971,19.757738,-21.626274,-71.065491,-22.585670
5.412500,66.462769,-2.460303,23.958652,-21.898832,-66.886475,-22.947760
5.418750,72.380852,-2.456408,26.895174,-22.160461,-62.916889,-23.301371
5.425000,78.295647,-2.451854,28.476238,-22.392281,-59.555695,-23.633238
5.431250,84.201691,-2.447680,28.763580,-22.577190,-56.804569,-23.921637
5.437500,90.093727,-2.444987,27.981644,-22.698175,-54.611225,-24.138298
5.443750,95.975716,-2.443995,26.461184,-22.742977,-52.921650,-24.263508
5.450000,99.960739,-2.444317,24.561226,-22.702358,-51.663960,-24.285839
5.456250,103.672539,-2.445879,22.687386,-22.573893,-50.673729,-24.201675
5.462500,106.580040,-2.448327,21.279823,-22.369606,-49.782333,-24.041311
5.468750,108.194565,-2.450991,18.918779,-22.102140,-48.794365,-23.775499
5.475000,108.087158,-2.454138,17.788923,-21.763750,-46.830421,-23.395870
5.481250,105.911957,-2.459096,17.743095,-21.381302,-44.384514,-22.966873
5.487500,101.435387,-2.465701,18.505968,-20.987394,-41.152328,-22.525896
5.493750,94.546135,-2.472003,19.903034,-20.608601,-36.837605,-22.103884
5.500000,85.249977,-2.476774,21.784555,-20.261446,-31.207254,-21.723413
5.506250,73.658943,-2.480829,24.002907,-19.952436,-24.113010,-21.390947
5.512500,60.000267,-2.485375,26.390511,-19.662554,-15.590047,-21.028111
5.518750,44.619614,-2.489694,28.776182,-19.417936,-6.285855,-20.787497
5.525000,27.950665,-2.492574,30.534237,-19.259014,3.636703,-20.620377
5.531250,10.482688,-2.494124,32.262024,-19.161636,14.114636,-20.520748
5.537500,-7.259451,-2.495253,33.640835,-19.125128,24.622604,-20.479511
5.543750,-24.730158,-2.495833,34.348743,-19.157169,34.630238,-20.490740
5.550000,-41.393562,-2.495444,34.130184,-19.263149,43.756821,-20.603189
5.556250,-56.758404,-2.494156,32.802044,-19.450621,51.725430,-20.790476
5.562500,-70.401230,-2.492212,30.241541,-19.727596,58.877121,-21.000935
5.568750,-81.981430,-2.489590,26.499920,-20.058851,64.347496,-21.264914
5.575000,-91.262016,-2.486292,23.803862,-20.443968,68.269272,-21.580656
5.581250,-98.124542,-2.482834,18.825403,-20.882996,70.908745,-21.930338
5.587500,-102.569496,-2.479397,13.815732,-21.374950,72.605522,-22.278133
5.593750,-104.716743,-2.475655,8.857598,-21.919962,73.487305,-22.682510
5.600000,-104.804039,-2.472077,4.156334,-22.484472,72.131889,-23.082966
5.606250,-103.175591,-2.469607,-0.094553,-23.048906,70.652794,-23.474686
5.612500,-100.256233,-2.468045,-3.861990,-23.600735,68.793556,-23.854834
5.618750,-96.529068,-2.466015,-7.036231,-24.124090,66.426659,-24.218996
5.625000,-92.526840,-2.463254,-9.500392,-24.601488,63.443710,-24.564272
5.631250,-86.639900,-2.461821,-11.145401,-25.011452,59.732853,-24.871212
5.637500,-80.767189,-2.462944,-11.891945,-25.330212,55.139565,-25.102655
5.643750,-74.894791,-2.465026,-13.607252,-25.529831,51.548050,-25.216372
5.650000,-69.013405,-2.466484,-12.543798,-25.588497,47.334496,-25.241350
5.656250,-63.129375,-2.468250,-10.844789,-25.528564,42.136681,-25.211658
5.662500,-57.253239,-2.471718,-8.710869,-25.350454,36.904179,-25.095888
5.668750,-51.381752,-2.477092,-6.219815,-25.053505,31.897930,-24.885918
5.675000,-45.504406,-2.483163,-3.616581,-24.654079,27.304285,-24.586433
5.681250,-39.617619,-2.489456,-1.184451,-24.175896,23.299761,-24.205313
5.687500,-33.725067,-2.496048,0.797881,-23.655090,20.096872,-23.753206
5.693750,-27.826248,-2.502567,1.953557,-23.098705,17.992960,-23.259558
5.700000,-21.920805,-2.508730,1.666800,-22.507393,17.427345,-22.747149
5.706250,-16.012709,-2.515359,1.974095,-21.942047,16.560678,-22.246864
5.712500,-10.103852,-2.522965,1.252746,-21.441488,17.055223,-21.794592
5.718750,-4.187014,-2.530249,-0.289276,-21.026770,18.511421,-21.416941
5.725000,1.744798,-2.535757,-2.447845,-20.707035,22.336086,-21.103201
5.731250,7.686512,-2.539584,-5.028693,-20.482298,26.403292,-20.824268
5.737500,13.627116,-2.542997,-7.837417,-20.339001,30.891184,-20.618975
5.743750,19.565624,-2.546013,-10.720036,-20.257036,34.941933,-20.540358
5.750000,25.508396,-2.547415,-13.668720,-20.256952,39.036587,-20.552355
5.756250,31.454126,-2.547209,-16.657560,-20.324743,42.878330,-20.639162
5.762500,37.395481,-2.546432,-17.285297,-20.434841,46.121548,-20.787148
5.768750,43.328239,-2.545448,-18.719532,-20.558336,48.417614,-20.998642
5.775000,49.256596,-2.543815,-18.826012,-20.669201,49.303230,-21.204153
5.781250,55.181164,-2.541602,-17.803596,-20.765011,49.731308,-21.410816
5.787500,61.096825,-2.539816,-15.906730,-20.836502,48.751549,-21.621908
5.793750,67.002617,-2.539110,-13.339961,-20.872229,46.517635,-21.822071
5.800000,72.903152,-2.539136,-10.385638,-20.863800,43.112175,-21.989702
5.806250,78.802895,-2.539539,-7.368816,-20.808889,38.664322,-22.102612
5.812500,84.702003,-2.540072,-4.628544,-20.710352,33.403854,-22.155989
5.818750,90.599747,-2.540940,-2.488197,-20.578205,27.727854,-22.170805
5.825000,96.492500,-2.543011,0.903611,-20.438332,19.806442,-22.168917
5.831250,100.485397,-2.547201,3.912666,-20.352575,11.528720,-22.088980
5.837500,104.204727,-2.553267,5.250694,-20.218466,2.964219,-21.958071
5.843750,107.129768,-2.559576,6.940245,-20.106310,-6.123455,-21.809231
5.850000,108.773911,-2.564405,8.426636,-20.048470,-15.587270,-21.664898
5.856250,108.704094,-2.567909,9.644889,-20.052923,-25.197624,-21.539101
5.862500,106.568008,-2.571253,10.547543,-20.117537,-34.740540,-21.443821
5.868750,102.127388,-2.574787,11.108797,-20.220074,-44.072514,-21.378675
5.875000,95.264626,-2.577844,11.462911,-20.363306,-53.164005,-21.333925
5.881250,85.982071,-2.580259,12.062210,-20.572144,-62.124989,-21.327358
5.887500,74.399315,-2.581926,12.883998,-20.820063,-68.717941,-21.356981
5.893750,60.752441,-2.582550,14.105500,-21.093267,-74.269600,-21.409443
5.900000,45.381245,-2.582052,14.077073,-21.397055,-78.387550,-21.474705
5.906250,28.707327,-2.581429,14.683632,-21.766199,-82.812050,-21.565100
5.912500,11.220081,-2.581301,15.720508,-22.126087,-85.741966,-21.671076
5.918750,-6.541327,-2.580585,17.463402,-22.488178,-87.551994,-21.780075
5.925000,-24.025894,-2.578457,19.094395,-22.874197,-88.621056,-21.889799
5.931250,-40.708939,-2.576163,20.502172,-23.287849,-89.230911,-22.004374
5.937500,-56.105644,-2.574987,21.616718,-23.718348,-89.614037,-22.125296
5.943750,-69.783806,-2.574409,22.397015,-24.146400,-89.956871,-22.252455
5.950000,-81.393272,-2.573184,23.042633,-24.554068,-90.502388,-22.340635
5.956250,-90.699913,-2.571873,23.737131,-24.922308,-91.739670,-22.392469
5.962500,-97.590675,-2.571957,24.381475,-25.235462,-90.949554,-22.452410
5.968750,-102.060844,-2.572780,24.849943,-25.483055,-90.376488,-22.510515
5.975000,-104.221382,-2.572413,25.055237,-25.653444,-89.568321,-22.562933
5.981250,-104.312958,-2.571178,24.922115,-25.740389,-88.092995,-22.609606
5.987500,-102.689293,-2.571090,24.391869,-25.738369,-85.566750,-22.648714
5.993750,-99.779327,-2.573022,23.444670,-25.644197,-81.656830,-22.676847
6.000000,-96.062973,-2.575580,22.071800,-25.456484,-76.143547,-22.686140
6.006250,-92.066315,-2.578001,20.310154,-25.165983,-68.972908,-22.632662
6.012500,-86.174271,-2.581145,18.215046,-24.732119,-60.542896,-22.560904
6.018750,-80.283272,-2.585204,17.694696,-24.286314,-51.111877,-22.475428
6.025000,-74.386810,-2.589214,15.441483,-23.804365,-40.649231,-22.377996
6.031250,-68.483337,-2.592775,13.878712,-23.312750,-29.617367,-22.283009
6.037500,-62.577969,-2.596699,12.864320,-22.854767,-18.547842,-22.206938
6.043750,-56.672367,-2.601123,12.315571,-22.475885,-7.885770,-22.133686
6.050000,-50.760674,-2.604840,12.295794,-22.166700,2.107675,-22.048925
6.056250,-44.840672,-2.607480,12.805986,-21.955402,10.976847,-21.989340
6.062500,-38.920654,-2.610068,13.557286,-21.870970,18.481361,-21.975332
6.068750,-33.002708,-2.612804,12.591054,-21.920111,24.475174,-22.008404
6.075000,-27.079588,-2.614330,11.511041,-22.090666,28.961021,-22.085522
6.081250,-21.149961,-2.613965,11.943169,-22.349144,32.009129,-22.201796
6.087500,-15.224572,-2.613111,12.013522,-22.616547,33.687603,-22.335030
6.093750,-9.310693,-2.613110,11.663280,-22.928394,33.972332,-22.471968
6.100000,-3.403362,-2.613768,10.227905,-23.251104,33.043907,-22.616850
6.106250,2.505450,-2.614136,8.196026,-23.533764,31.189850,-22.760706
6.112500,8.415086,-2.614256,5.480043,-23.745581,28.580425,-22.888826
6.118750,14.320120,-2.614882,1.994195,-23.868317,25.345858,-22.983919
6.125000,20.220617,-2.616245,-2.307455,-23.897121,21.633623,-23.023500
6.131250,26.118542,-2.618669,-5.252730,-23.837814,17.702055,-23.007484
6.137500,32.016315,-2.622135,-8.102359,-23.688934,14.381904,-22.947317
6.143750,37.918087,-2.625946,-12.052761,-23.449734,9.775043,-22.827271
6.150000,43.829105,-2.629035,-14.986127,-23.148376,5.328207,-22.661543
6.156250,49.745457,-2.631402,-16.948708,-22.812685,1.007545,-22.463816
6.162500,55.660252,-2.634052,-17.956528,-22.466537,-3.151189,-22.247711
6.168750,61.571835,-2.637438,-18.035793,-22.128763,-7.077412,-22.023651
6.175000,67.487358,-2.640450,-17.275511,-21.818668,-10.702700,-21.803524
6.181250,73.410385,-2.642350,-15.814532,-21.551975,-13.955945,-21.603136
6.187500,79.334702,-2.643632,-13.816759,-21.342979,-16.697149,-21.499582
6.193750,85.256058,-2.644881,-11.499566,-21.215813,-19.248596,-21.371447
6.200000,91.176369,-2.645739,-9.052421,-21.150724,-21.328533,-21.305964
6.206250,95.202316,-2.645903,-6.188520,-21.140472,-22.874451,-21.321901
6.212500,98.953194,-2.645847,-3.170560,-21.204353,-24.050137,-21.429136
6.218750,101.892998,-2.646079,-0.185577,-21.329966,-25.034323,-21.676039
6.225000,103.531784,-2.646469,2.591643,-21.492462,-24.445467,-21.916607
6.231250,103.444778,-2.646827,4.797171,-21.719774,-24.743877,-22.241032
6.237500,101.291573,-2.647186,6.122606,-21.996519,-25.072281,-22.644371
6.243750,96.835770,-2.647177,6.551247,-22.303595,-25.349564,-23.111374
6.250000,89.956436,-2.646590,8.082822,-22.628164,-25.605774,-23.622303
6.256250,80.649742,-2.646034,9.242364,-22.963306,-25.860769,-24.156677
6.262500,69.033752,-2.646388,8.569116,-23.304163,-26.092657,-24.693975
6.268750,55.350796,-2.646954,8.181677,-23.632790,-26.040848,-25.175150
6.275000,39.948963,-2.646367,8.063107,-23.929926,-25.385321,-25.605423
6.281250,23.252468,-2.644646,8.077174,-24.190811,-24.230541,-25.974709
6.287500,5.741595,-2.643663,8.116116,-24.410803,-22.430479,-26.265549
6.293750,-12.054665,-2.644541,8.129179,-24.580446,-19.731480,-26.460770
6.300000,-29.577955,-2.646040,8.102799,-24.684683,-15.873679,-26.542173
6.306250,-46.287632,-2.647068,8.006067,-24.707087,-10.662355,-26.493183
6.312500,-61.696808,-2.648304,7.784503,-24.629681,-4.011554,-26.298939
6.318750,-75.384911,-2.650752,7.308913,-24.461117,3.898877,-26.015274
6.325000,-87.007690,-2.654065,8.500887,-24.236633,12.693152,-25.647890
6.331250,-96.322960,-2.657508,8.130278,-23.947023,22.143358,-25.188980
6.337500,-103.209587,-2.661524,8.437775,-23.588514,31.993715,-24.679127
6.343750,-107.671173,-2.666526,9.128448,-23.193102,41.805897,-24.158585
6.350000,-109.825081,-2.671774,9.968457,-22.791641,51.011738,-23.661999
6.356250,-109.903328,-2.676300,10.801819,-22.411112,59.006615,-23.218414
6.362500,-108.249115,-2.679933,11.499812,-22.073597,65.214272,-22.838688
6.368750,-105.295303,-2.683255,11.946847,-21.794184,69.116951,-22.465254
6.375000,-101.535286,-2.686019,12.018018,-21.582502,70.910553,-22.262314
6.381250,-97.500893,-2.688031,11.450448,-21.456383,70.179016,-22.179371
6.387500,-91.572067,-2.689646,11.383661,-21.400026,66.833862,-22.217508
6.393750,-85.646233,-2.691057,10.944815,-21.430830,61.182495,-22.330788
6.400000,-79.720322,-2.691641,10.401499,-21.548880,53.621368,-22.427099
6.406250,-73.794762,-2.691239,9.823664,-21.746321,42.543560,-22.658915
6.412500,-67.874939,-2.690966,9.240785,-22.008688,30.351500,-22.953047
6.418750,-61.963791,-2.691557,8.643006,-22.321014,16.866585,-23.274588
6.425000,-56.055061,-2.692247,8.032061,-22.657619,2.569584,-23.592136
6.431250,-50.144127,-2.692374,7.405902,-22.992350,-11.991935,-23.876205
6.437500,-44.234821,-2.692482,6.704640,-23.297588,-26.290516,-24.097090
6.443750,-38.332428,-2.693665,8.036658,-23.542822,-39.832783,-24.223585
6.450000,-32.433472,-2.695727,9.916741,-23.717319,-52.371979,-24.303913
6.456250,-26.532543,-2.697902,10.745443,-23.824902,-63.801147,-24.325752
6.462500,-20.628412,-2.700127,12.522149,-23.860613,-72.164360,-24.248430
6.468750,-14.724459,-2.702752,15.049156,-23.822636,-78.819336,-24.108263
6.475000,-8.817719,-2.705230,18.053448,-23.720440,-83.296959,-23.934746
6.481250,-2.906851,-2.707157,21.204840,-23.578384,-85.381042,-23.755688
6.487500,3.003481,-2.709312,24.199539,-23.426249,-84.965630,-23.586649
6.493750,8.911622,-2.711994,26.886797,-23.264614,-81.927856,-23.407442
6.500000,14.821622,-2.714374,29.157207,-23.101757,-78.250351,-23.220280
6.506250,20.738142,-2.715670,28.856398,-22.952209,-72.493462,-23.051350
6.512500,26.654541,-2.716715,29.614176,-22.842098,-65.168182,-22.930183
6.518750,32.564541,-2.718610,29.339497,-22.798498,-57.038429,-22.849842
6.525000,38.472797,-2.720934,28.140450,-22.815048,-48.816635,-22.801752
6.531250,44.387180,-2.722445,26.111158,-22.883507,-41.113689,-22.780987
6.537500,50.306244,-2.723043,23.310347,-22.994627,-34.470474,-22.783365
6.543750,56.221325,-2.723899,19.819880,-23.136606,-29.355137,-22.808722
6.550000,62.131264,-2.725260,15.754025,-23.295279,-24.306202,-22.833683
6.556250,68.042221,-2.726451,11.297826,-23.435940,-21.327637,-22.848120
6.562500,73.955956,-2.727314,6.782603,-23.554005,-19.870491,-22.862642
6.568750,79.868622,-2.728104,3.158432,-23.682169,-19.579071,-22.875772
6.575000,85.780067,-2.728704,-1.441577,-23.786339,-20.138332,-22.907949
6.581250,91.690849,-2.729036,-5.005159,-23.859344,-21.094627,-22.939051
6.587500,97.598694,-2.729778,-7.609414,-23.905602,-21.931541,-22.970261
6.593750,101.607986,-2.731450,-9.282496,-23.930605,-24.162695,-23.006718
6.600000,105.345001,-2.733114,-10.055144,-23.939159,-25.737494,-23.050861
6.606250,108.282097,-2.733793,-9.960269,-23.932362,-26.762579,-23.100843
6.612500,109.921982,-2.734122,-9.072490,-23.912033,-27.364708,-23.154804
6.618750,109.829056,-2.735463,-7.507887,-23.878101,-25.792618,-23.208593
6.625000,107.665741,-2.737855,-5.407319,-23.830933,-23.807222,-23.259275
6.631250,103.201454,-2.740325,-2.960196,-23.773298,-21.032902,-23.317923
6.637500,96.317535,-2.742546,1.814125,-23.702286,-17.204342,-23.303085
6.643750,87.007881,-2.745519,5.507944,-23.598261,-14.185963,-23.272047
6.650000,75.393486,-2.749412,10.019426,-23.457287,-10.118828,-23.224506
6.656250,61.717705,-2.753141,14.922628,-23.282314,-5.503368,-23.150974
6.662500,46.324013,-2.756078,19.852129,-23.068670,-0.820530,-23.039883
6.668750,29.634523,-2.758689,24.460180,-22.804148,3.395396,-22.887255
6.675000,12.136206,-2.761556,28.294275,-22.507915,6.479273,-22.724550
6.681250,-5.636261,-2.764716,30.873182,-22.196985,10.052278,-22.563263
6.687500,-23.134670,-2.768051,34.107880,-21.880650,12.353428,-22.411394
6.693750,-39.825150,-2.771508,36.312744,-21.592365,13.426987,-22.285191
6.700000,-55.213089,-2.774463,37.583485,-21.316370,13.348865,-22.222200
6.706250,-68.869301,-2.776219,37.795502,-21.058542,12.412931,-22.197973
6.712500,-80.458672,-2.777191,37.427383,-20.865173,11.135709,-22.224901
6.718750,-89.749863,-2.778285,36.611336,-20.759310,9.391609,-22.327303
6.725000,-96.620270,-2.779735,35.416397,-20.749763,7.534139,-22.495911
6.731250,-101.064117,-2.780585,33.869980,-20.836033,3.906222,-22.743261
6.737500,-103.201500,-2.780430,31.987629,-21.006935,0.558843,-23.071653
6.743750,-103.274643,-2.779624,29.734922,-21.266090,-2.677443,-23.445400
6.750000,-101.627930,-2.778662,26.981600,-21.644426,-5.841077,-23.826584
6.756250,-98.687592,-2.777597,24.461931,-22.014353,-8.889248,-24.179979
6.762500,-94.945633,-2.776682,22.131168,-22.422047,-11.908518,-24.503151
6.768750,-90.934189,-2.776054,19.851564,-22.859865,-14.902975,-24.777586
6.775000,-85.029251,-2.775087,17.702877,-23.309893,-15.640877,-24.987183
6.781250,-79.123360,-2.773314,15.715691,-23.752737,-15.470824,-25.121344
6.787500,-73.221535,-2.771500,13.901030,-24.168329,-13.890643,-25.172895
6.793750,-67.328133,-2.770583,12.254481,-24.538691,-10.459680,-25.137949
6.800000,-61.440434,-2.770591,10.758213,-24.847458,-6.987109,-25.014812
6.806250,-55.551888,-2.770816,9.381767,-25.081236,-1.845042,-24.802252
6.812500,-49.661774,-2.771421,8.077455,-25.232084,4.657620,-24.480343
6.818750,-43.773476,-2.773163,6.760525,-25.308506,12.421409,-24.128826
6.825000,-37.884171,-2.775573,7.459585,-25.351967,19.898357,-23.744144
6.831250,-31.987667,-2.777544,7.221859,-25.285622,27.831507,-23.362225
6.837500,-26.085581,-2.779361,7.929484,-25.171432,35.431786,-23.032082
6.843750,-20.185879,-2.782322,9.354042,-25.036293,42.009506,-22.769627
6.850000,-14.286826,-2.786383,11.463403,-24.895947,48.704586,-22.573111
6.856250,-8.378757,-2.789835,14.195969,-24.761009,53.576672,-22.473314
6.862500,-2.459521,-2.791840,17.465639,-24.635496,56.802765,-22.477465
6.868750,3.461071,-2.793426,21.194887,-24.511215,58.570293,-22.575041
6.875000,9.375542,-2.795607,25.309288,-24.363682,59.141098,-22.746344
6.881250,15.287031,-2.798100,29.846704,-24.223618,58.832989,-22.940975
6.887500,21.200037,-2.800325,33.269958,-24.115017,57.830608,-23.173113
6.893750,27.114929,-2.802232,36.927273,-24.032909,56.077446,-23.427149
6.900000,33.029308,-2.803911,40.308716,-24.024818,54.281799,-23.654068
6.906250,38.943176,-2.804930,42.911335,-23.984650,52.845207,-23.818546
6.912500,44.854816,-2.805631,45.505936,-23.944504,50.155586,-23.903601
6.918750,50.759521,-2.806990,46.818661,-23.922161,48.095692,-23.902140
6.925000,56.658028,-2.809362,46.873669,-23.900383,46.386841,-23.810350
6.931250,62.557259,-2.811961,45.741970,-23.824743,44.749748,-23.627808
6.937500,68.460266,-2.814480,45.092350,-23.804111,42.837730,-23.380159
6.943750,74.364815,-2.817266,41.966648,-23.784725,42.129574,-23.106405
6.950000,80.270470,-2.820055,38.747021,-23.747631,40.504044,-22.769873
6.956250,86.181000,-2.821969,35.448742,-23.680050,38.119240,-22.405188
6.962500,92.095436,-2.822917,32.081394,-23.577702,35.353195,-22.047798
6.968750,96.111008,-2.824346,28.624485,-23.446863,32.283485,-21.723680
6.975000,99.845627,-2.827154,25.092297,-23.293730,28.919224,-21.450212
6.981250,102.775917,-2.830362,21.561064,-23.120218,25.268690,-21.234709
6.987500,104.417442,-2.832452,18.109987,-22.927223,21.311657,-21.075991
6.993750,104.340782,-2.833390,14.813795,-22.709126,17.001898,-20.956472
7.000000,102.194519,-2.834361,11.749169,-22.447830,12.216835,-20.888649
7.006250,97.738380,-2.836137,8.927590,-22.120131,8.758100,-20.891615
7.012500,90.856407,-2.838563,7.993739,-21.846422,5.292193,-20.944052
7.018750,81.552368,-2.841187,7.712723,-21.611450,2.250894,-21.024801
7.025000,69.949562,-2.843758,7.191906,-21.346743,0.020818,-21.171152
7.031250,56.284389,-2.845996,8.008603,-21.115347,-2.926417,-21.363190
7.037500,40.896446,-2.848094,9.763862,-20.957933,-4.603158,-21.584600
7.043750,24.211035,-2.850523,12.200622,-20.908392,-5.834147,-21.864410
7.050000,6.721230,-2.853174,15.083700,-20.992384,-6.767121,-22.213760
7.056250,-11.035657,-2.855013,18.240057,-21.199272,-7.492194,-22.638132
7.062500,-28.511946,-2.855422,19.613985,-21.524948,-8.104057,-23.147346
7.068750,-45.181133,-2.855047,22.620434,-21.974319,-8.708207,-23.770140
7.075000,-60.556480,-2.854556,25.176941,-22.522604,-8.759747,-24.357368
7.081250,-74.208786,-2.853654,27.201525,-23.080996,-10.749269,-24.967072
7.087500,-85.794678,-2.851783,28.727989,-23.726551,-13.220437,-25.602625
7.093750,-95.078911,-2.849079,28.449043,-24.406689,-14.456275,-26.243368
7.100000,-101.943901,-2.845983,27.205681,-25.073584,-16.202404,-26.860050
7.106250,-106.391357,-2.842715,24.775385,-25.700190,-18.313908,-27.420338
7.112500,-108.542999,-2.839698,20.986834,-26.273815,-20.626272,-27.889818
7.118750,-108.636940,-2.837339,15.605601,-26.742018,-22.948658,-28.225840
7.125000,-107.011650,-2.835620,10.574872,-27.079496,-27.193489,-28.380678
7.131250,-104.089699,-2.833905,4.666334,-27.294682,-31.524361,-28.393347
7.137500,-100.363823,-2.832229,-1.707328,-27.398306,-36.024536,-28.253332
7.143750,-96.372284,-2.831829,-8.176203,-27.395340,-40.985340,-27.954195
7.150000,-90.494667,-2.833500,-14.370717,-27.291155,-46.408791,-27.507570
7.156250,-84.616226,-2.836193,-19.970776,-27.092701,-52.201015,-26.935814
7.162500,-78.727898,-2.838516,-24.709967,-26.812761,-58.216118,-26.274405
7.168750,-72.833458,-2.840642,-28.396301,-26.470535,-64.305000,-25.576441
7.175000,-66.940674,-2.843480,-30.885742,-26.088060,-70.365860,-24.857077
7.181250,-61.047512,-2.846950,-32.083080,-25.687445,-76.517906,-24.131666
7.187500,-55.147659,-2.850074,-31.945536,-25.288113,-80.457336,-23.459370
7.193750,-49.241005,-2.852570,-30.470087,-24.892633,-83.637871,-22.883049
7.200000,-43.332832,-2.854960,-29.614422,-24.503563,-85.461510,-22.428911
7.206250,-37.423790,-2.857124,-26.167349,-24.192020,-85.320183,-22.059366
7.212500,-31.511501,-2.858617,-21.939167,-23.938963,-84.654068,-21.815298
7.218750,-25.598076,-2.859913,-17.215462,-23.751024,-82.209496,-21.724571
7.225000,-19.688232,-2.861808,-12.266156,-23.617310,-77.894669,-21.759628
7.231250,-13.779969,-2.864089,-7.380675,-23.524073,-72.137001,-21.898712
7.237500,-7.866339,-2.865715,-2.953803,-23.482897,-65.456688,-22.111073
7.243750,-1.947898,-2.866469,2.795199,-23.490505,-58.397015,-22.348795
7.250000,3.968673,-2.867146,8.354039,-23.526340,-51.535591,-22.534689
7.256250,9.880361,-2.868179,13.985985,-23.578880,-46.181530,-22.783129
7.262500,15.789599,-2.869382,18.002663,-23.653765,-40.303112,-23.013353
7.268750,21.698050,-2.870927,22.244606,-23.748554,-35.568634,-23.167000
7.275000,27.605036,-2.873307,26.678429,-23.795662,-32.033287,-23.242022
7.281250,33.510590,-2.876495,30.828184,-23.816450,-29.740992,-23.244320
7.287500,39.421856,-2.879385,34.312256,-23.805878,-28.524429,-23.175722
7.293750,45.341473,-2.880975,37.030121,-23.740122,-28.143583,-23.042189
7.300000,51.264545,-2.881566,39.086262,-23.644226,-28.365129,-22.859453
7.306250,57.183270,-2.881938,40.735775,-23.526958,-28.951872,-22.648340
7.312500,63.093678,-2.883059,41.950989,-23.380362,-29.673630,-22.432779
7.318750,68.999107,-2.885079,42.925564,-23.215052,-30.374607,-22.228622
7.325000,74.905014,-2.887627,42.091045,-23.032391,-31.006426,-22.043945
7.331250,80.816681,-2.889686,41.579227,-22.817619,-31.457794,-21.904140
7.337500,86.734421,-2.890651,41.090042,-22.598539,-31.677891,-21.829935
7.343750,92.652237,-2.891068,40.369720,-22.398544,-31.766951,-21.826153
7.350000,96.669540,-2.891916,39.322792,-22.229343,-29.974691,-21.868265
7.356250,100.408577,-2.893524,37.903610,-22.093500,-27.995600,-21.967134
7.362500,103.342033,-2.895322,36.061211,-21.989548,-25.085001,-22.140659
7.368750,104.980728,-2.896845,33.745655,-21.908270,-23.236969,-22.354834
7.375000,104.895668,-2.898144,30.889044,-21.840588,-20.777618,-22.576588
7.381250,102.743958,-2.899580,29.532284,-21.782949,-17.911650,-22.774078
7.387500,98.287636,-2.901479,28.075838,-21.768009,-14.935803,-22.942463
7.393750,91.405693,-2.904187,26.698021,-21.770535,-10.066829,-23.080982
7.400000,82.100372,-2.907380,25.613337,-21.776619,-4.828965,-23.170950
7.406250,70.499138,-2.910049,25.208237,-21.807518,-0.831930,-23.204300
7.412500,56.839840,-2.911572,25.539753,-21.877560,3.738250,-23.182228
7.418750,41.456329,-2.912681,26.536467,-21.997484,8.508368,-23.111742
7.425000,24.770557,-2.914269,28.058598,-22.175749,13.117197,-23.004387
7.431250,7.277421,-2.916084,29.942440,-22.415754,17.244017,-22.867580
7.437500,-10.484728,-2.917424,32.017143,-22.711866,20.642002,-22.693359
7.443750,-27.970520,-2.918489,36.280575,-23.044157,23.076426,-22.483629
7.450000,-44.649998,-2.919557,39.276550,-23.393854,24.115423,-22.290464
7.456250,-60.030514,-2.920212,42.586761,-23.821497,23.613230,-22.129623
7.462500,-73.679459,-2.919605,45.997906,-24.315264,21.647697,-22.012592
7.468750,-85.261421,-2.918054,49.335835,-24.881842,18.319067,-21.949419
7.475000,-94.545059,-2.916609,52.483700,-25.452045,13.844643,-21.934149
7.481250,-101.409302,-2.915153,55.276478,-26.031446,8.524837,-21.960663
7.487500,-105.848717,-2.912961,55.377239,-26.620550,2.658173,-22.027676
7.493750,-107.985237,-2.909995,54.326344,-27.199539,-3.321630,-22.123592
7.500000,-108.062943,-2.907487,51.617256,-27.728424,-8.807539,-22.237368
7.506250,-106.424644,-2.905917,48.927158,-28.185389,-13.088951,-22.368443
7.512500,-103.491463,-2.904565,44.306175,-28.572912,-15.573282,-22.496603
7.518750,-99.752380,-2.903044,38.061604,-28.862793,-15.712429,-22.603100
7.525000,-95.745041,-2.902198,30.541277,-29.040098,-12.962791,-22.683796
7.531250,-89.850700,-2.902695,22.063694,-29.107073,-8.956384,-22.732300
7.537500,-83.958237,-2.903905,13.001173,-29.077663,-3.670191,-22.719938
7.543750,-78.063728,-2.905242,3.924204,-28.922321,4.182832,-22.662468
7.550000,-72.169579,-2.907197,-4.703935,-28.665834,13.618892,-22.576897
7.556250,-66.278702,-2.910317,-12.611711,-28.342409,23.742672,-22.482073
7.562500,-60.386547,-2.913952,-21.214109,-27.970425,33.683666,-22.401327
7.568750,-54.488262,-2.917463,-28.347052,-27.554510,42.642693,-22.351410
7.575000,-48.584606,-2.920512,-33.925541,-27.136772,50.109158,-22.290785
7.581250,-42.677937,-2.923095,-37.744938,-26.733789,55.309895,-22.254673
7.587500,-36.769627,-2.924963,-40.080112,-26.347868,59.747135,-22.262117
7.593750,-30.860476,-2.926111,-41.123188,-25.989649,61.747883,-22.316959
7.600000,-24.954601,-2.927261,-40.966118,-25.663900,61.683117,-22.411648
7.606250,-19.053984,-2.929006,-39.717430,-25.372711,59.988400,-22.532555
7.612500,-13.155226,-2.930853,-37.518780,-25.110529,57.139240,-22.664099
7.618750,-7.254396,-2.932270,-34.552544,-24.871809,53.584118,-22.807489
7.625000,-1.353616,-2.933556,-31.083357,-24.651106,49.716549,-22.987242
7.631250,4.542171,-2.935572,-25.243065,-24.446051,45.943100,-23.161343
7.637500,10.434824,-2.938229,-20.583021,-24.248150,42.152721,-23.288115
7.643750,16.327837,-2.941041,-15.210240,-24.016706,39.047180,-23.390570
7.650000,22.222639,-2.944109,-9.482566,-23.714767,36.677902,-23.473936
7.656250,28.114397,-2.948122,-4.182705,-23.412966,34.829594,-23.552578
7.662500,34.004436,-2.953451,0.051718,-23.108549,33.199089,-23.629877
7.668750,39.898922,-2.959265,5.205053,-22.797535,31.521225,-23.703856
7.675000,45.804226,-2.964414,9.522226,-22.489525,31.371054,-23.780981
7.681250,51.717770,-2.968585,13.146398,-22.203773,30.732948,-23.871176
7.687500,57.634621,-2.972160,16.284901,-21.963341,29.713871,-23.983486
7.693750,63.551693,-2.975228,19.223288,-21.777842,28.397022,-24.129776
7.700000,69.469337,-2.977798,20.471495,-21.638950,26.830292,-24.340040
7.706250,75.388321,-2.979735,21.874300,-21.560516,25.034367,-24.558794
7.712500,81.307457,-2.981053,23.127037,-21.539728,22.113976,-24.754330
7.718750,87.225151,-2.981840,24.006180,-21.560961,20.740255,-24.989515
7.725000,93.142067,-2.981996,24.123096,-21.656862,19.262959,-25.256021
7.731250,97.162163,-2.981610,23.222994,-21.809940,17.970793,-25.530842
7.737500,100.903809,-2.981378,21.289108,-21.990574,16.989065,-25.783857
7.743750,103.832893,-2.982015,20.326591,-22.172722,16.398975,-25.973129
7.750000,105.460030,-2.983477,18.771076,-22.337337,16.184221,-26.065186
7.756250,105.363106,-2.985180,16.916183,-22.471954,16.004189,-26.097820
7.762500,103.204399,-2.986848,14.973239,-22.577730,15.847942,-26.042572
7.768750,98.743401,-2.988944,13.132210,-22.651930,15.748961,-25.888319
7.775000,91.856033,-2.992149,11.636868,-22.690758,15.574979,-25.637039
7.781250,82.546089,-2.996153,10.644431,-22.702192,15.183414,-25.304779
7.787500,70.941841,-2.999743,10.211340,-22.699419,14.458220,-24.916817
7.793750,57.282089,-3.002448,10.357250,-22.695072,13.362722,-24.497688
7.800000,41.901386,-3.004643,11.066623,-22.700193,12.004741,-24.037363
7.806250,25.223417,-3.006539,12.319324,-22.715662,10.519111,-23.525793
7.812500,7.742202,-3.007699,12.159675,-22.742859,8.970049,-23.023476
7.818750,-10.008759,-3.007856,14.182761,-22.795481,6.270765,-22.594481
7.825000,-27.487524,-3.007508,16.265427,-22.901176,4.029457,-22.231943
7.831250,-44.164536,-3.007078,18.199760,-23.083086,2.179054,-21.940462
7.837500,-59.543621,-3.006058,19.912643,-23.370337,0.801364,-21.718744
7.843750,-73.195709,-3.003776,21.316208,-23.709253,0.048447,-21.569172
7.850000,-84.785538,-3.001137,22.985363,-24.082272,0.009145,-21.500866
7.856250,-94.082443,-2.999283,24.092421,-24.509354,-1.383170,-21.510981
7.862500,-100.960632,-2.997986,24.702810,-24.975983,-2.607602,-21.587809
7.868750,-105.412926,-2.996099,22.971859,-25.452751,-3.979737,-21.715530
7.875000,-107.559494,-2.993409,20.537542,-25.917265,-5.759013,-21.868046
7.881250,-107.644585,-2.990814,18.921614,-26.367004,-8.132233,-21.993076
7.887500,-106.012886,-2.988877,16.353785,-26.776800,-11.213116,-22.123352
7.893750,-103.086716,-2.987200,13.023382,-27.128109,-14.010899,-22.266411
7.900000,-99.355301,-2.985648,9.134673,-27.391302,-16.921774,-22.359848
7.906250,-95.355362,-2.985159,4.980231,-27.541550,-19.803165,-22.411579
7.912500,-89.465012,-2.985981,0.682167,-27.587601,-22.380211,-22.433678
7.918750,-83.570999,-2.985981,-3.552543,-27.587601,-24.255688,-22.433678
7.925000,-83.570999,-2.985981,-3.552543,-27.587601,-24.255688,-22.433678
7.931250,-83.570999,-2.985981,-3.552543,-27.587601,-24.255688,-22.433678
7.937500,-83.570999,-2.985981,-3.552543,-27.587601,-24.255688,-22.433678
7.943750,-83.570999,-2.985981,-3.552543,-27.587601,-24.255688,-22.433678
7.950000,-83.570999,-2.985981,-3.552543,-27.587601,-24.255688,-22.433678
7.956250,-83.570999,-2.985981,-3.552543,-27.587601,-24.255688,-22.433678
7.962500,-83.570999,-2.985981,-3.552543,-27.587601,-24.255688,-22.433678
7.968750,-83.570999,-2.985981,-3.552543,-27.587601,-24.255688,-22.433678
7.975000,-83.570999,-2.985981,-3.552543,-27.587601,-24.255688,-22.433678
7.981250,-83.570999,-2.985981,-3.552543,-27.587601,-24.255688,-22.433678
7.987500,-83.570999,-2.985981,-3.552543,-27.587601,-24.255688,-22.433678
7.993750,-83.570999,-2.985981,-3.552543,-27.587601,-24.255688,-22.433678
8.000000,-83.570999,-2.985981,-3.552543,-27.587601,-24.255688,-22.433678
