Anritsu VNA Frequency[GHz],S21[deg],S21[dB],S11[deg],S11[dB],S22[deg],S22[dB]
1338117787.18,2012_05_27_12:23:07,+40.741,+10.267,+55.351,+10.276,+13.905,+13.714,+14.009,+13.760,10.411724,-15.817
3.006250,34.268959,-1.754086,59.379230,-26.661119,-79.839394,-27.445240
3.012500,34.268959,-1.754086,59.379230,-26.661119,-79.839394,-27.445240
3.018750,34.268959,-1.754086,59.379230,-26.661119,-79.839394,-27.445240
3.025000,34.268959,-1.754086,59.379230,-26.661119,-79.839394,-27.445240
3.031250,34.268959,-1.754086,59.379230,-26.661119,-79.839394,-27.445240
3.037500,34.268959,-1.754086,59.379230,-26.661119,-79.839394,-27.445240
3.043750,34.268959,-1.754086,59.379230,-26.661119,-79.839394,-27.445240
3.050000,34.268959,-1.754086,59.379230,-26.661119,-79.839394,-27.445240
3.056250,34.268959,-1.754086,59.379230,-26.661119,-79.839394,-27.445240
3.062500,34.268959,-1.754086,59.379230,-26.661119,-79.839394,-27.445240
3.068750,34.268959,-1.754086,59.379230,-26.661119,-79.839394,-27.445240
3.075000,34.268959,-1.754086,59.379230,-26.661119,-79.839394,-27.445240
3.081250,34.268959,-1.754086,59.379230,-26.661119,-79.839394,-27.445240
3.087500,34.268959,-1.754086,59.379230,-26.661119,-79.839394,-27.445240
3.093750,34.268959,-1.755926,59.379230,-26.457071,-79.839394,-27.193884
3.100000,40.175388,-1.758048,56.693676,-26.302654,-81.858429,-26.960384
3.106250,46.081860,-1.760167,53.118301,-26.219168,-82.262321,-26.746714
3.112500,51.989117,-1.762319,49.027336,-26.227589,-80.689201,-26.525673
3.118750,57.895855,-1.764650,43.017017,-26.269449,-78.983833,-26.223736
3.125000,63.801773,-1.767088,38.209774,-26.311499,-74.943779,-25.962120
3.131250,69.707390,-1.769599,33.813831,-26.380915,-68.781036,-25.674524
3.137500,75.612114,-1.772431,30.089245,-26.479229,-60.902214,-25.350033
3.143750,81.515472,-1.775818,27.240446,-26.597847,-51.485649,-24.997154
3.150000,87.419868,-1.779524,25.455648,-26.722532,-40.687656,-24.628340
3.156250,93.327766,-1.782976,24.851265,-26.838758,-28.680050,-24.261927
3.162500,97.342934,-1.786193,25.492748,-26.933199,-15.666319,-23.921963
3.168750,101.085060,-1.789510,27.402176,-26.997917,-3.747818,-23.656519
3.175000,104.020569,-1.793087,30.617285,-27.011530,8.532357,-23.411629
3.181250,105.658752,-1.796784,33.384666,-26.960365,21.054285,-23.188848
3.187500,105.574837,-1.800364,37.171852,-26.862280,32.536743,-23.019905
3.193750,103.427055,-1.803671,41.272205,-26.729139,42.551132,-22.922235
3.200000,98.978096,-1.806689,45.112301,-26.568586,50.771301,-22.898226
3.206250,92.106102,-1.809323,48.213886,-26.391283,56.909595,-22.947783
3.212500,82.808861,-1.811828,50.155861,-26.210672,60.774197,-23.079380
3.218750,71.207581,-1.814520,50.625237,-26.036926,62.257393,-23.275652
3.225000,57.540195,-1.817097,51.623383,-25.864368,61.110622,-23.481462
3.231250,42.149555,-1.819136,51.684052,-25.692724,57.617264,-23.705053
3.237500,25.461279,-1.820886,49.321983,-25.522448,53.888157,-23.938236
3.243750,7.963472,-1.822890,46.645420,-25.330973,48.427547,-24.158197
3.250000,-9.811111,-1.825434,43.527039,-25.158155,41.902866,-24.345909
3.256250,-27.312166,-1.828132,39.608959,-25.017225,34.906525,-24.500469
3.262500,-44.004864,-1.830479,35.123737,-24.891510,28.085915,-24.610334
3.268750,-59.398224,-1.832458,30.017302,-24.777388,22.121777,-24.666506
3.275000,-73.068367,-1.834528,24.166594,-24.673414,17.556932,-24.669266
3.281250,-84.675667,-1.836960,17.463076,-24.570599,14.834163,-24.625851
3.287500,-93.980698,-1.839733,9.816219,-24.456583,14.249576,-24.549992
3.293750,-100.859680,-1.842576,1.189866,-24.292719,15.955915,-24.442474
3.300000,-105.312607,-1.845288,-6.239098,-24.123901,19.996708,-24.304857
3.306250,-107.460442,-1.847715,-14.897427,-23.988474,26.232367,-24.163221
3.312500,-107.540710,-1.849246,-23.557665,-23.866720,34.359493,-24.048658
3.318750,-105.907761,-1.851428,-31.928291,-23.766033,43.998692,-23.982853
3.325000,-102.963867,-1.853430,-39.751244,-23.703796,54.701195,-23.976444
3.331250,-99.213661,-1.855045,-46.764030,-23.706383,65.950920,-24.032373
3.337500,-95.189316,-1.856281,-52.780567,-23.840137,77.166801,-24.149208
3.343750,-89.270386,-1.857164,-57.840172,-23.997168,87.772560,-24.312298
3.350000,-83.352074,-1.857657,-62.276272,-24.217634,97.519699,-24.466034
3.356250,-77.434746,-1.857861,-65.714211,-24.541920,106.123909,-24.663351
3.362500,-71.519081,-1.857885,-66.444931,-24.991816,112.380684,-24.912947
3.368750,-65.605812,-1.857631,-66.108025,-25.547894,116.418854,-25.203472
3.375000,-59.693081,-1.856845,-64.577972,-26.183546,117.837692,-25.578295
3.381250,-53.782043,-1.855661,-61.867851,-26.864614,116.461403,-25.914778
3.387500,-47.877514,-1.854858,-58.073963,-27.552448,112.935333,-26.238476
3.393750,-41.979153,-1.854884,-53.353481,-28.202623,106.689278,-26.542488
3.400000,-36.083225,-1.855253,-47.926403,-28.772814,98.289284,-26.818884
3.406250,-30.185833,-1.855465,-42.127979,-29.241350,88.736092,-27.099028
3.412500,-24.288923,-1.855853,-36.281433,-29.583614,78.697144,-27.348896
3.418750,-18.396622,-1.857099,-28.453047,-29.777918,66.813004,-27.546787
3.425000,-12.507292,-1.859359,-22.187103,-29.819969,55.372940,-27.686880
3.431250,-6.614780,-1.861757,-15.631924,-29.724510,44.809387,-27.774853
3.437500,-0.718161,-1.864068,-9.043648,-29.477028,35.577366,-27.814137
3.443750,5.178100,-1.867018,-2.441799,-29.074280,28.360638,-27.753315
3.450000,11.073051,-1.870943,3.654060,-28.562298,21.439129,-27.621767
3.456250,16.972116,-1.875085,9.079520,-27.980719,16.595732,-27.432499
3.462500,22.879980,-1.878616,13.828571,-27.372599,13.532159,-27.187887
3.468750,28.793043,-1.881554,17.983433,-26.784309,11.937338,-26.885101
3.475000,34.706306,-1.884233,21.649870,-26.281240,11.459987,-26.539576
3.481250,40.619247,-1.886808,25.092512,-25.814657,11.707165,-26.166178
3.487500,46.531235,-1.889459,27.041437,-25.416405,12.311787,-25.760004
3.493750,52.441788,-1.892493,28.886209,-25.121754,12.838594,-25.328360
3.500000,58.351524,-1.896039,30.452354,-24.936171,12.854096,-24.883165
3.506250,64.263840,-1.899317,31.640848,-24.844965,12.025843,-24.434704
3.512500,70.180664,-1.901799,32.354206,-24.813158,10.081581,-23.992287
3.518750,76.097206,-1.904032,32.562748,-24.748192,6.819512,-23.561007
3.525000,82.007614,-1.907145,32.464256,-24.735943,2.084924,-23.147060
3.531250,87.913284,-1.911303,32.583153,-24.725109,-2.095588,-22.765438
3.537500,93.821411,-1.915709,32.586422,-24.680723,-7.183857,-22.431969
3.543750,97.840263,-1.919788,32.724392,-24.593958,-12.750081,-22.142525
3.550000,101.588577,-1.924027,33.332741,-24.437952,-18.513489,-21.860325
3.556250,104.530426,-1.928894,32.853451,-24.213648,-23.998871,-21.534449
3.562500,106.176933,-1.934064,32.993145,-23.950993,-28.910875,-21.292391
3.568750,106.107880,-1.938415,33.407726,-23.676567,-32.045338,-21.121874
3.575000,103.982063,-1.941360,33.819279,-23.416924,-34.398052,-21.023399
3.581250,99.557343,-1.943220,33.946342,-23.206934,-35.702118,-21.010937
3.587500,92.707085,-1.944669,33.528061,-23.082237,-35.975552,-21.044020
3.593750,83.431595,-1.945685,32.452980,-23.032940,-35.096912,-21.144726
3.600000,71.855957,-1.945692,30.667429,-23.070005,-32.907612,-21.328148
3.606250,58.218227,-1.944322,30.012669,-23.207647,-29.565243,-21.588100
3.612500,42.853355,-1.942103,29.039986,-23.431940,-25.345001,-21.898319
3.618750,26.185194,-1.939482,28.158215,-23.758926,-20.644535,-22.234104
3.625000,8.707849,-1.936195,27.478455,-24.201302,-16.248697,-22.637243
3.631250,-9.044829,-1.932042,27.606596,-24.721062,-10.356476,-23.069839
3.637500,-26.529491,-1.927557,28.846392,-25.282394,-4.693445,-23.504229
3.643750,-43.217724,-1.923372,31.338202,-25.848236,0.720490,-23.920389
3.650000,-58.616520,-1.919811,33.216064,-26.373148,5.795698,-24.301149
3.656250,-72.295456,-1.916861,36.044418,-26.782295,10.445862,-24.629698
3.662500,-83.912788,-1.914584,38.994774,-27.122005,14.568885,-24.901407
3.668750,-93.230995,-1.913218,42.991264,-27.369650,18.028709,-25.122608
3.675000,-100.126534,-1.912436,46.351734,-27.497030,20.741070,-25.292118
3.681250,-104.596863,-1.911733,48.806564,-27.501459,22.649597,-25.408339
3.687500,-106.765221,-1.911507,50.113823,-27.395872,23.679892,-25.474306
3.693750,-106.871979,-1.912546,50.121784,-27.206293,23.777941,-25.499186
3.700000,-105.256325,-1.914711,48.840607,-26.938543,22.952225,-25.494390
3.706250,-102.338577,-1.917057,46.417625,-26.610180,21.332613,-25.451952
3.712500,-98.609230,-1.919204,42.839874,-26.259836,19.141899,-25.365723
3.718750,-94.606094,-1.921661,36.404827,-25.915588,16.528536,-25.240829
3.725000,-88.710022,-1.924795,29.036533,-25.593056,13.821767,-25.093079
3.731250,-82.811951,-1.927978,20.462929,-25.336987,11.628931,-24.961121
3.737500,-76.909134,-1.930765,12.624645,-25.170668,10.364469,-24.856888
3.743750,-71.003906,-1.933278,4.269723,-25.079794,10.439519,-24.803530
3.750000,-65.100357,-1.935856,-4.046411,-25.052448,10.447461,-24.715006
3.756250,-59.197731,-1.938443,-11.928174,-25.084915,10.373277,-24.612076
3.762500,-53.294254,-1.940830,-18.954296,-25.155430,11.537724,-24.494797
3.768750,-47.390877,-1.943239,-24.683165,-25.228331,13.682286,-24.412010
3.775000,-41.489277,-1.945968,-28.881012,-25.314413,16.353727,-24.353043
3.781250,-35.587772,-1.948757,-31.447538,-25.401484,18.948654,-24.301809
3.787500,-29.685064,-1.951319,-32.018234,-25.468996,21.101460,-24.251228
3.793750,-23.782333,-1.953934,-30.513214,-25.532801,22.505144,-24.204657
3.800000,-17.881496,-1.956989,-28.859735,-25.534626,22.964190,-24.154236
3.806250,-11.981180,-1.960383,-24.694822,-25.449837,22.492762,-24.064100
3.812500,-6.079419,-1.963985,-19.545515,-25.318335,20.956295,-23.942682
3.818750,-0.177200,-1.967969,-13.951935,-25.156982,18.244362,-23.799801
3.825000,5.726027,-1.972322,-8.451393,-24.980169,14.484467,-23.642433
3.831250,11.633251,-1.976373,-1.390772,-24.802324,9.942899,-23.481600
3.837500,17.544556,-1.979870,5.412430,-24.637285,4.943291,-23.353979
3.843750,23.455540,-1.983497,12.113448,-24.480501,-0.173216,-23.215143
3.850000,29.363821,-1.987635,17.023273,-24.325773,-6.095407,-23.046391
3.856250,35.273251,-1.991609,21.821270,-24.182722,-11.629973,-22.887352
3.862500,41.186977,-1.994851,26.085365,-24.049387,-16.758945,-22.746937
3.868750,47.100140,-1.997936,29.482935,-23.912846,-21.461830,-22.622335
3.875000,53.006405,-2.002024,31.698744,-23.751234,-25.761707,-22.502796
3.881250,58.908638,-2.007327,32.371586,-23.569597,-29.729420,-22.372139
3.887500,64.814224,-2.012721,31.112783,-23.370771,-33.546482,-22.235559
3.893750,70.726326,-2.017610,27.850245,-23.137135,-37.474010,-22.098082
3.900000,76.639633,-2.022686,24.658041,-22.858089,-41.638340,-21.952223
3.906250,82.549530,-2.028782,20.086155,-22.533628,-44.342819,-21.795996
3.912500,88.459557,-2.035829,14.604681,-22.165367,-47.456440,-21.625263
3.918750,94.375702,-2.043216,8.678945,-21.760471,-50.688572,-21.426565
3.925000,98.405373,-2.050339,2.676670,-21.346531,-53.796173,-21.172556
3.931250,102.169945,-2.057112,-3.057141,-20.949480,-56.843147,-20.953640
3.937500,105.135345,-2.063382,-8.094378,-20.589209,-57.634525,-20.765041
3.943750,106.809006,-2.069010,-12.109229,-20.288715,-57.241821,-20.615795
3.950000,106.764977,-2.073509,-14.883091,-20.069866,-55.202484,-20.519136
3.956250,104.662323,-2.076326,-16.290545,-19.951096,-51.160763,-20.490503
3.962500,100.261169,-2.077446,-16.271215,-19.942066,-44.867352,-20.541996
3.968750,93.435936,-2.077145,-14.823640,-20.039967,-36.184429,-20.682018
3.975000,84.184433,-2.075567,-13.896344,-20.209702,-25.117754,-20.921429
3.981250,72.626991,-2.072715,-9.793357,-20.503170,-11.831277,-21.287807
3.987500,58.999382,-2.068798,-5.444560,-20.904221,2.071159,-21.695993
3.993750,43.639999,-2.064069,-0.154083,-21.367083,17.235046,-22.206610
4.000000,26.975214,-2.058716,5.427505,-21.888784,32.867104,-22.827106
4.006250,9.497264,-2.052741,10.950701,-22.452761,48.099453,-23.588383
4.012500,-8.263110,-2.046598,16.148018,-23.031260,61.866920,-24.348272
4.018750,-25.762119,-2.041186,20.768066,-23.591368,74.836067,-25.082998
4.025000,-42.466026,-2.036671,24.521517,-24.118042,85.070099,-25.827221
4.031250,-57.877815,-2.032633,29.275087,-24.601612,93.472992,-26.586048
4.037500,-71.568466,-2.029188,31.660439,-25.021439,99.171356,-27.305458
4.043750,-83.200607,-2.026958,33.717461,-25.364967,102.446747,-27.955559
4.050000,-92.535690,-2.026148,35.302765,-25.632393,103.698257,-28.519293
4.056250,-99.445290,-2.025710,36.344990,-25.814270,103.452576,-28.987404
4.062500,-103.927094,-2.025046,36.922306,-25.892897,100.507545,-29.326540
4.068750,-106.109108,-2.025134,36.978119,-25.885248,97.264130,-29.522915
4.075000,-106.233505,-2.027197,36.530933,-25.808413,93.779228,-29.584213
4.081250,-104.634239,-2.030561,35.761726,-25.675894,90.279716,-29.514421
4.087500,-101.728218,-2.033783,34.924702,-25.496338,84.926849,-29.314955
4.093750,-98.008232,-2.036351,34.325920,-25.278500,79.447853,-28.991592
4.100000,-94.015495,-2.039172,32.384899,-25.037235,73.697998,-28.565256
4.106250,-88.132195,-2.042935,31.096392,-24.776955,67.580215,-28.075232
4.112500,-82.249252,-2.047200,30.360954,-24.489187,61.174946,-27.478872
4.118750,-76.363274,-2.051756,29.920626,-24.189871,54.660461,-26.812489
4.125000,-70.475571,-2.056911,29.484531,-23.894455,47.766376,-26.116119
4.131250,-64.586830,-2.062665,28.884998,-23.611843,40.646351,-25.420500
4.137500,-58.693615,-2.068484,28.008905,-23.345098,33.499180,-24.748869
4.143750,-52.794140,-2.073974,26.768364,-23.093493,26.537563,-24.118755
4.150000,-46.891567,-2.079410,25.078457,-22.856161,19.955095,-23.543203
4.156250,-40.989223,-2.085210,25.033844,-22.629402,13.924086,-23.022364
4.162500,-35.084957,-2.091328,25.227573,-22.402704,8.592632,-22.570318
4.168750,-29.177378,-2.097516,24.244440,-22.164141,5.657758,-22.188301
4.175000,-23.265779,-2.103785,23.938215,-21.934288,2.570700,-21.874664
4.181250,-17.350264,-2.109917,24.122881,-21.716867,1.034688,-21.622940
4.187500,-11.430369,-2.115697,24.595922,-21.517029,0.935153,-21.372936
4.193750,-5.505591,-2.121080,25.134764,-21.340929,2.318106,-21.233419
4.200000,0.423100,-2.125862,25.508045,-21.196295,3.284157,-21.177530
4.206250,6.355366,-2.129720,25.503080,-21.090675,4.503386,-21.184381
4.212500,12.290362,-2.132462,24.954433,-21.021084,7.003233,-21.209257
4.218750,18.224192,-2.134451,25.924999,-20.976696,8.551512,-21.257244
4.225000,24.154442,-2.136194,25.007328,-20.953512,9.147366,-21.328970
4.231250,30.081070,-2.137787,24.178064,-20.940041,8.642406,-21.410551
4.237500,36.005070,-2.139167,23.229630,-20.935877,6.867033,-21.479002
4.243750,41.926910,-2.140280,21.826548,-20.957502,5.739764,-21.543945
4.250000,47.847439,-2.141104,19.810015,-20.989836,3.640427,-21.604519
4.256250,53.766121,-2.141526,17.035032,-21.015291,1.094144,-21.644464
4.262500,59.680660,-2.142035,13.269771,-21.019358,-1.486820,-21.652935
4.268750,65.587837,-2.143343,8.317483,-20.991426,-3.747658,-21.619257
4.275000,71.488525,-2.145868,1.996851,-20.924185,-5.375672,-21.536701
4.281250,77.388359,-2.149072,-3.687157,-20.805132,-6.099542,-21.392904
4.287500,83.290474,-2.152694,-10.263782,-20.631550,-5.721525,-21.158424
4.293750,89.192039,-2.157451,-17.476892,-20.426119,-4.334085,-20.904041
4.300000,95.092766,-2.163680,-24.951521,-20.190617,-2.217006,-20.632202
4.306250,99.105156,-2.170093,-32.247215,-19.928185,0.829291,-20.340176
4.312500,102.856056,-2.175675,-39.046169,-19.649763,4.596018,-20.037674
4.318750,105.808144,-2.180776,-45.077896,-19.369759,8.818330,-19.738077
4.325000,107.461342,-2.186377,-50.140915,-19.109480,13.191632,-19.459215
4.331250,107.390244,-2.192364,-54.090309,-18.891521,17.405067,-19.215485
4.337500,105.261795,-2.197634,-56.828510,-18.761740,21.186844,-19.009863
4.343750,100.839127,-2.201698,-58.374886,-18.636892,24.314919,-18.785721
4.350000,93.996742,-2.204824,-57.731598,-18.581509,26.318987,-18.665394
4.356250,84.732140,-2.206858,-55.790569,-18.632473,28.864473,-18.630489
4.362500,73.167961,-2.207290,-52.354836,-18.789543,30.708981,-18.690968
4.368750,59.538658,-2.206480,-47.510658,-19.044556,32.206383,-18.873817
4.375000,44.178375,-2.205252,-41.462151,-19.384596,33.607330,-19.119038
4.381250,27.514509,-2.203563,-34.481903,-19.788734,34.960831,-19.409002
4.387500,10.043998,-2.200711,-26.892982,-20.230385,37.068382,-19.749638
4.393750,-7.702444,-2.197025,-19.107109,-20.693012,38.259411,-20.170298
4.400000,-25.185297,-2.193631,-11.583225,-21.164080,40.092995,-20.646368
4.406250,-41.871307,-2.190753,-2.523935,-21.625710,42.150799,-21.151176
4.412500,-57.262913,-2.187503,4.488210,-22.064400,44.141830,-21.666113
4.418750,-70.931465,-2.184030,11.297911,-22.474518,45.849899,-22.177868
4.425000,-82.542000,-2.181241,17.733299,-22.794352,47.191883,-22.638489
4.431250,-91.858574,-2.179478,23.624771,-23.023666,48.179688,-23.020290
4.437500,-98.753571,-2.178109,28.581327,-23.174175,48.578583,-23.319752
4.443750,-103.224815,-2.176954,32.554890,-23.253180,48.388062,-23.529594
4.450000,-105.398117,-2.176825,35.610310,-23.262348,47.734112,-23.642643
4.456250,-105.511459,-2.178208,37.877708,-23.206264,46.786522,-23.657068
4.462500,-103.899544,-2.180292,39.557148,-23.095070,45.726227,-23.578985
4.468750,-100.985168,-2.182659,40.937305,-22.948153,44.774208,-23.430466
4.475000,-97.263412,-2.185824,40.501389,-22.764345,44.222904,-23.198168
4.481250,-93.268745,-2.189736,40.414658,-22.536457,42.799656,-22.867493
4.487500,-87.374100,-2.193667,40.339390,-22.296795,42.037327,-22.484873
4.493750,-81.473694,-2.197259,40.083496,-22.066635,41.632591,-22.080151
4.500000,-75.574532,-2.201722,39.580044,-21.857096,41.367401,-21.674875
4.506250,-69.678673,-2.207763,38.803772,-21.668701,41.034103,-21.283787
4.512500,-63.777485,-2.214219,37.748360,-21.489393,40.415195,-20.916561
4.518750,-57.863701,-2.219666,36.414429,-21.266804,39.266052,-20.582809
4.525000,-51.940800,-2.224145,34.825817,-21.079525,37.271412,-20.317524
4.531250,-46.018707,-2.228890,34.074608,-20.941484,33.990284,-20.111361
4.537500,-40.098454,-2.234265,33.651443,-20.807911,30.773321,-19.939560
4.543750,-34.172688,-2.239425,32.145496,-20.667818,26.125751,-19.813892
4.550000,-28.238651,-2.243607,31.282824,-20.547554,20.377628,-19.710331
4.556250,-22.298771,-2.246911,30.774664,-20.469580,13.928735,-19.689110
4.562500,-16.357487,-2.249685,30.399549,-20.453123,7.492413,-19.766857
4.568750,-10.415373,-2.251984,29.933865,-20.524273,1.044470,-19.940868
4.575000,-4.470429,-2.253442,29.147722,-20.737471,-5.237386,-20.158575
4.581250,1.477627,-2.253756,27.843912,-21.019350,-11.028661,-20.430582
4.587500,7.426558,-2.252772,24.791040,-21.384962,-15.831757,-20.769722
4.593750,13.373975,-2.250915,22.834452,-21.854731,-19.463726,-21.168337
4.600000,19.317287,-2.248241,20.106735,-22.432240,-21.875689,-21.606525
4.606250,25.256920,-2.244536,16.486797,-23.187363,-23.209738,-22.095186
4.612500,31.192057,-2.239933,12.910100,-23.977182,-23.742651,-22.625494
4.618750,37.117554,-2.235353,8.714162,-24.840549,-23.537672,-23.174263
4.625000,43.031013,-2.231553,4.255911,-25.757395,-22.881578,-23.726669
4.631250,48.938076,-2.227961,-0.174699,-26.694260,-22.096495,-24.268826
4.637500,54.844101,-2.223518,-4.313180,-27.608091,-21.544479,-24.783413
4.643750,60.745667,-2.218767,-7.910857,-28.445860,-21.591646,-25.236012
4.650000,66.633766,-2.215234,-12.663144,-29.146378,-22.585169,-25.579128
4.656250,72.507225,-2.213746,-14.703814,-29.681131,-24.902899,-25.818838
4.662500,78.375122,-2.213845,-16.083118,-30.042034,-27.117792,-25.977962
4.668750,84.242119,-2.215159,-16.670700,-30.197981,-30.612185,-26.029621
4.675000,90.108414,-2.217965,-16.490356,-30.136368,-35.144718,-25.965538
4.681250,94.080635,-2.222055,-15.675321,-29.859634,-40.507095,-25.786629
4.687500,97.784004,-2.226853,-14.428783,-29.391161,-46.475357,-25.503952
4.693750,100.685226,-2.232583,-12.998926,-28.768377,-52.780033,-25.129419
4.700000,102.288559,-2.240252,-11.683410,-28.019548,-59.078022,-24.665573
4.706250,102.169472,-2.249639,-10.965109,-27.150017,-65.000824,-24.105276
4.712500,99.998619,-2.258959,-11.091159,-26.200722,-70.116638,-23.499096
4.718750,95.542877,-2.266988,-12.408105,-25.247593,-75.827873,-22.905825
4.725000,88.670876,-2.274431,-13.341891,-24.351931,-80.661804,-22.344826
4.731250,79.375854,-2.282184,-15.446876,-23.537294,-84.775749,-21.851240
4.737500,67.782700,-2.289490,-18.469067,-22.822773,-88.382713,-21.391523
4.743750,54.134205,-2.295232,-22.188156,-22.221888,-91.773933,-20.970562
4.750000,38.766659,-2.299719,-26.350353,-21.731186,-92.884026,-20.596077
4.756250,22.098656,-2.303821,-30.655180,-21.298523,-93.258804,-20.325356
4.762500,4.623810,-2.307339,-34.800995,-20.996859,-92.448257,-20.152704
4.768750,-13.121282,-2.309669,-37.290485,-20.811434,-90.302094,-20.058226
4.775000,-30.592440,-2.310846,-38.525318,-20.704035,-86.520981,-20.029396
4.781250,-47.262691,-2.311584,-37.907806,-20.638069,-80.857544,-20.064447
4.787500,-62.641411,-2.312340,-36.772366,-20.541323,-73.112350,-20.138889
4.793750,-76.299736,-2.313162,-33.992332,-20.489136,-64.783104,-20.202578
4.800000,-87.895660,-2.314159,-29.194870,-20.434788,-54.569324,-20.272568
4.806250,-97.191254,-2.315259,-23.038744,-20.371218,-43.108913,-20.341488
4.812500,-104.063896,-2.316327,-16.080063,-20.296650,-31.002695,-20.396515
4.818750,-108.513588,-2.317733,-8.876813,-20.210730,-18.839235,-20.424644
4.825000,-110.664490,-2.320086,-1.991864,-20.120152,-7.166360,-20.430511
4.831250,-110.750771,-2.323163,6.188433,-20.041412,3.490937,-20.437475
4.837500,-109.105377,-2.325554,13.840484,-19.987049,12.720949,-20.423176
4.843750,-106.155746,-2.326817,19.335287,-19.923901,20.611101,-20.352213
4.850000,-102.403206,-2.328409,24.426367,-19.870554,26.563650,-20.262053
4.856250,-98.385834,-2.331558,28.605446,-19.841799,30.539457,-20.167934
4.862500,-92.474327,-2.335407,31.612751,-19.841507,32.696762,-20.077459
4.868750,-86.553856,-2.338347,33.312424,-19.856436,33.305500,-19.988586
4.875000,-80.626823,-2.340408,33.663128,-19.864838,32.687515,-19.900188
4.881250,-74.702232,-2.342595,32.733994,-19.858484,31.152235,-19.818323
4.887500,-68.781319,-2.345316,30.888828,-19.858467,29.036844,-19.747103
4.893750,-62.860947,-2.348237,28.297009,-19.856148,26.710293,-19.689323
4.900000,-56.938988,-2.351182,25.128696,-19.851414,24.514093,-19.642168
4.906250,-51.015495,-2.354285,21.680685,-19.843307,22.766907,-19.593721
4.912500,-45.089851,-2.357156,18.150406,-19.818012,21.754004,-19.521658
4.918750,-39.161739,-2.359740,14.860789,-19.791466,21.913580,-19.470259
4.925000,-33.233315,-2.362538,12.169122,-19.786772,23.749014,-19.449175
4.931250,-27.304745,-2.365500,10.256606,-19.820059,25.027285,-19.456068
4.937500,-21.370295,-2.367598,9.235104,-19.901094,27.254135,-19.494875
4.943750,-15.428478,-2.368115,9.144929,-20.036867,30.071344,-19.573635
4.950000,-9.487167,-2.367860,9.989072,-20.225069,33.124344,-19.697289
4.956250,-3.552020,-2.367835,11.727755,-20.458038,36.069210,-19.876200
4.962500,2.380736,-2.367458,12.365818,-20.715452,38.540028,-20.179298
4.968750,8.315931,-2.366011,15.540861,-20.988878,39.384663,-20.394962
4.975000,14.249780,-2.364083,18.929697,-21.298153,40.513374,-20.686806
4.981250,20.177437,-2.362269,22.450445,-21.619110,40.357719,-21.044556
4.987500,26.102335,-2.359955,25.904848,-21.940845,38.947918,-21.456272
4.993750,32.028637,-2.356374,29.031767,-22.256084,36.225403,-21.912195
5.000000,37.949604,-2.352489,31.621073,-22.553404,32.161087,-22.400280
5.006250,43.857487,-2.349787,33.520058,-22.816128,28.641821,-22.898209
5.012500,49.756317,-2.348139,34.606731,-23.019697,23.965704,-23.339279
5.018750,55.655380,-2.346411,34.779404,-23.139536,18.608974,-23.715149
5.025000,61.555721,-2.344534,34.044079,-23.214960,12.712773,-24.064026
5.031250,67.451431,-2.343210,32.571041,-23.242645,7.068692,-24.354687
5.037500,73.341370,-2.342525,30.500961,-23.226231,2.059999,-24.572010
5.043750,79.229027,-2.342261,27.810505,-23.209105,-2.063559,-24.711338
5.050000,85.114212,-2.342924,24.454861,-23.152348,-5.077052,-24.767164
5.056250,90.996033,-2.344968,21.578072,-23.057320,-6.735079,-24.726677
5.062500,96.879906,-2.347348,18.285662,-22.972498,-6.898032,-24.593935
5.068750,100.876480,-2.348843,14.984073,-22.915232,-5.519301,-24.380136
5.075000,104.601768,-2.350175,12.065115,-22.886089,-2.534844,-24.095507
5.081250,107.512703,-2.353238,8.025713,-22.871122,2.103632,-23.749590
5.087500,109.120018,-2.357868,4.887314,-22.859406,8.388748,-23.358967
5.093750,109.009438,-2.362488,2.608053,-22.861811,16.210405,-22.949148
5.100000,106.842941,-2.366416,1.008942,-22.864017,25.285538,-22.528233
5.106250,102.373894,-2.370938,-0.189426,-22.846144,35.043861,-22.087540
5.112500,95.477097,-2.376661,-1.173325,-22.792490,45.259949,-21.661762
5.118750,86.160255,-2.382551,-2.108863,-22.695026,55.557251,-21.273769
5.125000,74.549820,-2.387738,-3.154791,-22.549776,65.376274,-20.936588
5.131250,60.877956,-2.392910,-4.434721,-22.354116,74.135254,-20.654039
5.137500,45.479317,-2.398799,-6.047439,-22.109222,81.284714,-20.415064
5.143750,28.784615,-2.405028,-5.919321,-21.821363,86.357307,-20.130400
5.150000,11.291574,-2.410898,-5.489403,-21.505360,89.889084,-20.016703
5.156250,-6.468081,-2.416328,-6.164969,-21.153210,91.955971,-19.898428
5.162500,-23.950869,-2.421523,-5.867090,-20.780876,92.035469,-19.813738
5.168750,-40.623436,-2.426200,-4.909696,-20.414148,90.523460,-19.768543
5.175000,-55.993259,-2.429973,-3.510329,-20.073238,87.999657,-19.759245
5.181250,-69.635063,-2.432826,-1.876526,-19.773512,85.124001,-19.773521
5.187500,-81.210190,-2.434848,-0.243919,-19.531021,80.453926,-19.803392
5.193750,-90.482986,-2.436099,1.135656,-19.362806,76.184769,-19.883125
5.200000,-97.333496,-2.436856,2.030504,-19.287640,72.592972,-20.046764
5.206250,-101.763435,-2.437531,4.463178,-19.295368,68.984482,-20.165033
5.212500,-103.893486,-2.438092,5.203002,-19.359262,66.123383,-20.300411
5.218750,-103.957237,-2.438059,6.106621,-19.481081,64.006157,-20.460037
5.225000,-102.294403,-2.437056,6.971704,-19.616951,62.493183,-20.638475
5.231250,-99.335106,-2.435165,7.752371,-19.807335,61.366974,-20.832870
5.237500,-95.575363,-2.432797,7.107158,-20.065069,60.290920,-21.054037
5.243750,-91.550438,-2.430610,5.778055,-20.352922,58.944633,-21.299906
5.250000,-85.640274,-2.429461,3.404044,-20.653851,57.058933,-21.561651
5.256250,-79.735184,-2.429052,-0.351075,-20.953697,54.339333,-21.834156
5.262500,-73.827675,-2.427952,-3.609205,-21.241055,50.538658,-22.106419
5.268750,-67.917313,-2.425864,-7.918950,-21.507479,45.435879,-22.364311
5.275000,-62.015244,-2.424561,-12.933681,-21.749390,38.822659,-22.588778
5.281250,-56.127090,-2.425539,-18.341700,-21.961521,30.657270,-22.781879
5.287500,-50.242397,-2.427672,-23.858902,-22.138868,21.263258,-22.967653
5.293750,-44.348534,-2.429003,-29.227058,-22.278057,10.705066,-23.123983
5.300000,-38.450077,-2.429888,-34.197517,-22.372145,-0.815145,-23.234861
5.306250,-32.560017,-2.432392,-38.537121,-22.412796,-12.917419,-23.288885
5.312500,-26.678116,-2.437027,-42.080406,-22.396814,-25.173218,-23.280283
5.318750,-20.792206,-2.442440,-44.714809,-22.320854,-37.138798,-23.203360
5.325000,-14.896458,-2.448156,-46.369579,-22.183237,-48.369728,-23.046240
5.331250,-8.995627,-2.454721,-47.076633,-22.005650,-58.495720,-22.874552
5.337500,-3.089514,-2.461868,-44.851868,-21.801876,-67.615669,-22.621387
5.343750,2.829189,-2.468169,-42.545010,-21.556072,-74.898376,-22.349047
5.350000,8.759297,-2.473321,-38.688446,-21.318003,-80.580368,-22.093510
5.356250,14.692391,-2.478496,-33.454449,-21.111975,-84.546814,-21.885128
5.362500,20.626436,-2.483784,-27.092354,-20.958097,-86.795883,-21.751532
5.368750,26.569586,-2.487693,-19.913338,-20.867832,-87.525276,-21.677649
5.375000,32.523678,-2.489437,-12.244283,-20.840410,-87.013397,-21.643435
5.381250,38.478851,-2.490018,-4.460106,-20.864721,-85.415565,-21.623657
5.387500,44.429108,-2.489943,2.993585,-20.946169,-82.199562,-21.746708
5.393750,50.378723,-2.488407,9.793714,-21.105650,-78.321045,-21.956823
5.400000,56.328690,-2.484992,15.943211,-21.326460,-74.153793,-22.246473
5.406250,62.270370,-2.480958,21.215075,-21.586134,-69.985313,-22.625019
5.412500,68.198517,-2.477445,25.397667,-21.856701,-65.843170,-22.988663
5.418750,74.118759,-2.473658,28.316021,-22.117273,-61.870838,-23.343214
5.425000,80.035774,-2.469153,29.877932,-22.348625,-58.490387,-23.676270
5.431250,85.944267,-2.464933,30.140663,-22.532364,-55.706284,-23.966642
5.437500,91.838463,-2.462160,29.331097,-22.652201,-53.465466,-24.185783
5.443750,97.722931,-2.461032,27.791040,-22.696989,-51.718746,-24.314350
5.450000,101.709938,-2.461182,25.874783,-22.657412,-50.399147,-24.340322
5.456250,105.423439,-2.462511,23.985521,-22.530281,-49.344296,-24.259975
5.462500,108.332573,-2.464795,22.564857,-22.327507,-48.388920,-24.102308
5.468750,109.948715,-2.467315,20.193487,-22.061556,-47.348709,-23.840860
5.475000,109.842865,-2.470363,19.053986,-21.724792,-45.331581,-23.463993
5.481250,107.669495,-2.475141,19.004190,-21.343693,-42.845692,-23.036177
5.487500,103.193932,-2.481620,19.769579,-20.950756,-39.588257,-22.595108
5.493750,96.305733,-2.488015,21.174496,-20.572535,-35.261528,-22.171831
5.500000,87.010780,-2.492914,23.068108,-20.225658,-29.634850,-21.788979
5.506250,75.421127,-2.497086,25.302492,-19.916742,-22.556648,-21.453972
5.512500,61.764225,-2.501815,27.706137,-19.627043,-14.053477,-21.083652
5.518750,46.385048,-2.506417,30.105314,-19.381083,-4.705397,-20.835886
5.525000,29.717703,-2.509608,31.888510,-19.220943,5.201801,-20.660625
5.531250,12.251678,-2.511494,33.636620,-19.121778,15.681462,-20.552633
5.537500,-5.488679,-2.512908,35.033501,-19.083202,26.208015,-20.503046
5.543750,-22.957296,-2.513789,35.759766,-19.112265,36.244690,-20.505230
5.550000,-39.618469,-2.513679,35.557922,-19.214926,45.391548,-20.604080
5.556250,-54.981255,-2.512660,34.244171,-19.397879,53.374256,-20.785465
5.562500,-68.621849,-2.510909,31.695328,-19.668753,60.572536,-20.987904
5.568750,-80.199745,-2.508449,27.956293,-19.995239,66.075378,-21.244410
5.575000,-89.478447,-2.505216,25.261215,-20.374670,70.014938,-21.553904
5.581250,-96.338699,-2.501760,20.282131,-20.806904,72.661354,-21.899246
5.587500,-100.781349,-2.498271,15.265712,-21.291306,74.354424,-22.241945
5.593750,-102.926506,-2.494410,10.294886,-21.827997,75.238144,-22.644333
5.600000,-103.011612,-2.490671,5.574297,-22.384495,73.850296,-23.044596
5.606250,-101.381050,-2.487998,1.297415,-22.940697,72.341637,-23.436752
5.612500,-98.459457,-2.486233,-2.496560,-23.484739,70.445122,-23.818197
5.618750,-94.730057,-2.484002,-5.698724,-24.001043,68.033081,-24.184200
5.625000,-90.725075,-2.480976,-8.191027,-24.472439,65.000961,-24.532213
5.631250,-84.835388,-2.479238,-9.863973,-24.877560,61.243919,-24.843901
5.637500,-78.959755,-2.480036,-10.636197,-25.193577,56.612808,-25.081257
5.643750,-73.085159,-2.481941,-12.376685,-25.392469,52.982944,-25.201941
5.650000,-67.201378,-2.483271,-11.333212,-25.452662,48.745041,-25.231710
5.656250,-61.314285,-2.484792,-9.644647,-25.395769,43.529396,-25.207258
5.662500,-55.434956,-2.488076,-7.515876,-25.222578,38.296310,-25.097107
5.668750,-49.560303,-2.493342,-5.025587,-24.932074,33.308071,-24.892286
5.675000,-43.680332,-2.499380,-2.416034,-24.540113,28.747185,-24.597229
5.681250,-37.790863,-2.505626,0.029791,-24.070240,24.788603,-24.219540
5.687500,-31.895348,-2.512276,2.032301,-23.557819,21.638186,-23.770117
5.693750,-25.993706,-2.518882,3.224284,-23.013493,19.585306,-23.278090
5.700000,-20.085608,-2.525136,2.970317,-22.432056,19.074800,-22.765024
5.706250,-14.174429,-2.531790,3.314004,-21.875467,18.266638,-22.262705
5.712500,-8.262901,-2.539471,2.634994,-21.382906,18.810715,-21.807032
5.718750,-2.343554,-2.546917,1.138088,-20.975245,20.309807,-21.425491
5.725000,3.590519,-2.552559,-0.975212,-20.662033,24.174635,-21.108206
5.731250,9.534517,-2.556433,-3.511238,-20.442770,28.267914,-20.827812
5.737500,15.477314,-2.559854,-6.279267,-20.304924,32.789665,-20.614279
5.743750,21.417803,-2.562862,-9.125626,-20.228708,36.845478,-20.529940
5.750000,27.362261,-2.564269,-12.037202,-20.231731,40.946533,-20.537214
5.756250,33.309799,-2.564013,-14.996869,-20.301901,44.796638,-20.620094
5.762500,39.252575,-2.563105,-15.605078,-20.413990,48.046097,-20.764908
5.768750,45.186691,-2.561998,-17.028591,-20.539413,50.347721,-20.973015
5.775000,51.116055,-2.560260,-17.131620,-20.651897,51.250412,-21.178413
5.781250,57.041458,-2.557912,-16.112957,-20.748367,51.703156,-21.383516
5.787500,62.958134,-2.555979,-14.224917,-20.819868,50.739456,-21.593868
5.793750,68.864990,-2.555094,-11.675954,-20.854773,48.527012,-21.794096
5.800000,74.766365,-2.554999,-8.744651,-20.844498,45.149292,-21.963118
5.806250,80.666252,-2.555315,-5.754677,-20.786976,40.733501,-22.078165
5.812500,86.566238,-2.555834,-3.042981,-20.685320,35.501389,-22.132833
5.818750,92.464798,-2.556706,-0.932051,-20.548920,29.843788,-22.148180
5.825000,96.464317,-2.558708,2.435428,-20.403593,21.940823,-22.146723
5.831250,100.185478,-2.562841,5.424645,-20.309734,13.662090,-22.068378
5.837500,103.100250,-2.568902,6.743013,-20.169437,5.097502,-21.937340
5.843750,104.728111,-2.575295,8.417938,-20.050207,-4.000703,-21.786846
5.850000,104.648430,-2.580212,9.901338,-19.984764,-13.492080,-21.640043
5.856250,102.514565,-2.583720,11.123487,-19.981501,-23.143011,-21.510880
5.862500,98.077866,-2.587112,12.036190,-20.038223,-32.735199,-21.410814
5.868750,91.214653,-2.590652,12.611112,-20.133844,-42.121098,-21.340368
5.875000,81.929619,-2.593686,12.970870,-20.267160,-51.260208,-21.289690
5.881250,70.346626,-2.596036,13.581575,-20.468103,-60.263947,-21.277487
5.887500,56.699959,-2.597726,14.421042,-20.708908,-66.901352,-21.302055
5.893750,41.329891,-2.598302,15.657553,-20.975164,-72.486061,-21.349960
5.900000,24.662714,-2.597774,15.647191,-21.271883,-76.630386,-21.410883
5.906250,7.185317,-2.597058,16.274206,-21.632282,-81.081543,-21.497772
5.912500,-10.572899,-2.596910,17.375633,-21.984213,-84.021553,-21.602030
5.918750,-28.059166,-2.596241,19.125639,-22.339058,-85.830688,-21.710588
5.925000,-44.736023,-2.594163,20.792727,-22.716942,-86.895485,-21.821106
5.931250,-60.118774,-2.591827,22.254559,-23.121954,-87.496552,-21.937523
5.937500,-73.787933,-2.590708,23.434881,-23.543636,-87.871483,-22.061451
5.943750,-85.398399,-2.590227,24.289980,-23.963737,-88.206215,-22.192608
5.950000,-94.703438,-2.589166,25.016094,-24.364511,-88.741585,-22.289291
5.956250,-101.583595,-2.588028,25.792948,-24.727497,-89.962273,-22.346174
5.962500,-106.047897,-2.588264,26.518507,-25.037050,-89.166702,-22.412453
5.968750,-108.213448,-2.589303,27.061455,-25.283247,-88.583290,-22.476954
5.975000,-108.306702,-2.589228,27.332125,-25.454714,-87.760521,-22.535809
5.981250,-106.671509,-2.588213,27.249132,-25.544876,-86.267822,-22.588390
5.987500,-103.747543,-2.588368,26.750887,-25.548201,-83.721420,-22.632889
5.993750,-100.030243,-2.590457,25.815250,-25.461075,-79.788528,-22.665585
6.000000,-96.038948,-2.593259,24.432814,-25.282013,-74.248878,-22.678911
6.006250,-90.146103,-2.595938,22.639557,-25.001743,-67.046478,-22.629505
6.012500,-84.252228,-2.599253,20.491055,-24.580687,-58.559013,-22.559542
6.018750,-78.359444,-2.603554,19.906870,-24.145855,-49.087715,-22.475260
6.025000,-72.461281,-2.607753,17.578381,-23.674810,-38.586491,-22.378040
6.031250,-66.555923,-2.611491,15.935890,-23.192892,-27.510052,-22.281464
6.037500,-60.648361,-2.615555,14.840831,-22.743351,-16.398829,-22.202902
6.043750,-54.740513,-2.620074,14.217566,-22.370989,-5.705844,-22.128986
6.050000,-48.826420,-2.623865,14.135458,-22.066406,4.313733,-22.042557
6.056250,-42.904003,-2.626609,14.591721,-21.857685,13.198678,-21.979885
6.062500,-36.981342,-2.629237,15.316356,-21.773270,20.698620,-21.962934
6.068750,-31.060806,-2.631987,14.345775,-21.820763,26.674170,-21.993477
6.075000,-25.135075,-2.633535,13.285661,-21.988844,31.122128,-22.068081
6.081250,-19.202677,-2.633126,13.754206,-22.244698,34.119083,-22.182039
6.087500,-13.273959,-2.632184,13.871514,-22.511499,35.743580,-22.313501
6.093750,-7.357189,-2.632119,13.529418,-22.823093,35.974171,-22.449381
6.100000,-1.447489,-2.632638,12.165104,-23.145473,34.986973,-22.593367
6.106250,4.463899,-2.632925,10.186810,-23.429493,33.076405,-22.736654
6.112500,10.375849,-2.633016,7.512169,-23.644253,30.417931,-22.864773
6.118750,16.283194,-2.633516,4.056938,-23.771465,27.148214,-22.960354
6.125000,22.185673,-2.634885,-0.227010,-23.805588,23.416344,-23.001638
6.131250,28.085474,-2.637252,-3.164120,-23.751965,19.476959,-22.986425
6.137500,33.984398,-2.640716,-6.020234,-23.609478,16.142550,-22.927471
6.143750,39.887215,-2.644562,-9.987619,-23.377388,11.548166,-22.809011
6.150000,45.798840,-2.647724,-12.948696,-23.082874,7.122177,-22.644697
6.156250,51.715725,-2.650220,-14.945279,-22.753136,2.822534,-22.448454
6.162500,57.631279,-2.653037,-15.993237,-22.412331,-1.313265,-22.233797
6.168750,63.543240,-2.656534,-16.119705,-22.078815,-5.216924,-22.010939
6.175000,69.459305,-2.659754,-15.408704,-21.771660,-8.821625,-21.791933
6.181250,75.382469,-2.661844,-13.997811,-21.506815,-12.058405,-21.591669
6.187500,81.307465,-2.663296,-12.048373,-21.298277,-14.791069,-21.488224
6.193750,87.229584,-2.664720,-9.774016,-21.169851,-17.284454,-21.359682
6.200000,93.150681,-2.665721,-7.368914,-21.103903,-19.361172,-21.292778
6.206250,97.177994,-2.665994,-4.542486,-21.091265,-20.894323,-21.306208
6.212500,100.930603,-2.666023,-1.553568,-21.151690,-22.049623,-21.410315
6.218750,103.872467,-2.666311,1.408598,-21.272617,-23.003933,-21.642374
6.225000,105.513184,-2.666760,4.165874,-21.429941,-22.347162,-21.878689
6.231250,105.428238,-2.667207,6.353209,-21.651297,-22.579195,-22.193411
6.237500,103.277504,-2.667560,7.671695,-21.921230,-22.841860,-22.583843
6.243750,98.824532,-2.667573,8.094178,-22.221405,-23.048119,-23.035484
6.250000,91.947754,-2.666960,9.624303,-22.538807,-23.227650,-23.529474
6.256250,82.643982,-2.666370,10.785129,-22.866802,-23.403074,-24.046627
6.262500,71.030937,-2.666661,10.119443,-23.200455,-23.557070,-24.568357
6.268750,57.350525,-2.667250,9.741787,-23.523443,-23.444185,-25.034904
6.275000,41.950581,-2.666593,9.631109,-23.816496,-22.739288,-25.451801
6.281250,25.256775,-2.664768,9.656816,-24.074459,-21.554335,-25.810863
6.287500,7.748304,-2.663666,9.706727,-24.293320,-19.744585,-26.095177
6.293750,-10.045763,-2.664342,9.729434,-24.463125,-17.059240,-26.287752
6.300000,-27.567282,-2.665710,9.707978,-24.569330,-13.239550,-26.370993
6.306250,-44.275513,-2.666548,9.611889,-24.595385,-8.087381,-26.327919
6.312500,-59.683029,-2.667542,9.383327,-24.523806,-1.510964,-26.143013
6.318750,-73.369034,-2.669704,8.900194,-24.362150,6.322352,-25.871548
6.325000,-84.990311,-2.672766,10.085008,-24.144859,15.034301,-25.519394
6.331250,-94.304176,-2.676046,9.706260,-23.863468,24.388079,-25.076569
6.337500,-101.189217,-2.679797,10.002893,-23.513472,34.150677,-24.583107
6.343750,-105.649124,-2.684560,10.687293,-23.126251,43.889805,-24.078938
6.350000,-107.801094,-2.689702,11.525557,-22.732777,53.037483,-23.597874
6.356250,-107.877663,-2.694108,12.359224,-22.359270,60.993938,-23.167707
6.362500,-106.221367,-2.697736,13.060945,-22.027742,67.185371,-22.799290
6.368750,-103.264809,-2.701016,13.514530,-21.753542,71.098373,-22.434227
6.375000,-99.502426,-2.703768,13.595857,-21.546156,72.855118,-22.236277
6.381250,-95.465111,-2.705847,13.043188,-21.422905,72.151695,-22.155750
6.387500,-89.533546,-2.707580,13.005946,-21.368046,68.827629,-22.194769
6.393750,-83.604881,-2.709083,12.590461,-21.399984,63.201885,-22.306950
6.400000,-77.676453,-2.709800,12.072902,-21.518444,55.685951,-22.412481
6.406250,-71.747993,-2.709527,11.520045,-21.715660,44.625412,-22.641106
6.412500,-65.825150,-2.709271,10.963091,-21.977331,32.450920,-22.938124
6.418750,-59.911591,-2.709930,10.388534,-22.288664,18.975510,-23.262878
6.425000,-54.000835,-2.710690,9.797977,-22.624071,4.680622,-23.585999
6.431250,-48.088005,-2.710841,9.185408,-22.957479,-9.889153,-23.877563
6.437500,-42.176746,-2.710948,8.491291,-23.261402,-24.204283,-24.107664
6.443750,-36.272507,-2.712047,9.821805,-23.505993,-37.772560,-24.243525
6.450000,-30.373114,-2.714045,11.696994,-23.679239,-50.334808,-24.332773
6.456250,-24.470793,-2.716172,12.521292,-23.784809,-61.793442,-24.365015
6.462500,-18.565653,-2.718370,14.288693,-23.818613,-70.182869,-24.295744
6.468750,-12.660407,-2.720927,16.805151,-23.778824,-76.865143,-24.162148
6.475000,-6.752601,-2.723359,19.795326,-23.673809,-81.366096,-23.993454
6.481250,-0.840465,-2.725231,22.935247,-23.527983,-83.464165,-23.817188
6.487500,5.071856,-2.727205,25.920650,-23.369576,-83.057434,-23.650085
6.493750,10.981524,-2.729815,28.602392,-23.201250,-80.023048,-23.471012
6.500000,16.893147,-2.732112,28.963751,-23.031109,-76.339859,-23.281464
6.506250,22.811531,-2.733376,28.381685,-22.872532,-70.583588,-23.107887
6.512500,28.730297,-2.734246,28.332008,-22.751270,-63.249126,-22.982025
6.518750,34.642841,-2.735998,26.763952,-22.695187,-55.109821,-22.896154
6.525000,40.553440,-2.738200,23.843946,-22.698534,-46.883945,-22.842268
6.531250,46.469852,-2.739586,19.754309,-22.753620,-39.176247,-22.815514
6.537500,52.390961,-2.740143,14.660118,-22.852001,-32.529118,-22.812902
6.543750,58.308548,-2.740924,8.757428,-22.982656,-27.412487,-22.834967
6.550000,64.220390,-2.742256,2.280306,-23.130962,-22.371418,-22.856371
6.556250,70.133476,-2.743526,-4.464087,-23.264273,-19.408188,-22.867613
6.562500,76.049118,-2.744424,-11.027167,-23.376907,-17.966702,-22.879454
6.568750,81.963722,-2.745302,-16.364826,-23.501970,-17.678551,-22.889484
6.575000,87.876793,-2.746067,-22.245417,-23.605356,-18.243782,-22.920481
6.581250,93.789429,-2.746588,-26.600698,-23.680935,-19.214943,-22.951006
6.587500,97.804550,-2.747479,-29.465752,-23.732059,-20.056978,-22.981119
6.593750,101.542351,-2.749373,-30.855904,-23.763803,-22.294149,-23.017046
6.600000,104.475288,-2.751246,-30.813725,-23.780752,-23.872860,-23.061077
6.606250,106.115898,-2.752147,-29.418253,-23.783676,-24.899864,-23.111526
6.612500,106.032921,-2.752623,-26.806564,-23.773788,-25.500702,-23.166567
6.618750,103.876892,-2.754023,-23.180510,-23.750443,-25.819775,-23.221979
6.625000,99.412041,-2.756536,-18.787525,-23.713589,-24.099289,-23.274197
6.631250,92.525726,-2.759074,-13.929360,-23.665905,-22.121731,-23.334591
6.637500,83.219620,-2.761342,-8.641267,-23.604071,-19.569588,-23.321936
6.643750,71.609566,-2.764319,-2.933219,-23.508427,-18.276125,-23.292206
6.650000,57.931736,-2.768185,2.820892,-23.373852,-16.263750,-23.245468
6.656250,42.533291,-2.771938,8.139459,-23.204939,-13.935557,-23.172148
6.662500,25.844023,-2.774894,12.631935,-22.996555,-11.658603,-23.060633
6.668750,8.351198,-2.777550,15.972126,-22.738440,-9.840931,-22.905390
6.675000,-9.417387,-2.780398,17.768654,-22.447378,-9.028245,-22.738630
6.681250,-26.914152,-2.783564,19.827019,-22.140585,-7.495596,-22.572145
6.687500,-43.604340,-2.786871,20.647463,-21.828617,-6.890998,-22.414473
6.693750,-58.994663,-2.790345,20.564852,-21.544434,-7.081957,-22.282431
6.700000,-72.655304,-2.793360,19.785200,-21.272167,-7.931480,-22.219427
6.706250,-84.243851,-2.795165,18.299253,-21.017845,-9.116805,-22.189425
6.712500,-93.528877,-2.796112,16.665003,-20.827593,-10.058572,-22.213150
6.718750,-100.393646,-2.797176,15.077948,-20.724567,-10.957746,-22.315533
6.725000,-104.838196,-2.798545,13.646868,-20.716934,-11.482249,-22.487108
6.731250,-106.978119,-2.799362,12.411797,-20.804976,-13.348988,-22.740551
6.737500,-107.048813,-2.799122,11.372708,-20.976919,-14.595655,-23.077932
6.743750,-105.395866,-2.798278,10.453791,-21.236311,-15.495909,-23.463671
6.750000,-102.450058,-2.797232,9.462691,-21.613350,-16.202122,-23.859350
6.756250,-98.702896,-2.796110,9.057832,-21.981653,-16.789362,-24.227173
6.762500,-94.686455,-2.795162,9.059291,-22.387075,-17.469532,-24.565149
6.768750,-88.779076,-2.794537,9.235094,-22.822336,-18.374939,-24.854528
6.775000,-82.872902,-2.793562,9.543485,-23.269258,-17.369074,-25.077789
6.781250,-76.965881,-2.791884,9.892331,-23.708731,-15.887692,-25.223724
6.787500,-71.062218,-2.790139,10.176658,-24.120577,-13.496450,-25.284578
6.793750,-65.167267,-2.789353,10.285459,-24.487228,-9.795588,-25.256067
6.800000,-59.278267,-2.789487,10.112312,-24.792803,-4.436868,-25.136530
6.806250,-53.387676,-2.789855,9.562943,-25.024023,0.689286,-24.924669
6.812500,-47.495926,-2.790588,8.547249,-25.172892,7.168186,-24.600746
6.818750,-41.606209,-2.792478,9.136510,-25.248459,14.885091,-24.242548
6.825000,-35.715485,-2.795018,9.843734,-25.291885,22.321093,-23.848970
6.831250,-29.817781,-2.797117,9.616099,-25.226915,30.205290,-23.455555
6.837500,-23.913933,-2.798981,10.325738,-25.115316,37.751900,-23.110548
6.843750,-18.012173,-2.801938,11.749740,-24.983871,44.278133,-22.833822
6.850000,-12.111494,-2.805954,13.857266,-24.848486,50.930813,-22.623014
6.856250,-6.201885,-2.809404,16.588472,-24.719448,55.752750,-22.508038
6.862500,-0.280974,-2.811354,19.854809,-24.600376,58.938541,-22.497496
6.868750,5.641928,-2.812809,23.576830,-24.482487,60.679573,-22.581415
6.875000,11.559032,-2.814837,27.681822,-24.341419,61.238827,-22.740021
6.881250,17.472803,-2.817143,32.211346,-24.207426,60.935173,-22.917938
6.887500,23.388483,-2.819220,35.619282,-24.104233,59.965958,-23.141218
6.893750,29.306433,-2.821019,39.261112,-24.026388,58.215897,-23.387926
6.900000,35.223534,-2.822556,42.627769,-24.018656,56.447906,-23.608887
6.906250,41.140137,-2.823524,45.244839,-23.981068,55.044754,-23.769220
6.912500,47.054867,-2.824151,47.818699,-23.940672,52.389065,-23.852335
6.918750,52.962776,-2.825438,49.123123,-23.916319,50.360218,-23.851269
6.925000,58.864208,-2.827735,49.180717,-23.890564,48.677898,-23.761209
6.931250,64.765686,-2.830366,48.054535,-23.811455,47.060940,-23.581942
6.937500,70.671303,-2.832880,47.396526,-23.786434,45.161663,-23.338535
6.943750,76.577965,-2.835635,44.282116,-23.761423,44.453709,-23.070581
6.950000,82.485161,-2.838485,41.076111,-23.718142,42.824528,-22.740097
6.956250,88.397186,-2.840484,37.790867,-23.644749,40.424351,-22.380774
6.962500,94.313728,-2.841444,34.432800,-23.536997,37.639423,-22.028458
6.968750,98.331207,-2.842838,30.986219,-23.401432,34.548927,-21.708624
6.975000,102.067680,-2.845609,27.464575,-23.244572,31.162342,-21.438456
6.981250,104.999481,-2.848852,23.943438,-23.068213,27.488306,-21.224932
6.987500,106.642715,-2.850973,20.501974,-22.873449,23.509655,-21.067072
6.993750,106.567917,-2.851920,17.213621,-22.654945,19.183737,-20.947781
7.000000,104.424324,-2.852875,14.152966,-22.394238,14.387536,-20.878494
7.006250,99.971115,-2.854636,11.330171,-22.067940,10.929220,-20.880703
7.012500,93.092499,-2.857010,10.385137,-21.796827,7.468666,-20.932396
7.018750,83.791565,-2.859665,10.087144,-21.568241,4.428341,-21.015625
7.025000,72.191925,-2.862237,9.560553,-21.307648,2.193802,-21.168301
7.031250,58.530418,-2.864487,10.362905,-21.081842,-0.805073,-21.363775
7.037500,43.146301,-2.866555,12.098662,-20.930613,-2.466849,-21.592447
7.043750,26.464565,-2.868951,14.516957,-20.888039,-3.715849,-21.882921
7.050000,8.978015,-2.871587,17.386152,-20.977306,-4.688064,-22.246267
7.056250,-8.775599,-2.873415,20.532993,-21.189110,-5.471413,-22.686899
7.062500,-26.248802,-2.873812,21.897743,-21.518520,-6.159107,-23.213329
7.068750,-42.915398,-2.873427,24.904257,-21.969404,-6.858790,-23.861929
7.075000,-58.288635,-2.872925,27.469412,-22.516428,-6.984629,-24.469400
7.081250,-71.939148,-2.872059,29.510546,-23.073429,-9.070296,-25.098724
7.087500,-83.523384,-2.870242,31.027754,-23.711449,-11.634350,-25.752995
7.093750,-92.806267,-2.867618,30.781155,-24.382719,-12.955882,-26.410900
7.100000,-99.670296,-2.864647,29.568977,-25.039024,-14.775630,-27.042280
7.106250,-104.116692,-2.861541,27.173452,-25.654486,-16.946053,-27.614817
7.112500,-106.267387,-2.858652,23.425894,-26.219376,-19.300467,-28.093060
7.118750,-106.360458,-2.856534,18.092016,-26.676725,-21.643799,-28.433884
7.125000,-104.734428,-2.855101,13.075879,-27.003279,-25.888500,-28.588881
7.131250,-101.811638,-2.853736,7.192231,-27.209986,-30.201342,-28.598120
7.137500,-98.084503,-2.852390,0.842586,-27.307903,-34.661339,-28.451675
7.143750,-94.091171,-2.852304,-5.605253,-27.302082,-39.569061,-28.142891
7.150000,-88.211769,-2.854311,-11.789888,-27.197855,-44.927200,-27.684139
7.156250,-82.331512,-2.857329,-17.390923,-27.002123,-50.643120,-27.098450
7.162500,-76.441582,-2.859963,-22.143978,-26.727282,-56.577171,-26.422009
7.168750,-70.545296,-2.862381,-25.855995,-26.392096,-62.581814,-25.708181
7.175000,-64.649986,-2.865493,-28.376585,-26.018110,-68.562019,-24.973831
7.181250,-58.754532,-2.869143,-29.610981,-25.627167,-74.647652,-24.233036
7.187500,-52.852570,-2.872425,-29.512411,-25.238415,-78.530708,-23.546148
7.193750,-46.943756,-2.875044,-28.073807,-24.854193,-81.668442,-22.956757
7.200000,-41.033058,-2.877443,-27.236019,-24.470890,-83.455582,-22.491529
7.206250,-35.121696,-2.879596,-23.801256,-24.165672,-83.290718,-22.107901
7.212500,-29.207241,-2.881075,-19.578743,-23.917835,-82.562759,-21.853807
7.218750,-23.291698,-2.882276,-14.839724,-23.733744,-80.132347,-21.754072
7.225000,-17.379869,-2.884008,-9.858905,-23.601786,-75.824707,-21.781988
7.231250,-11.469930,-2.886169,-4.924701,-23.510128,-70.077126,-21.915367
7.237500,-5.554899,-2.887731,-0.434877,-23.468809,-63.410217,-22.124660
7.243750,0.364799,-2.888478,5.394394,-23.475504,-56.364597,-22.362316
7.250000,6.282935,-2.889102,11.039583,-23.509895,-49.508007,-22.541611
7.256250,12.196262,-2.890083,16.759703,-23.561615,-44.189190,-22.789818
7.262500,18.107021,-2.891304,20.861956,-23.636446,-38.328770,-23.020002
7.268750,24.017262,-2.892842,25.184877,-23.731598,-33.611027,-23.173885
7.275000,29.925596,-2.895257,29.699316,-23.779976,-30.090401,-23.249285
7.281250,35.832928,-2.898507,33.909420,-23.803926,-27.808920,-23.251066
7.287500,41.745716,-2.901543,37.434200,-23.797224,-26.598345,-23.181520
7.293750,47.667305,-2.903327,40.177082,-23.732534,-26.214899,-23.045734
7.300000,53.592281,-2.904010,42.233181,-23.639727,-26.426146,-22.859644
7.306250,59.513618,-2.904463,43.901379,-23.527580,-26.997686,-22.644550
7.312500,65.427399,-2.905561,45.112843,-23.385784,-27.693932,-22.424612
7.318750,71.336166,-2.907625,46.072033,-23.224802,-28.357738,-22.215656
7.325000,77.244911,-2.910224,45.213551,-23.045521,-28.953766,-22.024399
7.331250,83.159393,-2.912273,44.677536,-22.833456,-29.365250,-21.877413
7.337500,89.080254,-2.913237,44.161644,-22.616480,-29.540005,-21.796827
7.343750,95.001381,-2.913593,43.419945,-22.418337,-29.577990,-21.787205
7.350000,99.022118,-2.914346,42.359848,-22.250305,-27.739096,-21.824842
7.356250,102.764366,-2.915787,40.934437,-22.114967,-25.722725,-21.918684
7.362500,105.700821,-2.917462,39.095440,-22.010946,-22.775997,-22.088840
7.368750,107.342209,-2.918811,36.791157,-21.929083,-20.899031,-22.300314
7.375000,107.259659,-2.919933,33.954010,-21.859093,-18.419424,-22.521189
7.381250,105.110268,-2.921164,32.612186,-21.800650,-15.536810,-22.718420
7.387500,100.656219,-2.922810,31.152136,-21.784657,-12.544398,-22.887157
7.393750,93.775841,-2.925250,29.760145,-21.782362,-7.673012,-23.027811
7.400000,84.471962,-2.928177,28.671955,-21.785389,-2.435349,-23.120934
7.406250,72.871628,-2.930638,28.251169,-21.813255,1.558112,-23.158373
7.412500,59.213219,-2.931982,28.548441,-21.880125,6.117533,-23.141342
7.418750,43.830444,-2.932872,29.497751,-21.996590,10.876550,-23.076178
7.425000,27.145641,-2.934192,30.956745,-22.170635,15.470236,-22.974451
7.431250,9.652604,-2.935804,32.767841,-22.405712,19.579700,-22.844139
7.437500,-8.109159,-2.937035,34.772312,-22.696796,22.956985,-22.676729
7.443750,-25.594564,-2.937977,38.967381,-23.023415,25.371418,-22.473850
7.450000,-42.274334,-2.939025,41.904728,-23.369036,26.387762,-22.287088
7.456250,-57.654411,-2.939665,45.155724,-23.793642,25.856766,-22.131895
7.462500,-71.303474,-2.939131,48.523827,-24.286095,23.858364,-22.020683
7.468750,-82.884926,-2.937680,51.845287,-24.854387,20.492607,-21.962530
7.475000,-92.168114,-2.936333,55.049458,-25.423038,15.977691,-21.952003
7.481250,-99.031090,-2.935069,57.892677,-26.005754,10.617419,-21.981848
7.487500,-103.469498,-2.933108,58.075298,-26.601444,4.712898,-22.051088
7.493750,-105.604637,-2.930346,57.141300,-27.189869,-1.308194,-22.147358
7.500000,-105.680138,-2.928020,54.574944,-27.730297,-6.839117,-22.259819
7.506250,-104.039772,-2.926656,52.048016,-28.200762,-11.152927,-22.390127
7.512500,-101.104256,-2.925483,47.598347,-28.603296,-13.662222,-22.517317
7.518750,-97.362259,-2.924165,41.526836,-28.908422,-13.822847,-22.621683
7.525000,-93.351738,-2.923486,34.169945,-29.100470,-11.090730,-22.699545
7.531250,-87.453613,-2.924097,25.835009,-29.181652,-7.100516,-22.744204
7.537500,-81.557892,-2.925402,16.885315,-29.165562,-1.826413,-22.728212
7.543750,-75.660072,-2.926807,7.897189,-29.020269,6.025553,-22.666491
7.550000,-69.762115,-2.928779,-0.685740,-28.771374,15.464226,-22.576107
7.556250,-63.867172,-2.931869,-8.586674,-28.452492,25.592123,-22.475582
7.562500,-57.971378,-2.935518,-17.217449,-28.081072,35.533340,-22.388140
7.568750,-52.069782,-2.938995,-24.407803,-27.663853,44.490456,-22.332031
7.575000,-46.162643,-2.941977,-30.046440,-27.244255,51.951565,-22.263329
7.581250,-40.252857,-2.944544,-33.965729,-26.835279,57.144379,-22.218664
7.587500,-34.341129,-2.946361,-36.416851,-26.441063,61.570572,-22.217281
7.593750,-28.428865,-2.947427,-37.579777,-26.073179,63.563011,-22.262739
7.600000,-22.519806,-2.948483,-37.543076,-25.736692,63.488197,-22.348074
7.606250,-16.616323,-2.950149,-36.403244,-25.434568,61.786263,-22.460291
7.612500,-10.715119,-2.951961,-34.300747,-25.162380,58.931923,-22.583187
7.618750,-4.812003,-2.953341,-31.423378,-24.914091,55.381443,-22.718470
7.625000,1.090850,-2.954611,-28.031082,-24.685532,51.521587,-22.892008
7.631250,6.989022,-2.956558,-22.257692,-24.473207,47.767933,-23.063173
7.637500,12.883148,-2.959254,-17.648434,-24.269104,43.978802,-23.187145
7.643750,18.777824,-2.962054,-12.306177,-24.030993,40.895298,-23.288153
7.650000,24.673714,-2.965064,-6.595430,-23.721138,38.555351,-23.371593
7.656250,30.566725,-2.969026,-1.353723,-23.417540,36.740677,-23.451841
7.662500,36.457478,-2.974283,2.858743,-23.110718,35.141880,-23.533243
7.668750,42.352707,-2.980021,7.995947,-22.797159,33.487053,-23.611956
7.675000,48.258190,-2.985187,12.297008,-22.487362,33.353321,-23.694126
7.681250,54.171967,-2.989304,15.907693,-22.200405,32.728363,-23.789314
7.687500,60.089233,-2.992741,19.032028,-21.960070,31.717442,-23.907000
7.693750,66.007225,-2.995737,21.955679,-21.776068,30.404493,-24.058680
7.700000,71.925476,-2.998186,23.191097,-21.638630,28.835625,-24.276426
7.706250,77.845314,-3.000023,24.585714,-21.562046,27.021475,-24.498837
7.712500,83.765030,-3.001252,25.831057,-21.542980,24.098669,-24.700193
7.718750,89.683968,-3.001993,26.706776,-21.565189,22.723240,-24.940454
7.725000,95.602203,-3.002114,26.809143,-21.662846,21.239088,-25.212234
7.731250,99.623787,-3.001797,25.900909,-21.817074,19.938440,-25.492966
7.737500,103.367134,-3.001539,23.961115,-21.997940,18.953405,-25.752445
7.743750,106.298172,-3.002170,22.990471,-22.179577,18.367735,-25.948204
7.750000,107.926727,-3.003762,21.428476,-22.343018,18.163765,-26.046089
7.756250,107.831596,-3.005755,19.556486,-22.476156,18.001242,-26.085712
7.762500,105.674538,-3.007658,17.591297,-22.579811,17.867569,-26.037455
7.768750,101.215103,-3.010036,15.729883,-22.651789,17.796755,-25.889711
7.775000,94.329575,-3.013529,14.212254,-22.688133,17.653687,-25.644817
7.781250,85.021271,-3.017900,13.194581,-22.697435,17.294506,-25.318512
7.787500,73.418289,-3.021964,12.732702,-22.692648,16.603043,-24.936228
7.793750,59.760284,-3.025109,12.849759,-22.686535,15.541347,-24.522865
7.800000,44.381573,-3.027758,13.528142,-22.689993,14.212565,-24.066748
7.806250,27.705778,-3.030064,14.748831,-22.704220,12.757593,-23.558514
7.812500,10.226771,-3.031657,14.555693,-22.730509,11.225390,-23.057028
7.818750,-7.521403,-3.032125,16.548498,-22.782333,8.567949,-22.629971
7.825000,-24.997129,-3.032059,18.606056,-22.888002,6.351099,-22.269699
7.831250,-41.670765,-3.031893,20.524393,-23.070667,4.518696,-21.980705
7.837500,-57.046787,-3.031043,22.232965,-23.364986,3.151189,-21.761366
7.843750,-70.695305,-3.028896,23.660679,-23.700399,2.401178,-21.612888
7.850000,-82.281433,-3.026266,25.343304,-24.074375,2.366062,-21.545389
7.856250,-91.574310,-3.024315,26.483707,-24.504168,0.970454,-21.556286
7.862500,-98.449257,-3.022936,27.147495,-24.975075,-0.264370,-21.634161
7.868750,-102.898041,-3.020945,25.493399,-25.456575,-1.654398,-21.762146
7.875000,-105.041748,-3.018097,23.154228,-25.925695,-3.457570,-21.914530
7.881250,-105.123512,-3.015305,21.650410,-26.381319,-5.857663,-22.036205
7.887500,-103.488754,-3.013109,19.200708,-26.797094,-8.953815,-22.167078
7.893750,-100.559906,-3.011183,15.995451,-27.153795,-11.783895,-22.307310
7.900000,-96.826134,-3.009415,12.228139,-27.422291,-14.711711,-22.396849
7.906250,-92.823662,-3.008675,8.187926,-27.577654,-17.612684,-22.444508
7.912500,-86.931190,-3.009215,3.988867,-27.627666,-20.200499,-22.461760
7.918750,-81.035347,-3.009215,-0.165174,-27.627666,-22.080076,-22.461760
7.925000,-81.035347,-3.009215,-0.165174,-27.627666,-22.080076,-22.461760
7.931250,-81.035347,-3.009215,-0.165174,-27.627666,-22.080076,-22.461760
7.937500,-81.035347,-3.009215,-0.165174,-27.627666,-22.080076,-22.461760
7.943750,-81.035347,-3.009215,-0.165174,-27.627666,-22.080076,-22.461760
7.950000,-81.035347,-3.009215,-0.165174,-27.627666,-22.080076,-22.461760
7.956250,-81.035347,-3.009215,-0.165174,-27.627666,-22.080076,-22.461760
7.962500,-81.035347,-3.009215,-0.165174,-27.627666,-22.080076,-22.461760
7.968750,-81.035347,-3.009215,-0.165174,-27.627666,-22.080076,-22.461760
7.975000,-81.035347,-3.009215,-0.165174,-27.627666,-22.080076,-22.461760
7.981250,-81.035347,-3.009215,-0.165174,-27.627666,-22.080076,-22.461760
7.987500,-81.035347,-3.009215,-0.165174,-27.627666,-22.080076,-22.461760
7.993750,-81.035347,-3.009215,-0.165174,-27.627666,-22.080076,-22.461760
8.000000,-81.035347,-3.009215,-0.165174,-27.627666,-22.080076,-22.461760
