Anritsu VNA Frequency[GHz],S21[deg],S21[dB],S11[deg],S11[dB],S22[deg],S22[dB]
1338065814.07,2012_05_26_21:56:54,+45.410,+90.080,+75.147,+90.417,+95.695,+97.633,+94.048,+95.257,94.639046,-11.708
3.006250,38.784592,-2.135383,63.716316,-27.002701,-82.938278,-28.004436
3.012500,38.784592,-2.135383,63.716316,-27.002701,-82.938278,-28.004436
3.018750,38.784592,-2.135383,63.716316,-27.002701,-82.938278,-28.004436
3.025000,38.784592,-2.135383,63.716316,-27.002701,-82.938278,-28.004436
3.031250,38.784592,-2.135383,63.716316,-27.002701,-82.938278,-28.004436
3.037500,38.784592,-2.135383,63.716316,-27.002701,-82.938278,-28.004436
3.043750,38.784592,-2.135383,63.716316,-27.002701,-82.938278,-28.004436
3.050000,38.784592,-2.135383,63.716316,-27.002701,-82.938278,-28.004436
3.056250,38.784592,-2.135383,63.716316,-27.002701,-82.938278,-28.004436
3.062500,38.784592,-2.135383,63.716316,-27.002701,-82.938278,-28.004436
3.068750,38.784592,-2.135383,63.716316,-27.002701,-82.938278,-28.004436
3.075000,38.784592,-2.135383,63.716316,-27.002701,-82.938278,-28.004436
3.081250,38.784592,-2.135383,63.716316,-27.002701,-82.938278,-28.004436
3.087500,38.784592,-2.135383,63.716316,-27.002701,-82.938278,-28.004436
3.093750,38.784592,-2.137476,63.716316,-26.805309,-82.938278,-27.754486
3.100000,44.703773,-2.139931,60.556328,-26.643915,-82.978416,-27.513044
3.106250,50.622574,-2.142452,56.535332,-26.547161,-82.138100,-27.281559
3.112500,56.541897,-2.145025,52.091774,-26.529594,-80.142975,-27.038822
3.118750,62.460373,-2.147784,45.832073,-26.572336,-76.755386,-26.704649
3.125000,68.377716,-2.150663,40.664719,-26.600910,-72.027107,-26.405710
3.131250,74.294418,-2.153693,36.054768,-26.654516,-66.109688,-26.081547
3.137500,80.209961,-2.157028,32.176731,-26.737654,-58.531261,-25.719881
3.143750,86.123672,-2.160896,29.228725,-26.843933,-49.413105,-25.328718
3.150000,92.037743,-2.165095,27.384892,-26.960356,-38.896305,-24.921774
3.156250,96.060173,-2.169105,26.761316,-27.072741,-29.034868,-24.518595
3.162500,99.811546,-2.172835,27.414206,-27.166649,-18.398235,-24.142885
3.168750,102.757614,-2.176630,29.358486,-27.230814,-7.719652,-23.833685
3.175000,104.404747,-2.180627,32.611599,-27.246435,2.342316,-23.575207
3.181250,104.327583,-2.184752,35.378277,-27.199499,11.704392,-23.334581
3.187500,102.187462,-2.188718,39.209824,-27.103338,19.357483,-23.147169
3.193750,97.746788,-2.192449,43.372364,-26.967260,25.012917,-23.031340
3.200000,90.883812,-2.195904,47.259861,-26.798395,28.569328,-22.993443
3.206250,81.597916,-2.198976,50.379066,-26.605917,29.964304,-23.032679
3.212500,70.009384,-2.201835,52.307423,-26.402920,29.245445,-23.154449
3.218750,56.354271,-2.204899,52.726295,-26.201773,26.575302,-23.365499
3.225000,40.973648,-2.207878,53.621437,-26.000757,21.907484,-23.579506
3.231250,24.297216,-2.210372,53.544632,-25.799372,15.614865,-23.814838
3.237500,6.815979,-2.212566,51.026360,-25.600403,10.062826,-24.067848
3.243750,-10.941816,-2.214960,48.170307,-25.388462,3.848680,-24.319057
3.250000,-28.429811,-2.217894,44.892471,-25.182926,-2.315572,-24.547567
3.256250,-45.112030,-2.221046,40.840405,-25.015642,-7.819798,-24.745747
3.262500,-60.493633,-2.223861,36.194176,-24.870504,-12.111147,-24.903597
3.268750,-74.148628,-2.226326,30.950832,-24.742317,-14.641621,-25.010220
3.275000,-85.739517,-2.228802,25.006300,-24.630461,-15.025730,-25.061989
3.281250,-95.030930,-2.231640,18.261724,-24.526852,-13.023880,-25.061682
3.287500,-101.899178,-2.234858,10.628555,-24.420025,-8.566628,-25.018040
3.293750,-106.341782,-2.238181,2.060910,-24.282106,-1.758986,-24.932341
3.300000,-108.479759,-2.241346,-5.301597,-24.112591,7.183044,-24.805012
3.306250,-108.549904,-2.244282,-13.654052,-23.987148,17.890078,-24.657061
3.312500,-106.893570,-2.246942,-22.021376,-23.875076,29.846159,-24.516287
3.318750,-103.939011,-2.249511,-30.045391,-23.778542,42.466362,-24.404861
3.325000,-100.178436,-2.251874,-37.465679,-23.711704,55.141136,-24.336386
3.331250,-96.143265,-2.253935,-44.033051,-23.694605,67.251518,-24.316916
3.337500,-90.212555,-2.255573,-49.573486,-23.768299,80.342499,-24.348455
3.343750,-84.281731,-2.256834,-53.960964,-23.922318,92.480476,-24.422398
3.350000,-78.351318,-2.257719,-57.950691,-24.102634,101.805679,-24.501898
3.356250,-72.421410,-2.258312,-60.906715,-24.368597,109.959526,-24.602692
3.362500,-66.493103,-2.258713,-61.105659,-24.750395,115.841545,-24.767496
3.368750,-60.566494,-2.258846,-60.285862,-25.238962,119.483292,-24.978754
3.375000,-54.640564,-2.258462,-58.341900,-25.812225,120.558807,-25.256813
3.381250,-48.716606,-2.257623,-55.295158,-26.440149,118.911407,-25.557478
3.387500,-42.797909,-2.257026,-51.253258,-27.087782,115.045952,-25.845749
3.393750,-36.885391,-2.257145,-46.385887,-27.714729,108.600639,-26.127131
3.400000,-30.975647,-2.257650,-40.915123,-28.278755,100.027855,-26.370541
3.406250,-25.065304,-2.258003,-35.153740,-28.755949,90.320953,-26.639004
3.412500,-19.155125,-2.258465,-29.436504,-29.123501,80.247795,-26.892208
3.418750,-13.249527,-2.259636,-23.728642,-29.358576,68.350555,-27.105181
3.425000,-7.347004,-2.261785,-18.026842,-29.453201,56.919357,-27.269186
3.431250,-1.442528,-2.264150,-12.615538,-29.414019,46.384907,-27.385967
3.437500,4.466030,-2.266367,-7.707602,-29.238232,37.199158,-27.461864
3.443750,10.374627,-2.269121,-3.298690,-28.909952,29.957663,-27.448380
3.450000,16.281189,-2.272877,0.320432,-28.467604,23.076265,-27.363708
3.456250,22.190615,-2.276925,3.045347,-27.947266,18.275488,-27.221275
3.462500,28.108425,-2.280463,4.983816,-27.388432,15.240876,-27.023790
3.468750,34.031700,-2.283343,6.347963,-26.832817,13.647511,-26.769503
3.475000,39.955399,-2.286027,7.385272,-26.330523,13.151458,-26.469305
3.481250,45.877979,-2.288672,8.426982,-25.883398,13.358823,-26.138336
3.487500,51.799671,-2.291420,8.303173,-25.479298,13.887716,-25.772388
3.493750,57.720051,-2.294544,8.614600,-25.161449,14.328410,-25.375854
3.500000,63.640152,-2.298079,9.182812,-24.942825,14.250160,-24.960100
3.506250,69.562675,-2.301505,9.937288,-24.815100,13.316721,-24.535212
3.512500,75.489037,-2.304172,10.796303,-24.753632,11.261026,-24.110628
3.518750,81.415878,-2.306520,11.708231,-24.699947,7.885374,-23.691996
3.525000,87.337540,-2.309646,12.619714,-24.639441,3.052657,-23.285748
3.531250,93.254646,-2.313850,14.398889,-24.612455,-1.192127,-22.904886
3.537500,97.278862,-2.318394,16.400343,-24.563711,-6.291864,-22.566662
3.543750,101.035629,-2.322611,18.774769,-24.477436,-11.794421,-22.279497
3.550000,103.990082,-2.326887,21.717503,-24.337486,-17.414310,-22.004198
3.556250,105.645950,-2.331713,23.578693,-24.132673,-22.762709,-21.718319
3.562500,105.579086,-2.336904,25.997274,-23.887943,-27.469320,-21.472836
3.568750,103.454803,-2.341411,28.479548,-23.629509,-32.050930,-21.313620
3.575000,99.037437,-2.344655,30.627064,-23.383806,-36.082436,-21.233257
3.581250,92.200005,-2.346768,32.066666,-23.183733,-37.864651,-21.255751
3.587500,82.937729,-2.348409,32.462570,-23.064331,-39.478245,-21.330193
3.593750,71.371315,-2.349612,31.623619,-23.028912,-40.905613,-21.470984
3.600000,57.741886,-2.349930,31.673428,-23.076757,-41.724770,-21.697201
3.606250,42.390549,-2.348909,30.967508,-23.225418,-41.930756,-22.004311
3.612500,25.740261,-2.346969,29.908373,-23.469725,-41.620110,-22.367901
3.618750,8.279167,-2.344669,28.922617,-23.811483,-40.985680,-22.757036
3.625000,-9.458867,-2.341787,28.192354,-24.270758,-40.504513,-23.205175
3.631250,-26.925938,-2.338048,28.205698,-24.813993,-38.312241,-23.682249
3.637500,-43.591881,-2.333967,29.316774,-25.405203,-35.899841,-24.157024
3.643750,-58.969006,-2.330186,31.682291,-26.007265,-33.104496,-24.608171
3.650000,-72.629723,-2.327090,33.446712,-26.577255,-29.863583,-25.016642
3.656250,-84.230347,-2.324605,36.174095,-27.055426,-26.165335,-25.365137
3.662500,-93.532249,-2.322840,39.103645,-27.432083,-22.041636,-25.644547
3.668750,-100.414001,-2.321951,43.188976,-27.721251,-17.612345,-25.859173
3.675000,-104.873550,-2.321810,46.629074,-27.886761,-13.024484,-26.010393
3.681250,-107.030243,-2.321919,49.212360,-27.919378,-8.421208,-26.097193
3.687500,-107.122215,-2.322487,50.693703,-27.826992,-3.997782,-26.122480
3.693750,-105.492622,-2.324234,50.901894,-27.634140,0.026209,-26.095320
3.700000,-102.567787,-2.327157,49.779514,-27.362135,3.457048,-26.028349
3.706250,-98.833527,-2.330408,47.508530,-27.010225,6.179149,-25.924271
3.712500,-94.820465,-2.333425,44.115829,-26.620434,8.189638,-25.775797
3.718750,-88.911240,-2.336652,37.802204,-26.228672,9.449951,-25.586876
3.725000,-83.003197,-2.340502,30.473833,-25.857670,10.027037,-25.365021
3.731250,-77.093689,-2.344430,21.905924,-25.540340,10.324082,-25.158627
3.737500,-71.179207,-2.347932,14.025475,-25.312819,10.693431,-24.982168
3.743750,-65.261261,-2.351055,5.512592,-25.171774,11.385593,-24.855011
3.750000,-59.343742,-2.354143,-3.034688,-25.104744,12.957300,-24.728630
3.756250,-53.427486,-2.357103,-11.169192,-25.106375,14.257473,-24.590496
3.762500,-47.510406,-2.359811,-18.466717,-25.159166,14.905500,-24.433649
3.768750,-41.593296,-2.362378,-24.480917,-25.229876,16.423727,-24.316750
3.775000,-35.677593,-2.365199,-28.918076,-25.314541,18.566858,-24.237217
3.781250,-29.762506,-2.368062,-31.685167,-25.412062,20.624662,-24.176258
3.787500,-23.846390,-2.370659,-32.444492,-25.498421,22.247593,-24.124460
3.793750,-17.930380,-2.373228,-31.057108,-25.574877,23.152555,-24.082987
3.800000,-12.016260,-2.376104,-29.410107,-25.623871,23.153721,-24.047565
3.806250,-6.103686,-2.379335,-25.342638,-25.574242,22.247189,-23.984680
3.812500,-0.190107,-2.382755,-20.098803,-25.473898,20.390516,-23.892872
3.818750,5.723719,-2.386494,-14.329681,-25.340429,17.469048,-23.781502
3.825000,11.637373,-2.390651,-8.596826,-25.186781,13.606082,-23.654991
3.831250,17.554571,-2.394672,-1.269489,-25.026178,9.059052,-23.521410
3.837500,23.474968,-2.398216,5.812944,-24.871506,4.162667,-23.402401
3.843750,29.395679,-2.401804,12.770295,-24.724947,-0.718025,-23.306892
3.850000,35.314358,-2.405905,17.895191,-24.577862,-4.669991,-23.161869
3.856250,41.233330,-2.409929,22.895136,-24.437902,-9.627406,-23.018217
3.862500,47.156086,-2.413394,27.316395,-24.306812,-13.605259,-22.889627
3.868750,53.079567,-2.416643,30.812750,-24.175640,-16.663750,-22.776489
3.875000,58.996758,-2.420791,33.076672,-24.023838,-18.912029,-22.671055
3.881250,64.910408,-2.426173,33.814846,-23.838615,-20.518167,-22.559341
3.887500,70.826828,-2.431747,32.601894,-23.640068,-21.745594,-22.438040
3.893750,76.749901,-2.436833,29.303936,-23.411200,-22.972412,-22.315077
3.900000,82.675667,-2.441960,26.073301,-23.138737,-24.497942,-22.185284
3.906250,88.598846,-2.447985,21.483179,-22.820856,-26.620823,-22.045626
3.912500,94.521103,-2.455036,16.013494,-22.459539,-27.795824,-21.893009
3.918750,98.554520,-2.462522,10.149591,-22.061205,-29.978209,-21.717512
3.925000,102.322670,-2.469800,4.291490,-21.646822,-32.961277,-21.497355
3.931250,105.293114,-2.476717,-1.216270,-21.243309,-36.640602,-21.282774
3.937500,106.972214,-2.483160,-5.983898,-20.871874,-38.969894,-21.099678
3.943750,106.931885,-2.489033,-9.679978,-20.554846,-40.881859,-20.951551
3.950000,104.832657,-2.493935,-12.082106,-20.313774,-41.742748,-20.849438
3.956250,100.437332,-2.497317,-13.075946,-20.166931,-41.038017,-20.807587
3.962500,93.622093,-2.499057,-12.624858,-20.125317,-38.340195,-20.838083
3.968750,84.383659,-2.499393,-10.756097,-20.188848,-33.323120,-20.949604
3.975000,72.840202,-2.498475,-9.448742,-20.334890,-25.801207,-21.151403
3.981250,59.227943,-2.496408,-5.067699,-20.564083,-17.629635,-21.487375
3.987500,43.886456,-2.493245,-0.368772,-20.923519,-7.022696,-21.854210
3.993750,27.240730,-2.489277,5.031579,-21.347219,5.158696,-22.317593
4.000000,9.782454,-2.484746,10.669727,-21.828661,17.977388,-22.885408
4.006250,-7.955578,-2.479547,16.138548,-22.354897,30.709597,-23.570696
4.012500,-25.429438,-2.474112,21.155416,-22.902353,42.576172,-24.320305
4.018750,-42.107761,-2.469188,25.477291,-23.441999,52.128014,-25.046879
4.025000,-57.498745,-2.465081,28.850145,-23.953583,61.159542,-25.745893
4.031250,-71.171066,-2.461479,31.270966,-24.430140,66.640770,-26.478403
4.037500,-82.781578,-2.458425,32.866901,-24.854059,70.893837,-27.183784
4.043750,-92.096031,-2.456423,33.562477,-25.211372,72.524536,-27.830023
4.050000,-98.991508,-2.455704,33.286690,-25.499365,72.032440,-28.397699
4.056250,-103.462517,-2.455435,32.045612,-25.713388,70.032341,-28.874754
4.062500,-105.628105,-2.454920,30.008514,-25.831757,65.378876,-29.237913
4.068750,-105.730339,-2.454977,27.302708,-25.864698,60.558029,-29.465145
4.075000,-104.115295,-2.456845,24.051935,-25.828503,55.752022,-29.559677
4.081250,-101.204796,-2.460070,20.554251,-25.735636,51.216705,-29.525288
4.087500,-97.481987,-2.463336,17.192728,-25.593935,47.305248,-29.362833
4.093750,-93.477089,-2.465916,12.494659,-25.410000,42.232456,-29.075829
4.100000,-87.577492,-2.468592,8.498321,-25.194479,37.713272,-28.680811
4.106250,-81.682091,-2.472131,5.111238,-24.954758,33.572197,-28.209688
4.112500,-75.788116,-2.476298,2.295093,-24.686518,29.706997,-27.651978
4.118750,-69.891464,-2.480848,-0.040209,-24.396717,26.248652,-27.010180
4.125000,-63.992882,-2.485960,-2.095911,-24.100187,22.774443,-26.328680
4.131250,-58.092945,-2.491698,-3.989382,-23.806904,19.199905,-25.639967
4.137500,-52.188972,-2.497633,-5.787153,-23.522575,15.531762,-24.968937
4.143750,-46.278889,-2.503335,-7.534308,-23.248098,11.799329,-24.334389
4.150000,-40.365612,-2.509001,-9.287503,-22.983824,8.028327,-23.750362
4.156250,-34.451225,-2.515058,-8.950631,-22.727880,4.249360,-23.220240
4.162500,-28.535582,-2.521440,-7.956055,-22.476225,2.651061,-22.718573
4.168750,-22.616446,-2.528025,-7.782079,-22.218660,1.536679,-22.325083
4.175000,-16.693405,-2.534766,-6.513844,-21.965677,-0.147762,-21.988863
4.181250,-10.766435,-2.541413,-4.488060,-21.725887,-0.586186,-21.713799
4.187500,-4.834909,-2.547811,-1.996964,-21.506174,0.009783,-21.469696
4.193750,1.101764,-2.553815,0.639350,-21.313240,1.458591,-21.277565
4.200000,7.042047,-2.559272,3.091013,-21.154482,4.337872,-21.186962
4.206250,12.985857,-2.563900,5.040691,-21.037548,5.683440,-21.180075
4.212500,18.932230,-2.567472,8.384169,-20.963228,8.443105,-21.198759
4.218750,24.878094,-2.570210,11.559858,-20.921728,10.201527,-21.241751
4.225000,30.820782,-2.572656,14.866975,-20.906412,11.084401,-21.316893
4.231250,36.759441,-2.574950,16.651266,-20.907167,10.948075,-21.415518
4.237500,42.695637,-2.576994,18.749680,-20.916912,9.612087,-21.518608
4.243750,48.629520,-2.578777,20.697901,-20.952736,9.015256,-21.623484
4.250000,54.562111,-2.580172,22.112949,-21.004541,7.521961,-21.733583
4.256250,60.492958,-2.581116,22.702637,-21.054096,5.579402,-21.833479
4.262500,66.419655,-2.582027,22.082893,-21.086229,3.597207,-21.909634
4.268750,72.339752,-2.583526,19.897331,-21.089506,1.914926,-21.949070
4.275000,78.252831,-2.586111,18.005096,-21.057281,0.824512,-21.941994
4.281250,84.164444,-2.589337,14.772281,-20.979588,0.574263,-21.876259
4.287500,90.077530,-2.592907,10.464823,-20.848753,1.349132,-21.727341
4.293750,95.990364,-2.597486,5.284690,-20.679108,3.143816,-21.526239
4.300000,100.006966,-2.603440,-0.541361,-20.478453,5.574139,-21.302229
4.306250,103.755463,-2.609770,-6.655270,-20.248301,8.804324,-21.046486
4.312500,106.708931,-2.615396,-12.773153,-19.997437,12.666755,-20.764771
4.318750,108.371933,-2.620471,-18.647171,-19.737329,16.898081,-20.468143
4.325000,108.309372,-2.625947,-24.073242,-19.486345,21.196600,-20.172991
4.331250,106.181526,-2.631965,-28.883705,-19.264610,25.251505,-19.894802
4.337500,101.757767,-2.637501,-32.930813,-19.099928,28.786640,-19.642033
4.343750,94.919006,-2.642003,-36.132233,-19.001177,31.562443,-19.392288
4.350000,85.661469,-2.645542,-37.490906,-18.914114,33.315865,-19.199434
4.356250,74.103973,-2.648195,-37.631916,-18.923323,35.544361,-19.091030
4.362500,60.483837,-2.649398,-36.378674,-19.035656,37.061310,-19.074768
4.368750,45.140701,-2.649346,-33.676571,-19.246765,38.257179,-19.175707
4.375000,28.495337,-2.648702,-29.616207,-19.546692,39.492249,-19.381605
4.381250,11.039294,-2.647630,-24.367443,-19.918154,40.611973,-19.626324
4.387500,-6.691133,-2.645499,-18.163977,-20.337080,42.486137,-19.917828
4.393750,-24.149942,-2.642342,-11.329004,-20.784369,43.438950,-20.298822
4.400000,-40.811157,-2.639298,-4.258188,-21.246630,45.212715,-20.754854
4.406250,-56.183285,-2.636644,0.787061,-21.707397,47.273788,-21.254761
4.412500,-69.834694,-2.633648,7.268389,-22.150787,49.313541,-21.775980
4.418750,-81.422577,-2.630306,13.000807,-22.566149,51.106369,-22.301073
4.425000,-90.714561,-2.627366,17.795664,-22.912701,52.524387,-22.795204
4.431250,-97.591728,-2.625386,21.631977,-23.166405,53.575363,-23.216965
4.437500,-102.048660,-2.623874,24.242973,-23.336678,54.087864,-23.557734
4.443750,-104.204552,-2.622537,25.644928,-23.430498,54.003819,-23.809278
4.450000,-104.299438,-2.622158,26.018135,-23.449448,53.426411,-23.962120
4.456250,-102.675797,-2.623335,25.617043,-23.396267,52.517521,-24.011868
4.462500,-99.755569,-2.625469,24.769722,-23.278660,51.454552,-23.960527
4.468750,-96.025002,-2.627993,23.880270,-23.111164,50.452652,-23.820929
4.475000,-92.018890,-2.631163,21.509899,-22.907921,49.773102,-23.609131
4.481250,-86.118088,-2.635124,19.849232,-22.658108,48.032520,-23.286329
4.487500,-80.213554,-2.639409,18.781191,-22.385525,47.026264,-22.895468
4.493750,-74.303696,-2.643506,18.088810,-22.115557,46.319408,-22.471352
4.500000,-68.393326,-2.648329,17.689785,-21.864628,45.682972,-22.039591
4.506250,-62.485008,-2.654670,17.536299,-21.639057,44.921452,-21.619076
4.512500,-56.572254,-2.661579,17.579697,-21.433804,43.841496,-21.223143
4.518750,-50.647179,-2.667670,17.754463,-21.223272,42.236393,-20.863535
4.525000,-44.711876,-2.672667,17.974375,-20.990465,39.861084,-20.566219
4.531250,-38.775555,-2.677693,19.428511,-20.834620,36.372551,-20.359465
4.537500,-32.841423,-2.683177,21.234785,-20.708519,33.042065,-20.184277
4.543750,-26.903168,-2.688606,21.935266,-20.581249,28.332819,-20.067242
4.550000,-20.956947,-2.693162,23.262800,-20.472023,22.689312,-19.994097
4.556250,-15.005028,-2.696783,24.751654,-20.404345,16.406132,-19.976791
4.562500,-9.051349,-2.699816,26.061750,-20.396944,10.397554,-20.078831
4.568750,-3.096869,-2.702283,26.881460,-20.473303,4.574162,-20.293726
4.575000,2.859687,-2.704030,26.918182,-20.673620,-0.854065,-20.567535
4.581250,8.819530,-2.704602,25.929848,-20.979141,-5.865014,-20.887585
4.587500,14.780093,-2.703897,24.832092,-21.351994,-9.804710,-21.274351
4.593750,20.739225,-2.702207,22.988773,-21.828148,-12.515363,-21.724527
4.600000,26.694363,-2.699670,20.428518,-22.412010,-13.996815,-22.221395
4.606250,32.645088,-2.696233,17.150934,-23.149559,-14.396227,-22.759460
4.612500,38.591316,-2.691927,13.331764,-23.949017,-14.025065,-23.337740
4.618750,44.529034,-2.687458,9.323636,-24.814987,-13.049824,-23.932358
4.625000,50.455589,-2.683679,4.997009,-25.731556,-11.751836,-24.526814
4.631250,56.375404,-2.680131,0.587621,-26.667976,-10.473842,-25.107494
4.637500,62.293526,-2.675838,-3.660602,-27.584246,-9.589485,-25.660778
4.643750,68.208023,-2.671118,-7.507347,-28.431505,-9.476757,-26.155367
4.650000,74.110458,-2.667396,-12.634523,-29.155123,-10.504221,-26.549103
4.656250,79.998009,-2.665672,-15.121221,-29.710489,-12.993649,-26.815668
4.662500,85.878197,-2.665674,-16.909361,-30.090260,-15.342500,-26.999197
4.668750,91.757240,-2.666895,-17.988003,-30.270861,-19.163988,-27.076385
4.675000,95.741142,-2.669531,-18.298258,-30.236938,-24.078474,-27.035419
4.681250,99.452408,-2.673555,-17.921412,-29.987732,-29.841024,-26.874454
4.687500,102.360939,-2.678451,-17.018038,-29.542734,-36.204174,-26.601971
4.693750,103.974976,-2.684278,-15.802021,-28.938255,-42.890945,-26.230656
4.700000,103.864647,-2.691847,-14.523021,-28.217621,-49.560665,-25.766771
4.706250,101.690552,-2.701221,-13.625239,-27.375277,-55.844246,-25.206120
4.712500,97.225388,-2.710879,-13.484787,-26.453102,-61.355228,-24.559322
4.718750,90.353065,-2.719512,-14.287950,-25.509371,-67.449394,-23.923332
4.725000,81.066307,-2.727437,-14.432548,-24.619974,-72.573509,-23.309353
4.731250,69.478676,-2.735516,-15.623420,-23.813803,-76.959587,-22.754240
4.737500,55.829441,-2.743331,-17.592621,-23.108538,-80.749687,-22.245214
4.743750,40.465061,-2.749707,-20.158728,-22.517075,-84.385834,-21.766743
4.750000,23.809675,-2.754838,-23.122137,-22.038143,-85.751404,-21.325602
4.756250,6.347625,-2.759441,-26.247652,-21.636171,-86.472870,-20.978632
4.762500,-11.389699,-2.763549,-29.291424,-21.325113,-85.808273,-20.743725
4.768750,-28.851091,-2.766555,-30.807320,-21.139437,-83.763634,-20.596472
4.775000,-45.505272,-2.768385,-31.285744,-21.029060,-80.047371,-20.521488
4.781250,-60.865150,-2.769698,-30.177597,-20.958540,-74.394913,-20.510321
4.787500,-74.506012,-2.770927,-28.916014,-20.871958,-66.612564,-20.555838
4.793750,-86.085960,-2.772144,-25.705721,-20.807327,-58.351822,-20.603161
4.800000,-95.367149,-2.773570,-21.013529,-20.735666,-48.054947,-20.658194
4.806250,-102.226318,-2.775179,-15.143139,-20.649651,-36.496998,-20.715351
4.812500,-106.663055,-2.776806,-8.619799,-20.547695,-24.318598,-20.761286
4.818750,-108.797836,-2.778680,-1.972968,-20.430252,-12.135031,-20.778322
4.825000,-108.869812,-2.781359,4.273042,-20.302998,-0.504374,-20.766499
4.831250,-107.218124,-2.784732,11.766840,-20.179962,10.071410,-20.742340
4.837500,-104.263153,-2.787650,18.704855,-20.078505,19.148861,-20.715527
4.843750,-100.495689,-2.789494,23.397289,-19.985828,26.608644,-20.629541
4.850000,-96.456177,-2.791340,27.766535,-19.899506,32.229202,-20.512857
4.856250,-90.528885,-2.794585,31.322538,-19.838781,35.791897,-20.386681
4.862500,-84.603920,-2.798584,33.773552,-19.813025,37.444206,-20.263895
4.868750,-78.670456,-2.801830,34.985146,-19.814741,37.473675,-20.147289
4.875000,-72.729004,-2.804008,34.920013,-19.824425,36.242283,-20.037716
4.881250,-66.788895,-2.806071,33.624485,-19.817905,34.111328,-19.940601
4.887500,-60.853321,-2.808574,31.434050,-19.826960,31.459505,-19.861591
4.893750,-54.918736,-2.811296,28.680418,-19.844793,28.680744,-19.805979
4.900000,-48.982697,-2.813916,25.460232,-19.866003,26.145700,-19.772449
4.906250,-43.045353,-2.816586,22.077103,-19.893188,24.197561,-19.749634
4.912500,-37.106934,-2.819046,18.758799,-19.908001,23.119360,-19.711605
4.918750,-31.166929,-2.821283,15.745540,-19.916536,23.263815,-19.681454
4.925000,-25.227201,-2.823759,13.440543,-19.942411,25.291439,-19.689850
4.931250,-19.287951,-2.826458,12.031050,-20.001926,26.911697,-19.725256
4.937500,-13.344917,-2.828590,11.610723,-20.104486,29.577215,-19.787094
4.943750,-7.394104,-2.829326,12.194263,-20.256489,32.901993,-19.880602
4.950000,-1.442871,-2.829230,13.746782,-20.456108,36.497551,-20.009378
4.956250,4.502667,-2.829345,16.192802,-20.695728,39.992329,-20.178661
4.962500,10.444173,-2.829438,17.499651,-20.959982,42.998802,-20.415543
4.968750,16.387976,-2.828691,21.279205,-21.227816,45.143192,-20.628708
4.975000,22.331488,-2.827482,25.278545,-21.520996,46.984062,-20.868835
4.981250,28.270407,-2.826341,29.217102,-21.822676,47.634575,-21.154440
4.987500,34.205933,-2.824882,32.955650,-22.118324,47.171623,-21.479416
4.993750,40.142784,-2.822380,36.216198,-22.401976,45.524433,-21.839701
5.000000,46.076458,-2.819340,38.766823,-22.664915,42.624619,-22.230255
5.006250,51.998692,-2.817179,40.447258,-22.894714,38.427601,-22.643553
5.012500,57.911537,-2.816123,41.141499,-23.074160,34.723648,-23.031971
5.018750,63.823521,-2.815092,40.781746,-23.178114,29.720497,-23.346823
5.025000,69.736923,-2.813762,39.520523,-23.224113,23.836170,-23.648447
5.031250,75.647148,-2.812790,37.431396,-23.229580,17.538309,-23.919474
5.037500,81.550842,-2.812396,34.682545,-23.193409,11.408307,-24.142290
5.043750,87.452057,-2.812474,31.344500,-23.141487,5.777017,-24.309273
5.050000,93.351128,-2.813226,27.450274,-23.129658,0.934574,-24.415569
5.056250,97.351799,-2.815126,24.048222,-23.037868,-2.807691,-24.448887
5.062500,101.080261,-2.817522,20.381561,-22.960678,-5.179979,-24.403566
5.068750,104.009583,-2.819231,16.852060,-22.922243,-6.026989,-24.285616
5.075000,105.642845,-2.820586,11.954861,-22.926052,-5.207091,-24.101179
5.081250,105.544014,-2.823350,7.688894,-22.959118,-2.584554,-23.855425
5.087500,103.372665,-2.827752,3.888085,-23.000864,1.930508,-23.559246
5.093750,98.903893,-2.832490,0.500999,-23.059603,8.332740,-23.232962
5.100000,92.020737,-2.836508,-2.524477,-23.125465,16.458923,-22.900858
5.106250,82.715439,-2.840774,-5.445208,-23.174057,25.817728,-22.530420
5.112500,71.103943,-2.846203,-8.382292,-23.184984,36.046410,-22.153305
5.118750,57.429295,-2.852050,-11.406336,-23.144785,46.904190,-21.796371
5.125000,42.037159,-2.857296,-14.576395,-23.046824,57.828636,-21.474682
5.131250,25.352858,-2.862370,-17.918930,-22.886513,68.189308,-21.194399
5.137500,7.861907,-2.868126,-21.433029,-22.663824,77.361160,-20.951366
5.143750,-9.901129,-2.874313,-22.946777,-22.383078,84.767487,-20.708630
5.150000,-27.385181,-2.880286,-23.807623,-22.055244,89.925896,-20.571554
5.156250,-44.055908,-2.885763,-25.394594,-21.687832,93.887711,-20.450682
5.162500,-59.424740,-2.890959,-25.560549,-21.283352,95.890564,-20.360899
5.168750,-73.063980,-2.895707,-24.542562,-20.868902,95.852341,-20.312542
5.175000,-84.633446,-2.899600,-22.608625,-20.468826,94.242752,-20.303114
5.181250,-93.896980,-2.902648,-20.001186,-20.102808,91.657364,-20.320486
5.187500,-100.734634,-2.904859,-17.002501,-19.789850,88.781769,-20.347664
5.193750,-105.148407,-2.906387,-13.928523,-19.549004,84.264412,-20.407763
5.200000,-107.260849,-2.907408,-11.099523,-19.400337,80.399467,-20.575251
5.206250,-107.310020,-2.908324,-6.619904,-19.352627,77.383698,-20.699600
5.212500,-105.636467,-2.909100,-1.975100,-19.378046,74.166451,-20.830242
5.218750,-102.663841,-2.909353,1.202671,-19.477331,71.946579,-20.984224
5.225000,-98.883644,-2.908612,4.688845,-19.630127,70.574120,-21.160370
5.231250,-94.831451,-2.907056,8.237603,-19.774603,69.839561,-21.354834
5.237500,-88.889297,-2.905160,10.498948,-20.040590,69.422188,-21.574699
5.243750,-82.954185,-2.903399,11.975183,-20.354580,68.945618,-21.824638
5.250000,-77.027672,-2.902506,12.190425,-20.695910,68.079834,-22.097059
5.256250,-71.105873,-2.902399,12.851408,-21.047369,66.487129,-22.387026
5.262500,-65.182976,-2.901866,12.185752,-21.391886,63.857059,-22.686029
5.268750,-59.257187,-2.900397,10.427146,-21.723658,59.921619,-22.979650
5.275000,-53.337944,-2.899304,7.828853,-22.038115,54.410347,-23.249353
5.281250,-47.431946,-2.900246,4.594454,-22.328571,47.153839,-23.473425
5.287500,-41.532188,-2.902623,0.905070,-22.586786,38.362514,-23.693460
5.293750,-35.625763,-2.904437,-3.069000,-22.806131,28.215147,-23.888792
5.300000,-29.714191,-2.905578,-7.155164,-22.978247,16.773939,-24.038361
5.306250,-23.809629,-2.908020,-11.162426,-23.091656,4.393012,-24.127659
5.312500,-17.915079,-2.912537,-14.930283,-23.139631,-8.487452,-24.148628
5.318750,-12.019385,-2.918131,-18.329611,-23.117077,-21.400234,-24.095182
5.325000,-6.115160,-2.923957,-21.245167,-23.020189,-33.854462,-23.958746
5.331250,-0.205023,-2.930434,-23.624720,-22.856668,-45.414875,-23.727900
5.337500,5.708946,-2.937622,-23.328789,-22.680338,-55.909286,-23.467667
5.343750,11.633093,-2.944357,-23.479179,-22.428402,-64.718246,-23.151520
5.350000,17.567970,-2.950054,-21.926800,-22.161900,-71.833572,-22.823715
5.356250,23.507669,-2.955639,-19.040987,-21.912796,-77.106110,-22.519709
5.362500,29.448669,-2.961466,-14.950903,-21.704781,-80.459282,-22.276896
5.368750,35.397556,-2.966299,-9.857748,-21.554333,-82.001152,-22.097816
5.375000,41.358128,-2.969110,-3.988268,-21.466558,-82.046669,-21.964331
5.381250,47.322777,-2.970524,2.379593,-21.437000,-80.727768,-21.826437
5.387500,53.283657,-2.971264,8.904035,-21.458748,-78.519783,-21.834543
5.393750,59.243572,-2.970806,13.203668,-21.556955,-74.541206,-21.949240
5.400000,65.204948,-2.968527,18.694443,-21.724358,-70.203087,-22.156261
5.406250,71.161224,-2.965278,23.314999,-21.941578,-65.787346,-22.456009
5.412500,77.105972,-2.962272,26.883615,-22.182089,-61.490131,-22.797268
5.418750,83.042374,-2.959047,29.273411,-22.420523,-57.274109,-23.138460
5.425000,88.975220,-2.955089,30.395237,-22.634743,-53.594021,-23.471663
5.431250,94.901184,-2.951114,30.289757,-22.804459,-50.534050,-23.777596
5.437500,98.918839,-2.948313,29.182800,-22.913898,-48.056503,-24.027599
5.443750,102.652420,-2.947055,27.443657,-22.954466,-46.103344,-24.197035
5.450000,105.576691,-2.947024,25.427313,-22.913746,-44.623482,-24.271000
5.456250,107.202469,-2.948024,23.521099,-22.784533,-43.471912,-24.239655
5.462500,107.102760,-2.950009,20.268885,-22.573212,-42.465092,-24.113094
5.468750,104.940216,-2.952376,17.750528,-22.293726,-41.410549,-23.925699
5.475000,100.477646,-2.955208,15.928433,-21.949726,-39.696445,-23.593948
5.481250,93.588982,-2.959607,14.759026,-21.553291,-37.314827,-23.194469
5.487500,84.275978,-2.965798,14.043202,-21.136539,-34.222095,-22.769753
5.493750,72.668785,-2.972365,13.628645,-20.729605,-30.131462,-22.352856
5.500000,59.012119,-2.977589,13.427786,-20.353798,-24.800108,-21.970369
5.506250,43.640972,-2.981916,13.386395,-20.021749,-18.053549,-21.639845
5.512500,26.971817,-2.986611,13.437789,-19.732958,-9.863419,-21.341927
5.518750,9.498061,-2.991379,13.522554,-19.446835,-0.493340,-21.097073
5.525000,-8.240113,-2.995002,13.535656,-19.263176,9.320782,-20.944851
5.531250,-25.696798,-2.997275,13.537480,-19.150400,19.812132,-20.873606
5.537500,-42.346825,-2.998857,13.616345,-19.100346,30.519011,-20.872505
5.543750,-57.700035,-2.999894,13.525291,-19.117378,40.897278,-20.926323
5.550000,-71.327133,-3.000042,13.039826,-19.207012,50.490612,-21.056011
5.556250,-82.887505,-2.999152,11.984332,-19.375685,59.082073,-21.307482
5.562500,-92.147354,-2.997584,10.219897,-19.632309,66.668907,-21.560923
5.568750,-98.985626,-2.995253,7.720828,-19.951254,72.816025,-21.857597
5.575000,-103.402679,-2.992105,6.706299,-20.322573,77.342354,-22.199961
5.581250,-105.522690,-2.988543,3.767710,-20.746729,80.454498,-22.575048
5.587500,-105.583946,-2.985100,1.051985,-21.218000,82.453598,-22.955439
5.593750,-103.926216,-2.981440,-1.465408,-21.736002,83.620399,-23.362595
5.600000,-100.975723,-2.977809,-3.769123,-22.280697,82.252266,-23.770525
5.606250,-97.227371,-2.975049,-5.755659,-22.824884,80.636665,-24.160767
5.612500,-93.213814,-2.973340,-7.460123,-23.353453,78.495262,-24.532188
5.618750,-87.305359,-2.971538,-8.906622,-23.852221,75.699837,-24.881239
5.625000,-81.393898,-2.969022,-10.086460,-24.306337,72.183861,-25.207993
5.631250,-75.489212,-2.967319,-10.969629,-24.697668,67.894119,-25.508341
5.637500,-69.598030,-2.967929,-13.420384,-25.006887,62.728893,-25.745911
5.643750,-63.710339,-2.969998,-13.636565,-25.211946,58.494465,-25.889610
5.650000,-57.815193,-2.971746,-13.521629,-25.289951,53.687366,-25.900600
5.656250,-51.915291,-2.973510,-13.193419,-25.246864,48.340237,-25.880713
5.662500,-46.020824,-2.976753,-12.846986,-25.095642,42.939629,-25.789349
5.668750,-40.132557,-2.981861,-12.504999,-24.834959,37.980026,-25.613134
5.675000,-34.240551,-2.987914,-12.257564,-24.477081,33.664825,-25.353325
5.681250,-28.339283,-2.994147,-12.254006,-24.042007,30.146360,-25.014874
5.687500,-22.431868,-3.000616,-12.632890,-23.560345,27.582308,-24.602737
5.693750,-16.519575,-3.007220,-13.582651,-23.073679,26.158043,-24.135252
5.700000,-10.601840,-3.013649,-15.560286,-22.539717,26.259317,-23.645281
5.706250,-4.680779,-3.020357,-16.620285,-22.019928,26.152718,-23.153568
5.712500,1.241625,-3.027911,-18.137949,-21.558836,27.363636,-22.691996
5.718750,7.169946,-3.035545,-19.857676,-21.180470,29.419327,-22.292528
5.725000,13.111606,-3.041749,-21.556440,-20.895664,31.832167,-21.960564
5.731250,19.064693,-3.046186,-23.055691,-20.704605,35.905159,-21.670538
5.737500,25.018932,-3.049973,-24.209108,-20.595015,39.624886,-21.398981
5.743750,30.970367,-3.053416,-24.934980,-20.545444,42.582321,-21.263304
5.750000,36.925007,-3.055579,-25.287046,-20.565084,44.846790,-21.221109
5.756250,42.882927,-3.056140,-25.418180,-20.648054,46.456169,-21.255568
5.762500,48.838562,-3.055942,-23.080606,-20.769476,47.209465,-21.353733
5.768750,54.786186,-3.055514,-21.582201,-20.903162,46.917133,-21.507986
5.775000,60.728409,-3.054663,-18.930012,-21.023060,45.386169,-21.731665
5.781250,66.667053,-3.053243,-15.414952,-21.116642,43.451988,-21.914501
5.787500,72.598145,-3.052029,-11.428287,-21.178455,40.462482,-22.115921
5.793750,78.519905,-3.051747,-7.309358,-21.199106,36.657749,-22.325253
5.800000,84.435791,-3.052289,-3.405653,-21.170101,32.203354,-22.522665
5.806250,90.350159,-3.053269,-0.078421,-21.089212,27.259336,-22.682848
5.812500,94.369446,-3.054377,2.323022,-20.966637,22.035154,-22.783209
5.818750,98.113792,-3.055854,5.583909,-20.796225,16.884890,-22.838507
5.825000,101.048302,-3.058280,8.259821,-20.605249,10.052535,-22.865784
5.831250,102.680107,-3.062648,10.567799,-20.431696,3.169396,-22.844547
5.837500,102.585709,-3.068875,12.925087,-20.263714,-3.672141,-22.750168
5.843750,100.434837,-3.075549,14.146718,-20.095285,-10.744753,-22.614624
5.850000,95.997765,-3.080953,15.852381,-19.971354,-18.113792,-22.463758
5.856250,89.148994,-3.084734,17.856739,-19.909136,-25.675568,-22.314985
5.862500,79.876595,-3.088133,20.051949,-19.913176,-33.309170,-22.184179
5.868750,68.298927,-3.091788,22.323294,-19.971519,-40.945412,-22.081009
5.875000,54.656376,-3.095041,24.638929,-20.049700,-48.587242,-21.993036
5.881250,39.294128,-3.097477,27.291296,-20.209497,-56.402569,-21.930696
5.887500,22.636459,-3.099124,30.365475,-20.422504,-62.276848,-21.907127
5.893750,5.173830,-3.099867,31.873135,-20.668764,-67.521469,-21.914635
5.900000,-12.561233,-3.099560,33.572945,-20.946991,-71.745567,-21.940701
5.906250,-30.026840,-3.098835,35.092365,-21.271109,-74.581459,-21.988380
5.912500,-46.693546,-3.098520,36.149124,-21.639122,-77.704407,-22.066851
5.918750,-62.065540,-3.098032,36.893066,-21.993130,-79.536362,-22.157869
5.925000,-75.709389,-3.096285,36.825294,-22.366772,-80.494286,-22.256363
5.931250,-87.289749,-3.094063,35.775146,-22.768978,-80.903069,-22.364220
5.937500,-96.576897,-3.092760,33.771179,-23.194017,-81.028542,-22.483580
5.943750,-103.448723,-3.092359,30.926931,-23.624907,-81.080338,-22.613346
5.950000,-107.895172,-3.091696,27.628290,-24.044899,-81.276070,-22.764797
5.956250,-110.037086,-3.090714,24.264555,-24.434698,-81.970024,-22.804075
5.962500,-110.119186,-3.090778,20.948807,-24.776217,-80.744751,-22.880133
5.968750,-108.481293,-3.091799,17.757593,-25.057486,-79.719719,-22.955696
5.975000,-105.541229,-3.092110,14.775215,-25.265886,-78.381233,-23.026072
5.981250,-101.790718,-3.091334,12.086431,-25.393290,-76.308029,-23.090370
5.987500,-97.773796,-3.091278,9.752686,-25.433229,-73.140961,-23.147408
5.993750,-91.874947,-3.093184,7.841176,-25.381033,-68.573006,-23.194660
6.000000,-85.977325,-3.096090,6.388559,-25.236092,-62.399693,-23.229965
6.006250,-80.072968,-3.098892,5.424611,-24.993797,-54.548592,-23.236988
6.012500,-74.165634,-3.102020,4.957963,-24.640438,-45.253864,-23.194654
6.018750,-68.259651,-3.106115,4.891988,-24.215570,-35.055286,-23.140049
6.025000,-62.350349,-3.110360,5.062181,-23.762068,-23.923044,-23.076170
6.031250,-56.433952,-3.114186,5.910285,-23.290112,-12.223650,-23.012608
6.037500,-50.514103,-3.118211,7.246566,-22.833920,-0.521802,-22.962774
6.043750,-44.593727,-3.122753,8.861999,-22.435171,10.649302,-22.931170
6.050000,-38.669041,-3.126898,10.609840,-22.110468,20.952627,-22.881083
6.056250,-32.735626,-3.130023,12.470788,-21.863831,30.040325,-22.837049
6.062500,-26.800467,-3.132812,14.146261,-21.726864,37.591896,-22.831076
6.068750,-20.867338,-3.135810,13.545180,-21.714237,43.424324,-22.866545
6.075000,-14.931182,-3.138025,14.393565,-21.821934,47.519180,-22.940969
6.081250,-8.988249,-3.138454,14.779363,-22.027338,49.982620,-23.053038
6.087500,-3.046681,-3.138007,14.713233,-22.280487,50.960728,-23.191130
6.093750,2.884326,-3.138236,14.179759,-22.542301,50.492516,-23.324993
6.100000,8.806744,-3.139071,12.681792,-22.842821,48.729248,-23.463636
6.106250,14.728959,-3.139902,10.442975,-23.123646,46.051826,-23.604858
6.112500,20.652294,-3.140394,7.512458,-23.349331,42.709488,-23.737186
6.118750,26.571690,-3.141217,3.834483,-23.498232,38.882893,-23.844957
6.125000,32.486473,-3.142766,-0.621527,-23.560917,34.737213,-23.908104
6.131250,38.397644,-3.145154,-3.669446,-23.537453,30.474323,-23.879831
6.137500,44.308449,-3.148513,-6.592821,-23.433432,26.532469,-23.822889
6.143750,50.221668,-3.152346,-10.613548,-23.244324,21.704523,-23.705795
6.150000,56.141842,-3.155661,-13.516850,-22.985605,17.155027,-23.529377
6.156250,62.068100,-3.158195,-15.390916,-22.684477,12.739251,-23.307343
6.162500,67.994110,-3.160824,-16.289450,-22.365475,8.465843,-23.055040
6.168750,73.916389,-3.164121,-16.254166,-22.047596,4.392364,-22.785048
6.175000,79.840828,-3.167406,-15.376916,-21.749249,0.584385,-22.510706
6.181250,85.771469,-3.169649,-13.801867,-21.486698,-2.894321,-22.244762
6.187500,91.705589,-3.171099,-11.700236,-21.273382,-5.932249,-22.025354
6.193750,95.742378,-3.172439,-9.284687,-21.127766,-8.300061,-21.833460
6.200000,99.504097,-3.173483,-6.777617,-21.059561,-10.706821,-21.680546
6.206250,102.460129,-3.173938,-3.959455,-21.037628,-12.409523,-21.599567
6.212500,104.117302,-3.174121,-0.904714,-21.084028,-13.596497,-21.606880
6.218750,104.044937,-3.174491,2.076947,-21.195820,-14.429415,-21.727077
6.225000,101.904137,-3.175093,4.799893,-21.354845,-15.154604,-21.889193
6.231250,97.460320,-3.175638,7.011415,-21.561659,-15.110593,-22.117931
6.237500,90.592484,-3.176125,8.341103,-21.823624,-15.503630,-22.431513
6.243750,81.301125,-3.176409,8.717637,-22.120409,-16.159533,-22.817629
6.250000,69.708199,-3.176248,10.203826,-22.436487,-17.069393,-23.258276
6.256250,56.048866,-3.175921,11.335003,-22.761156,-18.222824,-23.731611
6.262500,40.659615,-3.176266,10.650067,-23.089077,-19.581154,-24.213902
6.268750,23.970480,-3.177061,10.235923,-23.410381,-20.977293,-24.665981
6.275000,6.479590,-3.176961,10.058571,-23.703587,-21.951702,-25.073088
6.281250,-11.279308,-3.175717,10.043599,-23.958242,-22.393364,-25.426933
6.287500,-28.771130,-3.174808,10.052909,-24.171228,-22.229429,-25.710886
6.293750,-45.469231,-3.175662,10.006526,-24.336948,-21.172970,-25.909555
6.300000,-60.873066,-3.177485,9.880065,-24.443800,-18.899513,-26.007175
6.306250,-74.545845,-3.178936,9.652560,-24.478851,-15.130316,-25.990528
6.312500,-86.149376,-3.180292,9.283238,-24.427801,-9.687583,-25.847666
6.318750,-95.454430,-3.182586,8.704361,-24.283634,-2.551521,-25.596189
6.325000,-102.339325,-3.185935,9.905989,-24.073208,5.999739,-25.291178
6.331250,-106.797615,-3.189764,11.410952,-23.811007,15.679133,-24.903475
6.337500,-108.949699,-3.194021,11.932143,-23.486925,26.085476,-24.457695
6.343750,-109.034988,-3.199185,13.488690,-23.118891,36.988853,-24.000044
6.350000,-107.391975,-3.204751,15.763849,-22.736366,47.813457,-23.567335
6.356250,-104.442505,-3.209736,18.493471,-22.367157,57.889015,-23.189302
6.362500,-100.679138,-3.213914,21.440180,-22.035061,66.539978,-22.884310
6.368750,-96.640518,-3.217699,24.373695,-21.757584,73.124123,-22.625443
6.375000,-90.706795,-3.221089,27.060108,-21.548582,77.040154,-22.474840
6.381250,-84.770798,-3.223763,29.212561,-21.488363,78.862572,-22.451759
6.387500,-78.833244,-3.225924,32.089962,-21.446226,77.718773,-22.545418
6.393750,-72.897614,-3.227757,34.030659,-21.504354,73.774979,-22.729279
6.400000,-66.961388,-3.228895,35.652126,-21.670900,67.372650,-22.928921
6.406250,-61.024902,-3.228988,36.929157,-21.937246,58.824177,-23.192884
6.412500,-55.091808,-3.228877,37.805302,-22.287476,47.335552,-23.523132
6.418750,-49.166534,-3.229465,38.204845,-22.703920,34.311615,-23.876116
6.425000,-43.245094,-3.230372,38.069691,-23.159349,20.197765,-24.219116
6.431250,-37.321255,-3.230667,37.378361,-23.622555,5.532865,-24.522703
6.437500,-31.397587,-3.230599,36.085701,-24.062664,-9.145113,-24.760967
6.443750,-25.480270,-3.231272,36.339924,-24.443762,-23.305119,-24.906639
6.450000,-19.568680,-3.233036,34.857018,-24.738447,-36.519703,-24.968000
6.456250,-13.656645,-3.235153,33.661415,-24.942816,-48.621758,-25.007809
6.462500,-7.741300,-3.237360,32.622593,-25.051912,-59.507942,-24.925957
6.468750,-1.825257,-3.239855,31.689638,-25.060482,-67.267708,-24.770687
6.475000,4.092058,-3.242414,30.778948,-24.971308,-73.190849,-24.580116
6.481250,10.013267,-3.244567,29.781853,-24.801899,-76.987831,-24.382595
6.487500,15.935298,-3.246742,28.579380,-24.582529,-78.496826,-24.203785
6.493750,21.855413,-3.249533,27.168316,-24.331038,-77.592278,-24.039276
6.500000,27.775904,-3.252404,25.642868,-24.054024,-76.084961,-23.876795
6.506250,33.702785,-3.254435,22.091928,-23.774969,-72.528313,-23.711611
6.512500,39.632187,-3.255940,18.128405,-23.514505,-67.452042,-23.592798
6.518750,45.557537,-3.258078,15.366920,-23.309174,-61.291748,-23.524801
6.525000,51.479897,-3.260753,12.016975,-23.172104,-54.846756,-23.492085
6.531250,57.407154,-3.262900,8.311817,-23.102966,-48.672115,-23.484892
6.537500,63.340496,-3.264046,4.424428,-23.098730,-43.239948,-23.496826
6.543750,69.272308,-3.265132,0.499240,-23.152679,-38.953583,-23.526407
6.550000,75.198586,-3.266705,-3.330216,-23.255068,-36.170746,-23.565519
6.556250,81.125031,-3.268231,-6.911983,-23.380690,-33.413357,-23.578587
6.562500,87.053856,-3.269334,-10.045164,-23.419746,-32.315727,-23.585011
6.568750,92.982681,-3.270220,-12.050647,-23.536882,-32.390068,-23.586479
6.575000,97.014732,-3.271065,-14.437766,-23.647541,-33.268814,-23.591467
6.581250,100.771797,-3.271683,-15.627701,-23.733599,-34.577957,-23.603098
6.587500,103.721405,-3.272491,-15.794100,-23.791391,-35.725407,-23.609283
6.593750,105.369270,-3.274068,-15.112153,-23.824333,-38.192909,-23.615993
6.600000,105.290894,-3.275875,-13.757792,-23.837656,-39.947887,-23.628250
6.606250,103.151245,-3.276872,-11.894036,-23.833513,-41.102551,-23.647017
6.612500,98.710724,-3.277331,-9.687451,-23.814358,-41.778572,-23.671717
6.618750,91.839920,-3.278424,-7.321917,-23.781189,-42.121250,-23.700134
6.625000,82.538185,-3.280768,-4.980793,-23.733919,-42.274330,-23.727438
6.631250,70.933395,-3.283456,-0.693145,-23.675373,-42.393753,-23.752583
6.637500,57.267467,-3.285927,2.102113,-23.605190,-42.616970,-23.760248
6.643750,41.877140,-3.288858,5.386320,-23.514109,-41.746532,-23.713781
6.650000,25.187204,-3.292673,8.947006,-23.388926,-42.681908,-23.658773
6.656250,7.694518,-3.296545,12.464166,-23.229984,-44.074562,-23.588873
6.662500,-10.065013,-3.299743,15.595433,-23.038055,-46.105736,-23.497267
6.668750,-27.548338,-3.302604,18.075430,-22.803537,-48.944649,-23.373972
6.675000,-44.227894,-3.305721,19.618876,-22.530333,-52.802738,-23.233479
6.681250,-59.610855,-3.309270,19.873932,-22.241301,-55.791878,-23.098194
6.687500,-73.267090,-3.312964,20.822536,-21.944124,-59.333832,-22.973568
6.693750,-84.854347,-3.316708,20.970337,-21.662516,-63.013988,-22.868938
6.700000,-94.134659,-3.320042,20.630878,-21.441694,-66.498863,-22.805302
6.706250,-100.984436,-3.322318,19.753628,-21.208693,-69.396690,-22.795969
6.712500,-105.407036,-3.323719,18.687233,-21.030207,-71.183800,-22.822943
6.718750,-107.529823,-3.325092,17.837187,-20.939365,-71.692207,-22.907700
6.725000,-107.590424,-3.326732,17.284311,-20.948664,-70.788757,-23.045366
6.731250,-105.923737,-3.327916,17.036123,-21.060570,-68.208328,-23.228369
6.737500,-102.954475,-3.328056,17.048965,-21.265285,-65.618439,-23.488562
6.743750,-99.178574,-3.327374,17.226158,-21.557177,-61.529697,-23.793827
6.750000,-95.134018,-3.326458,17.370289,-21.948082,-56.445957,-24.110136
6.756250,-89.198235,-3.325417,19.605299,-22.377911,-50.750362,-24.402504
6.762500,-83.265343,-3.324430,20.771301,-22.822798,-44.885071,-24.658443
6.768750,-77.335869,-3.323701,22.514368,-23.286608,-39.384766,-24.871429
6.775000,-71.407387,-3.322704,24.645330,-23.752535,-32.444412,-25.027084
6.781250,-65.477455,-3.321001,26.986448,-24.202263,-25.789543,-25.117226
6.787500,-59.550285,-3.319067,29.338175,-24.615841,-19.251291,-25.137125
6.793750,-53.630997,-3.317876,31.493073,-24.976147,-12.648009,-25.085526
6.800000,-47.719433,-3.317890,33.243076,-25.267927,-5.787354,-24.963274
6.806250,-41.808849,-3.318275,34.400940,-25.479563,1.521740,-24.772791
6.812500,-35.896591,-3.318870,34.800560,-25.604155,9.458883,-24.509043
6.818750,-29.985542,-3.320338,36.467220,-25.644148,18.225750,-24.142096
6.825000,-24.076567,-3.322642,37.908882,-25.627140,25.064953,-23.793850
6.831250,-18.163862,-3.324882,37.704803,-25.531475,32.567986,-23.438850
6.837500,-12.246827,-3.326903,38.166199,-25.372347,39.859966,-23.118494
6.843750,-6.331416,-3.329748,38.904312,-25.186031,46.287903,-22.878109
6.850000,-0.418673,-3.333755,39.863846,-24.994106,51.141846,-22.693447
6.856250,5.499301,-3.337570,41.024292,-24.812355,55.769581,-22.591621
6.862500,11.427490,-3.339997,42.365543,-24.649847,58.368557,-22.592230
6.868750,17.359135,-3.341710,43.883099,-24.505220,59.166065,-22.691658
6.875000,23.285303,-3.343903,45.585339,-24.363081,58.447544,-22.875784
6.881250,29.206980,-3.346555,45.615791,-24.184584,56.579632,-23.111887
6.887500,35.130238,-3.349136,46.080894,-24.062870,53.908207,-23.369869
6.893750,41.056171,-3.351333,46.534191,-23.970373,50.586842,-23.657232
6.900000,46.983086,-3.353205,46.430283,-23.913761,47.105156,-23.932785
6.906250,52.909843,-3.354637,45.545948,-23.916790,44.045887,-24.156420
6.912500,58.835144,-3.355709,44.391109,-23.871778,39.938076,-24.302544
6.918750,64.755089,-3.357291,42.370914,-23.837055,36.741615,-24.359240
6.925000,70.669014,-3.359966,39.497906,-23.813776,34.223701,-24.320543
6.931250,76.583000,-3.363160,35.953114,-23.770502,32.151543,-24.183104
6.937500,82.501251,-3.366214,31.790991,-23.739822,30.250671,-23.958574
6.943750,88.422813,-3.369287,27.140478,-23.727297,28.158819,-23.687304
6.950000,94.345406,-3.372513,22.705133,-23.707449,25.492613,-23.378820
6.956250,98.375816,-3.375262,18.617149,-23.667820,23.425592,-23.007200
6.962500,102.137665,-3.377042,14.945855,-23.597483,20.326311,-22.622169
6.968750,105.091805,-3.378870,11.711275,-23.496092,16.341442,-22.265831
6.975000,106.740959,-3.381878,8.897342,-23.368616,11.686696,-21.957203
6.981250,106.663925,-3.385493,6.519025,-23.217054,6.362792,-21.709202
6.987500,104.528770,-3.388320,4.588067,-23.042753,0.450372,-21.527487
6.993750,100.098953,-3.389846,3.089719,-22.843266,-5.975972,-21.404634
7.000000,93.243454,-3.391016,1.998428,-22.608307,-12.860800,-21.327793
7.006250,83.957207,-3.392854,1.234020,-22.317896,-18.150448,-21.327314
7.012500,72.364441,-3.395273,2.712804,-22.029848,-23.297613,-21.397860
7.018750,58.707500,-3.397976,4.609863,-21.790369,-27.680943,-21.514967
7.025000,43.328667,-3.400678,5.733473,-21.540409,-30.864790,-21.668097
7.031250,26.655371,-3.403056,8.247087,-21.301476,-32.247513,-21.888891
7.037500,9.179026,-3.405201,11.367258,-21.119545,-33.150909,-22.135458
7.043750,-8.569730,-3.407526,14.722971,-21.029457,-32.502995,-22.430801
7.050000,-26.045145,-3.410190,18.017159,-21.057755,-30.653212,-22.784914
7.056250,-42.710449,-3.412303,21.005772,-21.212244,-27.843363,-23.200598
7.062500,-58.070351,-3.413170,25.697323,-21.483685,-24.337862,-23.679312
7.068750,-71.702438,-3.413071,28.572802,-21.876369,-20.433596,-24.233891
7.075000,-83.272133,-3.412719,31.550846,-22.378204,-16.360300,-24.803844
7.081250,-92.542534,-3.412167,34.482395,-22.944994,-12.048840,-25.360065
7.087500,-99.388535,-3.410809,37.220081,-23.513828,-10.151380,-25.918095
7.093750,-103.810318,-3.408620,38.854561,-24.165054,-7.126037,-26.469730
7.100000,-105.933640,-3.405974,39.661385,-24.819836,-4.957165,-26.994341
7.106250,-105.997620,-3.403234,39.475269,-25.444798,-3.700774,-27.466694
7.112500,-104.343193,-3.400585,38.052929,-26.028318,-3.374840,-27.860083
7.118750,-101.397720,-3.398451,35.152744,-26.550287,-3.947587,-28.143557
7.125000,-97.652885,-3.397021,32.415676,-26.936832,-5.302322,-28.270008
7.131250,-93.637665,-3.395681,28.583580,-27.209379,-7.207021,-28.228746
7.137500,-87.729012,-3.394356,24.105230,-27.379011,-11.103702,-28.068283
7.143750,-81.826210,-3.393964,19.255064,-27.451778,-15.556039,-27.768322
7.150000,-75.931671,-3.395464,14.307621,-27.433117,-20.688929,-27.335083
7.156250,-70.039467,-3.398245,9.533600,-27.326647,-26.445328,-26.787588
7.162500,-64.138855,-3.400845,5.177063,-27.139856,-32.690598,-26.155924
7.168750,-58.230595,-3.403001,1.426117,-26.886677,-39.260811,-25.485348
7.175000,-52.322369,-3.405580,-1.564732,-26.583906,-45.983635,-24.827595
7.181250,-46.415421,-3.408865,-3.673297,-26.250345,-52.899094,-24.157883
7.187500,-40.504211,-3.412062,-4.810887,-25.903419,-57.931644,-23.532028
7.193750,-34.585743,-3.414675,-4.919829,-25.550703,-62.311401,-22.993505
7.200000,-28.664194,-3.416995,-5.869152,-25.176313,-65.384247,-22.569624
7.206250,-22.741772,-3.419127,-4.020323,-24.846786,-66.547043,-22.251862
7.212500,-16.817215,-3.420825,-1.673584,-24.565351,-67.153679,-22.034416
7.218750,-10.890776,-3.422174,1.314446,-24.329798,-65.715401,-21.962410
7.225000,-4.966532,-3.423962,4.723395,-24.136545,-62.347290,-22.010040
7.231250,0.955767,-3.426321,8.331487,-23.978645,-57.394562,-22.155361
7.237500,6.881876,-3.428285,11.850317,-23.857468,-51.347198,-22.371794
7.243750,12.813821,-3.429386,14.946168,-23.780979,-44.732967,-22.622288
7.250000,18.745670,-3.430123,19.585995,-23.737707,-38.118752,-22.850771
7.256250,24.672861,-3.431209,22.334772,-23.716625,-32.174973,-23.074898
7.262500,30.596388,-3.432755,25.095991,-23.717064,-27.913195,-23.296213
7.268750,36.518856,-3.434579,27.589050,-23.747671,-23.270590,-23.461281
7.275000,42.440979,-3.437087,29.652180,-23.771223,-19.966618,-23.541302
7.281250,48.362125,-3.440372,31.258303,-23.773083,-18.031269,-23.540470
7.287500,54.287243,-3.443464,32.018829,-23.756842,-17.328312,-23.463476
7.293750,60.219864,-3.445485,31.861115,-23.699879,-17.592251,-23.315609
7.300000,66.156036,-3.446435,30.886948,-23.590294,-18.529602,-23.109165
7.306250,72.089394,-3.447071,29.676664,-23.483288,-19.848972,-22.864780
7.312500,78.015327,-3.448324,28.308441,-23.354197,-21.257551,-22.608349
7.318750,83.936066,-3.450472,27.008825,-23.201443,-22.492905,-22.370872
7.325000,89.855728,-3.453244,24.285126,-23.036314,-23.404840,-22.164087
7.331250,95.780289,-3.455714,22.271177,-22.846981,-23.988947,-21.996391
7.337500,99.817101,-3.457183,20.906034,-22.641603,-24.091187,-21.898842
7.343750,103.582291,-3.457939,19.928352,-22.445812,-23.723577,-21.889833
7.350000,106.537216,-3.458884,19.189819,-22.275570,-23.048431,-21.957617
7.356250,108.188400,-3.460578,18.607746,-22.137854,-20.361217,-22.071510
7.362500,108.113876,-3.462673,18.087404,-22.034292,-17.194736,-22.284056
7.368750,105.976456,-3.464514,17.510296,-21.960138,-15.292702,-22.564177
7.375000,101.538506,-3.466036,16.737185,-21.909077,-13.149863,-22.875103
7.381250,94.675644,-3.467598,17.730392,-21.879049,-10.963367,-23.182472
7.387500,85.386658,-3.469442,18.877825,-21.882467,-8.941485,-23.458555
7.393750,73.792946,-3.472003,20.300879,-21.926617,-5.223895,-23.701958
7.400000,60.133049,-3.475181,21.943964,-21.972965,-1.387679,-23.895384
7.406250,44.752914,-3.478079,24.079475,-22.043442,1.076713,-24.021757
7.412500,28.081736,-3.479935,26.759098,-22.153742,4.079830,-24.075277
7.418750,10.606544,-3.481220,29.829805,-22.313213,7.328005,-24.057163
7.425000,-7.145668,-3.482805,33.060810,-22.528423,10.527256,-23.975817
7.431250,-24.628273,-3.484910,36.202923,-22.802996,13.406119,-23.840816
7.437500,-41.303284,-3.486860,41.195492,-23.133570,15.754879,-23.655935
7.443750,-56.676422,-3.488353,44.564960,-23.508827,17.403700,-23.415176
7.450000,-70.323235,-3.489828,48.249668,-23.901859,18.119951,-23.148867
7.456250,-81.904510,-3.491017,51.889050,-24.335800,17.610538,-22.894375
7.462500,-91.178337,-3.491219,54.944496,-24.824635,15.910572,-22.668652
7.468750,-98.025551,-3.490372,57.328743,-25.367163,13.115645,-22.488535
7.475000,-102.451843,-3.489316,58.893017,-25.938803,9.377940,-22.362879
7.481250,-104.580513,-3.488357,59.706989,-26.499762,4.966409,-22.286371
7.487500,-104.645012,-3.486895,57.576195,-27.055977,0.152868,-22.260792
7.493750,-102.983826,-3.484549,54.044518,-27.598793,-4.774556,-22.284365
7.500000,-100.029633,-3.482209,48.700779,-28.100151,-9.374899,-22.337254
7.506250,-96.278969,-3.480715,43.395153,-28.527153,-13.075865,-22.416340
7.512500,-92.260406,-3.479675,36.424259,-28.877089,-15.191899,-22.521416
7.518750,-86.347412,-3.478506,28.052603,-29.137587,-15.265542,-22.626657
7.525000,-80.437691,-3.477775,18.774302,-29.290703,-12.842069,-22.715832
7.531250,-74.535233,-3.478294,9.036578,-29.332317,-9.322612,-22.785679
7.537500,-68.636322,-3.479757,-0.730231,-29.275875,-4.744897,-22.814823
7.543750,-62.736248,-3.481526,-10.047942,-29.121603,2.071331,-22.794506
7.550000,-56.834961,-3.483776,-18.282688,-28.855831,10.147497,-22.738543
7.556250,-50.935474,-3.487118,-25.172235,-28.516647,18.591124,-22.662117
7.562500,-45.035446,-3.491226,-32.308556,-28.128712,26.595787,-22.581657
7.568750,-39.130089,-3.495481,-37.654999,-27.698704,33.429825,-22.519827
7.575000,-33.217472,-3.499269,-41.326332,-27.245701,38.497601,-22.464880
7.581250,-27.300131,-3.502522,-43.210602,-26.819042,41.448063,-22.410278
7.587500,-21.380272,-3.505147,-43.597294,-26.411860,43.811558,-22.383453
7.593750,-15.458637,-3.507017,-42.838013,-26.029543,43.933613,-22.396002
7.600000,-9.538347,-3.508626,-41.176540,-25.677551,42.263363,-22.447504
7.606250,-3.623030,-3.510705,-38.823250,-25.360453,39.331581,-22.529686
7.612500,2.290604,-3.513058,-35.997673,-25.075514,35.700352,-22.629381
7.618750,8.206720,-3.514976,-32.929718,-24.817259,31.910425,-22.738911
7.625000,14.125043,-3.516461,-27.714325,-24.579899,28.420576,-22.871277
7.631250,20.040442,-3.518265,-22.005144,-24.360363,25.663973,-23.072905
7.637500,25.952065,-3.520823,-17.468136,-24.152517,23.969091,-23.224483
7.643750,31.862576,-3.523640,-12.261777,-23.937960,22.953529,-23.356340
7.650000,37.775696,-3.526681,-6.703157,-23.676191,23.359175,-23.484615
7.656250,43.688690,-3.530446,-1.333593,-23.378920,24.913012,-23.618219
7.662500,49.600296,-3.535389,3.029143,-23.085238,27.143290,-23.767170
7.668750,55.514904,-3.541009,8.276407,-22.788141,29.557549,-23.929407
7.675000,61.439434,-3.546320,12.729562,-22.491745,31.685549,-24.103704
7.681250,67.372978,-3.550641,16.539076,-22.209833,32.966011,-24.293625
7.687500,73.312225,-3.554237,19.891607,-21.962723,34.698410,-24.502501
7.693750,79.251862,-3.557383,23.028343,-21.768833,34.684517,-24.733713
7.700000,85.191124,-3.560167,24.381367,-21.626179,32.953426,-24.996553
7.706250,91.131012,-3.562401,25.908272,-21.537844,29.608660,-25.304016
7.712500,97.071815,-3.563934,27.260208,-21.509836,25.352547,-25.563566
7.718750,101.116501,-3.564955,28.186924,-21.530321,20.587902,-25.816444
7.725000,104.886574,-3.565285,28.434235,-21.600571,15.174318,-26.081795
7.731250,107.848236,-3.565162,27.590437,-21.740459,9.543032,-26.342384
7.737500,109.505951,-3.565073,25.607012,-21.921608,4.067820,-26.574020
7.743750,109.431816,-3.565609,24.588432,-22.117546,-0.943087,-26.745638
7.750000,107.287323,-3.566984,23.014809,-22.309435,-5.253874,-26.819746
7.756250,102.838852,-3.568716,21.213999,-22.481129,-8.770980,-26.801191
7.762500,95.968636,-3.570410,19.468975,-22.625654,-11.633302,-26.700640
7.768750,86.674950,-3.572413,17.963860,-22.742149,-13.616525,-26.503885
7.775000,75.075584,-3.575403,16.903858,-22.826220,-14.695308,-26.210516
7.781250,61.410725,-3.579467,16.468687,-22.881752,-14.958269,-25.834312
7.787500,46.027748,-3.583506,16.725924,-22.918821,-14.543237,-25.399925
7.793750,29.356354,-3.586659,17.680410,-22.947447,-13.579174,-24.938173
7.800000,11.885745,-3.589142,19.280674,-22.979355,-12.162780,-24.465639
7.806250,-5.857758,-3.591438,21.451780,-23.018534,-10.249927,-23.965822
7.812500,-23.326775,-3.593355,22.210207,-23.062794,-8.001013,-23.411701
7.818750,-39.986633,-3.594341,25.157856,-23.122147,-7.349359,-22.942965
7.825000,-55.346699,-3.594640,28.159464,-23.210329,-5.854843,-22.553371
7.831250,-68.984665,-3.594702,30.966255,-23.351118,-4.454215,-22.238401
7.837500,-80.558273,-3.594394,33.409592,-23.560596,-3.279334,-21.998650
7.843750,-89.827675,-3.593023,35.394844,-23.863609,-2.329291,-21.831024
7.850000,-96.673698,-3.590955,37.022018,-24.182487,-1.569204,-21.740211
7.856250,-101.103165,-3.589207,38.267544,-24.537981,-0.980523,-21.726933
7.862500,-103.236359,-3.588123,38.801136,-24.932667,-0.438611,-21.783031
7.868750,-103.304832,-3.586648,36.751072,-25.348820,-1.912110,-21.894909
7.875000,-101.644699,-3.584323,33.795380,-25.760153,-3.786784,-22.042879
7.881250,-98.689468,-3.581661,31.574856,-26.159147,-6.294531,-22.195505
7.887500,-94.937157,-3.579529,28.228498,-26.533251,-9.628923,-22.309357
7.893750,-90.918015,-3.577934,24.003983,-26.861372,-12.062000,-22.450577
7.900000,-85.006310,-3.576544,19.142483,-27.125856,-15.041027,-22.561993
7.906250,-79.099152,-3.576068,13.944921,-27.300215,-17.855732,-22.624704
7.912500,-73.197395,-3.576850,8.714049,-27.375116,-20.265036,-22.648161
7.918750,-67.295563,-3.576850,3.649233,-27.375116,-21.908743,-22.648161
7.925000,-67.295563,-3.576850,3.649233,-27.375116,-21.908743,-22.648161
7.931250,-67.295563,-3.576850,3.649233,-27.375116,-21.908743,-22.648161
7.937500,-67.295563,-3.576850,3.649233,-27.375116,-21.908743,-22.648161
7.943750,-67.295563,-3.576850,3.649233,-27.375116,-21.908743,-22.648161
7.950000,-67.295563,-3.576850,3.649233,-27.375116,-21.908743,-22.648161
7.956250,-67.295563,-3.576850,3.649233,-27.375116,-21.908743,-22.648161
7.962500,-67.295563,-3.576850,3.649233,-27.375116,-21.908743,-22.648161
7.968750,-67.295563,-3.576850,3.649233,-27.375116,-21.908743,-22.648161
7.975000,-67.295563,-3.576850,3.649233,-27.375116,-21.908743,-22.648161
7.981250,-67.295563,-3.576850,3.649233,-27.375116,-21.908743,-22.648161
7.987500,-67.295563,-3.576850,3.649233,-27.375116,-21.908743,-22.648161
7.993750,-67.295563,-3.576850,3.649233,-27.375116,-21.908743,-22.648161
8.000000,-67.295563,-3.576850,3.649233,-27.375116,-21.908743,-22.648161
