Anritsu VNA Frequency[GHz],S21[deg],S21[dB],S11[deg],S11[dB],S22[deg],S22[dB]
1338122037.39,2012_05_27_13:33:57,+40.669,+10.286,+55.339,+10.302,+13.918,+13.729,+14.024,+13.775,10.396252,-15.838
3.006250,34.381054,-1.758082,59.549503,-26.650782,-79.748863,-27.444252
3.012500,34.381054,-1.758082,59.549503,-26.650782,-79.748863,-27.444252
3.018750,34.381054,-1.758082,59.549503,-26.650782,-79.748863,-27.444252
3.025000,34.381054,-1.758082,59.549503,-26.650782,-79.748863,-27.444252
3.031250,34.381054,-1.758082,59.549503,-26.650782,-79.748863,-27.444252
3.037500,34.381054,-1.758082,59.549503,-26.650782,-79.748863,-27.444252
3.043750,34.381054,-1.758082,59.549503,-26.650782,-79.748863,-27.444252
3.050000,34.381054,-1.758082,59.549503,-26.650782,-79.748863,-27.444252
3.056250,34.381054,-1.758082,59.549503,-26.650782,-79.748863,-27.444252
3.062500,34.381054,-1.758082,59.549503,-26.650782,-79.748863,-27.444252
3.068750,34.381054,-1.758082,59.549503,-26.650782,-79.748863,-27.444252
3.075000,34.381054,-1.758082,59.549503,-26.650782,-79.748863,-27.444252
3.081250,34.381054,-1.758082,59.549503,-26.650782,-79.748863,-27.444252
3.087500,34.381054,-1.758082,59.549503,-26.650782,-79.748863,-27.444252
3.093750,34.381054,-1.759805,59.549503,-26.447533,-79.748863,-27.191669
3.100000,40.288128,-1.761822,56.862659,-26.292795,-81.764709,-26.957733
3.106250,46.195213,-1.763801,53.291206,-26.209663,-82.165077,-26.743231
3.112500,52.102997,-1.765807,49.204231,-26.218393,-80.592834,-26.522318
3.118750,58.010067,-1.767929,43.205017,-26.261253,-78.888344,-26.219389
3.125000,63.916222,-1.770194,38.408260,-26.304180,-74.842026,-25.958101
3.131250,69.821800,-1.772539,34.019890,-26.374760,-68.685394,-25.670389
3.137500,75.726395,-1.775234,30.303493,-26.473963,-60.808071,-25.346462
3.143750,81.629425,-1.778485,27.464474,-26.593584,-51.391586,-24.994221
3.150000,87.533318,-1.782023,25.685989,-26.719393,-40.593266,-24.626011
3.156250,93.440361,-1.785385,25.086786,-26.837027,-28.585083,-24.259935
3.162500,97.454903,-1.788517,25.732206,-26.932522,-15.567931,-23.920446
3.168750,101.196083,-1.791745,27.640028,-26.998768,-3.647430,-23.655489
3.175000,104.130615,-1.795286,30.853033,-27.013119,8.635080,-23.411259
3.181250,105.768143,-1.798930,33.615067,-26.962816,21.157816,-23.189402
3.187500,105.683220,-1.802429,37.392075,-26.865170,32.643688,-23.021322
3.193750,103.534760,-1.805698,41.484756,-26.732225,42.660912,-22.923615
3.200000,99.085251,-1.808652,45.315929,-26.572060,50.880020,-22.899826
3.206250,92.213020,-1.811225,48.406029,-26.394709,57.015720,-22.950254
3.212500,82.915939,-1.813642,50.337418,-26.213806,60.875538,-23.082312
3.218750,71.314857,-1.816227,50.797932,-26.039629,62.352509,-23.278347
3.225000,57.647724,-1.818671,51.788303,-25.866245,61.197891,-23.483660
3.231250,42.257881,-1.820587,51.842888,-25.694073,57.696865,-23.707275
3.237500,25.570721,-1.822200,49.477329,-25.523432,53.958557,-23.940285
3.243750,8.073887,-1.824075,46.800140,-25.331375,48.489292,-24.159966
3.250000,-9.699681,-1.826527,43.674019,-25.158279,41.953327,-24.347019
3.256250,-27.199724,-1.829086,39.757263,-25.017200,34.949154,-24.500694
3.262500,-43.891422,-1.831307,35.273933,-24.891750,28.120472,-24.609671
3.268750,-59.283760,-1.833236,30.168318,-24.777689,22.150969,-24.665113
3.275000,-72.952820,-1.835281,24.319273,-24.673819,17.583027,-24.667048
3.281250,-84.559357,-1.837735,17.616686,-24.571342,14.858589,-24.622511
3.287500,-93.864037,-1.840543,9.970812,-24.457638,14.275680,-24.545971
3.293750,-100.742989,-1.843444,1.346756,-24.294413,15.985576,-24.438158
3.300000,-105.195663,-1.846275,-6.083262,-24.125692,20.028854,-24.300051
3.306250,-107.343727,-1.848846,-14.741348,-23.990452,26.271622,-24.158119
3.312500,-107.424385,-1.851181,-23.400154,-23.868610,34.405769,-24.044022
3.318750,-105.779663,-1.853427,-31.774374,-23.767778,44.051670,-23.978525
3.325000,-102.836418,-1.855454,-39.597950,-23.705412,54.761318,-23.972744
3.331250,-99.086700,-1.857135,-46.611874,-23.707224,66.016052,-24.029844
3.337500,-95.062874,-1.858421,-52.633789,-23.847101,77.238503,-24.148241
3.343750,-89.144157,-1.859372,-57.720669,-24.004984,87.847580,-24.312449
3.350000,-83.226082,-1.859950,-62.167171,-24.227083,97.600449,-24.468275
3.356250,-77.308632,-1.860200,-65.619621,-24.555820,106.206810,-24.667122
3.362500,-71.392929,-1.860321,-66.374481,-25.010977,112.469414,-24.918644
3.368750,-65.479027,-1.860155,-66.065186,-25.574358,116.509628,-25.210304
3.375000,-59.565685,-1.859457,-64.570808,-26.218279,117.933105,-25.587925
3.381250,-53.654091,-1.858373,-61.898960,-26.908138,116.572052,-25.925900
3.387500,-47.748581,-1.857638,-58.143311,-27.605062,113.052689,-26.250704
3.393750,-41.849064,-1.857720,-53.461330,-28.264187,106.818047,-26.555788
3.400000,-35.951817,-1.858176,-48.070934,-28.842510,98.433327,-26.833824
3.406250,-30.052906,-1.858487,-42.303806,-29.318396,88.899765,-27.115316
3.412500,-24.154335,-1.858910,-36.483177,-29.666494,78.881577,-27.366068
3.418750,-18.260530,-1.860196,-28.675138,-29.864723,67.020103,-27.564899
3.425000,-12.369623,-1.862473,-22.421175,-29.908684,55.603786,-27.705509
3.431250,-6.475795,-1.864826,-15.868422,-29.813751,45.063679,-27.794065
3.437500,-0.577719,-1.867123,-9.270988,-29.564095,35.853878,-27.833988
3.443750,5.320130,-1.870018,-2.654144,-29.157106,28.654449,-27.773613
3.450000,11.216341,-1.873877,3.465330,-28.639498,21.748945,-27.641993
3.456250,17.116381,-1.877912,8.921887,-28.050741,16.915527,-27.452486
3.462500,23.024881,-1.881317,13.710048,-27.434628,13.859303,-27.208101
3.468750,28.938345,-1.884067,17.907566,-26.837584,12.263275,-26.905083
3.475000,34.852219,-1.886591,21.620745,-26.326357,11.781674,-26.558924
3.481250,40.764881,-1.888989,25.110741,-25.851273,12.021319,-26.185230
3.487500,46.676838,-1.891459,27.105556,-25.445230,12.610383,-25.778357
3.493750,52.587078,-1.894333,28.991041,-25.144558,13.121210,-25.345749
3.500000,58.496235,-1.897621,30.596378,-24.954630,13.115851,-24.899645
3.506250,64.407928,-1.900724,31.815191,-24.861002,12.266528,-24.450029
3.512500,70.324287,-1.903025,32.549759,-24.829292,10.302133,-24.006172
3.518750,76.240517,-1.905143,32.774723,-24.758684,7.019084,-23.573103
3.525000,82.150314,-1.908121,32.709076,-24.747225,2.266199,-23.157915
3.531250,88.055649,-1.912203,32.836052,-24.737675,-1.933483,-22.774591
3.537500,93.963333,-1.916553,32.840393,-24.694447,-7.032855,-22.439438
3.543750,97.981941,-1.920594,32.979454,-24.608843,-12.609932,-22.148256
3.550000,101.730103,-1.924852,33.585453,-24.453320,-18.379086,-21.865236
3.556250,104.672043,-1.929805,33.101242,-24.229408,-23.866812,-21.536863
3.562500,106.318817,-1.935038,33.233429,-23.966516,-28.787134,-21.293325
3.568750,106.249756,-1.939461,33.639259,-23.691441,-31.922520,-21.121519
3.575000,104.124214,-1.942531,34.040268,-23.430861,-34.274414,-21.021507
3.581250,99.699989,-1.944515,34.154152,-23.219482,-35.576286,-21.007660
3.587500,92.850189,-1.946060,33.721203,-23.094570,-35.847237,-21.039673
3.593750,83.575035,-1.947195,32.638721,-23.044224,-34.968254,-21.139568
3.600000,72.000069,-1.947276,30.841202,-23.080030,-32.777626,-21.322266
3.606250,58.362877,-1.945945,30.173174,-23.216763,-29.435293,-21.581959
3.612500,42.998573,-1.943763,29.188265,-23.439869,-25.215908,-21.891792
3.618750,26.331091,-1.941126,28.293499,-23.766937,-20.515331,-22.227009
3.625000,8.854219,-1.937842,27.606314,-24.210234,-16.118946,-22.629593
3.631250,-8.898029,-1.933672,27.727707,-24.731581,-10.225801,-23.062372
3.637500,-26.382244,-1.929113,28.961849,-25.294836,-4.559844,-23.497129
3.643750,-43.070202,-1.924864,31.443949,-25.862690,0.855641,-23.913496
3.650000,-58.468727,-1.921284,33.314297,-26.390165,5.935494,-24.294554
3.656250,-72.147690,-1.918271,36.135788,-26.800755,10.591422,-24.623915
3.662500,-83.764999,-1.915989,39.078648,-27.142502,14.722704,-24.896053
3.668750,-93.083511,-1.914590,43.067055,-27.391893,18.192123,-25.117996
3.675000,-99.979309,-1.913805,46.421776,-27.520546,20.915106,-25.288568
3.681250,-104.450043,-1.913178,48.871395,-27.525711,22.837831,-25.405842
3.687500,-106.618599,-1.912996,50.172718,-27.420422,23.881754,-25.473032
3.693750,-106.725899,-1.914077,50.178566,-27.230076,23.995192,-25.499311
3.700000,-105.110741,-1.916330,48.891010,-26.961060,23.183695,-25.495676
3.706250,-102.193085,-1.918782,46.465912,-26.631012,21.576893,-25.454491
3.712500,-98.463943,-1.920998,42.888092,-26.278519,19.398180,-25.369265
3.718750,-94.460838,-1.923564,36.453537,-25.931673,16.793612,-25.245598
3.725000,-88.564270,-1.926804,29.085180,-25.606230,14.095311,-25.098824
3.731250,-82.666023,-1.930123,20.513420,-25.347092,11.907020,-24.967329
3.737500,-76.762741,-1.932987,12.679694,-25.177908,10.643518,-24.863270
3.743750,-70.857086,-1.935583,4.330623,-25.084400,10.716329,-24.810736
3.750000,-64.952705,-1.938316,-3.979609,-25.055107,10.722594,-24.721992
3.756250,-59.049198,-1.940997,-11.853997,-25.085663,10.642138,-24.619186
3.762500,-53.145008,-1.943509,-18.870626,-25.155090,11.798582,-24.502062
3.768750,-47.240936,-1.946038,-24.589220,-25.225836,13.932620,-24.419428
3.775000,-41.338634,-1.948868,-28.783501,-25.310474,16.595242,-24.360626
3.781250,-35.437088,-1.951739,-31.342173,-25.396730,19.179449,-24.309624
3.787500,-29.534203,-1.954389,-31.903561,-25.464273,21.323252,-24.259119
3.793750,-23.631138,-1.957085,-30.388714,-25.528227,22.719419,-24.212854
3.800000,-17.730406,-1.960194,-28.727747,-25.529800,23.168404,-24.163092
3.806250,-11.830347,-1.963603,-24.552118,-25.445396,22.690807,-24.073580
3.812500,-5.928964,-1.967148,-19.395676,-25.314106,21.147778,-23.952423
3.818750,-0.027400,-1.971044,-13.796620,-25.153259,18.428659,-23.809843
3.825000,5.874919,-1.975230,-8.287132,-24.977200,14.663713,-23.652721
3.831250,11.781224,-1.979113,-1.217034,-24.800194,10.117512,-23.492092
3.837500,17.691734,-1.982408,5.594862,-24.636053,5.112017,-23.363729
3.843750,23.601805,-1.985770,12.303499,-24.480402,-0.009020,-23.225094
3.850000,29.509089,-1.989586,17.221237,-24.326691,-5.936034,-23.055939
3.856250,35.417702,-1.993246,22.026041,-24.184505,-11.474778,-22.896318
3.862500,41.330715,-1.996112,26.294426,-24.052015,-16.608498,-22.755331
3.868750,47.243130,-1.998876,29.696503,-23.915829,-21.315577,-22.630117
3.875000,53.149120,-2.002694,31.912437,-23.754787,-25.619827,-22.509813
3.881250,59.051163,-2.007678,32.589211,-23.573444,-29.591730,-22.378695
3.887500,64.956726,-2.012834,31.329546,-23.374495,-33.411591,-22.241585
3.893750,70.869202,-2.017533,28.064499,-23.140797,-37.340492,-22.103920
3.900000,76.783035,-2.022469,24.868317,-22.861471,-41.505844,-21.957817
3.906250,82.693794,-2.028470,20.292227,-22.536606,-44.211029,-21.801411
3.912500,88.604858,-2.035462,14.805432,-22.167660,-47.323540,-21.630266
3.918750,94.522171,-2.042896,8.873011,-21.761557,-50.554100,-21.431568
3.925000,98.553238,-2.050126,2.862330,-21.346521,-53.660847,-21.176683
3.931250,102.319267,-2.056991,-2.878917,-20.948648,-56.705639,-20.957624
3.937500,105.286140,-2.063417,-7.924139,-20.587332,-57.494663,-20.768791
3.943750,106.961166,-2.069207,-11.946349,-20.285795,-57.099010,-20.618742
3.950000,106.918251,-2.073876,-14.726922,-20.066069,-55.058296,-20.521187
3.956250,104.816551,-2.076866,-16.141220,-19.946396,-51.015205,-20.491657
3.962500,100.416756,-2.078197,-16.128214,-19.936401,-44.720486,-20.542391
3.968750,93.592567,-2.078075,-14.685516,-20.033319,-36.037186,-20.681606
3.975000,84.341583,-2.076660,-13.761148,-20.202477,-24.973236,-20.919977
3.981250,72.784515,-2.073962,-9.657839,-20.495920,-11.688571,-21.286015
3.987500,59.157063,-2.070147,-5.308966,-20.895649,2.199899,-21.693995
3.993750,43.797646,-2.065531,-0.023527,-21.358372,17.357187,-22.204597
4.000000,27.132767,-2.060296,5.561749,-21.879684,32.978855,-22.825382
4.006250,9.654909,-2.054433,11.090293,-22.443106,48.194710,-23.586641
4.012500,-8.105625,-2.048388,16.292645,-23.020821,61.952858,-24.346539
4.018750,-25.605135,-2.043046,20.917244,-23.580315,74.901337,-25.082062
4.025000,-42.309395,-2.038603,24.678923,-24.106043,85.116943,-25.826479
4.031250,-57.721214,-2.034680,29.441105,-24.588722,93.503784,-26.585720
4.037500,-71.412323,-2.031312,31.835077,-25.007607,99.185814,-27.305315
4.043750,-83.044754,-2.029192,33.902481,-25.350609,102.450394,-27.955654
4.050000,-92.379784,-2.028457,35.498199,-25.617331,103.695068,-28.519318
4.056250,-99.289742,-2.028072,36.550831,-25.798746,103.445595,-28.986712
4.062500,-103.771782,-2.027468,37.138477,-25.877199,100.503288,-29.325418
4.068750,-105.954002,-2.027610,37.203506,-25.869656,97.266167,-29.520990
4.075000,-106.078262,-2.029712,36.763977,-25.793016,93.791405,-29.581322
4.081250,-104.478859,-2.033154,36.001114,-25.660791,90.306511,-29.510641
4.087500,-101.572823,-2.036393,35.169273,-25.481710,84.969856,-29.310202
4.093750,-97.852516,-2.039013,34.574242,-25.264774,79.510124,-28.986168
4.100000,-93.859436,-2.041844,32.634563,-25.024796,73.779999,-28.559130
4.106250,-87.975510,-2.045595,31.347740,-24.765928,67.680733,-28.068720
4.112500,-82.091843,-2.049886,30.610676,-24.479197,61.295902,-27.471895
4.118750,-76.205063,-2.054487,30.167656,-24.181290,54.797832,-26.804996
4.125000,-70.316589,-2.059646,29.727072,-23.886980,47.916351,-26.108654
4.131250,-64.426842,-2.065409,29.121738,-23.605318,40.808987,-25.413313
4.137500,-58.532421,-2.071250,28.239258,-23.339474,33.670181,-24.741966
4.143750,-52.631912,-2.076732,26.992739,-23.088799,26.714085,-24.112141
4.150000,-46.728401,-2.082144,25.296730,-22.851927,20.133223,-23.537037
4.156250,-40.825104,-2.087903,25.247444,-22.625298,14.103129,-23.017290
4.162500,-34.920174,-2.093937,25.435163,-22.398703,8.767741,-22.565502
4.168750,-29.012001,-2.100029,24.445105,-22.161108,5.839164,-22.183941
4.175000,-23.099953,-2.106162,24.139977,-21.931099,2.749156,-21.870975
4.181250,-17.184364,-2.112183,24.320295,-21.713743,1.212065,-21.619368
4.187500,-11.264191,-2.117859,24.791046,-21.513969,1.114474,-21.369820
4.193750,-5.339383,-2.123116,25.329203,-21.338009,2.488752,-21.230778
4.200000,0.589138,-2.127760,25.704435,-21.193474,3.456122,-21.175383
4.206250,6.521101,-2.131510,25.700983,-21.087950,4.673786,-21.182295
4.212500,12.455569,-2.134136,25.155315,-21.018732,7.174499,-21.207470
4.218750,18.388985,-2.136066,26.128876,-20.974880,8.721027,-21.255795
4.225000,24.319019,-2.137830,25.212955,-20.951855,9.315254,-21.327518
4.231250,30.244881,-2.139392,24.384958,-20.938692,8.808319,-21.409184
4.237500,36.168488,-2.140810,23.437902,-20.934980,7.031653,-21.478226
4.243750,42.090038,-2.142026,22.033472,-20.956896,5.902647,-21.543320
4.250000,48.010269,-2.142915,20.014959,-20.989481,3.802617,-21.604275
4.256250,53.928486,-2.143436,17.236845,-21.015112,1.255895,-21.644585
4.262500,59.842484,-2.144020,13.467764,-21.019346,-1.324515,-21.653337
4.268750,65.749130,-2.145429,8.509175,-20.991501,-3.582611,-21.620155
4.275000,71.649284,-2.147995,2.183169,-20.924292,-5.209504,-21.538124
4.281250,77.548767,-2.151222,-3.506652,-20.805197,-5.930115,-21.394859
4.287500,83.450226,-2.154844,-10.090491,-20.631641,-5.546988,-21.160746
4.293750,89.351204,-2.159578,-17.309095,-20.426008,-4.158606,-20.906900
4.300000,95.251289,-2.165675,-24.789270,-20.190268,-2.039015,-20.635670
4.306250,99.263359,-2.172009,-32.089184,-19.927616,1.009885,-20.344172
4.312500,103.013954,-2.177458,-38.890884,-19.649000,4.778605,-20.042137
4.318750,105.965843,-2.182394,-44.924641,-19.368795,9.002087,-19.743031
4.325000,107.618637,-2.187830,-49.988556,-19.108183,13.375497,-19.464401
4.331250,107.547653,-2.193664,-53.937382,-18.889854,17.587645,-19.221216
4.337500,105.419250,-2.198773,-56.673183,-18.759775,21.367239,-19.015619
4.343750,100.997238,-2.202725,-58.216927,-18.635195,24.492470,-18.791866
4.350000,94.155495,-2.205772,-57.574532,-18.579746,26.492010,-18.671795
4.356250,84.891693,-2.207760,-55.633301,-18.630642,29.031876,-18.636885
4.362500,73.328697,-2.208152,-52.195801,-18.787487,30.871969,-18.697227
4.368750,59.700218,-2.207341,-47.351387,-19.042589,32.364738,-18.879684
4.375000,44.341022,-2.206127,-41.303894,-19.382532,33.756004,-19.124983
4.381250,27.678316,-2.204509,-34.324802,-19.786705,35.104095,-19.414530
4.387500,10.208758,-2.201739,-26.738668,-20.228495,37.204266,-19.755028
4.393750,-7.536570,-2.198177,-18.957096,-20.691168,38.385078,-20.175339
4.400000,-25.018219,-2.194862,-11.437715,-21.162209,40.212601,-20.650820
4.406250,-41.703674,-2.192010,-2.382173,-21.623695,42.262592,-21.155239
4.412500,-57.094311,-2.188900,4.626219,-22.062246,44.246208,-21.669796
4.418750,-70.762260,-2.185488,11.431416,-22.472031,45.948303,-22.181324
4.425000,-82.372314,-2.182762,17.864668,-22.791859,47.284348,-22.641956
4.431250,-91.688347,-2.181099,23.753742,-23.020952,48.267387,-23.023888
4.437500,-98.583069,-2.179827,28.708279,-23.171236,48.665524,-23.323484
4.443750,-103.053963,-2.178702,32.679932,-23.249994,48.473564,-23.533649
4.450000,-105.226807,-2.178626,35.735367,-23.258980,47.820026,-23.647005
4.456250,-105.339584,-2.180073,38.001595,-23.202724,46.875397,-23.661955
4.462500,-103.727058,-2.182230,39.680347,-23.091307,45.817749,-23.584486
4.468750,-100.811852,-2.184683,41.060673,-22.944189,44.870285,-23.436695
4.475000,-97.089294,-2.187902,40.625278,-22.759876,44.323223,-23.205044
4.481250,-93.093567,-2.191937,40.537018,-22.531910,42.906944,-22.874838
4.487500,-87.198067,-2.195933,40.460163,-22.291914,42.150719,-22.492609
4.493750,-81.296646,-2.199626,40.202179,-22.061142,41.752052,-22.088144
4.500000,-75.396523,-2.204191,39.696491,-21.850927,41.492271,-21.682896
4.506250,-69.499252,-2.210281,38.917503,-21.661860,41.163311,-21.291807
4.512500,-63.597153,-2.216780,37.858620,-21.481892,40.548355,-20.924107
4.518750,-57.682499,-2.222217,36.519299,-21.258400,39.401821,-20.589922
4.525000,-51.758995,-2.226708,34.924389,-21.069799,37.410435,-20.323792
4.531250,-45.836430,-2.231441,34.168106,-20.930105,34.132710,-20.117054
4.537500,-39.915943,-2.236773,33.739628,-20.795540,30.921041,-19.944311
4.543750,-33.990505,-2.241902,32.229866,-20.654169,26.273727,-19.817581
4.550000,-28.056580,-2.246012,31.366016,-20.532320,20.525608,-19.713394
4.556250,-22.117500,-2.249255,30.855194,-20.453056,14.082643,-19.691261
4.562500,-16.177027,-2.251969,30.478258,-20.435299,7.649511,-19.768156
4.568750,-10.235660,-2.254188,30.012556,-20.505213,1.206160,-19.941380
4.575000,-4.291893,-2.255593,29.226250,-20.717375,-5.072398,-20.158133
4.581250,1.654978,-2.255866,27.925606,-20.998970,-10.859681,-20.429758
4.587500,7.602826,-2.254888,24.874306,-21.364637,-15.659695,-20.768293
4.593750,13.549076,-2.252992,22.920591,-21.834917,-19.289061,-21.166491
4.600000,19.491592,-2.250364,20.195549,-22.412750,-21.698160,-21.603775
4.606250,25.430628,-2.246674,16.575035,-23.170031,-23.032713,-22.091908
4.612500,31.364937,-2.242048,13.001714,-23.962601,-23.565477,-22.620962
4.618750,37.289848,-2.237442,8.805684,-24.828802,-23.364027,-23.168983
4.625000,43.203022,-2.233621,4.345736,-25.749170,-22.712446,-23.720474
4.631250,49.110249,-2.229997,-0.088327,-26.689943,-21.933653,-24.261591
4.637500,55.016258,-2.225533,-4.230503,-27.607885,-21.392397,-24.775309
4.643750,60.917946,-2.220722,-7.832612,-28.449879,-21.449553,-25.226879
4.650000,66.806206,-2.217167,-12.589033,-29.154472,-22.453171,-25.568953
4.656250,72.679985,-2.215625,-14.635461,-29.693436,-24.780975,-25.807829
4.662500,78.548103,-2.215676,-16.017279,-30.057644,-27.008551,-25.966452
4.668750,84.415352,-2.216982,-16.606749,-30.216446,-30.514132,-26.017723
4.675000,90.281952,-2.219748,-16.427031,-30.157043,-35.057175,-25.953568
4.681250,94.254524,-2.223809,-15.610408,-29.881691,-40.428421,-25.774603
4.687500,97.958023,-2.228577,-14.361470,-29.413677,-46.401920,-25.492260
4.693750,100.859337,-2.234284,-12.929181,-28.790607,-52.710983,-25.118551
4.700000,102.462952,-2.241963,-11.609743,-28.040186,-59.008602,-24.655659
4.706250,102.344017,-2.251306,-10.883349,-27.168646,-64.929718,-24.096601
4.712500,100.173485,-2.260589,-10.999355,-26.217398,-70.042114,-23.491251
4.718750,95.717789,-2.268562,-12.306379,-25.261261,-75.750076,-22.899067
4.725000,88.846268,-2.275905,-13.230121,-24.362471,-80.575409,-22.339348
4.731250,79.551422,-2.283573,-15.327196,-23.544796,-84.679039,-21.846773
4.737500,67.958778,-2.290750,-18.340075,-22.827347,-88.273537,-21.388269
4.743750,54.310699,-2.296331,-22.049566,-22.223713,-91.654305,-20.968266
4.750000,38.943497,-2.300681,-26.204018,-21.730795,-92.753639,-20.594507
4.756250,22.276188,-2.304622,-30.500055,-21.296371,-93.115944,-20.324554
4.762500,4.801766,-2.307990,-34.640656,-20.992876,-92.293488,-20.152191
4.768750,-12.942463,-2.310184,-37.123810,-20.806044,-90.134911,-20.058014
4.775000,-30.413193,-2.311277,-38.353954,-20.697872,-86.341805,-20.029232
4.781250,-47.082840,-2.311912,-37.732353,-20.632427,-80.668495,-20.064543
4.787500,-62.461258,-2.312584,-36.590965,-20.535437,-72.910950,-20.138712
4.793750,-76.119247,-2.313365,-33.811398,-20.482958,-64.573685,-20.202778
4.800000,-87.714600,-2.314303,-29.012960,-20.429075,-54.351398,-20.272673
4.806250,-97.009666,-2.315410,-22.855017,-20.366001,-42.884796,-20.341551
4.812500,-103.882149,-2.316490,-15.895640,-20.291883,-30.773920,-20.396679
4.818750,-108.331787,-2.317876,-8.693029,-20.206446,-18.604153,-20.424814
4.825000,-110.482491,-2.320247,-1.809604,-20.116346,-6.928594,-20.430925
4.831250,-110.568443,-2.323326,6.367137,-20.037863,3.728880,-20.438076
4.837500,-108.922890,-2.325744,14.015381,-19.984171,12.957735,-20.423986
4.843750,-105.973038,-2.327034,19.504152,-19.921602,20.844456,-20.353279
4.850000,-102.220161,-2.328592,24.589851,-19.868542,26.793083,-20.263395
4.856250,-98.202606,-2.331743,28.762535,-19.840078,30.764067,-20.169363
4.862500,-92.291092,-2.335535,31.761347,-19.840040,32.915264,-20.079239
4.868750,-86.370262,-2.338476,33.452946,-19.855276,33.516544,-19.990503
4.875000,-80.442673,-2.340495,33.797520,-19.863871,32.891586,-19.902088
4.881250,-74.517593,-2.342663,32.863003,-19.858305,31.347355,-19.820145
4.887500,-68.596428,-2.345349,31.009890,-19.858700,29.225590,-19.748726
4.893750,-62.675732,-2.348221,28.410004,-19.856586,26.892246,-19.690718
4.900000,-56.753380,-2.351160,25.236980,-19.851532,24.691626,-19.643238
4.906250,-50.829491,-2.354236,21.782785,-19.843927,22.939014,-19.594610
4.912500,-44.903427,-2.357071,18.254257,-19.818913,21.924629,-19.522451
4.918750,-38.974983,-2.359629,14.962793,-19.792500,22.081373,-19.470533
4.925000,-33.046291,-2.362427,12.270821,-19.787882,23.915707,-19.449217
4.931250,-27.117601,-2.365377,10.360205,-19.821051,25.194021,-19.455921
4.937500,-21.183210,-2.367478,9.341090,-19.902081,27.422106,-19.494642
4.943750,-15.241175,-2.368055,9.255541,-20.037571,30.241022,-19.573210
4.950000,-9.299796,-2.367864,10.103993,-20.225626,33.295788,-19.697044
4.956250,-3.364620,-2.367901,11.848525,-20.458611,36.242233,-19.875919
4.962500,2.568006,-2.367592,12.493549,-20.715900,38.721363,-20.185041
4.968750,8.503257,-2.366257,15.673270,-20.988768,39.574623,-20.401855
4.975000,14.437030,-2.364419,19.067616,-21.297987,40.709061,-20.696514
4.981250,20.364399,-2.362764,22.594028,-21.618679,40.561451,-21.058657
4.987500,26.289288,-2.360569,26.052605,-21.940176,39.162445,-21.475840
4.993750,32.215340,-2.357132,29.182589,-22.255196,36.452343,-21.938581
5.000000,38.136135,-2.353407,31.774899,-22.552313,32.400387,-22.433897
5.006250,44.043751,-2.350842,33.675270,-22.814919,28.894545,-22.939575
5.012500,49.942333,-2.349287,34.762428,-23.018673,24.232069,-23.388584
5.018750,55.841057,-2.347693,34.935246,-23.138254,18.888956,-23.771936
5.025000,61.740814,-2.345898,34.200989,-23.213696,13.005514,-24.127588
5.031250,67.636047,-2.344649,32.725777,-23.241570,7.370631,-24.423861
5.037500,73.525536,-2.343965,30.653130,-23.225193,2.369292,-24.645494
5.043750,79.412781,-2.343719,27.961376,-23.207359,-1.748903,-24.787439
5.050000,85.297531,-2.344372,24.602371,-23.150637,-4.759384,-24.844353
5.056250,91.178375,-2.346408,21.724733,-23.055496,-6.416543,-24.803200
5.062500,97.061531,-2.348748,18.428316,-22.970072,-6.582259,-24.668056
5.068750,101.057701,-2.350183,15.122962,-22.912052,-5.208694,-24.450214
5.075000,104.782196,-2.351463,12.200907,-22.882092,-2.230465,-24.160206
5.081250,107.692772,-2.354388,8.158082,-22.866753,2.399086,-23.807842
5.087500,109.299812,-2.358941,5.018743,-22.853935,8.676081,-23.409918
5.093750,109.188614,-2.363478,2.732096,-22.855318,16.486832,-22.992365
5.100000,107.021706,-2.367319,1.130569,-22.856457,25.550817,-22.563532
5.106250,102.552399,-2.371753,-0.070223,-22.837627,35.300854,-22.115425
5.112500,95.655884,-2.377389,-1.056149,-22.783316,45.507645,-21.682924
5.118750,86.339165,-2.383207,-1.992576,-22.684896,55.797398,-21.289083
5.125000,74.728905,-2.388303,-3.039135,-22.539244,65.611389,-20.947504
5.131250,61.057274,-2.393394,-4.317384,-22.343397,74.368073,-20.661880
5.137500,45.659222,-2.399175,-5.929308,-22.098066,81.518791,-20.421841
5.143750,28.965258,-2.405319,-5.800541,-21.810274,86.587631,-20.130634
5.150000,11.472732,-2.411096,-5.367332,-21.494167,90.114845,-20.017160
5.156250,-6.286214,-2.416461,-6.037121,-21.142372,92.186752,-19.898525
5.162500,-23.767902,-2.421562,-5.733240,-20.770359,92.267204,-19.813421
5.168750,-40.439854,-2.426147,-4.771100,-20.403902,90.756096,-19.768183
5.175000,-55.809063,-2.429837,-3.365334,-20.063286,88.233719,-19.758678
5.181250,-69.450111,-2.432588,-1.724538,-19.763891,85.360924,-19.773184
5.187500,-81.024406,-2.434526,-0.083267,-19.521818,80.691154,-19.803326
5.193750,-90.296707,-2.435772,1.304797,-19.354071,76.421989,-19.882650
5.200000,-97.146645,-2.436468,2.208232,-19.279314,72.828781,-20.048067
5.206250,-101.576118,-2.437131,4.649295,-19.287418,69.223145,-20.166782
5.212500,-103.705849,-2.437682,5.399853,-19.351559,66.361946,-20.302925
5.218750,-103.769432,-2.437717,6.310996,-19.473900,64.244469,-20.463568
5.225000,-102.106239,-2.436790,7.183217,-19.610931,62.731323,-20.643446
5.231250,-99.146713,-2.434986,7.973330,-19.801788,61.604206,-20.839069
5.237500,-95.386421,-2.432702,7.333380,-20.059866,60.527294,-21.061432
5.243750,-91.361069,-2.430600,6.013395,-20.348820,59.181900,-21.308645
5.250000,-85.450554,-2.429543,3.648391,-20.650736,57.294586,-21.572004
5.256250,-79.544830,-2.429223,-0.099284,-20.951578,54.572704,-21.845255
5.262500,-73.636612,-2.428277,-3.350602,-21.238720,50.772343,-22.118309
5.268750,-67.725815,-2.426313,-7.656703,-21.505949,45.668594,-22.376276
5.275000,-61.822853,-2.425051,-12.664566,-21.748283,39.053211,-22.600758
5.281250,-55.933975,-2.426095,-18.065662,-21.960697,30.886541,-22.793585
5.287500,-50.048687,-2.428284,-23.576895,-22.138182,21.489151,-22.978539
5.293750,-44.154556,-2.429631,-28.939384,-22.277205,10.929326,-23.133726
5.300000,-38.255619,-2.430571,-33.905651,-22.371056,-0.592939,-23.243334
5.306250,-32.365311,-2.433096,-38.241592,-22.411324,-12.697349,-23.296005
5.312500,-26.483454,-2.437702,-41.782776,-22.394733,-24.955442,-23.285997
5.318750,-20.597822,-2.443151,-44.416451,-22.318123,-36.923080,-23.207582
5.325000,-14.702696,-2.448876,-46.070419,-22.179876,-48.155495,-23.049467
5.331250,-8.802425,-2.455443,-46.777954,-22.001539,-58.281326,-22.876581
5.337500,-2.896835,-2.462610,-44.553444,-21.797165,-67.409889,-22.622538
5.343750,3.020730,-2.468897,-42.252037,-21.550655,-74.694244,-22.349489
5.350000,8.949838,-2.474051,-38.398308,-21.311930,-80.379601,-22.093809
5.356250,14.882186,-2.479192,-33.167805,-21.105417,-84.350395,-21.885429
5.362500,20.815596,-2.484489,-26.808952,-20.951078,-86.607018,-21.752277
5.368750,26.758192,-2.488372,-19.633474,-20.860193,-87.342384,-21.679386
5.375000,32.711769,-2.490101,-11.968037,-20.832394,-86.839073,-21.647268
5.381250,38.666512,-2.490645,-4.187655,-20.856354,-85.250130,-21.627310
5.387500,44.616615,-2.490520,3.262053,-20.937283,-82.047699,-21.751568
5.393750,50.566376,-2.488955,10.056721,-21.096661,-78.179115,-21.962786
5.400000,56.516735,-2.485485,16.203856,-21.316977,-74.022057,-22.253412
5.406250,62.459000,-2.481458,21.472349,-21.576448,-69.865128,-22.632837
5.412500,68.387573,-2.477904,25.650976,-21.846239,-65.732956,-22.997467
5.418750,74.308426,-2.474140,28.513639,-22.107944,-61.767422,-23.352747
5.425000,80.226074,-2.469654,30.073225,-22.340214,-58.394978,-23.686308
5.431250,86.135284,-2.465486,30.334377,-22.524532,-55.615417,-23.976597
5.437500,92.030319,-2.462841,29.524227,-22.645338,-53.376255,-24.196131
5.443750,97.915367,-2.461828,27.984253,-22.691216,-51.630955,-24.324648
5.450000,101.902870,-2.462076,26.070133,-22.652706,-50.309078,-24.350813
5.456250,105.616783,-2.463590,24.183002,-22.526625,-49.249622,-24.270388
5.462500,108.526360,-2.466026,22.762875,-22.324800,-48.288010,-24.112083
5.468750,110.142891,-2.468693,20.393793,-22.059484,-47.240517,-23.850189
5.475000,110.037277,-2.471940,19.257532,-21.723486,-45.213486,-23.472807
5.481250,107.864014,-2.476789,19.209810,-21.342775,-42.717842,-23.044287
5.487500,103.388634,-2.483412,19.977922,-20.950075,-39.451065,-22.602274
5.493750,96.500542,-2.489877,21.386055,-20.571798,-35.114502,-22.177906
5.500000,87.205711,-2.494771,23.283268,-20.224779,-29.478497,-21.793961
5.506250,75.616341,-2.498976,25.520243,-19.915096,-22.392351,-21.457935
5.512500,61.959766,-2.503677,27.926912,-19.625200,-13.883545,-21.085709
5.518750,46.580635,-2.508166,30.325085,-19.378326,-4.524007,-20.836304
5.525000,29.913528,-2.511258,32.111172,-19.216854,5.388582,-20.659729
5.531250,12.448125,-2.513062,33.858055,-19.116886,15.873447,-20.550356
5.537500,-5.291552,-2.514387,35.253613,-19.077324,26.402662,-20.499189
5.543750,-22.759405,-2.515198,35.978153,-19.105370,36.443493,-20.499956
5.550000,-39.419773,-2.515069,35.772820,-19.206697,45.591286,-20.596525
5.556250,-54.781704,-2.513979,34.457409,-19.388308,53.575661,-20.777908
5.562500,-68.421196,-2.512260,31.903355,-19.657749,60.775028,-20.979342
5.568750,-79.997772,-2.509839,28.161308,-19.982735,66.277046,-21.235023
5.575000,-89.275131,-2.506698,25.460070,-20.360540,70.213890,-21.544218
5.581250,-96.133965,-2.503377,20.477875,-20.791243,72.855698,-21.889748
5.587500,-100.575356,-2.500016,15.455840,-21.273342,74.547264,-22.232698
5.593750,-102.719246,-2.496325,10.482351,-21.807659,75.427818,-22.635977
5.600000,-102.803146,-2.492701,5.757205,-22.361715,74.035385,-23.037003
5.606250,-101.171219,-2.490214,1.477214,-22.915415,72.521484,-23.430357
5.612500,-98.248497,-2.488638,-2.317925,-23.456871,70.619408,-23.813236
5.618750,-94.518181,-2.486490,-5.521410,-23.970716,68.202515,-24.180847
5.625000,-90.512482,-2.483544,-8.014346,-24.439863,65.166061,-24.530306
5.631250,-84.622055,-2.481875,-9.686549,-24.843378,61.404842,-24.843323
5.637500,-78.745888,-2.482702,-10.458463,-25.158094,56.773052,-25.082067
5.643750,-72.870995,-2.484615,-12.196520,-25.356337,53.141953,-25.204489
5.650000,-66.987167,-2.485940,-11.152162,-25.416666,48.903538,-25.235439
5.656250,-61.100124,-2.487400,-9.462396,-25.360447,43.687401,-25.211756
5.662500,-55.220982,-2.490657,-7.332210,-25.188656,38.456528,-25.102070
5.668750,-49.346645,-2.495803,-4.840739,-24.899998,33.472332,-24.897684
5.675000,-43.467327,-2.501753,-2.231977,-24.510466,28.915482,-24.602718
5.681250,-37.578342,-2.507974,0.211505,-24.043161,24.962120,-24.224752
5.687500,-31.683693,-2.514503,2.212875,-23.533924,21.817146,-23.774731
5.693750,-25.783237,-2.521029,3.402878,-22.992861,19.770145,-23.281952
5.700000,-19.875872,-2.527265,3.148289,-22.414530,19.264799,-22.768194
5.706250,-13.965289,-2.533895,3.488453,-21.860865,18.463585,-22.264393
5.712500,-8.054417,-2.541540,2.806879,-21.370794,19.013033,-21.806627
5.718750,-2.135738,-2.548996,1.307604,-20.965336,20.516291,-21.423664
5.725000,3.798068,-2.554613,-0.805727,-20.653696,24.385033,-21.104858
5.731250,9.741902,-2.558481,-3.340027,-20.435863,28.481043,-20.823765
5.737500,15.685095,-2.561929,-6.107936,-20.298912,33.006565,-20.607347
5.743750,21.626207,-2.564924,-8.950681,-20.223364,37.064793,-20.521416
5.750000,27.571520,-2.566366,-11.860714,-20.226746,41.168938,-20.527363
5.756250,33.520298,-2.566116,-14.812029,-20.296806,45.021626,-20.608982
5.762500,39.464428,-2.565216,-15.416647,-20.408524,48.274136,-20.752583
5.768750,45.399933,-2.564111,-16.833216,-20.533852,50.576504,-20.959499
5.775000,51.331295,-2.562350,-16.932051,-20.646179,51.484673,-21.164059
5.781250,57.258499,-2.559985,-15.905725,-20.742132,51.937675,-21.369057
5.787500,63.176903,-2.557992,-14.011546,-20.813135,50.976597,-21.579166
5.793750,69.085312,-2.557022,-11.457912,-20.847609,48.767654,-21.779516
5.800000,74.987961,-2.556870,-8.523527,-20.836960,45.392498,-21.948769
5.806250,80.888931,-2.557100,-5.529734,-20.779009,40.979294,-22.064449
5.812500,86.789848,-2.557505,-2.815780,-20.676720,35.750172,-22.120098
5.818750,92.688889,-2.558258,-0.702527,-20.539730,30.091204,-22.136288
5.825000,96.688370,-2.560146,2.666133,-20.394087,22.185106,-22.136095
5.831250,100.409264,-2.564148,5.657126,-20.299292,13.899404,-22.058973
5.837500,103.323738,-2.570092,6.976784,-20.158033,5.332790,-21.929031
5.843750,104.950943,-2.576344,8.654555,-20.037931,-3.772187,-21.779854
5.850000,104.870064,-2.581147,10.139532,-19.971630,-13.273375,-21.634029
5.856250,102.735458,-2.584616,11.365626,-19.967220,-22.935869,-21.505768
5.862500,98.297424,-2.587875,12.283567,-20.022936,-32.542439,-21.406755
5.868750,91.433060,-2.591336,12.862913,-20.117231,-41.942978,-21.337044
5.875000,82.146957,-2.594340,13.227555,-20.249081,-51.095444,-21.286688
5.881250,70.562828,-2.596636,13.841293,-20.448435,-60.113361,-21.274542
5.887500,56.915089,-2.598289,14.686410,-20.688087,-66.764061,-21.299383
5.893750,41.544182,-2.598856,15.930196,-20.952736,-72.360855,-21.347822
5.900000,24.876055,-2.598309,15.924727,-21.248571,-76.515251,-21.408958
5.906250,7.397669,-2.597611,16.558809,-21.607901,-80.975723,-21.495853
5.912500,-10.361234,-2.597468,17.667654,-21.957834,-83.922729,-21.600254
5.918750,-27.848129,-2.596826,19.425776,-22.311832,-85.736351,-21.708883
5.925000,-44.525497,-2.594790,21.099289,-22.688810,-86.803986,-21.819628
5.931250,-59.908733,-2.592508,22.571615,-23.092882,-87.407265,-21.936243
5.937500,-73.578682,-2.591437,23.763548,-23.513800,-87.782738,-22.060381
5.943750,-85.189415,-2.590974,24.632856,-23.933092,-88.115158,-22.191656
5.950000,-94.494446,-2.589929,25.373648,-24.333572,-88.647003,-22.289381
5.956250,-101.375069,-2.588837,26.167912,-24.696075,-89.866798,-22.346615
5.962500,-105.839355,-2.589102,26.907230,-25.005758,-89.065201,-22.413174
5.968750,-108.005013,-2.590119,27.464573,-25.252253,-88.475693,-22.478424
5.975000,-108.098457,-2.590067,27.745964,-25.424271,-87.647942,-22.537895
5.981250,-106.462837,-2.589008,27.672312,-25.515274,-86.149017,-22.591276
5.987500,-103.538551,-2.589124,27.178877,-25.519638,-83.596169,-22.636705
5.993750,-99.820801,-2.591184,26.244162,-25.433603,-79.657166,-22.670240
6.000000,-95.829323,-2.593934,24.858139,-25.255833,-74.111687,-22.684284
6.006250,-89.935951,-2.596505,23.057081,-24.976458,-66.901352,-22.635595
6.012500,-84.041550,-2.599729,20.896952,-24.557064,-58.400143,-22.566141
6.018750,-78.148186,-2.603917,20.295971,-24.123678,-48.921257,-22.482374
6.025000,-72.249207,-2.608041,17.948566,-23.653955,-38.412815,-22.385338
6.031250,-66.342690,-2.611727,16.285822,-23.173239,-27.329151,-22.288912
6.037500,-60.434139,-2.615699,15.169580,-22.724739,-16.211071,-22.210524
6.043750,-54.525188,-2.620157,14.530055,-22.352888,-5.508037,-22.136164
6.050000,-48.609779,-2.623945,14.431336,-22.048895,4.519926,-22.049191
6.056250,-42.685871,-2.626654,14.875963,-21.840406,13.409764,-21.986162
6.062500,-36.761559,-2.629302,15.593822,-21.756227,20.915560,-21.968531
6.068750,-30.839359,-2.632123,14.624559,-21.803755,26.892567,-21.998344
6.075000,-24.912203,-2.633767,13.569958,-21.972019,31.342537,-22.072329
6.081250,-18.977844,-2.633531,14.051826,-22.227169,34.340672,-22.185520
6.087500,-13.047597,-2.632745,14.183808,-22.493555,35.964512,-22.316582
6.093750,-7.129368,-2.632880,13.857581,-22.805798,36.197216,-22.452183
6.100000,-1.218371,-2.633612,12.511256,-23.127905,35.209320,-22.596106
6.106250,4.694021,-2.634118,10.551969,-23.411970,33.296337,-22.739470
6.112500,10.606738,-2.634378,7.895046,-23.626797,30.636637,-22.867651
6.118750,16.514757,-2.635087,4.451741,-23.754530,27.366024,-22.963484
6.125000,22.417507,-2.636629,0.175808,-23.789154,23.632858,-23.005146
6.131250,28.317366,-2.639144,-2.757781,-23.736067,19.694250,-22.990025
6.137500,34.216351,-2.642704,-5.619462,-23.594816,16.361147,-22.931204
6.143750,40.118896,-2.646651,-9.596736,-23.363585,11.768262,-22.812984
6.150000,46.030087,-2.649869,-12.572227,-23.070242,7.343253,-22.648499
6.156250,51.947063,-2.652314,-14.588625,-22.741850,3.047433,-22.451803
6.162500,57.862495,-2.655067,-15.661335,-22.402367,-1.085049,-22.236431
6.168750,63.774704,-2.658472,-15.815471,-22.070232,-4.985022,-22.012493
6.175000,69.690514,-2.661586,-15.134797,-21.764513,-8.585079,-21.792202
6.181250,75.614143,-2.663528,-13.754575,-21.501068,-11.815275,-21.590696
6.187500,81.539131,-2.664835,-11.836849,-21.293966,-14.545387,-21.484550
6.193750,87.461853,-2.666130,-9.591550,-21.166599,-17.021063,-21.354343
6.200000,93.383507,-2.667040,-7.209035,-21.101574,-19.094826,-21.285500
6.206250,97.411400,-2.667231,-4.406606,-21.089483,-20.619177,-21.296989
6.212500,101.164284,-2.667226,-1.434354,-21.149889,-21.765253,-21.398714
6.218750,104.106384,-2.667466,1.514440,-21.270771,-22.709492,-21.627569
6.225000,105.747421,-2.667932,4.260372,-21.427944,-22.043333,-21.861401
6.231250,105.662918,-2.668393,6.442201,-21.648664,-22.266310,-22.173601
6.237500,103.512207,-2.668828,7.758502,-21.917679,-22.519335,-22.561476
6.243750,99.058983,-2.668943,8.184106,-22.216454,-22.719227,-23.010454
6.250000,92.181961,-2.668446,9.718570,-22.532581,-22.893925,-23.502014
6.256250,82.877930,-2.667963,10.884986,-22.858768,-23.067297,-24.016973
6.262500,71.264290,-2.668350,10.227292,-23.190693,-23.221006,-24.536570
6.268750,57.583164,-2.669069,9.859887,-23.512041,-23.109888,-25.001663
6.275000,42.182968,-2.668540,9.759006,-23.803511,-22.410648,-25.417440
6.281250,25.488661,-2.666811,9.794641,-24.060289,-21.232225,-25.775610
6.287500,7.979423,-2.665793,9.853827,-24.277731,-19.429476,-26.059490
6.293750,-9.815062,-2.666595,9.883789,-24.446592,-16.753162,-26.252424
6.300000,-27.337019,-2.668005,9.868183,-24.551741,-12.942657,-26.336441
6.306250,-44.045731,-2.668942,9.776034,-24.577150,-7.799825,-26.294802
6.312500,-59.453938,-2.670026,9.547638,-24.505020,-1.233108,-26.111547
6.318750,-73.140503,-2.672292,9.065359,-24.342457,6.592046,-25.842693
6.325000,-84.761856,-2.675390,10.250058,-24.124735,15.294322,-25.493040
6.331250,-94.075577,-2.678709,9.866438,-23.842958,24.638756,-25.052612
6.337500,-100.960358,-2.682542,10.160239,-23.492596,34.394032,-24.562012
6.343750,-105.419647,-2.687349,10.839737,-23.105122,44.127743,-24.060480
6.350000,-107.571129,-2.692489,11.673332,-22.711290,53.270557,-23.581585
6.356250,-107.646767,-2.696845,12.503042,-22.337603,61.222866,-23.153433
6.362500,-105.989471,-2.700404,13.202044,-22.005672,67.411385,-22.786436
6.368750,-103.031639,-2.703613,13.654077,-21.730875,71.326553,-22.423141
6.375000,-99.267792,-2.706275,13.734730,-21.523148,73.070473,-22.225880
6.381250,-95.228851,-2.708191,13.182449,-21.399281,72.366005,-22.145521
6.387500,-89.295769,-2.709775,13.154297,-21.344831,69.039131,-22.184587
6.393750,-83.365349,-2.711071,12.742484,-21.376865,63.412476,-22.296618
6.400000,-77.435341,-2.711592,12.234133,-21.495684,55.897717,-22.402431
6.406250,-71.505157,-2.711125,11.691878,-21.693445,44.838436,-22.630667
6.412500,-65.581108,-2.710724,11.147182,-21.955673,32.665401,-22.925449
6.418750,-59.666229,-2.711221,10.586453,-22.267965,19.193119,-23.250542
6.425000,-53.754688,-2.711854,10.009118,-22.604765,4.902192,-23.574604
6.431250,-47.841045,-2.711919,9.408994,-22.939236,-9.662378,-23.867266
6.437500,-41.929413,-2.711985,8.726495,-23.244711,-23.972742,-24.098726
6.443750,-36.025063,-2.713058,10.066797,-23.490862,-37.534470,-24.236563
6.450000,-30.125185,-2.715054,11.948178,-23.665453,-50.091099,-24.327614
6.456250,-24.223248,-2.717204,12.778207,-23.772524,-61.542007,-24.361555
6.462500,-18.318615,-2.719492,14.548935,-23.807709,-69.929588,-24.294493
6.468750,-12.413846,-2.722171,17.065866,-23.768862,-76.609688,-24.162624
6.475000,-6.506675,-2.724702,20.055462,-23.664375,-81.108131,-23.995441
6.481250,-0.595555,-2.726751,23.189674,-23.518957,-83.208061,-23.820545
6.487500,5.315722,-2.728891,26.171675,-23.360237,-82.803543,-23.655075
6.493750,11.224336,-2.731639,28.843334,-23.191376,-79.775772,-23.477245
6.500000,17.135164,-2.734100,29.195482,-23.020107,-76.102905,-23.288101
6.506250,23.052553,-2.735506,28.605516,-22.860420,-70.355446,-23.114874
6.512500,28.970570,-2.736569,28.547949,-22.737503,-63.029449,-22.989538
6.518750,34.882599,-2.738477,26.969450,-22.679405,-54.902538,-22.903843
6.525000,40.792526,-2.740850,24.042187,-22.680698,-46.688812,-22.849821
6.531250,46.708488,-2.742337,19.945444,-22.733810,-38.992020,-22.823298
6.537500,52.629566,-2.742965,14.845924,-22.830145,-32.356255,-22.820734
6.543750,58.547070,-2.743791,8.938811,-22.959129,-27.248960,-22.843134
6.550000,64.459579,-2.745158,2.463031,-23.106285,-22.214891,-22.864456
6.556250,70.372971,-2.746376,-4.278655,-23.238943,-19.257290,-22.875662
6.562500,76.288895,-2.747243,-10.839767,-23.351675,-17.818071,-22.875145
6.568750,82.204277,-2.748007,-16.172306,-23.476789,-17.462767,-22.885990
6.575000,88.118111,-2.748638,-22.042246,-23.580986,-18.033604,-22.917929
6.581250,94.031754,-2.749010,-26.389938,-23.657797,-19.011793,-22.948965
6.587500,98.047646,-2.749774,-29.243561,-23.710613,-19.858082,-22.979923
6.593750,101.786072,-2.751483,-30.621168,-23.744589,-22.098047,-23.016453
6.600000,104.719429,-2.753217,-30.567848,-23.763901,-23.679607,-23.060991
6.606250,106.360710,-2.753952,-29.160954,-23.769222,-24.708652,-23.111935
6.612500,106.278069,-2.754301,-26.539303,-23.761660,-25.311565,-23.167139
6.618750,104.122101,-2.755578,-22.905363,-23.740698,-25.631338,-23.222771
6.625000,99.657593,-2.758025,-18.505993,-23.705976,-23.912485,-23.275097
6.631250,92.771339,-2.760520,-13.643353,-23.660177,-21.933765,-23.335501
6.637500,83.465134,-2.762798,-8.354240,-23.599819,-19.380894,-23.323059
6.643750,71.854965,-2.765775,-2.647307,-23.504578,-18.089136,-23.293589
6.650000,58.177139,-2.769684,3.105477,-23.370674,-16.077280,-23.246943
6.656250,42.778236,-2.773514,8.417427,-23.202023,-13.749219,-23.174122
6.662500,26.088959,-2.776533,12.904603,-22.993498,-11.472269,-23.063126
6.668750,8.596030,-2.779276,16.235374,-22.735058,-9.653935,-22.908226
6.675000,-9.172262,-2.782240,18.029135,-22.443241,-8.836068,-22.741894
6.681250,-26.668650,-2.785487,20.082060,-22.135979,-7.301745,-22.576021
6.687500,-43.358162,-2.788951,20.894915,-21.823254,-6.695679,-22.418365
6.693750,-58.747562,-2.792550,20.805233,-21.538210,-6.881708,-22.286722
6.700000,-72.407310,-2.795648,20.017231,-21.264503,-7.723932,-22.226589
6.706250,-83.994789,-2.797508,18.529547,-21.009371,-8.892568,-22.197374
6.712500,-93.278496,-2.798571,16.892994,-20.818237,-9.811434,-22.221779
6.718750,-100.141922,-2.799717,15.302487,-20.714369,-10.693509,-22.325731
6.725000,-104.585068,-2.801158,13.869868,-20.705942,-11.194180,-22.499458
6.731250,-106.723877,-2.802023,12.632446,-20.793144,-13.030947,-22.755610
6.737500,-106.793556,-2.801831,11.590878,-20.964195,-14.245152,-23.095934
6.743750,-105.139557,-2.801004,10.673886,-21.223194,-15.108519,-23.484890
6.750000,-102.193146,-2.799958,9.678134,-21.599031,-15.776272,-23.884094
6.756250,-98.445480,-2.798814,9.265253,-21.967123,-16.321903,-24.254658
6.762500,-94.428932,-2.797892,9.268105,-22.372049,-16.963341,-24.595688
6.768750,-88.522148,-2.797203,9.443014,-22.807154,-17.836636,-24.887451
6.775000,-82.616234,-2.796207,9.748936,-23.254269,-16.803848,-25.112581
6.781250,-76.709816,-2.794477,10.095926,-23.694008,-15.301470,-25.259649
6.787500,-70.807190,-2.792725,10.376196,-24.106487,-12.896448,-25.320736
6.793750,-64.913193,-2.791884,10.482253,-24.474085,-9.189639,-25.291658
6.800000,-59.024849,-2.792002,10.307152,-24.780643,-3.835392,-25.170790
6.806250,-53.135124,-2.792334,9.755946,-25.012943,1.279267,-24.956736
6.812500,-47.244286,-2.793067,8.736624,-25.163115,7.739018,-24.629650
6.818750,-41.355087,-2.794886,9.323161,-25.239775,15.424514,-24.268272
6.825000,-35.464794,-2.797415,10.028123,-25.285025,22.832729,-23.870182
6.831250,-29.567532,-2.799470,9.796504,-25.221436,30.683653,-23.472334
6.837500,-23.663967,-2.801264,10.505018,-25.111279,38.190323,-23.121922
6.843750,-17.762428,-2.804125,11.928452,-24.981163,44.678703,-22.840080
6.850000,-11.861904,-2.808050,14.034071,-24.847088,51.299778,-22.624161
6.856250,-5.952449,-2.811385,16.761698,-24.719339,56.092079,-22.504396
6.862500,-0.031578,-2.813210,20.024651,-24.601301,59.253975,-22.489576
6.868750,5.891088,-2.814497,23.745262,-24.484047,60.978924,-22.570312
6.875000,11.807708,-2.816381,27.848774,-24.343391,61.530247,-22.726023
6.881250,17.720991,-2.818523,32.381256,-24.210548,61.226463,-22.898800
6.887500,23.636152,-2.820437,35.786549,-24.107685,60.253139,-23.119455
6.893750,29.553743,-2.822097,39.428612,-24.029436,58.499264,-23.364662
6.900000,35.470337,-2.823532,42.796394,-24.020864,56.738365,-23.584150
6.906250,41.386501,-2.824444,45.422810,-23.983082,55.341572,-23.743530
6.912500,47.300941,-2.825007,47.994698,-23.941862,52.690254,-23.826302
6.918750,53.209007,-2.826261,49.304291,-23.916237,50.664169,-23.825335
6.925000,59.110687,-2.828580,49.365181,-23.888599,48.982117,-23.736216
6.931250,65.012886,-2.831259,48.244995,-23.807915,47.363735,-23.558130
6.937500,70.919128,-2.833872,47.598797,-23.780783,45.457951,-23.316450
6.943750,76.826645,-2.836708,44.491985,-23.753918,42.847172,-23.051044
6.950000,82.735374,-2.839742,41.292858,-23.708529,40.930904,-22.722597
6.956250,88.648743,-2.841927,38.016800,-23.633120,37.712261,-22.365789
6.962500,94.566689,-2.843062,34.667023,-23.523918,33.615658,-22.016100
6.968750,98.585732,-2.844631,31.230480,-23.387012,28.784698,-21.698914
6.975000,102.324028,-2.847603,27.718294,-23.229187,23.316664,-21.431229
6.981250,105.257202,-2.851035,24.205982,-23.052389,17.325977,-21.219843
6.987500,106.901451,-2.853342,20.770815,-22.857855,10.911154,-21.063936
6.993750,106.827713,-2.854439,17.489361,-22.639944,4.149095,-20.946323
7.000000,104.684700,-2.855556,14.433954,-22.380325,-2.956252,-20.877428
7.006250,100.231796,-2.857445,11.614191,-22.055304,-8.489410,-20.880400
7.012500,93.353195,-2.859899,10.672318,-21.786283,-13.684081,-20.932396
7.018750,84.052162,-2.862589,10.370167,-21.560122,-18.020685,-21.015903
7.025000,72.451820,-2.865176,9.835609,-21.302019,-21.067402,-21.168962
7.031250,58.789562,-2.867386,10.633892,-21.078508,-24.359390,-21.365040
7.037500,43.404556,-2.869395,12.360741,-20.929874,-25.748335,-21.593386
7.043750,26.721716,-2.871678,14.765830,-20.889849,-26.202868,-21.884441
7.050000,9.233940,-2.874148,17.620783,-20.981260,-25.889391,-22.248161
7.056250,-8.520945,-2.875769,20.754322,-21.194386,-24.967573,-22.689795
7.062500,-25.995247,-2.875957,22.100622,-21.525173,-23.613625,-23.217415
7.068750,-42.662685,-2.875348,25.090708,-21.976421,-22.036386,-23.871618
7.075000,-58.036846,-2.874606,27.640100,-22.523382,-19.773041,-24.480940
7.081250,-71.688095,-2.873516,29.669552,-23.080032,-19.461147,-25.113407
7.087500,-83.272804,-2.871441,31.168509,-23.715767,-19.752478,-25.771652
7.093750,-92.555901,-2.868587,30.919346,-24.384451,-19.036398,-26.434189
7.100000,-99.420029,-2.865425,29.704947,-25.037724,-19.155666,-27.070763
7.106250,-103.866280,-2.862129,27.312433,-25.649902,-20.050108,-27.648684
7.112500,-106.016586,-2.859111,23.571949,-26.212187,-21.616234,-28.132353
7.118750,-106.108772,-2.856894,18.243649,-26.665813,-23.698868,-28.478264
7.125000,-104.481804,-2.855424,13.233926,-26.989147,-26.057045,-28.637411
7.131250,-101.558372,-2.854004,7.363217,-27.193020,-30.365707,-28.650612
7.137500,-97.829887,-2.852633,1.026433,-27.288513,-34.817719,-28.506973
7.143750,-93.835243,-2.852534,-5.408936,-27.280903,-39.711342,-28.200056
7.150000,-87.954369,-2.854539,-11.583975,-27.175690,-45.049877,-27.742071
7.156250,-82.073112,-2.857596,-17.179647,-26.979816,-50.743191,-27.156050
7.162500,-76.181831,-2.860281,-21.930599,-26.705448,-56.651554,-26.478107
7.168750,-70.284187,-2.862732,-25.640902,-26.371416,-62.630882,-25.762125
7.175000,-64.387939,-2.865872,-28.164921,-25.999208,-68.581673,-25.023909
7.181250,-58.491425,-2.869576,-29.403509,-25.610664,-74.641457,-24.279041
7.187500,-52.588619,-2.872836,-29.311363,-25.224712,-78.498734,-23.587374
7.193750,-46.679237,-2.875453,-27.881630,-24.842472,-81.613228,-22.992487
7.200000,-40.768448,-2.877857,-27.047373,-24.461452,-83.386009,-22.521559
7.206250,-34.856941,-2.880042,-23.610519,-24.157835,-83.202843,-22.131912
7.212500,-28.942497,-2.881477,-19.388083,-23.911932,-82.450462,-21.871210
7.218750,-23.027122,-2.882603,-14.642831,-23.729044,-80.012428,-21.766245
7.225000,-17.115860,-2.884311,-9.649640,-23.597561,-75.693527,-21.788740
7.231250,-11.206431,-2.886451,-4.700811,-23.506136,-69.940201,-21.917868
7.237500,-5.292050,-2.887945,-0.192843,-23.465311,-63.267689,-22.123453
7.243750,0.627130,-2.888630,5.660121,-23.471235,-56.219284,-22.358450
7.250000,6.544627,-2.889205,11.329717,-23.504795,-49.361584,-22.531502
7.256250,12.457440,-2.890126,17.074690,-23.555681,-44.035015,-22.777834
7.262500,18.367758,-2.891288,21.199228,-23.629679,-38.173157,-23.006187
7.268750,24.277527,-2.892736,25.541525,-23.724293,-33.451675,-23.158451
7.275000,30.185518,-2.895132,30.072952,-23.772297,-29.929930,-23.232290
7.281250,36.092907,-2.898368,34.293770,-23.796093,-27.645046,-23.233101
7.287500,42.005806,-2.901381,37.823151,-23.789446,-26.428589,-23.162867
7.293750,47.927509,-2.903187,40.562668,-23.724331,-26.037838,-23.026644
7.300000,53.852772,-2.903853,42.616524,-23.632246,-26.240501,-22.840025
7.306250,59.774376,-2.904319,44.280060,-23.520700,-26.803001,-22.624632
7.312500,65.688927,-2.905415,45.478462,-23.379908,-27.487623,-22.405111
7.318750,71.597923,-2.907497,46.422592,-23.220221,-28.138788,-22.197334
7.325000,77.507141,-2.910148,45.547222,-23.042152,-28.728031,-22.006639
7.331250,83.421844,-2.912234,44.996449,-22.831308,-29.132580,-21.860336
7.337500,89.342964,-2.913261,44.465794,-22.615646,-29.298937,-21.780760
7.343750,95.264107,-2.913645,43.712746,-22.418941,-29.330462,-21.772455
7.350000,99.284851,-2.914406,42.642498,-22.252254,-27.487921,-21.811333
7.356250,103.027084,-2.915874,41.210911,-22.118338,-25.473513,-21.906961
7.362500,105.963158,-2.917569,39.367298,-22.015673,-22.530880,-22.078693
7.368750,107.604179,-2.918983,37.061874,-21.934818,-20.662855,-22.291719
7.375000,107.521095,-2.920196,34.226967,-21.866415,-18.192377,-22.514275
7.381250,105.371353,-2.921502,32.887695,-21.808825,-15.320806,-22.713406
7.387500,100.916878,-2.923159,31.430492,-21.793295,-12.339256,-22.883884
7.393750,94.035950,-2.925722,30.037180,-21.791054,-7.475884,-23.026209
7.400000,84.731621,-2.928793,28.954557,-21.794153,-2.249825,-23.121042
7.406250,73.131233,-2.931369,28.538231,-21.821880,1.732733,-23.159977
7.412500,59.472481,-2.932839,28.838619,-21.888296,6.285846,-23.144527
7.418750,44.089886,-2.933886,29.784473,-22.003786,11.040304,-23.080568
7.425000,27.404966,-2.935372,31.241610,-22.176456,15.633000,-22.980043
7.431250,9.912192,-2.937115,33.049511,-22.409582,19.742073,-22.850739
7.437500,-7.849341,-2.938490,35.048771,-22.698750,23.122789,-22.684189
7.443750,-25.334522,-2.939529,39.244095,-23.023159,25.539467,-22.481668
7.450000,-42.013760,-2.940716,42.181999,-23.366016,26.560472,-22.294971
7.456250,-57.392990,-2.941385,45.432095,-23.788769,26.036711,-22.139637
7.462500,-71.041504,-2.940890,48.803516,-24.278732,24.044662,-22.028070
7.468750,-82.622337,-2.939451,52.131313,-24.844921,20.684618,-21.969303
7.475000,-91.904755,-2.938057,55.340900,-25.411537,16.172209,-21.957909
7.481250,-98.767128,-2.936741,58.199669,-25.993149,10.815608,-21.986925
7.487500,-103.204430,-2.934665,58.397434,-26.587982,4.916081,-22.055147
7.493750,-105.338615,-2.931814,57.477345,-27.176100,-1.104202,-22.150309
7.500000,-105.413551,-2.929374,54.927254,-27.716703,-6.635292,-22.261000
7.506250,-103.772339,-2.927887,52.416073,-28.187868,-10.944857,-22.390345
7.512500,-100.835915,-2.926629,47.978661,-28.591753,-13.451292,-22.516815
7.518750,-97.093239,-2.925179,41.919312,-28.898586,-13.611646,-22.620556
7.525000,-93.081810,-2.924459,34.569775,-29.092604,-10.880986,-22.697918
7.531250,-87.183228,-2.925032,26.238001,-29.176289,-6.889429,-22.742146
7.537500,-81.286819,-2.926376,17.288902,-29.162872,-1.613943,-22.725950
7.543750,-75.388466,-2.927840,8.298488,-29.019732,6.237131,-22.664362
7.550000,-69.490044,-2.929891,-0.287773,-28.772905,15.674310,-22.574194
7.556250,-63.594818,-2.933043,-8.200088,-28.455584,25.800049,-22.473648
7.562500,-57.698727,-2.936790,-16.840389,-28.085962,35.739258,-22.386301
7.568750,-51.796986,-2.940439,-24.039999,-27.670694,44.690933,-22.329405
7.575000,-45.889584,-2.943551,-29.680744,-27.252762,52.147949,-22.260376
7.581250,-39.979595,-2.946211,-33.608040,-26.844551,57.336113,-22.215199
7.587500,-34.067944,-2.948128,-36.063572,-26.450836,61.758545,-22.212891
7.593750,-28.155441,-2.949284,-37.230537,-26.083149,63.745396,-22.256927
7.600000,-22.246304,-2.950391,-37.190407,-25.746490,63.665607,-22.340815
7.606250,-16.342850,-2.952032,-36.045193,-25.444042,61.958931,-22.451284
7.612500,-10.441524,-2.953831,-33.935677,-25.171579,59.104591,-22.572313
7.618750,-4.538167,-2.955162,-31.049126,-24.922619,55.553551,-22.705334
7.625000,1.365281,-2.956373,-27.650229,-24.693226,51.695454,-22.877653
7.631250,7.263939,-2.958226,-21.870901,-24.480640,47.950554,-23.047802
7.637500,13.158509,-2.960858,-17.252089,-24.275091,44.163059,-23.170961
7.643750,19.054007,-2.963609,-11.902826,-24.036541,41.085144,-23.271118
7.650000,24.951168,-2.966593,-6.188443,-23.726170,38.754623,-23.354078
7.656250,30.845556,-2.970525,-0.940053,-23.422039,36.951370,-23.434734
7.662500,36.737740,-2.975806,3.270604,-23.114399,35.359234,-23.516809
7.668750,42.634312,-2.981549,8.407211,-22.800491,33.710999,-23.596725
7.675000,48.541275,-2.986776,12.709548,-22.490421,33.582520,-23.680252
7.681250,54.456829,-2.990949,16.320433,-22.203114,32.960121,-23.776964
7.687500,60.375572,-2.994449,19.443707,-21.962727,31.950430,-23.896189
7.693750,66.294754,-2.997544,22.367821,-21.778791,30.634188,-24.049263
7.700000,72.214142,-3.000080,23.601675,-21.641409,29.060263,-24.268394
7.706250,78.134544,-3.001931,24.998217,-21.564848,27.237169,-24.492237
7.712500,84.054619,-3.003241,26.243406,-21.545578,24.310137,-24.694759
7.718750,89.973297,-3.003974,27.120062,-21.567223,22.921721,-24.936218
7.725000,95.890831,-3.004057,27.222107,-21.664579,21.427973,-25.208639
7.731250,99.911095,-3.003636,26.311302,-21.818445,20.118618,-25.489670
7.737500,103.653084,-3.003353,24.372461,-21.999100,19.126356,-25.749161
7.743750,106.582161,-3.003886,23.401516,-22.180277,18.535801,-25.944967
7.750000,108.208542,-3.005387,21.836916,-22.343092,18.332569,-26.043173
7.756250,108.111313,-3.007283,19.959301,-22.475700,18.171318,-26.082733
7.762500,105.952103,-3.009117,17.985540,-22.578955,18.041540,-26.033997
7.768750,101.490677,-3.011445,16.112192,-22.650625,17.977846,-25.886024
7.775000,94.603203,-3.014894,14.584726,-22.686796,17.844473,-25.640848
7.781250,85.293190,-3.019238,13.553583,-22.695936,17.495998,-25.314287
7.787500,73.689331,-3.023311,13.076877,-22.690985,16.815899,-24.931709
7.793750,60.030720,-3.026480,13.176021,-22.684797,15.766924,-24.518843
7.800000,44.651546,-3.029141,13.840697,-22.688429,14.448553,-24.063282
7.806250,27.975754,-3.031516,15.045039,-22.702698,13.005500,-23.554760
7.812500,10.497481,-3.033153,14.837207,-22.728842,11.474454,-23.053469
7.818750,-7.249882,-3.033689,16.814741,-22.781097,8.826051,-22.626656
7.825000,-24.724403,-3.033663,18.860914,-22.886698,6.613824,-22.267111
7.831250,-41.396790,-3.033512,20.773626,-23.069027,4.779019,-21.979317
7.837500,-56.771667,-3.032683,22.486189,-23.364166,3.406539,-21.760801
7.843750,-70.418839,-3.030523,23.922943,-23.698620,2.653685,-21.613390
7.850000,-82.003716,-3.027920,25.616716,-24.072634,2.611726,-21.546724
7.856250,-91.295822,-3.025953,26.774546,-24.502317,1.209038,-21.558472
7.862500,-98.170029,-3.024562,27.463007,-24.973207,-0.034169,-21.636971
7.868750,-102.618446,-3.022591,25.841705,-25.454763,-1.433906,-21.765446
7.875000,-104.761765,-3.019706,23.539835,-25.923811,-3.244646,-21.918074
7.881250,-104.843636,-3.016903,22.078018,-26.379333,-5.651404,-22.040195
7.887500,-103.209221,-3.014724,19.670088,-26.794991,-8.750674,-22.171131
7.893750,-100.280556,-3.012796,16.505106,-27.151770,-11.590990,-22.310841
7.900000,-96.547318,-3.011045,12.775672,-27.420282,-14.524179,-22.399952
7.906250,-92.545494,-3.010295,8.765424,-27.575583,-17.425936,-22.446928
7.912500,-86.653526,-3.010913,4.591639,-27.625479,-20.016582,-22.463570
7.918750,-80.758537,-3.010913,0.453602,-27.625479,-21.895668,-22.463570
7.925000,-80.758537,-3.010913,0.453602,-27.625479,-21.895668,-22.463570
7.931250,-80.758537,-3.010913,0.453602,-27.625479,-21.895668,-22.463570
7.937500,-80.758537,-3.010913,0.453602,-27.625479,-21.895668,-22.463570
7.943750,-80.758537,-3.010913,0.453602,-27.625479,-21.895668,-22.463570
7.950000,-80.758537,-3.010913,0.453602,-27.625479,-21.895668,-22.463570
7.956250,-80.758537,-3.010913,0.453602,-27.625479,-21.895668,-22.463570
7.962500,-80.758537,-3.010913,0.453602,-27.625479,-21.895668,-22.463570
7.968750,-80.758537,-3.010913,0.453602,-27.625479,-21.895668,-22.463570
7.975000,-80.758537,-3.010913,0.453602,-27.625479,-21.895668,-22.463570
7.981250,-80.758537,-3.010913,0.453602,-27.625479,-21.895668,-22.463570
7.987500,-80.758537,-3.010913,0.453602,-27.625479,-21.895668,-22.463570
7.993750,-80.758537,-3.010913,0.453602,-27.625479,-21.895668,-22.463570
8.000000,-80.758537,-3.010913,0.453602,-27.625479,-21.895668,-22.463570
