Anritsu VNA Frequency[GHz],S21[deg],S21[dB],S11[deg],S11[dB],S22[deg],S22[dB]
1338045811.66,2012_05_26_16:23:31,+121.51,+245.58,+247.16,+246.04,+252.36,+253.63,+248.19,+248.75,214.818893,-5.500
3.006250,60.965679,-2.829571,69.060738,-28.489870,-64.310341,-29.546852
3.012500,60.965679,-2.829571,69.060738,-28.489870,-64.310341,-29.546852
3.018750,60.965679,-2.829571,69.060738,-28.489870,-64.310341,-29.546852
3.025000,60.965679,-2.829571,69.060738,-28.489870,-64.310341,-29.546852
3.031250,60.965679,-2.829571,69.060738,-28.489870,-64.310341,-29.546852
3.037500,60.965679,-2.829571,69.060738,-28.489870,-64.310341,-29.546852
3.043750,60.965679,-2.829571,69.060738,-28.489870,-64.310341,-29.546852
3.050000,60.965679,-2.829571,69.060738,-28.489870,-64.310341,-29.546852
3.056250,60.965679,-2.829571,69.060738,-28.489870,-64.310341,-29.546852
3.062500,60.965679,-2.829571,69.060738,-28.489870,-64.310341,-29.546852
3.068750,60.965679,-2.829571,69.060738,-28.489870,-64.310341,-29.546852
3.075000,60.965679,-2.829571,69.060738,-28.489870,-64.310341,-29.546852
3.081250,60.965679,-2.829571,69.060738,-28.489870,-64.310341,-29.546852
3.087500,60.965679,-2.829571,69.060738,-28.489870,-64.310341,-29.546852
3.093750,60.965679,-2.832028,69.060738,-28.304638,-64.310341,-29.506636
3.100000,66.930420,-2.834961,61.890617,-28.112062,-65.099060,-29.405428
3.106250,72.893852,-2.838220,54.051128,-27.927620,-65.219910,-29.243977
3.112500,78.858315,-2.841563,44.325191,-27.771095,-64.406578,-29.019665
3.118750,84.823967,-2.844926,35.009495,-27.662493,-62.420589,-28.722466
3.125000,90.789062,-2.848438,26.282639,-27.580307,-59.104019,-28.350533
3.131250,94.858429,-2.852044,18.671801,-27.492132,-54.417706,-27.925785
3.137500,98.653870,-2.855900,12.064061,-27.425358,-48.245667,-27.448002
3.143750,101.641960,-2.860192,6.627717,-27.391453,-40.492294,-26.925066
3.150000,103.331947,-2.864895,2.598139,-27.388264,-33.105900,-26.374804
3.156250,103.299019,-2.869607,0.162923,-27.408993,-24.577440,-25.820625
3.162500,101.202721,-2.874045,-0.568540,-27.441736,-15.591218,-25.288876
3.168750,96.804909,-2.878428,0.440235,-27.471889,-6.813766,-24.806541
3.175000,89.982857,-2.882979,3.152644,-27.480692,1.123892,-24.407427
3.181250,80.736359,-2.887671,5.637343,-27.442789,7.709198,-24.086056
3.187500,69.189125,-2.892345,9.652546,-27.372612,12.843343,-23.795513
3.193750,55.578323,-2.896899,14.525898,-27.268692,15.969004,-23.558651
3.200000,40.243752,-2.901323,19.394857,-27.129959,17.100584,-23.419474
3.206250,23.613134,-2.905507,23.658327,-26.960217,16.281712,-23.370998
3.212500,6.178309,-2.909388,26.822371,-26.767569,13.579342,-23.408548
3.218750,-11.529861,-2.913293,30.655161,-26.563400,9.285606,-23.541031
3.225000,-28.965387,-2.917277,33.508656,-26.356770,3.800864,-23.767530
3.231250,-45.594101,-2.921015,35.725540,-26.147461,-3.036680,-23.988825
3.237500,-60.923424,-2.924308,35.778629,-25.938320,-10.378392,-24.241516
3.243750,-74.528442,-2.927499,35.621883,-25.730844,-17.865580,-24.520466
3.250000,-86.071625,-2.931120,35.075878,-25.518068,-25.307144,-24.805555
3.256250,-95.313667,-2.935133,33.928528,-25.312702,-32.586327,-25.075651
3.262500,-102.129967,-2.939005,31.850235,-25.137697,-37.766464,-25.316704
3.268750,-106.519760,-2.942421,28.789026,-24.984917,-42.469837,-25.518120
3.275000,-108.606750,-2.945605,24.665077,-24.850599,-46.158386,-25.668106
3.281250,-108.631538,-2.949131,19.334749,-24.728325,-48.375286,-25.757595
3.287500,-106.933823,-2.953141,12.670638,-24.609388,-48.789474,-25.783880
3.293750,-103.937653,-2.957439,6.745725,-24.482260,-47.229340,-25.747137
3.300000,-100.133743,-2.961697,0.166052,-24.320238,-43.646038,-25.643457
3.306250,-96.054443,-2.965757,-6.648098,-24.140041,-38.100517,-25.480221
3.312500,-90.078400,-2.969624,-13.691294,-23.980263,-30.802401,-25.273834
3.318750,-84.101791,-2.973533,-20.334145,-23.824574,-22.098890,-25.048168
3.325000,-78.124481,-2.977437,-26.247778,-23.674898,-12.439964,-24.824875
3.331250,-72.145378,-2.981134,-31.236214,-23.539141,-0.128649,-24.617079
3.337500,-66.163673,-2.984332,-35.166168,-23.432623,12.955517,-24.436300
3.343750,-60.180077,-2.987113,-37.968258,-23.376812,26.761660,-24.290981
3.350000,-54.196056,-2.989485,-39.615776,-23.413662,39.304165,-24.181404
3.356250,-48.212299,-2.991496,-40.143543,-23.501320,52.089409,-24.090967
3.362500,-42.228966,-2.993213,-38.655487,-23.637468,64.381500,-24.030964
3.368750,-36.246368,-2.994548,-35.840603,-23.874331,75.096565,-24.049692
3.375000,-30.264551,-2.995369,-31.775900,-24.219887,83.795410,-24.141136
3.381250,-24.283228,-2.995586,-26.541716,-24.661367,89.971977,-24.315098
3.387500,-18.305166,-2.995514,-20.330736,-25.177237,93.267990,-24.552425
3.393750,-12.332819,-2.995736,-13.412835,-25.738977,93.607285,-24.821899
3.400000,-6.364796,-2.996308,-6.100511,-26.310535,90.802254,-25.104948
3.406250,-0.398377,-2.996833,1.251485,-26.858257,85.008125,-25.375261
3.412500,5.567369,-2.997229,8.239602,-27.357964,77.334900,-25.707884
3.418750,11.530146,-2.997954,14.781848,-27.784927,68.093246,-26.043716
3.425000,17.488068,-2.999501,20.856958,-28.117804,58.074635,-26.358311
3.431250,23.445055,-3.001572,26.176069,-28.342804,48.255955,-26.638281
3.437500,29.404243,-3.003478,30.504051,-28.456125,39.661354,-26.880049
3.443750,35.364567,-3.005504,33.699429,-28.445713,31.137865,-27.074156
3.450000,41.322586,-3.008391,35.762138,-28.302507,23.223423,-27.183365
3.456250,47.279293,-3.012070,36.613060,-28.046257,17.761742,-27.215347
3.462500,53.241158,-3.015597,36.312130,-27.704691,14.306530,-27.176594
3.468750,59.209183,-3.018499,35.111099,-27.307962,12.490966,-27.066835
3.475000,65.179268,-3.021105,33.363686,-26.887655,11.949251,-26.887465
3.481250,71.147438,-3.023857,31.454355,-26.485010,12.282476,-26.651201
3.487500,77.113869,-3.026941,27.974487,-26.105595,13.058061,-26.364206
3.493750,83.079735,-3.030415,25.304909,-25.738564,13.860364,-26.026985
3.500000,89.045853,-3.034141,23.131046,-25.423800,14.277674,-25.645182
3.506250,95.013863,-3.038012,21.368687,-25.178192,13.919472,-25.230246
3.512500,99.090118,-3.041461,20.041733,-25.005180,12.462481,-24.796930
3.518750,102.895164,-3.044548,19.176348,-24.893293,9.676772,-24.356543
3.525000,105.891571,-3.047984,18.791904,-24.815762,5.419150,-23.917459
3.531250,107.585144,-3.052508,18.854160,-24.713976,1.766006,-23.489433
3.537500,107.552887,-3.057777,19.282990,-24.613529,-2.690739,-23.083893
3.543750,105.459793,-3.062942,21.260614,-24.522690,-7.460859,-22.719158
3.550000,101.069359,-3.067916,23.874165,-24.411575,-12.107898,-22.420994
3.556250,94.256096,-3.073150,25.447472,-24.263266,-16.380171,-22.139698
3.562500,85.018799,-3.078844,27.811966,-24.067533,-20.044636,-21.871965
3.568750,73.483521,-3.084525,30.469318,-23.840958,-22.787167,-21.654720
3.575000,59.890724,-3.089379,32.918606,-23.607414,-24.831755,-21.527590
3.581250,44.579552,-3.093053,34.727585,-23.394560,-26.227001,-21.500072
3.587500,27.972782,-3.095938,35.512817,-23.232668,-27.210669,-21.609884
3.593750,10.560001,-3.098472,34.978470,-23.153446,-26.462248,-21.767120
3.600000,-7.125583,-3.100394,35.089943,-23.169621,-26.261583,-22.006350
3.606250,-24.534889,-3.101162,34.453018,-23.275246,-26.170216,-22.340523
3.612500,-41.136509,-3.100663,33.414017,-23.482748,-26.252251,-22.759056
3.618750,-56.443222,-3.099524,32.316696,-23.794582,-26.626343,-23.233156
3.625000,-70.029114,-3.097885,29.625067,-24.217117,-27.478888,-23.739876
3.631250,-81.552368,-3.095478,27.225622,-24.753151,-27.008024,-24.289127
3.637500,-90.775642,-3.092372,24.951174,-25.374298,-26.705965,-24.848448
3.643750,-97.581261,-3.089152,22.583796,-26.043728,-26.134190,-25.387257
3.650000,-101.971153,-3.086437,19.801815,-26.722580,-25.034191,-25.881142
3.656250,-104.065346,-3.084285,16.252327,-27.365360,-23.240086,-26.309706
3.662500,-104.098228,-3.082702,11.579547,-27.914209,-20.643576,-26.653685
3.668750,-102.409630,-3.081751,7.549567,-28.346949,-17.210428,-26.902687
3.675000,-99.426826,-3.081655,2.153803,-28.671055,-12.992755,-27.057014
3.681250,-95.639618,-3.082294,-4.170475,-28.851303,-8.129829,-27.121115
3.687500,-91.580383,-3.083450,-11.119043,-28.874283,-2.788637,-27.097794
3.693750,-85.627960,-3.085566,-18.455755,-28.744480,2.813172,-26.992962
3.700000,-79.678459,-3.088989,-25.930387,-28.486214,8.407131,-26.818972
3.706250,-73.727882,-3.093321,-33.284370,-28.152216,13.715741,-26.592636
3.712500,-67.771553,-3.097725,-40.141228,-27.729403,18.515820,-26.326874
3.718750,-61.810429,-3.102060,-47.724487,-27.243046,22.664543,-26.025021
3.725000,-55.849239,-3.106952,-54.559593,-26.754065,26.034428,-25.690563
3.731250,-49.888206,-3.112329,-60.883720,-26.296669,28.560648,-25.321297
3.737500,-43.922863,-3.117548,-64.768875,-25.905533,30.482115,-24.984842
3.743750,-37.952023,-3.122221,-67.896461,-25.616003,32.132763,-24.701851
3.750000,-31.978724,-3.126440,-69.978302,-25.434458,33.618450,-24.483944
3.756250,-26.005220,-3.130273,-70.761078,-25.354168,35.406914,-24.305334
3.762500,-20.031523,-3.133761,-70.136703,-25.364031,36.249207,-24.141500
3.768750,-14.057696,-3.136865,-68.067734,-25.442068,38.063854,-23.962107
3.775000,-8.085474,-3.139788,-64.586540,-25.556118,38.863087,-23.862598
3.781250,-2.114804,-3.142747,-59.831562,-25.687452,40.341690,-23.817820
3.787500,3.856093,-3.145318,-54.093410,-25.831047,41.742123,-23.805470
3.793750,9.827060,-3.147543,-49.421803,-25.964422,42.754959,-23.815014
3.800000,15.796479,-3.149762,-44.364571,-26.072027,43.126984,-23.842407
3.806250,21.762293,-3.152328,-37.498348,-26.144596,42.705341,-23.879698
3.812500,27.726667,-3.155165,-30.666307,-26.118746,41.467800,-23.896503
3.818750,33.690899,-3.158215,-24.127270,-26.020504,39.393887,-23.884899
3.825000,39.653835,-3.161693,-18.116787,-25.870070,36.398808,-23.848326
3.831250,45.617363,-3.165602,-12.602637,-25.682898,32.595875,-23.789211
3.837500,51.582890,-3.169413,-7.472259,-25.474014,28.242401,-23.710560
3.843750,57.550713,-3.173069,-2.564648,-25.259632,23.655212,-23.624319
3.850000,63.518223,-3.177035,2.338667,-25.049286,19.211025,-23.539392
3.856250,69.485085,-3.181303,5.618892,-24.842283,15.456463,-23.416775
3.862500,75.453232,-3.185422,9.105429,-24.647955,10.869296,-23.274900
3.868750,81.423645,-3.189223,12.432648,-24.474134,7.294133,-23.130480
3.875000,87.391754,-3.193419,15.304335,-24.320408,4.582584,-22.990116
3.881250,93.355476,-3.198762,17.475552,-24.170979,2.587759,-22.852154
3.887500,97.424294,-3.204780,18.746782,-23.982025,1.131961,-22.709290
3.893750,101.225403,-3.210445,18.826138,-23.783920,-0.038818,-22.557650
3.900000,104.225647,-3.215806,19.254318,-23.582197,-1.261097,-22.402328
3.906250,105.926704,-3.221630,18.882687,-23.349380,-2.864887,-22.246563
3.912500,105.898834,-3.228595,18.055666,-23.076113,-5.144588,-22.087465
3.918750,103.806473,-3.236481,17.070644,-22.759655,-8.396914,-21.919409
3.925000,99.417175,-3.244600,16.171078,-22.405720,-12.933443,-21.734835
3.931250,92.611664,-3.252487,15.525195,-22.028368,-19.062284,-21.518755
3.937500,83.388214,-3.260143,15.255689,-21.646032,-27.127512,-21.298998
3.943750,71.866669,-3.267592,15.471636,-21.279816,-35.428291,-21.106791
3.950000,58.284500,-3.274679,16.246988,-20.949942,-45.325413,-20.943472
3.956250,42.984280,-3.280810,17.589464,-20.675625,-56.369774,-20.816935
3.962500,26.393816,-3.285415,19.431974,-20.473272,-68.158447,-20.738749
3.968750,9.001905,-3.288581,19.780581,-20.353897,-80.262840,-20.719673
3.975000,-8.662477,-3.290483,22.305191,-20.319355,-92.253998,-20.769672
3.981250,-26.055065,-3.291307,24.979685,-20.358997,-103.719673,-20.900352
3.987500,-42.643440,-3.290977,27.646456,-20.460928,-114.282242,-21.132776
3.993750,-57.936108,-3.289515,29.871319,-20.675411,-123.381081,-21.403418
4.000000,-71.507751,-3.287158,31.631702,-20.965769,-130.926071,-21.758644
4.006250,-83.018417,-3.284015,32.904949,-21.317581,-136.811554,-22.207413
4.012500,-92.232239,-3.279993,33.512627,-21.721422,-140.829147,-22.750639
4.018750,-99.028999,-3.275630,33.374699,-22.162169,-142.905518,-23.405897
4.025000,-103.410873,-3.271502,32.477558,-22.618614,-143.236115,-24.064783
4.031250,-105.499008,-3.267820,28.924183,-23.072506,-142.485428,-24.708508
4.037500,-105.528389,-3.264521,26.477444,-23.517679,-140.748474,-25.382767
4.043750,-103.838570,-3.261817,23.296488,-23.941067,-136.505966,-26.064737
4.050000,-100.856720,-3.259969,19.531300,-24.329041,-131.673523,-26.725758
4.056250,-97.073265,-3.258872,15.333626,-24.675882,-126.494720,-27.342424
4.062500,-93.017197,-3.257904,10.902805,-24.975826,-121.258217,-27.895559
4.068750,-87.068192,-3.257065,6.547932,-25.204998,-116.228249,-28.363432
4.075000,-81.125557,-3.257521,2.546741,-25.364155,-111.615372,-28.721497
4.081250,-75.189957,-3.259671,-0.924195,-25.464231,-107.635941,-28.957874
4.087500,-69.254662,-3.262751,-3.569486,-25.511629,-104.473022,-29.067080
4.093750,-63.311028,-3.265430,-6.948276,-25.508718,-102.185173,-29.045025
4.100000,-57.363911,-3.267760,-9.120679,-25.457926,-100.730782,-28.892567
4.106250,-51.420055,-3.270728,-10.342310,-25.361967,-99.994354,-28.618851
4.112500,-45.481693,-3.274810,-10.850668,-25.224833,-99.784149,-28.246393
4.118750,-39.543690,-3.279657,-10.873425,-25.047810,-99.830681,-27.789949
4.125000,-33.601864,-3.284832,-10.640645,-24.830162,-99.602264,-27.227322
4.131250,-27.657316,-3.290377,-10.433169,-24.580275,-98.914162,-26.602135
4.137500,-21.710535,-3.296320,-10.515372,-24.308863,-97.542732,-25.951471
4.143750,-15.760391,-3.302412,-11.065040,-24.022648,-95.108910,-25.302755
4.150000,-9.805895,-3.308480,-10.038782,-23.726509,-91.258240,-24.677277
4.156250,-3.848710,-3.314722,-8.897798,-23.425045,-85.706741,-24.089960
4.162500,2.110608,-3.321284,-7.214093,-23.120813,-78.254425,-23.543121
4.168750,8.073312,-3.328144,-6.492848,-22.818497,-68.822861,-23.030678
4.175000,14.039989,-3.335226,-4.781423,-22.519464,-57.783901,-22.636465
4.181250,20.011379,-3.342431,-2.309411,-22.219152,-46.825710,-22.298260
4.187500,25.988365,-3.349456,0.554025,-21.934296,-34.635365,-22.028605
4.193750,31.971310,-3.356182,3.436019,-21.677238,-22.143009,-21.822197
4.200000,37.959885,-3.362520,6.017286,-21.458035,-10.159679,-21.634336
4.206250,43.952309,-3.368247,7.990565,-21.285248,0.718936,-21.542778
4.212500,49.948372,-3.373192,11.245557,-21.167397,10.356256,-21.561995
4.218750,55.947330,-3.377190,14.201715,-21.107254,17.767307,-21.642469
4.225000,61.945835,-3.380497,17.217421,-21.096060,23.875319,-21.731464
4.231250,67.941231,-3.383640,18.723265,-21.123882,27.425636,-21.857718
4.237500,73.933784,-3.386508,20.595675,-21.178389,28.764744,-22.018660
4.243750,79.924065,-3.388895,22.495213,-21.249001,28.252275,-22.201672
4.250000,85.913216,-3.390799,23.988485,-21.347702,26.268066,-22.395866
4.256250,91.899681,-3.392209,24.688957,-21.465204,23.206713,-22.596331
4.262500,95.987068,-3.393275,24.340738,-21.582111,19.526367,-22.792126
4.268750,99.795952,-3.394401,22.627638,-21.681076,15.724538,-22.966623
4.275000,102.790718,-3.396265,21.428577,-21.750784,12.258011,-23.104078
4.281250,104.481674,-3.398945,19.125601,-21.783615,9.521992,-23.192106
4.287500,104.445999,-3.402078,16.009171,-21.770020,7.864182,-23.216120
4.293750,102.344215,-3.405767,12.349484,-21.702129,7.541451,-23.155870
4.300000,97.937042,-3.410670,8.366526,-21.582386,8.647602,-23.007200
4.306250,91.103989,-3.416821,4.256394,-21.418610,10.922594,-22.814247
4.312500,81.852386,-3.423253,0.244273,-21.215549,14.368452,-22.568604
4.318750,70.307274,-3.429206,-3.462799,-20.978146,18.899448,-22.270908
4.325000,56.700172,-3.435202,-6.714484,-20.716042,24.232855,-21.931122
4.331250,41.366898,-3.442137,-9.429447,-20.443830,30.004194,-21.565386
4.337500,24.738026,-3.449742,-11.555511,-20.177002,35.828613,-21.189758
4.343750,7.312599,-3.456959,-13.077119,-19.935904,41.315826,-20.819748
4.350000,-10.376127,-3.463300,-11.860067,-19.761211,46.088997,-20.458889
4.356250,-27.785460,-3.469027,-11.158925,-19.594381,49.800533,-20.123772
4.362500,-44.385201,-3.473916,-8.616491,-19.485777,54.021843,-19.865494
4.368750,-59.681904,-3.477683,-4.952478,-19.466566,57.262905,-19.695009
4.375000,-73.250282,-3.480354,-0.228884,-19.543556,57.980545,-19.639746
4.381250,-84.754181,-3.482283,5.378931,-19.715206,58.136883,-19.867001
4.387500,-93.956818,-3.483411,11.632205,-19.971107,58.521290,-20.036295
4.393750,-100.733116,-3.483073,18.247765,-20.294399,58.256901,-20.301210
4.400000,-105.087929,-3.481783,24.889318,-20.668011,57.592785,-20.686153
4.406250,-107.146866,-3.480294,29.297812,-21.079563,55.396923,-21.222307
4.412500,-107.147057,-3.478468,34.916656,-21.515713,52.881260,-21.855362
4.418750,-105.425346,-3.475844,39.594296,-21.957272,49.977566,-22.548622
4.425000,-102.409393,-3.472556,43.137745,-22.386471,46.724422,-23.270050
4.431250,-98.596680,-3.469460,45.435673,-22.774988,43.228157,-23.982231
4.437500,-94.520355,-3.466760,46.534035,-23.089167,39.705032,-24.632412
4.443750,-88.555328,-3.464201,46.425072,-23.325407,36.304131,-25.191147
4.450000,-82.595352,-3.462002,45.216492,-23.484037,33.145599,-25.637434
4.456250,-76.644287,-3.461167,43.184017,-23.561407,30.461706,-25.951885
4.462500,-70.700569,-3.462001,40.685787,-23.556183,28.500853,-26.120609
4.468750,-64.757187,-3.463708,36.258873,-23.469995,27.496624,-26.135689
4.475000,-58.809532,-3.465729,32.002247,-23.312807,27.663206,-26.000196
4.481250,-52.860657,-3.468383,27.865448,-23.102242,29.185343,-25.733315
4.487500,-46.913567,-3.472118,23.870089,-22.843306,30.391668,-25.329815
4.493750,-40.964371,-3.476492,20.101736,-22.542311,33.169304,-24.800337
4.500000,-35.012455,-3.481506,16.490141,-22.226528,36.850304,-24.191315
4.506250,-29.059431,-3.487788,13.023479,-21.919767,40.898235,-23.543495
4.512500,-23.103937,-3.495196,9.774158,-21.636766,44.858273,-22.891529
4.518750,-17.140001,-3.502660,6.828096,-21.383001,48.295425,-22.265837
4.525000,-11.163434,-3.509046,4.258373,-21.151134,50.792576,-21.691900
4.531250,-5.179307,-3.514611,2.115667,-20.898371,51.946636,-21.195518
4.537500,0.804659,-3.520274,2.463335,-20.702301,51.319065,-20.827869
4.543750,6.787971,-3.526295,1.417352,-20.571096,48.297600,-20.553715
4.550000,12.776020,-3.531934,1.551602,-20.472334,44.359150,-20.388594
4.556250,18.770941,-3.536601,2.672758,-20.399464,40.176964,-20.335201
4.562500,24.770496,-3.540459,4.297066,-20.372166,34.714046,-20.212311
4.568750,30.772388,-3.543668,6.015828,-20.412497,27.741724,-20.361412
4.575000,36.774727,-3.546335,7.474787,-20.545292,20.754667,-20.649578
4.581250,42.780167,-3.548109,8.370369,-20.808590,14.362887,-21.017128
4.587500,48.788342,-3.548650,10.656474,-21.176182,7.977802,-21.428749
4.593750,54.797558,-3.547959,11.412095,-21.619585,3.019381,-21.911493
4.600000,60.804806,-3.546332,12.059991,-22.168535,-0.449248,-22.461004
4.606250,66.807678,-3.544010,12.463120,-22.821331,-2.433052,-23.060505
4.612500,72.805855,-3.541026,12.530881,-23.575632,-3.043207,-23.692980
4.618750,78.798584,-3.537619,12.138190,-24.417126,-2.529905,-24.351582
4.625000,84.783676,-3.534419,11.379831,-25.304274,-1.138390,-25.014744
4.631250,90.760811,-3.531640,10.208032,-26.210752,0.871371,-25.661213
4.637500,96.734886,-3.528530,8.591440,-27.107929,3.138759,-26.278860
4.643750,100.812576,-3.524499,4.692940,-27.959143,5.268225,-26.858425
4.650000,104.610344,-3.520395,2.412092,-28.723185,6.843510,-27.374407
4.656250,107.587463,-3.517776,-0.021400,-29.356840,7.361676,-27.784203
4.662500,109.252380,-3.517257,-2.489526,-29.816383,6.491037,-28.064972
4.668750,109.187866,-3.518198,-4.931969,-30.081966,6.038615,-28.230860
4.675000,107.056877,-3.520191,-7.390889,-30.151531,4.076035,-28.295437
4.681250,102.622864,-3.523459,-9.754903,-30.014555,0.912727,-28.244734
4.687500,95.764091,-3.527891,-11.937864,-29.672844,-3.221694,-28.073833
4.693750,86.482185,-3.533414,-13.948638,-29.147390,-8.147244,-27.788958
4.700000,74.899849,-3.540140,-15.818489,-28.473007,-13.650923,-27.399326
4.706250,61.252476,-3.548677,-17.608160,-27.705357,-19.468853,-26.915558
4.712500,45.884331,-3.558670,-19.500641,-26.858496,-25.306004,-26.342588
4.718750,29.230381,-3.568676,-21.932661,-25.947056,-30.819027,-25.668278
4.725000,11.784978,-3.577929,-22.596720,-25.027634,-35.459751,-24.980494
4.731250,-5.925637,-3.586914,-23.138853,-24.163549,-40.788403,-24.308264
4.737500,-23.359831,-3.596108,-23.491779,-23.400139,-45.347862,-23.679636
4.743750,-39.981712,-3.604730,-23.416845,-22.753340,-49.282879,-23.119122
4.750000,-55.295815,-3.612072,-22.774832,-22.227844,-53.100033,-22.571379
4.756250,-68.879372,-3.618374,-21.501549,-21.813070,-56.683582,-22.050112
4.762500,-80.397354,-3.624123,-19.590292,-21.468510,-60.164581,-21.613886
4.768750,-89.612244,-3.629258,-17.140228,-21.210346,-62.577644,-21.303537
4.775000,-96.399261,-3.633169,-12.714771,-21.058062,-65.038940,-21.088718
4.781250,-100.760956,-3.635984,-9.247444,-20.965193,-67.545296,-20.955412
4.787500,-102.823723,-3.638340,-4.841527,-20.902025,-70.121101,-20.892641
4.793750,-102.826057,-3.640520,0.110467,-20.846710,-72.792862,-20.894049
4.800000,-101.107597,-3.642627,5.167792,-20.783606,-75.562836,-20.935421
4.806250,-98.093826,-3.644800,9.871983,-20.701420,-78.333794,-20.989025
4.812500,-94.276894,-3.647080,13.771291,-20.597868,-81.237457,-21.052181
4.818750,-90.188545,-3.649436,16.454430,-20.473375,-84.288963,-21.110344
4.825000,-84.206734,-3.652152,19.769466,-20.329876,-87.381592,-21.139217
4.831250,-78.227036,-3.655479,22.103889,-20.174795,-90.347153,-21.132021
4.837500,-72.247307,-3.659050,23.784664,-20.018950,-92.882622,-21.106005
4.843750,-66.262138,-3.662036,25.190100,-19.879892,-94.800362,-21.063232
4.850000,-60.273579,-3.664277,24.835344,-19.772533,-95.910500,-20.988249
4.856250,-54.287853,-3.667011,24.888645,-19.678381,-95.816139,-20.862312
4.862500,-48.308414,-3.670943,25.219482,-19.612888,-94.421585,-20.710382
4.868750,-42.327038,-3.675085,25.579527,-19.592213,-91.583328,-20.551731
4.875000,-36.336826,-3.678098,25.897795,-19.615719,-87.095177,-20.396851
4.881250,-30.341722,-3.680220,26.140345,-19.672028,-80.829872,-20.255669
4.887500,-24.350517,-3.682385,26.306345,-19.727440,-72.775070,-20.134661
4.893750,-18.363993,-3.685007,26.533775,-19.793928,-63.026546,-20.040997
4.900000,-12.378317,-3.687673,27.253788,-19.892689,-51.815884,-19.984118
4.906250,-6.390681,-3.690053,28.290842,-20.004328,-39.470264,-19.965145
4.912500,-0.403093,-3.692182,29.705980,-20.127014,-26.393812,-19.973900
4.918750,5.583498,-3.694235,31.509953,-20.237310,-13.051049,-19.986593
4.925000,11.568415,-3.696444,33.671455,-20.330276,0.150058,-19.986105
4.931250,17.551931,-3.699117,36.351929,-20.426445,13.235325,-20.039589
4.937500,23.535099,-3.702015,39.522446,-20.537907,25.620470,-20.118841
4.943750,29.523964,-3.704169,43.056133,-20.672993,36.888607,-20.215868
4.950000,35.517773,-3.705165,46.770058,-20.835413,46.846100,-20.330290
4.956250,41.510250,-3.705848,48.587418,-21.022972,55.414230,-20.461397
4.962500,47.496582,-3.707036,52.101761,-21.231039,62.597942,-20.612051
4.968750,53.481415,-3.708271,55.226791,-21.449200,68.470535,-20.786617
4.975000,59.469440,-3.708789,57.792492,-21.661432,73.176201,-21.024929
4.981250,65.459038,-3.708860,59.596237,-21.868412,77.003105,-21.214449
4.987500,71.445259,-3.708987,60.400208,-22.073988,78.477898,-21.429989
4.993750,77.430511,-3.708710,60.168346,-22.266968,79.087120,-21.684221
5.000000,83.417221,-3.707490,58.860828,-22.442781,78.754707,-21.978712
5.006250,89.400993,-3.705907,56.473446,-22.597145,77.369858,-22.312086
5.012500,95.376114,-3.705042,53.072815,-22.725662,74.839584,-22.687695
5.018750,99.450783,-3.704766,48.791740,-22.819265,71.057388,-23.097309
5.025000,103.252556,-3.704183,41.927097,-22.862022,67.589035,-23.458502
5.031250,106.249527,-3.703210,36.450916,-22.846115,62.779060,-23.792883
5.037500,107.943420,-3.702489,30.531918,-22.801580,57.042122,-24.125196
5.043750,107.906616,-3.702337,24.366161,-22.734833,50.889660,-24.436319
5.050000,105.800491,-3.702683,18.280933,-22.656931,44.743412,-24.710587
5.056250,101.389954,-3.703587,12.500936,-22.605291,38.941204,-24.935955
5.062500,94.552582,-3.705095,7.251581,-22.559151,33.818176,-25.099213
5.068750,85.291908,-3.706759,3.341377,-22.503046,29.709177,-25.184736
5.075000,73.730621,-3.707951,-1.521229,-22.481981,26.886179,-25.185635
5.081250,60.101353,-3.709512,-5.450713,-22.506100,23.664898,-25.101074
5.087500,44.738655,-3.712724,-8.698100,-22.566456,21.880869,-24.932100
5.093750,28.074707,-3.717526,-11.509167,-22.640860,21.193506,-24.687553
5.100000,10.611825,-3.722259,-14.024576,-22.734819,21.226759,-24.382652
5.106250,-7.115132,-3.726361,-16.322985,-22.842987,21.528833,-24.048512
5.112500,-24.568272,-3.730798,-18.722200,-22.939028,23.450005,-23.687880
5.118750,-41.218884,-3.736362,-21.392332,-23.000216,24.458258,-23.276657
5.125000,-56.570301,-3.742431,-24.423328,-23.010069,24.981359,-22.865381
5.131250,-70.189568,-3.748298,-27.876972,-22.959534,25.070417,-22.481491
5.137500,-81.738373,-3.754249,-29.602278,-22.842880,24.656872,-22.140488
5.143750,-90.984024,-3.760841,-30.943617,-22.659822,23.663328,-21.848886
5.150000,-97.803391,-3.767838,-31.362047,-22.412577,22.033543,-21.600882
5.156250,-102.191345,-3.774642,-32.257446,-22.108311,19.742113,-21.342501
5.162500,-104.269287,-3.780898,-31.599480,-21.762957,16.613075,-21.202927
5.168750,-104.276443,-3.786704,-29.583483,-21.384062,14.616781,-21.093958
5.175000,-102.555367,-3.792014,-26.417828,-20.981823,12.767100,-21.022484
5.181250,-99.533630,-3.796699,-22.507467,-20.582182,11.425426,-20.991859
5.187500,-95.704033,-3.800743,-18.243160,-20.208994,11.133879,-20.995544
5.193750,-91.599815,-3.804182,-13.997969,-19.882910,12.417466,-21.014524
5.200000,-85.600174,-3.806980,-10.142637,-19.622673,15.792056,-21.033319
5.206250,-79.600700,-3.809258,-4.861358,-19.447712,19.826591,-21.121233
5.212500,-73.602592,-3.811232,0.179291,-19.377312,24.349066,-21.250727
5.218750,-67.604324,-3.812728,3.381996,-19.403114,31.055632,-21.358393
5.225000,-61.603981,-3.813159,6.752763,-19.507095,38.808548,-21.476231
5.231250,-55.602966,-3.812444,9.886210,-19.686855,46.809525,-21.612314
5.237500,-49.606495,-3.811192,12.460297,-19.907742,54.370594,-21.768299
5.243750,-43.616756,-3.809940,14.224741,-20.192324,60.794727,-21.948811
5.250000,-37.634075,-3.808983,14.281332,-20.567974,65.385750,-22.164410
5.256250,-31.656595,-3.808603,15.121826,-21.005026,67.521477,-22.418192
5.262500,-25.681166,-3.808361,15.132775,-21.497053,68.868858,-22.705664
5.268750,-19.704386,-3.807413,14.373364,-21.980633,67.703590,-23.024448
5.275000,-13.728580,-3.805793,13.086542,-22.460211,64.329659,-23.365021
5.281250,-7.761566,-3.804974,11.682218,-22.937998,59.116081,-23.712288
5.287500,-1.806631,-3.805950,10.310889,-23.404203,52.455460,-24.034710
5.293750,4.144422,-3.807909,9.064530,-23.843542,42.728386,-24.330341
5.300000,10.100804,-3.809343,7.987326,-24.242096,32.392784,-24.632656
5.306250,16.057981,-3.810707,7.104859,-24.583614,21.335823,-24.901281
5.312500,22.006905,-3.813637,6.448733,-24.850416,9.808855,-25.111767
5.318750,27.946632,-3.818704,6.016449,-25.029627,-1.811363,-25.249121
5.325000,33.888950,-3.824659,5.793166,-25.108429,-13.118526,-25.300377
5.331250,39.840096,-3.830727,5.747159,-25.079929,-23.714108,-25.256649
5.337500,45.795494,-3.837377,7.977228,-24.944138,-33.257427,-25.112791
5.343750,51.752720,-3.844860,9.136968,-24.710405,-41.490257,-24.897104
5.350000,57.715435,-3.852371,11.193258,-24.422905,-48.392593,-24.611759
5.356250,63.687618,-3.859497,14.037842,-24.057001,-53.406834,-24.270266
5.362500,69.664749,-3.866811,17.542992,-23.652784,-56.830414,-23.918613
5.368750,75.646339,-3.874153,21.260956,-23.251625,-58.688084,-23.598217
5.375000,81.637405,-3.880342,24.981352,-22.882650,-59.076382,-23.348860
5.381250,87.640160,-3.884732,28.529552,-22.567095,-58.305378,-23.149235
5.387500,93.647438,-3.887890,31.729584,-22.315622,-56.841393,-22.991858
5.393750,97.759331,-3.890345,32.531837,-22.122536,-52.726341,-22.904860
5.400000,101.600143,-3.891473,34.524998,-22.003345,-48.338493,-22.956131
5.406250,104.638283,-3.890835,35.514893,-21.978266,-43.527931,-23.120773
5.412500,106.376701,-3.889138,35.524372,-22.036568,-38.464931,-23.386436
5.418750,106.383247,-3.887043,34.611332,-22.161869,-33.424538,-23.737064
5.425000,104.319313,-3.884262,32.858112,-22.328260,-28.547523,-24.113249
5.431250,99.949593,-3.880598,30.372311,-22.510082,-24.010935,-24.485531
5.437500,93.147972,-3.876861,27.289541,-22.675709,-20.094376,-24.832512
5.443750,83.909637,-3.874177,23.883501,-22.784595,-16.818110,-25.127371
5.450000,72.360115,-3.872599,20.731476,-22.866243,-14.135150,-25.339523
5.456250,58.741894,-3.871682,16.402372,-22.893377,-12.006026,-25.446217
5.462500,43.395634,-3.871497,12.771743,-22.843872,-10.343979,-25.433529
5.468750,26.748081,-3.872315,9.718391,-22.712650,-8.976704,-25.298386
5.475000,9.292509,-3.873904,7.148205,-22.504374,-7.687689,-25.055817
5.481250,-8.438478,-3.876519,4.981324,-22.230856,-6.216972,-24.709646
5.487500,-25.897837,-3.880896,3.167904,-21.896896,-4.064406,-24.246759
5.493750,-42.552349,-3.886989,1.642377,-21.520485,-3.134351,-23.722998
5.500000,-57.900173,-3.893363,0.247216,-21.131397,-1.660194,-23.184271
5.506250,-71.509300,-3.898817,-1.101138,-20.754921,0.077682,-22.668217
5.512500,-83.045593,-3.903869,-2.432466,-20.411810,1.802737,-22.208874
5.518750,-92.279320,-3.909524,-3.763986,-20.115231,3.209632,-21.834509
5.525000,-99.085785,-3.915330,-4.801975,-19.861073,5.818653,-21.500015
5.531250,-103.457809,-3.920047,-5.284532,-19.631710,7.320844,-21.259943
5.537500,-105.518677,-3.923518,-5.509215,-19.488474,7.660419,-21.142683
5.543750,-105.510872,-3.926142,-5.655416,-19.419676,7.418786,-21.134682
5.550000,-103.778122,-3.928147,-5.681301,-19.420332,6.629805,-21.221586
5.556250,-100.744751,-3.929145,-5.782747,-19.491173,5.325124,-21.379305
5.562500,-96.904556,-3.929085,-6.147275,-19.636351,3.737251,-21.648708
5.568750,-92.792686,-3.928132,-6.946011,-19.858894,2.329965,-21.988703
5.575000,-86.788017,-3.926255,-6.100024,-20.148043,1.379411,-22.363602
5.581250,-80.786766,-3.923446,-6.908309,-20.489843,0.874009,-22.773603
5.587500,-74.791122,-3.920263,-7.361684,-20.878080,1.170472,-23.205711
5.593750,-68.804291,-3.917179,-7.616084,-21.304085,0.783492,-23.640148
5.600000,-62.824413,-3.914168,-7.808373,-21.758354,1.673712,-24.059839
5.606250,-56.849854,-3.911360,-8.063927,-22.231827,3.474370,-24.474277
5.612500,-50.882252,-3.909263,-8.447862,-22.703646,5.953794,-24.846899
5.618750,-44.920818,-3.908033,-8.995472,-23.152946,8.808109,-25.172743
5.625000,-38.959614,-3.906733,-9.794014,-23.568233,11.597956,-25.452749
5.631250,-32.998432,-3.905133,-10.902648,-23.939667,13.971760,-25.689747
5.637500,-27.044748,-3.904504,-12.046329,-24.255293,15.621357,-25.889425
5.643750,-21.101534,-3.905928,-12.934499,-24.505142,16.243654,-26.061686
5.650000,-15.160475,-3.908391,-13.547613,-24.674936,15.459658,-26.165731
5.656250,-9.213233,-3.910596,-13.869001,-24.749552,12.921347,-26.178984
5.662500,-3.262376,-3.912880,-13.948465,-24.723083,10.428028,-26.123154
5.668750,2.681607,-3.916427,-13.909561,-24.605019,5.799624,-26.045431
5.675000,8.620648,-3.921534,-13.864931,-24.403988,1.705521,-25.930132
5.681250,14.562960,-3.927196,-13.874553,-24.128195,-2.822943,-25.773224
5.687500,20.512083,-3.932783,-14.021109,-23.788921,-6.963482,-25.572351
5.693750,26.464697,-3.938553,-14.412014,-23.406773,-9.917454,-25.325024
5.700000,32.418594,-3.944529,-15.187480,-23.018595,-10.923753,-25.023386
5.706250,38.373482,-3.950759,-14.357382,-22.643101,-11.333663,-24.692900
5.712500,44.330620,-3.957588,-13.897615,-22.242344,-10.695229,-24.358641
5.718750,50.289425,-3.965076,-13.188457,-21.877232,-7.571468,-24.026972
5.725000,56.255001,-3.972524,-11.967447,-21.581306,-2.656279,-23.722380
5.731250,62.232708,-3.978657,-10.144792,-21.367041,3.415715,-23.464811
5.737500,68.218941,-3.983469,-7.696766,-21.235332,9.892967,-23.229555
5.743750,74.205765,-3.987897,-4.680702,-21.176884,17.908854,-23.001680
5.750000,80.192108,-3.992046,-1.219758,-21.175676,25.155392,-22.832539
5.756250,86.181808,-3.995079,2.458018,-21.224186,31.124598,-22.743383
5.762500,92.176262,-3.996789,8.215846,-21.318281,35.793953,-22.718380
5.768750,96.273453,-3.997944,12.582249,-21.438961,38.902481,-22.745186
5.775000,100.091980,-3.999065,17.467377,-21.563732,42.359398,-22.811783
5.781250,103.101868,-3.999865,22.529243,-21.671423,44.595390,-22.911860
5.787500,104.812599,-4.000142,27.380323,-21.743979,45.964481,-23.037333
5.793750,104.794250,-4.000577,31.603613,-21.773531,45.190170,-23.143528
5.800000,102.703712,-4.001599,34.804756,-21.753935,44.060738,-23.250074
5.806250,98.306267,-4.003280,36.684612,-21.678703,42.477112,-23.349386
5.812500,91.483467,-4.005250,36.986210,-21.548092,40.433601,-23.426554
5.818750,82.236259,-4.007411,37.693203,-21.366055,37.946037,-23.460310
5.825000,70.685463,-4.009970,37.355511,-21.139708,35.102924,-23.424335
5.831250,57.065315,-4.013598,36.448589,-20.885666,32.162273,-23.349533
5.837500,41.717281,-4.018885,33.571789,-20.626982,29.482038,-23.249422
5.843750,25.073393,-4.025414,30.878231,-20.392143,25.045525,-23.106869
5.850000,7.635341,-4.031671,28.407177,-20.180725,20.604374,-22.915623
5.856250,-10.061319,-4.036323,26.290842,-19.998644,15.894464,-22.702646
5.862500,-27.477800,-4.039641,24.334251,-19.875910,10.765274,-22.493210
5.868750,-44.090641,-4.043067,22.504412,-19.830360,5.181482,-22.313135
5.875000,-59.409737,-4.046762,20.855547,-19.861002,-0.859509,-22.183817
5.881250,-73.001198,-4.049999,19.501032,-19.940718,-7.382561,-22.104481
5.887500,-84.520927,-4.052205,18.588903,-20.056564,-14.602251,-22.056297
5.893750,-93.736626,-4.053613,16.885201,-20.261852,-20.428137,-22.063919
5.900000,-100.529289,-4.054372,15.946992,-20.516815,-26.170643,-22.132099
5.906250,-104.899689,-4.054449,15.373715,-20.806770,-31.376328,-22.244268
5.912500,-106.970474,-4.054299,14.908549,-21.128872,-35.656254,-22.378462
5.918750,-106.980957,-4.054365,14.331748,-21.491922,-38.544132,-22.549726
5.925000,-105.268730,-4.054165,13.555780,-21.865496,-41.765636,-22.741596
5.931250,-102.257690,-4.053098,12.603114,-22.238434,-43.797218,-22.930714
5.937500,-98.443420,-4.051811,11.192601,-22.625753,-44.976139,-23.110012
5.943750,-94.366074,-4.051497,7.378209,-23.025953,-45.577736,-23.275421
5.950000,-88.400116,-4.052052,5.025524,-23.428907,-45.816513,-23.422348
5.956250,-82.432274,-4.052363,2.312093,-23.821381,-45.913090,-23.549122
5.962500,-76.461548,-4.052268,-0.663384,-24.185448,-46.087147,-23.663836
5.968750,-70.494736,-4.052739,-3.803498,-24.504372,-46.602955,-23.704893
5.975000,-64.532677,-4.053809,-7.029239,-24.763958,-45.046570,-23.721615
5.981250,-58.568813,-4.054394,-10.252027,-24.952606,-43.654301,-23.723354
5.987500,-52.603123,-4.054374,-13.395978,-25.063850,-41.836216,-23.715834
5.993750,-46.644680,-4.055318,-16.372393,-25.091787,-39.187263,-23.703001
6.000000,-40.694778,-4.058065,-19.090641,-25.034922,-35.365536,-23.688324
6.006250,-34.745132,-4.061546,-21.478937,-24.894579,-30.110125,-23.675545
6.012500,-28.787891,-4.064706,-23.461369,-24.671967,-23.244600,-23.667978
6.018750,-22.826838,-4.067990,-22.823997,-24.370659,-14.759875,-23.660147
6.025000,-16.867401,-4.072069,-22.818733,-23.989227,-4.995006,-23.627186
6.031250,-10.907048,-4.076602,-21.410151,-23.562460,5.756527,-23.604519
6.037500,-4.941054,-4.080970,-18.951349,-23.127377,17.332605,-23.603998
6.043750,1.029926,-4.085454,-15.522534,-22.697603,29.313314,-23.629953
6.050000,7.002063,-4.090154,-11.390440,-22.300489,41.152111,-23.685144
6.056250,12.978839,-4.094594,-6.900184,-21.965988,52.323086,-23.756424
6.062500,18.961927,-4.098274,-2.347095,-21.709576,62.522205,-23.816296
6.068750,24.947157,-4.101636,2.003521,-21.540350,71.517624,-23.903671
6.075000,30.932133,-4.104916,6.093931,-21.469673,78.931396,-24.020428
6.081250,36.920143,-4.107430,9.903800,-21.503527,84.559349,-24.160767
6.087500,42.912895,-4.108442,13.209823,-21.631971,88.440231,-24.321871
6.093750,48.904320,-4.108689,15.852071,-21.827465,90.715706,-24.505302
6.100000,54.886570,-4.109378,17.687185,-22.047764,91.521057,-24.692160
6.106250,60.861893,-4.110641,18.476387,-22.291117,90.766724,-24.849012
6.112500,66.836319,-4.111874,17.916893,-22.541250,88.848846,-24.995123
6.118750,72.810806,-4.112811,16.081554,-22.761852,86.108406,-25.130127
6.125000,78.783028,-4.113977,15.119585,-22.928045,82.739944,-25.245255
6.131250,84.750549,-4.115630,13.640429,-23.025850,78.899040,-25.329214
6.137500,90.716629,-4.117901,12.172116,-23.049450,74.749504,-25.364674
6.143750,94.787003,-4.120801,9.356355,-23.000801,70.485252,-25.306404
6.150000,98.585785,-4.124018,7.330146,-22.886898,66.352882,-25.192017
6.156250,101.582848,-4.126966,6.080506,-22.705914,61.546799,-25.032848
6.162500,103.285622,-4.129556,5.520877,-22.473461,56.956955,-24.815052
6.168750,103.262833,-4.132447,5.465583,-22.213701,52.491920,-24.549664
6.175000,101.173172,-4.135960,5.797022,-21.946281,48.167587,-24.250341
6.181250,96.782730,-4.139432,6.398031,-21.690384,44.032188,-23.933201
6.187500,89.975075,-4.142160,7.152085,-21.460197,40.147869,-23.611279
6.193750,80.746964,-4.144287,7.941309,-21.268480,36.600479,-23.298372
6.200000,69.214958,-4.146344,8.628079,-21.128830,33.522163,-23.058884
6.206250,55.615753,-4.148292,11.259135,-21.050106,31.465282,-22.819126
6.212500,40.292858,-4.149890,12.492388,-21.033798,29.079308,-22.639265
6.218750,23.671448,-4.151383,14.382939,-21.069857,27.553438,-22.545784
6.225000,6.242216,-4.153074,16.720768,-21.161106,26.703304,-22.555798
6.231250,-11.461303,-4.154846,19.223007,-21.308638,26.355284,-22.734604
6.237500,-28.890528,-4.156411,21.684845,-21.501760,26.432974,-22.922295
6.243750,-45.513237,-4.157717,23.881571,-21.733892,27.081217,-23.211483
6.250000,-60.837772,-4.158773,25.542746,-22.003187,27.492262,-23.606850
6.256250,-74.437706,-4.159475,28.658442,-22.295731,27.708012,-24.089968
6.262500,-85.973320,-4.159932,29.846060,-22.596178,27.691021,-24.633717
6.268750,-95.209778,-4.160600,31.083220,-22.895409,27.391382,-25.205700
6.275000,-102.025543,-4.161459,32.174953,-23.184732,26.794874,-25.761955
6.281250,-106.415718,-4.161744,32.967731,-23.454096,26.036642,-26.269342
6.287500,-108.502533,-4.161279,33.356937,-23.686584,25.624014,-26.721478
6.293750,-108.529869,-4.161239,33.239994,-23.873405,25.533112,-27.084099
6.300000,-106.842110,-4.162804,32.497231,-24.012917,23.954149,-27.337118
6.306250,-103.858795,-4.165151,31.091110,-24.101212,22.812099,-27.464455
6.312500,-100.064079,-4.167071,29.040033,-24.133574,21.895615,-27.455584
6.318750,-95.993492,-4.168669,26.411085,-24.100721,20.993877,-27.303682
6.325000,-90.033363,-4.171157,25.445993,-23.993975,19.883106,-27.008688
6.331250,-84.079422,-4.175108,22.943443,-23.812317,18.275925,-26.595444
6.337500,-78.124786,-4.179947,21.016228,-23.577251,17.707874,-26.128576
6.343750,-72.165298,-4.185331,19.600752,-23.306522,16.277985,-25.607470
6.350000,-66.201553,-4.191074,18.736788,-22.998346,13.728519,-25.031244
6.356250,-60.233143,-4.196935,18.392349,-22.662592,10.820919,-24.473141
6.362500,-54.257515,-4.202322,18.359404,-22.327551,7.677097,-23.981411
6.368750,-48.276741,-4.207139,18.477186,-22.019274,4.313303,-23.593058
6.375000,-42.294491,-4.211785,18.638134,-21.758934,0.714205,-23.328842
6.381250,-36.311260,-4.216216,18.751942,-21.561840,-3.226651,-23.120096
6.387500,-30.324224,-4.219943,18.725290,-21.444891,-7.947541,-23.087130
6.393750,-24.334965,-4.222919,20.588606,-21.459087,-11.729042,-23.207102
6.400000,-18.345051,-4.225369,21.161243,-21.516411,-15.586530,-23.463303
6.406250,-12.355726,-4.227058,22.569582,-21.668079,-19.270805,-23.817774
6.412500,-6.366133,-4.227866,24.384125,-21.920622,-22.529617,-24.146885
6.418750,-0.379783,-4.228390,26.529217,-22.265083,-25.412806,-24.582592
6.425000,5.600926,-4.229321,28.862368,-22.687561,-28.480268,-25.046335
6.431250,11.578693,-4.230243,31.229183,-23.164534,-31.113392,-25.495251
6.437500,17.558256,-4.230300,33.468613,-23.669527,-33.351814,-25.895960
6.443750,23.536844,-4.229769,35.660583,-24.174273,-35.265877,-26.222433
6.450000,29.508217,-4.229890,37.899937,-24.643364,-36.938381,-26.448866
6.456250,35.471706,-4.231116,39.982841,-25.044729,-38.474499,-26.558279
6.462500,41.433594,-4.232856,41.659286,-25.354856,-40.068600,-26.565348
6.468750,47.397957,-4.234568,42.659508,-25.565292,-41.980782,-26.527702
6.475000,53.363346,-4.236454,42.758720,-25.672791,-43.858013,-26.339767
6.481250,59.329311,-4.238383,41.850861,-25.671965,-43.844868,-26.078161
6.487500,65.295441,-4.240276,39.866264,-25.567991,-43.531624,-25.781006
6.493750,71.261292,-4.242568,36.743370,-25.380850,-42.369061,-25.481464
6.500000,77.224548,-4.245663,32.494965,-25.138287,-39.812836,-25.205158
6.506250,83.189522,-4.249075,27.267059,-24.863344,-37.213295,-24.957855
6.512500,89.160469,-4.251956,21.591797,-24.568548,-32.453655,-24.734947
6.518750,95.135246,-4.254439,15.975739,-24.272915,-27.946798,-24.517872
6.525000,99.213531,-4.257376,10.607647,-23.997293,-22.550312,-24.339769
6.531250,103.017830,-4.260884,5.666403,-23.771404,-16.310608,-24.241234
6.537500,106.021645,-4.263860,1.314644,-23.615749,-10.321586,-24.191326
6.543750,107.733559,-4.265865,-2.186906,-23.529406,-5.124296,-24.174858
6.550000,107.719719,-4.267647,-4.666432,-23.508734,-1.123807,-24.181707
6.556250,105.636513,-4.269788,-6.051860,-23.546593,1.357090,-24.211761
6.562500,101.249664,-4.271774,-6.321763,-23.627510,2.135253,-24.251686
6.568750,94.440773,-4.273197,-5.503850,-23.723066,2.619061,-24.270988
6.575000,85.207291,-4.274401,-5.580772,-23.765247,1.510453,-24.290668
6.581250,73.667015,-4.275718,-3.203559,-23.851320,-0.704572,-24.308899
6.587500,60.058472,-4.277134,-0.671538,-23.938065,-3.540255,-24.331898
6.593750,44.723484,-4.278722,2.101538,-24.003162,-6.487449,-24.360367
6.600000,28.088367,-4.280672,4.825126,-24.038408,-10.804479,-24.382914
6.606250,10.646507,-4.282699,7.177941,-24.047552,-14.365211,-24.402920
6.612500,-7.067222,-4.284318,8.894539,-24.036240,-17.245611,-24.423164
6.618750,-24.508018,-4.285743,9.784691,-24.010056,-19.506029,-24.445017
6.625000,-41.148060,-4.288018,11.893883,-23.970659,-21.219427,-24.466246
6.631250,-56.496033,-4.291494,11.898358,-23.919155,-22.470753,-24.483049
6.637500,-70.118378,-4.295418,11.881774,-23.857428,-23.379498,-24.489441
6.643750,-81.669632,-4.299201,11.767678,-23.783598,-24.065590,-24.470526
6.650000,-90.915047,-4.303149,11.478347,-23.697821,-24.667181,-24.400908
6.656250,-97.736259,-4.307465,10.943191,-23.596487,-25.681908,-24.320921
6.662500,-102.131386,-4.311776,10.129877,-23.466686,-26.992399,-24.206787
6.668750,-104.219658,-4.315585,8.952497,-23.308052,-28.946108,-24.067060
6.675000,-104.240669,-4.319269,7.308562,-23.120260,-31.713377,-23.901352
6.681250,-102.539070,-4.323444,5.162916,-22.898972,-35.429245,-23.710207
6.687500,-99.540047,-4.328096,2.462352,-22.647444,-38.105549,-23.510059
6.693750,-95.730942,-4.332614,1.285941,-22.380629,-41.292900,-23.320116
6.700000,-91.643303,-4.336624,0.242083,-22.112511,-44.548328,-23.148781
6.706250,-85.656258,-4.339958,-0.165164,-21.862879,-47.468033,-23.006605
6.712500,-79.666573,-4.342574,-1.403057,-21.695797,-49.699421,-22.909946
6.718750,-73.676956,-4.344731,-1.506731,-21.528973,-50.936764,-22.875538
6.725000,-67.689285,-4.346956,0.117588,-21.408026,-50.911263,-22.900881
6.731250,-61.702030,-4.349279,2.334685,-21.373266,-49.429081,-22.977964
6.737500,-55.711689,-4.350992,5.014789,-21.440178,-46.455334,-23.084547
6.743750,-49.716969,-4.351658,7.994844,-21.608225,-41.903072,-23.230780
6.750000,-43.722378,-4.351668,11.071835,-21.871082,-37.250980,-23.454105
6.756250,-37.731224,-4.351514,16.154961,-22.220606,-31.516773,-23.710478
6.762500,-31.743320,-4.351241,19.741180,-22.644793,-25.177773,-23.970488
6.768750,-25.757780,-4.350925,23.747583,-23.116663,-18.675663,-24.207090
6.775000,-19.773615,-4.350458,27.948927,-23.598736,-12.498221,-24.406847
6.781250,-13.790456,-4.349695,31.931805,-24.081543,-4.993985,-24.564360
6.787500,-7.808935,-4.348345,35.314999,-24.552563,2.083151,-24.668772
6.793750,-1.830906,-4.346933,37.847824,-24.994696,8.892222,-24.714266
6.800000,4.138725,-4.346474,39.322083,-25.390606,15.593637,-24.698811
6.806250,10.101289,-4.347082,39.580524,-25.725307,22.360273,-24.623365
6.812500,16.063557,-4.348056,40.692188,-25.986393,29.370855,-24.491827
6.818750,22.028988,-4.348984,41.257759,-26.165476,36.800327,-24.309717
6.825000,27.993948,-4.350207,39.902905,-26.258108,42.918079,-24.081120
6.831250,33.955402,-4.352244,38.765430,-26.266685,49.487690,-23.789402
6.837500,39.916550,-4.354719,37.799793,-26.200609,55.956928,-23.498770
6.843750,45.879887,-4.357351,36.991196,-26.059540,61.704609,-23.222839
6.850000,51.843983,-4.360655,36.311718,-25.862442,66.428459,-22.992464
6.856250,57.807201,-4.364679,35.659584,-25.634314,69.716507,-22.870304
6.862500,63.775631,-4.368438,35.027260,-25.396265,71.187653,-22.797678
6.868750,69.752396,-4.371026,34.452480,-25.164888,71.851906,-22.793793
6.875000,75.730942,-4.373075,32.099884,-24.951359,70.606155,-22.888376
6.881250,81.704170,-4.375736,29.651176,-24.760866,67.816109,-23.083689
6.887500,87.673271,-4.379028,26.645428,-24.582468,63.916878,-23.364244
6.893750,93.644814,-4.382052,24.833134,-24.358223,59.381676,-23.700777
6.900000,97.726524,-4.384364,22.487673,-24.185944,54.675449,-24.059843
6.906250,101.535706,-4.386256,18.741987,-24.053970,50.244133,-24.420406
6.912500,104.536423,-4.387955,14.525343,-23.953945,46.542156,-24.758724
6.918750,106.235245,-4.389740,9.877587,-23.894690,42.211174,-25.039234
6.925000,106.204689,-4.392166,5.098186,-23.818506,39.333313,-25.233170
6.931250,104.105270,-4.395551,0.269426,-23.745167,37.675709,-25.324823
6.937500,99.703804,-4.399296,-6.551164,-23.679340,36.942417,-25.305798
6.943750,92.883682,-4.402722,-11.389177,-23.613836,36.809559,-25.176563
6.950000,83.643234,-4.405814,-15.988297,-23.544868,36.917496,-24.947205
6.956250,72.098915,-4.409156,-20.309433,-23.485868,36.864086,-24.652288
6.962500,58.489040,-4.412490,-24.211813,-23.428083,36.202301,-24.343517
6.968750,43.157509,-4.415394,-27.529055,-23.357351,35.964069,-23.945591
6.975000,26.528580,-4.418216,-30.209557,-23.265024,34.408337,-23.537348
6.981250,9.091215,-4.421649,-32.275341,-23.148581,31.766651,-23.158958
6.987500,-8.619307,-4.425511,-33.783596,-23.009579,28.069237,-22.836180
6.993750,-26.050776,-4.428592,-34.817337,-22.852673,23.350191,-22.587458
7.000000,-42.670105,-4.430540,-35.457935,-22.679037,17.666922,-22.419600
7.006250,-57.992569,-4.432216,-33.624722,-22.487047,13.271985,-22.327715
7.012500,-71.595825,-4.434390,-30.801508,-22.271593,8.866347,-22.303452
7.018750,-83.137108,-4.437232,-28.552364,-22.028303,4.871242,-22.373697
7.025000,-92.374710,-4.440301,-25.126413,-21.794476,1.681841,-22.530087
7.031250,-99.184898,-4.443268,-21.015163,-21.618063,-0.213404,-22.746822
7.037500,-103.567940,-4.446087,-16.536098,-21.447729,-0.498897,-22.970476
7.043750,-105.646729,-4.448837,-11.542881,-21.290699,1.205052,-23.241890
7.050000,-105.659973,-4.451882,-7.174474,-21.194155,3.722527,-23.553446
7.056250,-103.947586,-4.455268,-1.618272,-21.186245,7.741963,-23.894510
7.062500,-100.933594,-4.458334,3.475373,-21.285898,12.832483,-24.262980
7.068750,-97.107224,-4.460415,6.519402,-21.501232,18.612854,-24.654533
7.075000,-93.004509,-4.461602,9.458930,-21.829981,24.685759,-25.066513
7.081250,-87.009247,-4.462583,12.070597,-22.262501,30.660257,-25.495466
7.087500,-81.016640,-4.463372,14.159834,-22.779196,36.220337,-25.916058
7.093750,-75.023499,-4.463432,15.542677,-23.347883,39.221786,-26.301359
7.100000,-69.029327,-4.462554,16.066225,-23.924740,43.029045,-26.653219
7.106250,-63.038033,-4.461109,15.369383,-24.541615,45.432331,-26.972839
7.112500,-57.052780,-4.459482,13.350471,-25.157375,46.304039,-27.251650
7.118750,-51.073185,-4.457865,12.329473,-25.740969,45.640858,-27.476749
7.125000,-45.098907,-4.456329,10.915325,-26.279448,43.500443,-27.633575
7.131250,-39.129131,-4.454978,9.613846,-26.816006,40.024982,-27.702852
7.137500,-33.163006,-4.453598,8.758873,-27.200296,35.450726,-27.651358
7.143750,-27.199675,-4.452188,8.196503,-27.484013,30.110167,-27.434355
7.150000,-21.242949,-4.451617,8.832477,-27.686060,22.767254,-27.152700
7.156250,-15.294412,-4.452667,10.684943,-27.816967,15.061309,-26.774481
7.162500,-9.347428,-4.454788,13.696082,-27.880625,6.934451,-26.303453
7.168750,-3.394361,-4.456699,17.754030,-27.878864,-1.406808,-25.757721
7.175000,2.565281,-4.458156,22.670652,-27.815344,-9.720136,-25.165285
7.181250,8.524320,-4.459894,28.190708,-27.696192,-17.737116,-24.564362
7.187500,14.480114,-4.462548,34.022251,-27.530548,-25.206469,-24.009235
7.193750,20.437431,-4.465587,37.959526,-27.327478,-32.035851,-23.474072
7.200000,26.400673,-4.468245,43.497429,-27.094038,-38.312466,-22.986479
7.206250,32.368084,-4.470726,48.469963,-26.831100,-43.543781,-22.588127
7.212500,38.335461,-4.473440,52.652107,-26.508398,-47.656067,-22.299120
7.218750,44.304138,-4.476226,55.829285,-26.189367,-50.702564,-22.118700
7.225000,50.275555,-4.478999,57.176765,-25.891857,-52.896790,-22.060390
7.231250,56.248390,-4.482038,57.186714,-25.599030,-54.511936,-22.116909
7.237500,62.221958,-4.485387,55.729282,-25.314241,-55.681290,-22.270916
7.243750,68.199844,-4.488355,52.765450,-25.041851,-56.614082,-22.501135
7.250000,74.183273,-4.490401,48.628601,-24.785593,-57.521839,-22.781597
7.256250,80.167274,-4.491964,43.699162,-24.551838,-58.616371,-23.081165
7.262500,86.146790,-4.493933,38.136475,-24.343319,-60.107456,-23.362228
7.268750,92.121529,-4.496482,32.119675,-24.163162,-62.259541,-23.611944
7.275000,96.201370,-4.499459,25.851736,-24.014826,-63.238884,-23.830130
7.281250,100.010078,-4.502460,19.549257,-23.901163,-64.462273,-23.988905
7.287500,103.015404,-4.505348,13.447503,-23.815193,-65.435875,-24.060808
7.293750,104.725288,-4.507695,7.826256,-23.738352,-65.849594,-24.043188
7.300000,104.712288,-4.509138,2.825032,-23.665848,-65.452179,-23.942842
7.306250,102.632751,-4.510060,-1.444001,-23.584846,-63.981014,-23.769194
7.312500,98.243675,-4.511264,-4.812386,-23.414927,-61.212669,-23.534941
7.318750,91.424103,-4.513317,-8.829303,-23.286367,-57.019291,-23.261379
7.325000,82.175995,-4.516318,-11.035666,-23.151667,-51.371578,-22.977697
7.331250,70.627144,-4.519728,-12.337919,-22.998293,-44.328117,-22.718100
7.337500,57.018501,-4.522820,-12.971861,-22.830135,-36.074379,-22.511482
7.343750,41.689705,-4.525119,-13.154396,-22.654387,-27.015173,-22.362053
7.350000,25.064543,-4.526971,-13.044398,-22.465967,-17.559156,-22.307970
7.356250,7.629881,-4.529173,-12.883630,-22.281843,-8.114940,-22.362188
7.362500,-10.081526,-4.532187,-12.961847,-22.122274,0.624530,-22.503649
7.368750,-27.518984,-4.535465,-13.458882,-22.000549,8.180298,-22.712324
7.375000,-44.145958,-4.538290,-12.325695,-21.921778,16.124422,-23.036631
7.381250,-59.471115,-4.540634,-11.023760,-21.887478,22.698170,-23.461834
7.387500,-73.070183,-4.542690,-9.159755,-21.895514,27.751608,-23.943636
7.393750,-84.605042,-4.544850,-8.287981,-21.941729,29.652107,-24.439568
7.400000,-93.839592,-4.547282,-6.553981,-22.029266,30.377731,-24.909899
7.406250,-100.650093,-4.549892,-4.437050,-22.163149,29.751011,-25.331980
7.412500,-105.033730,-4.552176,-2.606716,-22.313517,27.631929,-25.687424
7.418750,-107.111343,-4.553620,0.327561,-22.491043,24.059597,-25.952938
7.425000,-107.123299,-4.554605,2.321986,-22.705631,19.117432,-26.113548
7.431250,-105.415855,-4.556137,5.465396,-22.963860,12.919218,-26.165285
7.437500,-102.415443,-4.558569,6.411604,-23.267433,5.646343,-26.110033
7.443750,-98.608086,-4.561105,7.215938,-23.616598,-2.443846,-25.955229
7.450000,-94.521713,-4.563184,7.768684,-24.010098,-11.031028,-25.708256
7.456250,-88.537949,-4.564844,7.977796,-24.440624,-19.738523,-25.370262
7.462500,-82.553619,-4.566493,7.787848,-24.885937,-28.230873,-24.962442
7.468750,-76.568527,-4.567626,7.119037,-25.338081,-36.293854,-24.525906
7.475000,-70.580528,-4.568017,5.765940,-25.811893,-43.588631,-24.089706
7.481250,-64.592865,-4.567988,3.697065,-26.307890,-49.736523,-23.680233
7.487500,-58.608555,-4.567925,1.028718,-26.812244,-54.416042,-23.319613
7.493750,-52.624752,-4.567325,-3.964448,-27.303265,-57.338921,-23.018105
7.500000,-46.640385,-4.565898,-7.369581,-27.767252,-58.293056,-22.783850
7.506250,-40.658913,-4.564121,-10.960860,-28.190523,-57.192093,-22.621531
7.512500,-34.686005,-4.562884,-14.550364,-28.556568,-55.878464,-22.523014
7.518750,-28.719450,-4.562085,-17.932787,-28.841114,-52.663280,-22.472160
7.525000,-22.754345,-4.561206,-20.919395,-29.025410,-47.913628,-22.473999
7.531250,-16.792196,-4.560486,-23.456097,-29.117001,-42.102612,-22.498230
7.537500,-10.836361,-4.560654,-25.438269,-29.108631,-35.757660,-22.528063
7.543750,-4.886729,-4.561943,-26.713881,-28.997271,-29.108875,-22.573744
7.550000,1.061481,-4.563813,-27.254385,-28.792423,-22.528240,-22.612461
7.556250,7.011081,-4.566245,-27.054789,-28.505579,-18.406689,-22.614580
7.562500,12.960288,-4.569615,-26.082676,-28.137302,-15.597290,-22.584536
7.568750,18.908688,-4.573880,-26.303869,-27.707535,-14.746713,-22.533485
7.575000,24.862148,-4.578307,-24.056999,-27.239775,-14.114364,-22.474251
7.581250,30.823137,-4.582291,-21.297268,-26.747675,-15.332570,-22.426548
7.587500,36.789043,-4.585734,-17.971939,-26.244997,-18.012747,-22.411446
7.593750,42.756783,-4.588850,-13.832223,-25.778765,-21.543261,-22.401484
7.600000,48.724812,-4.591557,-10.923354,-25.351471,-25.326786,-22.411987
7.606250,54.692669,-4.594080,-7.890696,-24.962378,-28.980440,-22.461790
7.612500,60.658588,-4.597018,-5.121526,-24.615623,-31.910433,-22.555525
7.618750,66.623932,-4.600113,-0.759712,-24.313543,-33.526501,-22.687702
7.625000,72.592377,-4.602683,1.709409,-24.053274,-33.326057,-22.848032
7.631250,78.564285,-4.604531,4.209779,-23.826412,-30.953220,-23.028517
7.637500,84.534805,-4.606355,6.499027,-23.619223,-26.213657,-23.232281
7.643750,90.499146,-4.608756,8.291765,-23.431202,-19.062651,-23.477919
7.650000,94.566338,-4.611891,9.297695,-23.260752,-9.578422,-23.762943
7.656250,98.361069,-4.615355,9.345350,-23.094490,1.214685,-23.998867
7.662500,101.351952,-4.619201,8.309934,-22.911963,13.531715,-24.234322
7.668750,103.045212,-4.623721,6.039103,-22.702305,26.601776,-24.475908
7.675000,103.015450,-4.628993,4.485659,-22.477097,39.453175,-24.730995
7.681250,100.925537,-4.634079,2.176914,-22.246651,51.061245,-25.005194
7.687500,96.541351,-4.638422,-0.343802,-22.019896,60.505154,-25.296118
7.693750,89.738029,-4.641994,-2.544020,-21.805954,69.081886,-25.600401
7.700000,80.510063,-4.645289,-5.809912,-21.619482,74.610893,-25.914383
7.706250,68.977760,-4.648591,-8.060319,-21.479870,76.909111,-26.236065
7.712500,55.379856,-4.651674,-9.400303,-21.401150,75.921463,-26.560392
7.718750,40.058285,-4.654249,-9.883708,-21.373850,71.761444,-26.877630
7.725000,23.440479,-4.656055,-9.661419,-21.399534,64.712105,-27.160822
7.731250,6.016817,-4.657304,-9.030746,-21.482479,55.151005,-27.394398
7.737500,-11.684456,-4.658265,-8.230429,-21.620701,43.385349,-27.591242
7.743750,-29.117363,-4.659268,-7.566497,-21.823572,29.986633,-27.740986
7.750000,-45.748703,-4.660858,-5.103549,-22.080008,15.702645,-27.825905
7.756250,-61.085136,-4.662788,-2.379048,-22.369749,1.262741,-27.827717
7.762500,-74.696213,-4.664748,0.865263,-22.671906,-12.622420,-27.722893
7.768750,-86.240204,-4.666501,4.788361,-22.967543,-25.286793,-27.487171
7.775000,-95.482750,-4.668371,9.425890,-23.242304,-36.312046,-27.157698
7.781250,-102.304626,-4.671232,14.710929,-23.482872,-45.343239,-26.739328
7.787500,-106.704193,-4.675335,20.524532,-23.683683,-51.862507,-26.236244
7.793750,-108.796593,-4.679509,26.726278,-23.844179,-55.664734,-25.665869
7.800000,-108.813217,-4.682899,33.116741,-23.965813,-56.701675,-25.055296
7.806250,-107.099510,-4.685605,39.692448,-24.055031,-55.059273,-24.441717
7.812500,-104.088722,-4.688443,46.409260,-24.119703,-50.911331,-23.854509
7.818750,-100.273720,-4.691554,52.958626,-24.163996,-44.398621,-23.286133
7.825000,-96.182373,-4.694335,59.042427,-24.190351,-37.761986,-22.735716
7.831250,-90.192162,-4.696414,64.340576,-24.202721,-29.886929,-22.216238
7.837500,-84.200317,-4.698219,68.556541,-24.210579,-20.801641,-21.830427
7.843750,-78.209831,-4.699951,71.411598,-24.231335,-11.890778,-21.543831
7.850000,-72.217705,-4.701140,72.730186,-24.281284,-3.733556,-21.351288
7.856250,-66.223000,-4.701417,72.465050,-24.369400,3.257502,-21.249886
7.862500,-60.228779,-4.701303,70.667732,-24.495884,8.799234,-21.224520
7.868750,-54.238487,-4.701027,67.488640,-24.645945,12.676978,-21.275473
7.875000,-48.248764,-4.700255,61.183132,-24.816154,14.818154,-21.389183
7.881250,-42.257683,-4.698282,55.701939,-25.001291,15.276282,-21.554125
7.887500,-36.269276,-4.695516,49.430195,-25.185255,14.278149,-21.753443
7.893750,-30.289476,-4.692948,42.689190,-25.351540,12.155403,-21.964996
7.900000,-24.318533,-4.690957,35.727730,-25.506733,9.299417,-22.169964
7.906250,-18.353588,-4.689422,28.842716,-25.647961,6.091132,-22.365902
7.912500,-12.392479,-4.688341,22.469601,-25.763220,2.957773,-22.541142
7.918750,-6.435088,-4.688341,16.975754,-25.763220,0.459956,-22.541142
7.925000,-6.435088,-4.688341,16.975754,-25.763220,0.459956,-22.541142
7.931250,-6.435088,-4.688341,16.975754,-25.763220,0.459956,-22.541142
7.937500,-6.435088,-4.688341,16.975754,-25.763220,0.459956,-22.541142
7.943750,-6.435088,-4.688341,16.975754,-25.763220,0.459956,-22.541142
7.950000,-6.435088,-4.688341,16.975754,-25.763220,0.459956,-22.541142
7.956250,-6.435088,-4.688341,16.975754,-25.763220,0.459956,-22.541142
7.962500,-6.435088,-4.688341,16.975754,-25.763220,0.459956,-22.541142
7.968750,-6.435088,-4.688341,16.975754,-25.763220,0.459956,-22.541142
7.975000,-6.435088,-4.688341,16.975754,-25.763220,0.459956,-22.541142
7.981250,-6.435088,-4.688341,16.975754,-25.763220,0.459956,-22.541142
7.987500,-6.435088,-4.688341,16.975754,-25.763220,0.459956,-22.541142
7.993750,-6.435088,-4.688341,16.975754,-25.763220,0.459956,-22.541142
8.000000,-6.435088,-4.688341,16.975754,-25.763220,0.459956,-22.541142
