Anritsu VNA Frequency[GHz],S21[deg],S21[dB],S11[deg],S11[dB],S22[deg],S22[dB]
1338047121.93,2012_05_26_16:45:21,+98.381,+234.02,+233.12,+234.40,+240.78,+242.19,+236.44,+237.26,207.096878,-5.458
3.006250,57.476837,-2.752668,65.282791,-28.307201,-67.259277,-29.272730
3.012500,57.476837,-2.752668,65.282791,-28.307201,-67.259277,-29.272730
3.018750,57.476837,-2.752668,65.282791,-28.307201,-67.259277,-29.272730
3.025000,57.476837,-2.752668,65.282791,-28.307201,-67.259277,-29.272730
3.031250,57.476837,-2.752668,65.282791,-28.307201,-67.259277,-29.272730
3.037500,57.476837,-2.752668,65.282791,-28.307201,-67.259277,-29.272730
3.043750,57.476837,-2.752668,65.282791,-28.307201,-67.259277,-29.272730
3.050000,57.476837,-2.752668,65.282791,-28.307201,-67.259277,-29.272730
3.056250,57.476837,-2.752668,65.282791,-28.307201,-67.259277,-29.272730
3.062500,57.476837,-2.752668,65.282791,-28.307201,-67.259277,-29.272730
3.068750,57.476837,-2.752668,65.282791,-28.307201,-67.259277,-29.272730
3.075000,57.476837,-2.752668,65.282791,-28.307201,-67.259277,-29.272730
3.081250,57.476837,-2.752668,65.282791,-28.307201,-67.259277,-29.272730
3.087500,57.476837,-2.752668,65.282791,-28.307201,-67.259277,-29.272730
3.093750,57.476837,-2.755195,65.282791,-28.118587,-67.259277,-29.203737
3.100000,63.434364,-2.758257,58.402821,-27.928144,-67.981415,-29.082096
3.106250,69.390854,-2.761548,50.886032,-27.752647,-67.993912,-28.908674
3.112500,75.348915,-2.764923,41.503067,-27.612288,-67.031555,-28.679493
3.118750,81.307709,-2.768348,32.534042,-27.527975,-64.860039,-28.382074
3.125000,87.265778,-2.771904,24.178724,-27.458101,-61.333908,-28.017506
3.131250,93.223511,-2.775552,16.946404,-27.387489,-56.448593,-27.606213
3.137500,97.285698,-2.779471,10.661688,-27.340986,-50.049419,-27.145140
3.143750,101.073563,-2.783799,5.530429,-27.325945,-42.068039,-26.642345
3.150000,104.055580,-2.788537,1.781461,-27.339031,-34.467579,-26.114998
3.156250,105.742134,-2.793224,-0.403180,-27.371729,-25.747190,-25.585522
3.162500,105.705963,-2.797620,-0.924602,-27.411770,-16.598122,-25.079283
3.168750,103.605545,-2.801947,0.253567,-27.444407,-7.693162,-24.623125
3.175000,99.201721,-2.806355,3.092824,-27.450686,0.337554,-24.253756
3.181250,92.373970,-2.810948,5.691859,-27.409124,7.007358,-23.944687
3.187500,83.123634,-2.815444,9.806252,-27.331629,12.226120,-23.667692
3.193750,71.572311,-2.819784,14.697121,-27.219166,15.391047,-23.452240
3.200000,57.956802,-2.823955,19.554970,-27.072130,16.535898,-23.330540
3.206250,42.617649,-2.827850,23.790766,-26.895166,15.701447,-23.296034
3.212500,25.981348,-2.831408,26.917410,-26.697296,12.979581,-23.347080
3.218750,8.538645,-2.835044,30.705942,-26.490614,8.665108,-23.495001
3.225000,-9.178097,-2.838709,33.515701,-26.282801,3.143807,-23.715092
3.231250,-26.620697,-2.842091,35.694324,-26.073229,-3.768294,-23.938215
3.237500,-43.256344,-2.845038,35.705822,-25.864956,-11.159400,-24.190798
3.243750,-58.595352,-2.847938,35.512016,-25.658432,-18.726894,-24.464224
3.250000,-72.213356,-2.851286,34.931660,-25.445124,-26.282557,-24.738306
3.256250,-83.767265,-2.855052,33.723629,-25.245806,-33.713562,-24.993202
3.262500,-93.016594,-2.858658,31.566784,-25.077776,-39.089638,-25.216896
3.268750,-99.839310,-2.861821,28.442616,-24.931360,-44.016693,-25.398983
3.275000,-104.238091,-2.864815,24.247549,-24.803139,-47.947426,-25.528570
3.281250,-106.337517,-2.868103,18.831442,-24.686636,-50.418537,-25.598314
3.287500,-106.373375,-2.871972,12.060983,-24.572418,-51.098564,-25.608063
3.293750,-104.683464,-2.876095,6.016392,-24.448124,-49.808418,-25.557457
3.300000,-101.693336,-2.880169,-0.698761,-24.282410,-46.485115,-25.444965
3.306250,-97.894737,-2.884055,-7.700127,-24.112535,-41.184704,-25.278627
3.312500,-93.821358,-2.887775,-14.976021,-23.960579,-34.107052,-25.077736
3.318750,-87.852509,-2.891509,-21.832697,-23.812454,-25.599480,-24.865677
3.325000,-81.882919,-2.895258,-27.977846,-23.671814,-16.094671,-24.663128
3.331250,-75.911316,-2.898779,-33.207909,-23.548428,-3.888887,-24.482264
3.337500,-69.937241,-2.901808,-37.379902,-23.458296,9.143831,-24.333014
3.343750,-63.961334,-2.904408,-40.418175,-23.426525,22.951347,-24.222256
3.350000,-57.985481,-2.906634,-42.286232,-23.527567,35.555038,-24.146173
3.356250,-52.009312,-2.908577,-42.962154,-23.627211,48.460239,-24.081810
3.362500,-46.034096,-2.910168,-41.605701,-23.802826,60.887775,-24.059162
3.368750,-40.059502,-2.911407,-38.909878,-24.092506,71.739418,-24.110363
3.375000,-34.085423,-2.912179,-34.899559,-24.496710,80.632584,-24.230320
3.381250,-28.112253,-2.912291,-29.656746,-24.998209,87.020798,-24.430750
3.387500,-22.142624,-2.912220,-23.376461,-25.571465,90.558556,-24.680073
3.393750,-16.178438,-2.912522,-16.337326,-26.184351,91.172287,-24.953497
3.400000,-10.218396,-2.913185,-8.858866,-26.797533,88.607872,-25.229549
3.406250,-4.259687,-2.913800,-1.308938,-27.375927,83.062576,-25.507235
3.412500,1.698493,-2.914306,5.894920,-27.894375,75.676003,-25.831739
3.418750,7.653371,-2.915168,12.668021,-28.326195,66.681717,-26.152792
3.425000,13.603650,-2.916903,18.973232,-28.649828,56.906212,-26.448503
3.431250,19.553274,-2.919130,24.514956,-28.852350,47.320034,-26.707247
3.437500,25.505726,-2.921190,29.046101,-28.931606,38.938660,-26.927660
3.443750,31.458622,-2.923425,32.427090,-28.872969,30.611763,-27.095137
3.450000,37.408825,-2.926538,34.654133,-28.672655,22.886372,-27.177153
3.456250,43.358330,-2.930353,35.617443,-28.354910,17.549664,-27.183998
3.462500,49.313538,-2.933993,35.395302,-27.950649,14.175880,-27.122166
3.468750,55.274811,-2.936978,34.251724,-27.492371,12.410162,-26.990221
3.475000,61.237427,-2.939654,32.539455,-27.015495,11.891255,-26.792116
3.481250,67.197998,-2.942448,30.648962,-26.565399,12.217100,-26.539742
3.487500,73.156830,-2.945552,27.199646,-26.136091,12.963913,-26.239529
3.493750,79.115242,-2.948945,24.567932,-25.731972,13.718031,-25.891087
3.500000,85.074165,-2.952669,22.397165,-25.392511,14.066694,-25.501381
3.506250,91.034904,-2.956476,20.646200,-25.133036,13.622149,-25.082712
3.512500,95.103828,-2.959808,19.346037,-24.955008,12.072883,-24.648926
3.518750,98.901474,-2.962782,18.520887,-24.844732,9.193782,-24.210835
3.525000,101.890198,-2.966173,18.193344,-24.769506,4.845593,-23.776045
3.531250,103.576477,-2.970648,18.324131,-24.630484,1.102284,-23.355003
3.537500,103.537460,-2.975846,18.772995,-24.548037,-3.450743,-22.959198
3.543750,101.437866,-2.980900,20.762735,-24.461880,-8.324508,-22.608801
3.550000,97.040718,-2.985796,23.391357,-24.351187,-13.094652,-22.321541
3.556250,90.220169,-2.990983,24.971388,-24.197985,-17.545742,-22.045725
3.562500,80.976288,-2.996681,27.329313,-23.996777,-21.354101,-21.782290
3.568750,69.434906,-3.002252,29.939407,-23.767685,-24.298481,-21.578331
3.575000,55.835876,-3.006918,32.317440,-23.535179,-26.628048,-21.465315
3.581250,40.518276,-3.010396,34.048019,-23.327223,-28.327391,-21.453056
3.587500,23.905409,-3.013119,34.750511,-23.175417,-29.660097,-21.576229
3.593750,6.485488,-3.015413,34.142143,-23.111977,-29.442087,-21.737864
3.600000,-11.206634,-3.017112,34.210648,-23.142031,-29.676640,-21.985653
3.606250,-28.622383,-3.017602,33.565960,-23.261602,-30.066072,-22.328690
3.612500,-45.230732,-3.016843,32.516300,-23.486162,-30.661533,-22.753914
3.618750,-60.544483,-3.015443,31.419447,-23.814497,-31.565582,-23.230473
3.625000,-74.137428,-3.013508,30.643768,-24.255545,-32.951504,-23.741644
3.631250,-85.667450,-3.010832,28.544687,-24.808331,-33.019333,-24.294413
3.637500,-94.897736,-3.007474,27.136530,-25.441280,-33.184845,-24.854445
3.643750,-101.710564,-3.004105,26.140781,-26.116766,-33.014359,-25.391558
3.650000,-106.108200,-3.001262,25.156492,-26.795458,-32.244312,-25.882143
3.656250,-108.209991,-2.999011,23.732506,-27.430105,-30.696299,-26.305593
3.662500,-108.250153,-2.997355,21.400911,-27.960499,-28.258751,-26.643627
3.668750,-106.569229,-2.996362,19.778429,-28.380604,-24.891542,-26.886955
3.675000,-103.593903,-2.996307,16.735668,-28.686508,-20.659452,-27.037455
3.681250,-99.814713,-2.996917,12.635486,-28.845724,-15.698680,-27.099142
3.687500,-95.763382,-2.998029,7.636954,-28.847988,-10.181842,-27.074127
3.693750,-89.819160,-3.000124,1.877171,-28.700674,-4.346022,-26.969168
3.700000,-83.878052,-3.003548,-4.470049,-28.432070,1.525384,-26.797232
3.706250,-77.935501,-3.007774,-11.189691,-28.095186,7.144857,-26.575083
3.712500,-71.987114,-3.012019,-17.838915,-27.657959,12.283707,-26.313000
3.718750,-66.034874,-3.016193,-25.837353,-27.171841,16.789717,-26.013245
3.725000,-60.082733,-3.020915,-33.579479,-26.688780,20.509562,-25.679739
3.731250,-54.130562,-3.026088,-41.239597,-26.240040,23.383972,-25.316475
3.737500,-48.173691,-3.031041,-46.832150,-25.862349,25.705250,-24.991735
3.743750,-42.211578,-3.035464,-51.960789,-25.587774,27.700125,-24.719889
3.750000,-36.247128,-3.039463,-56.210567,-25.417921,29.519901,-24.513069
3.756250,-30.282701,-3.043190,-59.229813,-25.345444,31.663986,-24.335356
3.762500,-24.317778,-3.046520,-60.814140,-25.359150,32.836521,-24.169792
3.768750,-18.353228,-3.049523,-60.812840,-25.435303,34.944332,-23.987709
3.775000,-12.389320,-3.052539,-59.161808,-25.539965,36.176289,-23.893179
3.781250,-6.426619,-3.055579,-55.925976,-25.662184,37.958042,-23.847681
3.787500,-0.463684,-3.058255,-51.328705,-25.796001,39.662601,-23.831163
3.793750,5.499309,-3.060647,-47.323833,-25.916424,40.973026,-23.835062
3.800000,11.460653,-3.063119,-42.433735,-26.013615,41.630493,-23.856253
3.806250,17.418966,-3.065980,-37.399616,-26.065437,41.475220,-23.884447
3.812500,23.376348,-3.069052,-30.479578,-26.021122,40.493000,-23.888195
3.818750,29.333532,-3.072384,-23.974791,-25.910780,38.613441,-23.864708
3.825000,35.289303,-3.076124,-18.030407,-25.752697,35.759830,-23.817848
3.831250,41.246014,-3.080177,-12.596424,-25.561974,32.058647,-23.749998
3.837500,47.204964,-3.084051,-7.548333,-25.353655,27.768288,-23.665407
3.843750,53.165764,-3.087720,-2.716136,-25.143620,23.210003,-23.577808
3.850000,59.125961,-3.091710,2.131904,-24.938116,18.770342,-23.489780
3.856250,65.084846,-3.095935,5.382084,-24.736694,15.052855,-23.361950
3.862500,71.045593,-3.099830,8.852757,-24.549198,10.430929,-23.219866
3.868750,77.007874,-3.103428,12.182615,-24.381903,6.806422,-23.078127
3.875000,82.967560,-3.107438,15.082185,-24.231739,4.052910,-22.941490
3.881250,88.922951,-3.112582,17.302576,-24.079054,2.030368,-22.806358
3.887500,94.878098,-3.118360,18.627111,-23.879194,0.557880,-22.664713
3.893750,98.944168,-3.123752,18.643801,-23.684652,-0.631531,-22.514355
3.900000,102.741753,-3.128794,19.081375,-23.476658,-1.882433,-22.361458
3.906250,105.732040,-3.134447,18.696100,-23.234428,-3.514463,-22.207178
3.912500,107.421097,-3.141217,17.809372,-22.951027,-5.823417,-22.048372
3.918750,107.386757,-3.148868,16.713623,-22.625189,-9.119676,-21.879456
3.925000,105.293137,-3.156711,15.647635,-22.263653,-13.721598,-21.691784
3.931250,100.904831,-3.164308,14.780773,-21.882856,-19.942101,-21.470123
3.937500,94.098846,-3.171599,14.241410,-21.502329,-28.165817,-21.254553
3.943750,84.873543,-3.178730,14.152784,-21.143278,-36.656738,-21.067650
3.950000,73.350700,-3.185436,14.600319,-20.825283,-46.757030,-20.911192
3.956250,59.769577,-3.191115,15.600142,-20.567585,-58.033455,-20.794094
3.962500,44.470196,-3.195228,17.095917,-20.385641,-70.074272,-20.728365
3.968750,27.877235,-3.197920,17.113350,-20.289701,-82.444649,-20.724564
3.975000,10.478679,-3.199385,19.336197,-20.278982,-94.704918,-20.792160
3.981250,-7.194678,-3.199767,21.756372,-20.338560,-106.430099,-20.944839
3.987500,-24.596771,-3.199013,24.212767,-20.471817,-117.233948,-21.188913
3.993750,-41.195740,-3.197212,26.218338,-20.715208,-126.467125,-21.478487
4.000000,-56.501362,-3.194536,27.908371,-21.029268,-134.190674,-21.855108
4.006250,-70.086861,-3.191112,29.173243,-21.403574,-140.181641,-22.324806
4.012500,-81.612900,-3.186883,29.839359,-21.827208,-144.229813,-22.891657
4.018750,-90.843620,-3.182391,29.835735,-22.283613,-146.274139,-23.575491
4.025000,-97.659874,-3.178286,29.145086,-22.750118,-146.729340,-24.230227
4.031250,-102.060852,-3.174644,25.856611,-23.210344,-145.889709,-24.880606
4.037500,-104.165169,-3.171366,23.715658,-23.658564,-144.144348,-25.566664
4.043750,-104.209763,-3.168757,20.882830,-24.079826,-138.001190,-26.257204
4.050000,-102.534737,-3.167074,17.495598,-24.461491,-131.048019,-26.922989
4.056250,-99.565559,-3.166114,13.684531,-24.799009,-124.903023,-27.541561
4.062500,-95.790680,-3.165220,9.644904,-25.082964,-117.737274,-28.093994
4.068750,-91.744171,-3.164504,5.680050,-25.291531,-109.901878,-28.556011
4.075000,-85.809654,-3.165125,2.014606,-25.429857,-101.743126,-28.903593
4.081250,-79.881607,-3.167490,-1.165865,-25.508394,-93.670876,-29.127279
4.087500,-73.951912,-3.170657,-3.562526,-25.533392,-86.063072,-29.222235
4.093750,-68.013794,-3.173351,-6.735957,-25.506897,-79.185509,-29.183708
4.100000,-62.071968,-3.175764,-8.752310,-25.432142,-73.218361,-29.013134
4.106250,-56.133583,-3.178870,-9.865904,-25.312983,-68.266487,-28.721491
4.112500,-50.199730,-3.183084,-10.312070,-25.154173,-64.344353,-28.334200
4.118750,-44.264668,-3.188002,-10.308228,-24.955252,-61.342754,-27.852192
4.125000,-38.326069,-3.193280,-10.089750,-24.717705,-58.860466,-27.266243
4.131250,-32.384239,-3.199031,-9.944063,-24.452017,-56.906082,-26.621590
4.137500,-26.439968,-3.205149,-10.120099,-24.168852,-55.256332,-25.953766
4.143750,-20.491287,-3.211391,-10.779182,-23.874783,-53.537090,-25.288845
4.150000,-14.538455,-3.217625,-9.870950,-23.574263,-51.354252,-24.648357
4.156250,-8.583159,-3.224057,-8.848640,-23.271608,-48.338623,-24.046679
4.162500,-2.626322,-3.230871,-7.280797,-22.969099,-44.165604,-23.483412
4.168750,3.333121,-3.237924,-6.669198,-22.670835,-38.600231,-22.974426
4.175000,9.295850,-3.245197,-5.054521,-22.374538,-31.904253,-22.570494
4.181250,15.262366,-3.252546,-2.666827,-22.080900,-25.366470,-22.228165
4.187500,21.233374,-3.259676,0.100314,-21.805603,-17.610857,-21.958582
4.193750,27.209282,-3.266482,2.900754,-21.559792,-9.296558,-21.749130
4.200000,33.189400,-3.272843,5.419782,-21.352364,-1.008525,-21.548264
4.206250,39.172413,-3.278539,7.350384,-21.191591,7.092381,-21.472410
4.212500,45.158371,-3.283326,10.580312,-21.085384,14.621871,-21.507362
4.218750,51.146217,-3.287165,13.533061,-21.034140,20.833281,-21.577250
4.225000,57.132771,-3.290368,16.568815,-21.028006,24.665985,-21.666439
4.231250,63.115608,-3.293286,18.101871,-21.057579,26.181023,-21.793936
4.237500,69.095779,-3.295953,19.999464,-21.109695,27.328520,-21.953611
4.243750,75.073730,-3.298156,21.908747,-21.178400,26.578066,-22.131624
4.250000,81.050957,-3.299865,23.378576,-21.275358,24.309782,-22.319500
4.256250,87.026382,-3.301066,24.057875,-21.387634,20.921570,-22.512983
4.262500,92.998192,-3.301974,23.670567,-21.496496,16.901110,-22.699327
4.268750,97.069740,-3.302989,21.888224,-21.585449,12.756647,-22.861399
4.275000,100.860718,-3.304826,20.585831,-21.644314,8.951371,-22.984526
4.281250,103.840950,-3.307508,18.143400,-21.665739,5.891205,-23.056473
4.287500,105.522408,-3.310639,14.848231,-21.640001,3.936685,-23.062265
4.293750,105.478600,-3.314384,10.968645,-21.559814,3.349434,-22.979490
4.300000,103.366226,-3.319437,6.717234,-21.430910,4.204895,-22.820284
4.306250,98.951042,-3.325706,2.302263,-21.260107,6.225704,-22.618544
4.312500,92.117622,-3.332148,-2.029994,-21.051874,9.509689,-22.365547
4.318750,82.869095,-3.338107,-6.065925,-20.811745,13.927060,-22.063791
4.325000,71.320793,-3.344231,-9.647081,-20.550407,19.192516,-21.724579
4.331250,57.705544,-3.351265,-12.681680,-20.283066,24.942619,-21.364485
4.337500,42.368092,-3.358865,-15.103907,-20.025835,30.795811,-20.999422
4.343750,25.742065,-3.365988,-16.885693,-19.801113,36.362156,-20.643444
4.350000,8.319615,-3.372236,-15.879173,-19.660864,41.267204,-20.293898
4.356250,-9.370488,-3.377796,-15.182684,-19.509047,45.132404,-19.984743
4.362500,-26.783487,-3.382457,-12.754795,-19.433662,49.500095,-19.754446
4.368750,-43.385551,-3.385896,-9.086410,-19.454943,52.933689,-19.615942
4.375000,-58.687336,-3.388253,-4.245273,-19.576702,55.747147,-19.600279
4.381250,-72.265663,-3.389871,1.578382,-19.794132,58.270981,-19.741453
4.387500,-83.779976,-3.390528,8.132792,-20.094109,59.984192,-19.914888
4.393750,-92.989594,-3.389771,15.118730,-20.457500,62.039158,-20.144606
4.400000,-99.778397,-3.388085,22.175341,-20.866451,64.674217,-20.486187
4.406250,-104.149910,-3.386248,27.017378,-21.307962,66.491753,-20.937927
4.412500,-106.225372,-3.384099,33.074638,-21.766277,68.545433,-21.458078
4.418750,-106.237885,-3.381074,38.182453,-22.221758,70.560982,-22.017883
4.425000,-104.529366,-3.377501,42.124321,-22.656757,72.335640,-22.593044
4.431250,-101.532234,-3.374235,44.791782,-23.036720,73.735870,-23.149303
4.437500,-97.738281,-3.371440,46.210819,-23.333973,74.743141,-23.643328
4.443750,-93.676170,-3.368813,46.336277,-23.548304,75.247276,-24.056646
4.450000,-87.724609,-3.366633,45.293175,-23.680220,75.196053,-24.375214
4.456250,-81.781761,-3.365954,43.361771,-23.727024,74.679543,-24.585323
4.462500,-75.845428,-3.366919,40.902512,-23.688749,73.842255,-24.678476
4.468750,-69.908325,-3.368636,36.461254,-23.569368,72.864525,-24.650845
4.475000,-63.967129,-3.370779,32.142345,-23.381662,71.962769,-24.509464
4.481250,-58.025036,-3.373654,27.908966,-23.144346,71.384888,-24.273985
4.487500,-52.083969,-3.377575,23.814163,-22.858387,69.611519,-23.926197
4.493750,-46.140465,-3.382011,19.931608,-22.536921,68.626625,-23.487431
4.500000,-40.194172,-3.387076,16.183275,-22.209053,67.944817,-22.998243
4.506250,-34.247200,-3.393439,12.592644,-21.897362,67.284698,-22.491499
4.512500,-28.297792,-3.400928,9.248668,-21.614870,66.438011,-21.993021
4.518750,-22.339119,-3.408322,6.247297,-21.364868,65.209999,-21.524332
4.525000,-16.368153,-3.414545,3.664141,-21.135288,63.410641,-21.102526
4.531250,-10.390475,-3.420017,1.541941,-20.868563,60.837727,-20.749357
4.537500,-4.413377,-3.425682,1.747052,-20.691164,57.202824,-20.507812
4.543750,1.563279,-3.431660,0.712656,-20.570044,51.952843,-20.324215
4.550000,7.544772,-3.437164,0.895833,-20.472544,46.880486,-20.222021
4.556250,13.533057,-3.441632,2.031929,-20.402424,40.414890,-20.192171
4.562500,19.525204,-3.445312,3.637920,-20.381298,32.864250,-20.200043
4.568750,25.519499,-3.448393,5.329534,-20.430738,25.560286,-20.370768
4.575000,31.514130,-3.450876,6.758568,-20.576168,18.185322,-20.691088
4.581250,37.511921,-3.452402,7.626859,-20.864162,11.330569,-21.058990
4.587500,43.511791,-3.452669,9.892915,-21.236578,4.490399,-21.483027
4.593750,49.512405,-3.451675,10.672384,-21.693619,-0.985417,-21.981586
4.600000,55.510448,-3.449806,11.316325,-22.258848,-4.972770,-22.547043
4.606250,61.503746,-3.447220,11.717516,-22.927984,-7.452241,-23.161644
4.612500,67.492790,-3.443904,11.774553,-23.703587,-8.516419,-23.810741
4.618750,73.476006,-3.440200,11.395459,-24.559240,-8.403964,-24.485699
4.625000,79.450943,-3.436750,10.686343,-25.458332,-7.312417,-25.162487
4.631250,85.418610,-3.433703,9.553663,-26.375515,-5.504110,-25.820932
4.637500,91.383415,-3.430274,7.991590,-27.279743,-3.338131,-26.449230
4.643750,95.451981,-3.425951,4.170840,-28.132679,-1.208843,-27.036484
4.650000,99.239906,-3.421800,1.990137,-28.891590,0.449474,-27.549620
4.656250,102.207664,-3.419179,-0.326522,-29.511759,1.138199,-27.949224
4.662500,103.863884,-3.418706,-2.674314,-29.943174,0.528674,-28.212694
4.668750,103.791344,-3.419678,-4.974892,-30.188061,0.326924,-28.366240
4.675000,101.653015,-3.421744,-7.361889,-30.233553,-1.375100,-28.411119
4.681250,97.211876,-3.425156,-9.661494,-30.068993,-4.269454,-28.334108
4.687500,90.346260,-3.429786,-11.814585,-29.699261,-8.172418,-28.132915
4.693750,81.057831,-3.435438,-13.838779,-29.148180,-12.924734,-27.815884
4.700000,69.468727,-3.442377,-15.772131,-28.454046,-18.318071,-27.393454
4.706250,55.814392,-3.451210,-17.686064,-27.674786,-24.088737,-26.876511
4.712500,40.440121,-3.461387,-19.816042,-26.804901,-29.939135,-26.268421
4.718750,23.780602,-3.471443,-22.502327,-25.881634,-35.506298,-25.563950
4.725000,6.329197,-3.480669,-23.463549,-24.958099,-40.113079,-24.862896
4.731250,-11.388486,-3.489652,-24.414246,-24.102053,-45.514957,-24.182512
4.737500,-28.830517,-3.498820,-25.229330,-23.350391,-50.144146,-23.557579
4.743750,-45.459454,-3.507290,-25.643709,-22.716707,-54.146149,-22.988340
4.750000,-60.781075,-3.514403,-25.512552,-22.204142,-58.045837,-22.443270
4.756250,-74.373100,-3.520558,-24.751740,-21.800602,-61.602367,-21.912712
4.762500,-85.900169,-3.526250,-23.329008,-21.455111,-65.030670,-21.499701
4.768750,-95.123283,-3.531184,-21.332518,-21.212576,-67.444344,-21.203627
4.775000,-101.918961,-3.534868,-17.340122,-21.068485,-69.875244,-20.999300
4.781250,-106.289932,-3.537510,-14.194240,-20.978884,-72.355118,-20.874195
4.787500,-108.361832,-3.539749,-10.011973,-20.914343,-74.913795,-20.817284
4.793750,-108.373184,-3.541904,-5.186598,-20.854414,-77.583542,-20.823437
4.800000,-106.663559,-3.543999,-0.165346,-20.785343,-80.339706,-20.858929
4.806250,-103.658455,-3.546153,4.601188,-20.696321,-83.116333,-20.906843
4.812500,-99.850128,-3.548493,8.649558,-20.586802,-86.059906,-20.963516
4.818750,-95.769730,-3.550903,11.565388,-20.457214,-89.145309,-21.012266
4.825000,-89.795692,-3.553697,15.187587,-20.310150,-92.248772,-21.029289
4.831250,-83.823616,-3.557092,17.886137,-20.153872,-95.179008,-21.015953
4.837500,-77.851303,-3.560717,19.971884,-20.000299,-97.638351,-20.986816
4.843750,-71.872765,-3.563601,21.805742,-19.868137,-99.462807,-20.944344
4.850000,-65.891357,-3.565751,21.898178,-19.764936,-100.403603,-20.862635
4.856250,-59.913330,-3.568523,22.419443,-19.674217,-100.084206,-20.736092
4.862500,-53.941696,-3.572435,23.147470,-19.616018,-98.457382,-20.590366
4.868750,-47.967087,-3.576344,23.856968,-19.603149,-95.344635,-20.442442
4.875000,-41.983414,-3.579064,24.477560,-19.631844,-90.542389,-20.300777
4.881250,-35.995872,-3.580917,24.967009,-19.687168,-83.945877,-20.173965
4.887500,-30.012543,-3.582885,25.329840,-19.732685,-75.563416,-20.067799
4.893750,-24.033606,-3.585238,25.759802,-19.802280,-65.515839,-19.988829
4.900000,-18.055363,-3.587522,26.590103,-19.896029,-54.060989,-19.945795
4.906250,-12.075418,-3.589562,27.651602,-20.000059,-41.536610,-19.936895
4.912500,-6.095439,-3.591438,29.023472,-20.112940,-28.359879,-19.950336
4.918750,-0.116339,-3.593217,30.690945,-20.208353,-14.999970,-19.957079
4.925000,5.861096,-3.595157,32.683537,-20.290577,-1.835564,-19.966700
4.931250,11.837131,-3.597653,35.143661,-20.379490,11.194071,-20.022812
4.937500,17.813608,-3.600319,38.032242,-20.486443,23.389894,-20.101629
4.943750,23.795826,-3.602179,41.229794,-20.619257,34.424107,-20.198256
4.950000,29.782681,-3.602910,44.567287,-20.781359,44.121338,-20.312786
4.956250,35.767529,-3.603505,45.990822,-20.969620,52.421829,-20.445408
4.962500,41.746391,-3.604687,49.109177,-21.178930,59.346783,-20.599630
4.968750,47.724308,-3.605826,51.858898,-21.397469,64.981194,-20.783417
4.975000,53.705334,-3.606255,54.086887,-21.608757,69.473747,-21.021927
4.981250,59.687122,-3.606359,55.580837,-21.820423,71.650543,-21.213663
4.987500,65.665436,-3.606518,56.129955,-22.030575,72.740425,-21.440517
4.993750,71.643410,-3.606157,55.737045,-22.228407,72.612549,-21.708366
5.000000,77.622696,-3.604853,54.349472,-22.410078,71.204536,-22.018175
5.006250,83.597687,-3.603325,51.973351,-22.570749,68.456093,-22.368193
5.012500,89.563332,-3.602576,48.676826,-22.705128,64.328934,-22.762455
5.018750,95.523842,-3.602335,44.594322,-22.802229,58.767044,-23.170898
5.025000,99.590698,-3.601671,38.007450,-22.844280,53.380150,-23.527218
5.031250,103.384308,-3.600703,32.854961,-22.831917,46.680908,-23.866005
5.037500,106.366646,-3.600049,27.260363,-22.793976,39.097378,-24.197990
5.043750,108.045601,-3.599970,21.476065,-22.733784,31.261942,-24.502295
5.050000,107.996056,-3.600271,15.779001,-22.666004,23.643435,-24.764496
5.056250,105.878983,-3.601169,10.370212,-22.644442,16.649580,-24.973093
5.062500,101.456451,-3.602771,5.528093,-22.592783,10.683255,-25.113571
5.068750,94.611282,-3.604367,1.944802,-22.548965,6.124535,-25.172115
5.075000,85.344116,-3.605494,-2.662180,-22.545345,3.259819,-25.145033
5.081250,73.771584,-3.607136,-6.379018,-22.587358,0.420166,-25.032103
5.087500,60.124725,-3.610541,-9.456272,-22.661684,-0.563314,-24.836138
5.093750,44.750156,-3.615349,-12.131840,-22.747013,-0.064314,-24.567360
5.100000,28.085810,-3.619945,-14.513843,-22.852816,1.476226,-24.243826
5.106250,10.624096,-3.624044,-16.739981,-22.966005,3.519459,-23.902485
5.112500,-7.111336,-3.628624,-19.112213,-23.060572,7.275637,-23.516533
5.118750,-24.576229,-3.634295,-21.781536,-23.114450,10.182718,-23.096680
5.125000,-41.232899,-3.640323,-24.834839,-23.112892,12.585427,-22.685089
5.131250,-56.584095,-3.646110,-28.330189,-23.047514,14.376713,-22.305714
5.137500,-70.206474,-3.652062,-30.114489,-22.913599,15.395715,-21.972088
5.143750,-81.762558,-3.658680,-31.524439,-22.711483,15.487616,-21.688032
5.150000,-91.013603,-3.665644,-32.020233,-22.444347,14.542207,-21.441675
5.156250,-97.832573,-3.672257,-32.997597,-22.121771,12.499308,-21.197515
5.162500,-102.220139,-3.678374,-32.426262,-21.760695,10.834941,-21.067221
5.168750,-104.299934,-3.684057,-30.474997,-21.364302,8.891279,-20.964254
5.175000,-104.310570,-3.689191,-27.374535,-20.949457,7.002185,-20.900190
5.181250,-102.593300,-3.693643,-23.537455,-20.543325,5.619648,-20.875908
5.187500,-99.575706,-3.697404,-19.334333,-20.169060,5.296904,-20.882372
5.193750,-95.750938,-3.700517,-15.130218,-19.847239,6.576163,-20.897333
5.200000,-91.652336,-3.702999,-11.298550,-19.597002,10.008241,-20.927423
5.206250,-85.659584,-3.705039,-6.020480,-19.438107,14.210670,-21.033585
5.212500,-79.668106,-3.706794,-0.958952,-19.388231,18.916945,-21.154613
5.218750,-73.676590,-3.708026,2.317373,-19.429092,25.900743,-21.263645
5.225000,-67.683350,-3.708145,5.777004,-19.549562,33.933643,-21.386343
5.231250,-61.689686,-3.707232,8.991058,-19.743719,42.275162,-21.528534
5.237500,-55.700909,-3.705836,11.655921,-19.955858,50.219528,-21.691114
5.243750,-49.719078,-3.704423,13.442141,-20.266649,57.037003,-21.880703
5.250000,-43.744308,-3.703408,13.539752,-20.653795,62.000896,-22.107370
5.256250,-37.775185,-3.702957,14.415801,-21.098328,64.477341,-22.370758
5.262500,-31.808365,-3.702592,14.388908,-21.579235,66.109558,-22.667080
5.268750,-25.839804,-3.701464,13.488549,-22.050694,65.165802,-22.992990
5.275000,-19.872959,-3.699769,12.081305,-22.517807,61.939415,-23.336756
5.281250,-13.915848,-3.699075,10.474877,-22.979130,56.772202,-23.681374
5.287500,-7.970756,-3.700235,8.814264,-23.423599,50.058018,-23.989553
5.293750,-2.027650,-3.702122,7.199081,-23.836330,40.255684,-24.291502
5.300000,3.921138,-3.703420,5.687436,-24.204416,29.785641,-24.588037
5.306250,9.870241,-3.704781,4.329465,-24.511953,18.520834,-24.844601
5.312500,15.810163,-3.707893,3.180528,-24.742512,6.776898,-25.039597
5.318750,21.742359,-3.713111,2.259520,-24.884737,-5.052387,-25.158892
5.325000,27.678936,-3.719053,1.574065,-24.927322,-16.547632,-25.190712
5.331250,33.624901,-3.725087,1.111151,-24.865326,-27.300301,-25.126600
5.337500,39.575207,-3.731895,2.982933,-24.700975,-36.966434,-24.960880
5.343750,45.528706,-3.739408,3.855268,-24.451799,-45.306839,-24.748129
5.350000,51.489986,-3.746781,5.697106,-24.151447,-52.170147,-24.446703
5.356250,57.460400,-3.753768,8.564681,-23.778885,-57.203178,-24.105976
5.362500,63.435852,-3.760905,12.086809,-23.383814,-60.588917,-23.766886
5.368750,69.416542,-3.768032,15.945329,-23.003714,-62.343296,-23.471218
5.375000,75.408119,-3.773851,19.945574,-22.664392,-62.593342,-23.248760
5.381250,81.410622,-3.777825,23.903795,-22.383774,-61.732449,-23.067560
5.387500,87.416153,-3.780694,27.625793,-22.168663,-60.087372,-22.925533
5.393750,93.419930,-3.782798,29.032909,-22.011070,-55.836040,-22.880348
5.400000,97.530670,-3.783478,31.647333,-21.934698,-51.414558,-22.964949
5.406250,101.370316,-3.782443,33.272430,-21.949726,-46.592239,-23.157642
5.412500,104.399757,-3.780529,33.932949,-22.042158,-41.599957,-23.447050
5.418750,106.122948,-3.778316,33.647190,-22.192415,-36.701233,-23.809147
5.425000,106.115326,-3.775367,32.465382,-22.373110,-31.980124,-24.182480
5.431250,104.037300,-3.771558,30.461670,-22.558516,-27.693649,-24.545341
5.437500,99.647011,-3.767959,27.768721,-22.714128,-24.058035,-24.876606
5.443750,92.819176,-3.765512,24.694584,-22.817553,-21.054321,-25.147421
5.450000,83.558472,-3.764142,21.845329,-22.884293,-18.634611,-25.328730
5.456250,71.991997,-3.763482,17.651445,-22.887119,-16.756544,-25.400784
5.462500,58.356819,-3.763626,14.071964,-22.809298,-15.305641,-25.352324
5.468750,42.993683,-3.764695,10.994723,-22.649277,-14.091404,-25.184011
5.475000,26.331324,-3.766496,8.334252,-22.414747,-12.892463,-24.917971
5.481250,8.861582,-3.769324,6.024695,-22.117010,-11.408574,-24.536377
5.487500,-8.882520,-3.774003,4.037889,-21.761240,-9.155102,-24.053175
5.493750,-26.352760,-3.780268,2.288700,-21.371046,-8.116889,-23.522890
5.500000,-43.006428,-3.786508,0.638484,-20.976284,-6.465715,-22.989195
5.506250,-58.347969,-3.791787,-0.964199,-20.601091,-4.479064,-22.487650
5.512500,-71.957619,-3.796826,-2.528457,-20.264685,-2.449776,-22.050707
5.518750,-83.502083,-3.802450,-4.054510,-19.976675,-0.711372,-21.699203
5.525000,-92.739388,-3.808105,-5.238005,-19.724995,2.169988,-21.369583
5.531250,-99.542336,-3.812578,-5.834448,-19.510971,3.732176,-21.164368
5.537500,-103.912781,-3.815853,-6.286674,-19.388838,4.240036,-21.073757
5.543750,-105.978195,-3.818492,-6.510243,-19.337900,4.053047,-21.086407
5.550000,-105.978165,-3.820434,-6.593616,-19.356672,3.178800,-21.184692
5.556250,-104.250786,-3.821386,-6.743246,-19.447014,1.680596,-21.354490
5.562500,-101.224586,-3.821346,-7.144462,-19.613462,-0.106174,-21.646431
5.568750,-97.394768,-3.820468,-7.963626,-19.858759,-1.770703,-21.986156
5.575000,-93.293579,-3.818610,-7.107946,-20.167801,-3.078126,-22.362450
5.581250,-87.301231,-3.815844,-7.886734,-20.528631,-3.956757,-22.774357
5.587500,-81.315231,-3.812760,-8.311770,-20.935799,-3.988215,-23.207630
5.593750,-75.337570,-3.809747,-8.526649,-21.380146,-2.740084,-23.640680
5.600000,-69.366791,-3.806674,-8.671532,-21.853310,-1.761747,-24.064680
5.606250,-63.401241,-3.803802,-8.865163,-22.343195,0.720566,-24.479622
5.612500,-57.442978,-3.801686,-9.158004,-22.826948,4.528811,-24.852987
5.618750,-51.490520,-3.800225,-9.608150,-23.285681,9.198468,-25.182495
5.625000,-45.537289,-3.798521,-10.306830,-23.708275,14.234540,-25.468735
5.631250,-39.584618,-3.796557,-11.307726,-24.083540,19.183010,-25.714329
5.637500,-33.640377,-3.795702,-12.332098,-24.398794,23.603989,-25.925184
5.643750,-27.706724,-3.796911,-13.091501,-24.642765,27.033009,-26.100985
5.650000,-21.773624,-3.798939,-13.567293,-24.799852,28.886873,-26.194958
5.656250,-15.833889,-3.800689,-13.755085,-24.854773,28.806246,-26.191023
5.662500,-9.891754,-3.802665,-13.725450,-24.805264,28.339300,-26.134161
5.668750,-3.957243,-3.806100,-13.622364,-24.663570,25.173527,-26.046408
5.675000,1.973311,-3.811118,-13.535378,-24.436543,21.974442,-25.913176
5.681250,7.908335,-3.816649,-13.529128,-24.133974,17.666758,-25.732153
5.687500,13.850126,-3.822155,-13.697453,-23.769236,13.054947,-25.502100
5.693750,19.795025,-3.827922,-14.154572,-23.366768,8.965802,-25.221399
5.700000,25.741533,-3.833991,-15.051087,-22.971195,6.237845,-24.883905
5.706250,31.689898,-3.840248,-14.449811,-22.561930,1.801098,-24.527706
5.712500,37.640415,-3.847203,-14.308867,-22.147552,-0.344542,-24.167503
5.718750,43.592842,-3.854884,-13.918603,-21.778740,-0.818454,-23.816750
5.725000,49.552719,-3.862311,-13.091391,-21.483955,-0.069990,-23.501715
5.731250,55.525471,-3.868322,-11.724405,-21.272419,1.479615,-23.236565
5.737500,61.505890,-3.873100,-9.781902,-21.142927,3.272915,-22.990610
5.743750,67.486008,-3.877562,-7.304441,-21.084665,6.749198,-22.755257
5.750000,73.466110,-3.881587,-4.395931,-21.080193,9.692144,-22.599188
5.756250,79.450195,-3.884412,-1.278571,-21.126589,11.897390,-22.521873
5.762500,85.438278,-3.885959,3.938380,-21.217323,13.493121,-22.507875
5.768750,91.423080,-3.887028,7.834607,-21.331627,14.338816,-22.544735
5.775000,95.507347,-3.888025,12.330787,-21.446909,14.276083,-22.621069
5.781250,99.315880,-3.888635,17.094358,-21.542273,15.322543,-22.735884
5.787500,102.316956,-3.888776,21.744867,-21.602154,15.990483,-22.856924
5.793750,104.015366,-3.889198,25.865221,-21.620453,15.074920,-22.968803
5.800000,103.982353,-3.890323,29.077732,-21.590273,14.279208,-23.080965
5.806250,101.879616,-3.892061,31.080317,-21.506203,13.558848,-23.183092
5.812500,97.473610,-3.894023,31.605047,-21.369566,12.861812,-23.251394
5.818750,90.643028,-3.896217,32.624481,-21.184608,12.106336,-23.275200
5.825000,81.387039,-3.898843,32.670471,-20.959734,11.387858,-23.232710
5.831250,69.824387,-3.902683,32.191265,-20.713087,10.909558,-23.160955
5.837500,56.193554,-3.908192,29.768726,-20.469776,10.788671,-23.062912
5.843750,40.840500,-3.914878,27.539734,-20.256899,8.977361,-22.915369
5.850000,24.201920,-3.921092,25.575834,-20.060207,7.087260,-22.724764
5.856250,6.772206,-3.925599,23.908978,-19.900925,4.704310,-22.519892
5.862500,-10.924610,-3.928905,22.321653,-19.805424,1.610937,-22.324680
5.868750,-28.351109,-3.932325,20.805725,-19.787754,-2.324858,-22.163843
5.875000,-44.975304,-3.935922,19.413387,-19.840826,-7.194786,-22.054962
5.881250,-60.298267,-3.938882,18.260328,-19.926783,-13.111438,-21.988722
5.887500,-73.891136,-3.940835,17.552280,-20.076368,-18.177404,-21.957972
5.893750,-85.417419,-3.942003,16.044453,-20.300095,-23.793028,-21.984884
5.900000,-94.641876,-3.942414,15.196374,-20.567553,-29.399147,-22.067173
5.906250,-101.444084,-3.942104,14.682544,-20.868689,-34.571861,-22.187111
5.912500,-105.825943,-3.941665,14.256843,-21.204050,-38.913807,-22.328554
5.918750,-107.910629,-3.941476,13.713988,-21.580648,-41.901054,-22.507450
5.925000,-107.930984,-3.940873,13.035827,-21.956779,-45.320312,-22.699806
5.931250,-106.225319,-3.939400,12.145220,-22.337860,-47.622967,-22.887238
5.937500,-103.225365,-3.937873,10.775219,-22.736113,-49.111347,-23.065443
5.943750,-99.430016,-3.937475,7.031067,-23.146873,-50.017181,-23.230347
5.950000,-95.366570,-3.937856,4.777799,-23.558102,-50.528446,-23.377781
5.956250,-89.405693,-3.937902,2.188345,-23.955128,-50.849518,-23.507696
5.962500,-83.442657,-3.937765,-0.642915,-24.319517,-51.192776,-23.658457
5.968750,-77.484276,-3.938407,-3.632994,-24.634951,-51.971600,-23.700695
5.975000,-71.529961,-3.939596,-6.711695,-24.887218,-50.593410,-23.740248
5.981250,-65.572678,-3.940170,-9.798962,-25.065716,-49.286785,-23.777828
5.987500,-59.613827,-3.940274,-12.823971,-25.164190,-47.549797,-23.816511
5.993750,-53.663624,-3.941594,-15.698129,-25.177237,-44.983326,-23.857243
6.000000,-47.721600,-3.944674,-18.337025,-25.103855,-41.242977,-23.900946
6.006250,-41.778267,-3.948334,-20.670198,-24.945316,-36.069374,-23.948051
6.012500,-35.827301,-3.951632,-22.620745,-24.702990,-29.292063,-23.999470
6.018750,-29.874022,-3.955199,-21.979000,-24.379301,-20.944134,-24.031610
6.025000,-23.922213,-3.959569,-22.000359,-23.974182,-11.440186,-24.039839
6.031250,-17.968409,-3.964155,-20.708349,-23.538078,-0.931306,-24.052433
6.037500,-12.008677,-3.968511,-18.380966,-23.094244,10.386173,-24.076334
6.043750,-6.045057,-3.972993,-15.087242,-22.661261,22.050714,-24.115025
6.050000,-0.080472,-3.977650,-11.118594,-22.269417,33.523018,-24.170801
6.056250,5.889159,-3.981848,-6.792669,-21.946793,44.333698,-24.218912
6.062500,11.864799,-3.985208,-2.369808,-21.704683,54.234074,-24.250210
6.068750,17.842001,-3.988342,1.868850,-21.554766,62.932652,-24.301994
6.075000,23.818253,-3.991375,5.867044,-21.508429,70.073097,-24.374350
6.081250,29.798216,-3.993470,9.627872,-21.568283,75.525070,-24.464397
6.087500,35.782589,-3.994050,12.942940,-21.719257,79.342644,-24.571669
6.093750,41.764133,-3.994071,15.656381,-21.928541,81.659843,-24.700985
6.100000,47.735798,-3.994648,17.604582,-22.154585,82.549919,-24.819651
6.106250,53.701115,-3.995796,18.461586,-22.407602,81.935974,-24.919645
6.112500,59.666378,-3.996811,18.010824,-22.656765,80.260193,-25.016602
6.118750,65.631340,-3.997684,16.311365,-22.867243,77.784416,-25.108521
6.125000,71.593864,-3.998853,15.463826,-23.017061,74.665764,-25.187101
6.131250,77.551483,-4.000648,14.066522,-23.094074,71.037590,-25.241131
6.137500,83.508034,-4.003127,12.641927,-23.095068,67.055679,-25.249773
6.143750,89.463890,-4.006247,9.828551,-23.023788,62.919743,-25.121508
6.150000,95.422279,-4.009653,7.769924,-22.886116,59.023407,-25.001902
6.156250,99.491074,-4.012687,6.467462,-22.681274,54.312500,-24.825230
6.162500,103.290321,-4.015378,5.803112,-22.430801,49.781807,-24.592518
6.168750,106.282814,-4.018468,5.608834,-22.158474,45.365002,-24.317036
6.175000,107.976364,-4.022149,5.790647,-21.883694,41.094353,-24.012794
6.181250,107.948105,-4.025676,6.240355,-21.625166,37.019508,-23.695583
6.187500,105.861320,-4.028351,6.850077,-21.396770,33.209400,-23.377958
6.193750,101.474815,-4.030514,7.505355,-21.211071,29.756275,-23.074684
6.200000,94.662804,-4.032638,8.072312,-21.081774,26.828211,-22.854263
6.206250,85.425179,-4.034549,10.603854,-21.017195,23.532461,-22.630257
6.212500,73.886368,-4.036121,11.770087,-21.012817,21.158031,-22.476482
6.218750,60.280838,-4.037607,13.632423,-21.061750,19.246790,-22.414728
6.225000,44.947941,-4.039316,15.936072,-21.168734,17.658920,-22.463209
6.231250,28.316139,-4.041080,18.430582,-21.330692,16.261568,-22.655783
6.237500,10.879626,-4.042635,20.912809,-21.536356,15.566390,-22.865572
6.243750,-6.829279,-4.043995,23.129509,-21.783194,14.696198,-23.181503
6.250000,-24.265421,-4.045095,24.825485,-22.065845,13.647511,-23.597136
6.256250,-40.895588,-4.045800,28.005190,-22.368580,12.500952,-24.091852
6.262500,-56.229904,-4.046283,29.265945,-22.677313,11.277360,-24.637753
6.268750,-69.842773,-4.047090,30.577669,-22.983374,9.986691,-25.201401
6.275000,-81.392998,-4.048012,31.748875,-23.278290,8.684619,-25.738073
6.281250,-90.638367,-4.048174,32.630047,-23.549128,7.626929,-26.228611
6.287500,-97.459244,-4.047637,33.121090,-23.779310,7.303862,-26.654919
6.293750,-101.863602,-4.047791,33.092781,-23.962934,7.601986,-26.989927
6.300000,-103.974861,-4.049450,32.428719,-24.097921,6.787744,-27.214975
6.306250,-104.021683,-4.051715,31.102903,-24.179020,6.774920,-27.315538
6.312500,-102.337318,-4.053385,29.135929,-24.200365,7.302365,-27.281487
6.318750,-99.353500,-4.054904,26.588114,-24.151512,8.086439,-27.106215
6.325000,-95.569855,-4.057443,25.689058,-24.024498,8.803758,-26.792429
6.331250,-91.518311,-4.061313,23.216003,-23.823662,10.938081,-26.378244
6.337500,-85.570526,-4.065940,21.258852,-23.574766,12.402105,-25.935701
6.343750,-79.618164,-4.071032,19.804390,-23.288935,13.265601,-25.408236
6.350000,-73.662117,-4.076520,18.906328,-22.963581,13.336048,-24.853350
6.356250,-67.701126,-4.082072,18.478062,-22.616907,13.131722,-24.330776
6.362500,-61.732712,-4.087037,18.319836,-22.277973,12.581919,-23.884010
6.368750,-55.759495,-4.091458,18.300224,-21.972399,11.560255,-23.545399
6.375000,-49.784962,-4.095690,18.329458,-21.720085,9.916954,-23.324076
6.381250,-43.809467,-4.099667,18.327332,-21.535767,7.402791,-23.154430
6.387500,-37.830032,-4.102899,18.201738,-21.442020,5.262100,-23.171043
6.393750,-31.848640,-4.105469,19.968840,-21.455584,2.386678,-23.330418
6.400000,-25.867153,-4.107541,20.745644,-21.525244,-0.812442,-23.613987
6.406250,-19.886040,-4.108852,22.125536,-21.692087,-4.114214,-23.969582
6.412500,-13.904790,-4.109324,24.013250,-21.955519,-7.301125,-24.307425
6.418750,-7.927404,-4.109751,26.320087,-22.304708,-11.114285,-24.743820
6.425000,-1.955899,-4.110623,28.892797,-22.724476,-15.000363,-25.194269
6.431250,4.013850,-4.111415,31.565111,-23.189743,-18.849905,-25.619577
6.437500,9.985497,-4.111346,34.153336,-23.674360,-22.640436,-25.988771
6.443750,15.955621,-4.110922,38.615299,-24.149488,-26.370171,-26.276567
6.450000,21.917877,-4.111380,41.507996,-24.580441,-30.027090,-26.458830
6.456250,27.872990,-4.112886,44.747120,-24.937279,-33.634605,-26.521894
6.462500,33.827858,-4.114819,48.014011,-25.201782,-37.320274,-26.500216
6.468750,39.785282,-4.116755,50.945648,-25.369501,-41.232719,-26.400822
6.475000,45.743668,-4.118887,53.241482,-25.437151,-44.668549,-26.175034
6.481250,51.702579,-4.121085,54.692768,-25.400715,-46.105530,-25.884880
6.487500,57.661888,-4.123190,55.094681,-25.269894,-46.844383,-25.567036
6.493750,63.620842,-4.125772,54.260994,-25.068525,-46.271633,-25.254066
6.500000,69.577171,-4.129077,52.104610,-24.823917,-43.799511,-24.969275
6.506250,75.536049,-4.132549,48.689724,-24.554947,-40.742939,-24.711664
6.512500,81.500908,-4.135357,44.466099,-24.273413,-37.197300,-24.477118
6.518750,87.468468,-4.137779,39.838833,-23.998993,-32.083042,-24.233994
6.525000,93.433556,-4.140799,34.946861,-23.753536,-26.005127,-24.072359
6.531250,97.503532,-4.144205,29.938148,-23.567350,-19.232267,-23.978127
6.537500,101.306320,-4.146906,25.021046,-23.451956,-12.803235,-23.930319
6.543750,104.308731,-4.148629,20.485764,-23.404091,-7.234775,-23.916248
6.550000,106.011749,-4.150230,16.537119,-23.417791,-2.941078,-23.926970
6.556250,105.985855,-4.152185,13.314095,-23.484089,-0.252147,-23.973156
6.562500,103.894302,-4.153836,10.930640,-23.583439,0.606920,-24.009960
6.568750,99.502411,-4.154936,9.464911,-23.677708,1.120198,-24.041723
6.575000,92.685104,-4.155869,7.041752,-23.743155,-0.065320,-24.077774
6.581250,83.439789,-4.156927,6.776658,-23.841742,-2.475468,-24.114779
6.587500,71.889580,-4.157994,7.081349,-23.931189,-5.625442,-24.161808
6.593750,58.272125,-4.159331,7.859309,-23.994530,-8.959713,-24.210787
6.600000,42.927177,-4.161087,8.902761,-24.028929,-13.719440,-24.254709
6.606250,26.283628,-4.162892,9.976433,-24.038857,-17.784634,-24.296488
6.612500,8.835997,-4.164214,10.903332,-24.029503,-21.179831,-24.337347
6.618750,-8.885606,-4.165452,11.541208,-24.005434,-23.931259,-24.376532
6.625000,-26.340046,-4.167695,11.787041,-23.967562,-26.082516,-24.410675
6.631250,-42.994446,-4.171037,13.727575,-23.916790,-27.697552,-24.434591
6.637500,-58.349155,-4.174792,14.032712,-23.854359,-28.872578,-24.441210
6.643750,-71.973724,-4.178429,14.777213,-23.778809,-29.713261,-24.411514
6.650000,-83.530731,-4.182344,15.843415,-23.690018,-30.344170,-24.354836
6.656250,-92.785172,-4.186680,17.101189,-23.580198,-31.283777,-24.262320
6.662500,-99.612625,-4.190897,18.423306,-23.439014,-32.442963,-24.139936
6.668750,-104.011314,-4.194613,19.585497,-23.268797,-34.146088,-23.993160
6.675000,-106.106194,-4.198280,20.382345,-23.067327,-36.566006,-23.820648
6.681250,-106.137527,-4.202523,20.662073,-22.830856,-39.867603,-23.624504
6.687500,-104.443726,-4.207061,20.225204,-22.567020,-42.121815,-23.427546
6.693750,-101.447456,-4.211490,21.026525,-22.291998,-44.884266,-23.244541
6.700000,-97.640068,-4.215490,21.593153,-22.019978,-47.730804,-23.083036
6.706250,-93.554665,-4.218752,22.333857,-21.778288,-50.300701,-22.955559
6.712500,-87.571434,-4.221290,21.697065,-21.668959,-52.261406,-22.879934
6.718750,-81.588219,-4.223350,22.673304,-21.507021,-53.317978,-22.869270
6.725000,-75.607033,-4.225544,23.901667,-21.424089,-53.189812,-22.915533
6.731250,-69.626472,-4.227818,25.456558,-21.448860,-51.734184,-23.013411
6.737500,-63.642303,-4.229361,27.238892,-21.590094,-48.895828,-23.129347
6.743750,-57.653778,-4.229820,29.130857,-21.841282,-44.457005,-23.313890
6.750000,-51.666195,-4.229682,30.966930,-22.192116,-40.010460,-23.560181
6.756250,-45.682568,-4.229404,34.714878,-22.631479,-34.519344,-23.830259
6.762500,-39.702305,-4.229027,36.928280,-23.141932,-28.410919,-24.094975
6.768750,-33.724400,-4.228602,39.624664,-23.683077,-22.123413,-24.329159
6.775000,-27.748373,-4.228024,42.611195,-24.224180,-16.159809,-24.524870
6.781250,-21.773336,-4.227058,45.484753,-24.755117,-8.837402,-24.673216
6.787500,-15.799724,-4.225524,47.972939,-25.257767,-1.888401,-24.764385
6.793750,-9.830626,-4.223999,49.869385,-25.712681,4.842546,-24.793770
6.800000,-3.870435,-4.223495,50.997746,-26.101847,11.519196,-24.760187
6.806250,2.083417,-4.224002,51.213860,-26.409971,18.318426,-24.665518
6.812500,8.037712,-4.224812,50.417389,-26.626287,25.421848,-24.514275
6.818750,13.994664,-4.225590,50.724880,-26.743948,33.001476,-24.311947
6.825000,19.950073,-4.226853,48.877308,-26.762613,41.218731,-24.058252
6.831250,25.902798,-4.228926,47.026958,-26.689960,48.318581,-23.749304
6.837500,31.856190,-4.231268,45.165131,-26.538567,55.672245,-23.451288
6.843750,37.811932,-4.233810,43.346329,-26.310358,62.916592,-23.175463
6.850000,43.767708,-4.237161,41.555336,-26.034222,69.526031,-22.959051
6.856250,49.723175,-4.241209,39.762058,-25.737803,74.988617,-22.878197
6.862500,55.684597,-4.244800,38.032406,-25.444906,78.503281,-22.813272
6.868750,61.654484,-4.247243,36.470325,-25.173449,81.583153,-22.840515
6.875000,67.625336,-4.249266,35.188900,-24.934906,82.621170,-22.976419
6.881250,73.590317,-4.252012,32.400055,-24.732695,81.870560,-23.217369
6.887500,79.552223,-4.255311,29.837910,-24.548723,79.666473,-23.541386
6.893750,85.517395,-4.258219,29.242983,-24.279139,76.389442,-23.914572
6.900000,91.487206,-4.260475,27.583197,-24.132093,72.427925,-24.304737
6.906250,95.562119,-4.262366,25.910664,-24.018145,68.170860,-24.693260
6.912500,99.361656,-4.264056,23.986830,-23.941811,64.113281,-25.048590
6.918750,102.351746,-4.265835,21.769783,-23.888487,58.927532,-25.333118
6.925000,104.039230,-4.268354,19.538521,-23.818336,54.710976,-25.520737
6.931250,103.998482,-4.271864,17.014254,-23.754097,51.282772,-25.597876
6.937500,101.893814,-4.275640,12.283831,-23.694202,48.446541,-25.557684
6.943750,97.491890,-4.279011,9.223369,-23.628456,45.982082,-25.401863
6.950000,90.668922,-4.282251,5.961607,-23.564363,43.638084,-25.146139
6.956250,81.420303,-4.285767,2.470681,-23.508249,41.114548,-24.838640
6.962500,69.870140,-4.289109,-1.084160,-23.446829,38.053272,-24.471352
6.968750,56.257141,-4.291947,-4.591722,-23.367474,35.545830,-24.039259
6.975000,40.918808,-4.294867,-8.004970,-23.263609,32.147690,-23.601744
6.981250,24.278875,-4.298540,-11.318777,-23.135166,28.013624,-23.194740
6.987500,6.833610,-4.302502,-14.525062,-22.984993,23.232668,-22.842989
6.993750,-10.877822,-4.305551,-17.611717,-22.817665,17.880367,-22.564289
7.000000,-28.310562,-4.307463,-20.550896,-22.633793,12.041672,-22.364193
7.006250,-44.939758,-4.309186,-21.145569,-22.430580,5.796354,-22.236889
7.012500,-60.277370,-4.311454,-20.758615,-22.200802,1.323982,-22.184492
7.018750,-73.892860,-4.314328,-20.857109,-21.948483,-2.914199,-22.235130
7.025000,-85.440857,-4.317323,-19.627398,-21.720549,-6.418492,-22.370926
7.031250,-94.683273,-4.320144,-17.379663,-21.579302,-8.727505,-22.566683
7.037500,-101.498665,-4.322757,-14.150228,-21.402809,-9.498717,-22.750525
7.043750,-105.888298,-4.325210,-10.124439,-21.266476,-7.920234,-23.020885
7.050000,-107.975136,-4.327991,-6.196417,-21.208225,-5.865248,-23.330370
7.056250,-107.995674,-4.331015,-2.679595,-21.251987,-2.272274,-23.676567
7.062500,-106.286446,-4.333516,2.309647,-21.412970,2.488607,-24.056276
7.068750,-103.272713,-4.334886,5.299882,-21.693518,8.057593,-24.465784
7.075000,-99.450958,-4.335458,8.245950,-22.087917,14.047384,-24.903875
7.081250,-95.359116,-4.335912,10.920460,-22.582144,20.086046,-25.363333
7.087500,-89.374733,-4.336112,13.120420,-23.152124,25.883961,-25.805843
7.093750,-83.389580,-4.335504,14.671034,-23.755169,29.243006,-26.216208
7.100000,-77.403809,-4.334045,15.384515,-24.370712,33.466972,-26.597778
7.106250,-71.421745,-4.332223,14.771559,-25.013849,36.372955,-26.947298
7.112500,-65.445892,-4.330319,12.968719,-25.638218,37.836296,-27.251526
7.118750,-59.475948,-4.328467,12.152777,-26.216755,37.823940,-27.494953
7.125000,-53.511192,-4.326909,10.910486,-26.746223,36.360497,-27.660868
7.131250,-47.550884,-4.325630,9.720464,-27.235256,33.563496,-27.724823
7.137500,-41.593410,-4.324346,8.295882,-27.562716,29.651703,-27.641243
7.143750,-35.639473,-4.323178,7.605775,-27.789392,24.970303,-27.431612
7.150000,-29.692043,-4.323039,7.852501,-27.929602,18.340128,-27.133751
7.156250,-23.752600,-4.324629,9.055607,-27.993643,11.169632,-26.734346
7.162500,-17.813011,-4.327164,11.190173,-27.985998,3.524906,-26.242622
7.168750,-11.866122,-4.329381,14.184008,-27.911285,-4.397685,-25.679600
7.175000,-5.913567,-4.331151,17.890121,-27.776278,-12.368481,-25.076609
7.181250,0.037985,-4.333309,22.109730,-27.590647,-20.135281,-24.476063
7.187500,5.986814,-4.336391,26.612022,-27.366531,-27.470783,-23.923819
7.193750,11.938719,-4.339621,31.154253,-27.115564,-34.442696,-23.382505
7.200000,17.896656,-4.342346,35.782921,-26.844971,-40.809689,-22.904322
7.206250,23.857655,-4.345000,40.550869,-26.553057,-46.248550,-22.523489
7.212500,29.819103,-4.347779,45.244106,-26.183929,-50.690800,-22.253490
7.218750,35.782108,-4.350510,49.404587,-25.875156,-54.173313,-22.091257
7.225000,41.747627,-4.353255,52.536266,-25.583084,-56.932781,-22.054930
7.231250,47.713741,-4.356310,54.847347,-25.300776,-59.151974,-22.130423
7.237500,53.680523,-4.359663,56.080128,-25.033846,-60.933105,-22.299772
7.243750,59.652447,-4.362463,56.072311,-24.784327,-62.451576,-22.541290
7.250000,65.629250,-4.364361,55.011745,-24.556273,-63.880314,-22.827154
7.256250,71.605728,-4.365948,53.113243,-24.354452,-65.399918,-23.122583
7.262500,77.577118,-4.367999,50.390446,-24.179619,-67.210663,-23.391273
7.268750,83.544388,-4.370599,46.881512,-24.033466,-69.609413,-23.635172
7.275000,89.511963,-4.373587,42.653484,-23.918987,-70.716293,-23.844675
7.281250,95.481171,-4.376666,37.822521,-23.837957,-71.878853,-23.984297
7.287500,99.557373,-4.379649,32.572605,-23.773918,-72.656799,-24.034452
7.293750,103.363426,-4.381911,27.126644,-23.712315,-72.795349,-23.997797
7.300000,106.366135,-4.383302,21.577532,-23.649410,-72.036171,-23.881392
7.306250,108.069954,-4.384187,16.100025,-23.560614,-70.124542,-23.694830
7.312500,108.041412,-4.385314,10.959250,-23.403080,-66.867195,-23.453312
7.318750,105.940811,-4.387260,5.402147,-23.284239,-62.174221,-23.180368
7.325000,101.533867,-4.390063,0.862814,-23.150553,-56.044312,-22.906588
7.331250,94.704651,-4.393257,-2.834123,-22.997929,-48.580185,-22.667036
7.337500,85.457001,-4.395965,-5.782581,-22.834497,-40.033104,-22.479586
7.343750,73.911476,-4.397828,-8.047881,-22.659403,-30.872704,-22.354502
7.350000,60.300808,-4.399253,-9.676943,-22.473700,-21.436916,-22.329844
7.356250,44.961075,-4.401134,-10.883124,-22.299200,-12.233900,-22.407204
7.362500,28.319508,-4.403884,-11.840605,-22.154072,-3.928550,-22.566902
7.368750,10.873601,-4.406790,-12.659883,-22.048403,4.924853,-22.792488
7.375000,-6.840393,-4.409221,-13.438304,-21.984892,12.548703,-23.140741
7.381250,-24.278063,-4.411304,-12.126147,-21.963247,19.051464,-23.570379
7.387500,-40.909550,-4.413136,-10.234197,-21.979734,24.438269,-24.040222
7.393750,-56.244934,-4.415220,-9.332034,-22.031595,28.973988,-24.508486
7.400000,-69.857315,-4.417723,-7.606310,-22.126789,31.065645,-24.940619
7.406250,-81.403473,-4.420407,-5.602556,-22.256207,32.609375,-25.321123
7.412500,-90.643768,-4.422689,-2.098016,-22.400785,33.390408,-25.628559
7.418750,-97.455849,-4.424108,0.897789,-22.574295,33.304340,-25.842342
7.425000,-101.844521,-4.425214,3.396358,-22.785765,32.243019,-25.951838
7.431250,-103.935844,-4.427005,7.419405,-23.041004,30.120533,-25.956621
7.437500,-103.965820,-4.429541,9.569995,-23.341631,26.918768,-25.861158
7.443750,-102.268028,-4.432038,11.836151,-23.687567,22.698431,-25.674379
7.450000,-99.266640,-4.434082,14.038428,-24.076557,17.596344,-25.400919
7.456250,-95.457794,-4.435788,16.010757,-24.497177,11.816797,-25.043516
7.462500,-91.375237,-4.437386,17.610834,-24.926493,5.496005,-24.634607
7.468750,-85.395782,-4.438298,18.603626,-25.370842,-1.243737,-24.212095
7.475000,-79.413925,-4.438548,18.714956,-25.841827,-8.074695,-23.801638
7.481250,-73.433182,-4.438393,17.903885,-26.336132,-14.647331,-23.428240
7.487500,-67.456337,-4.438131,16.223503,-26.836021,-20.608316,-23.109074
7.493750,-61.479416,-4.437269,11.900317,-27.319464,-25.586283,-22.850283
7.500000,-55.502396,-4.435585,8.777535,-27.776699,-29.286242,-22.659817
7.506250,-49.529579,-4.433782,5.080813,-28.192732,-31.468857,-22.537708
7.512500,-43.565693,-4.432543,1.013577,-28.548601,-33.765156,-22.469936
7.518750,-37.606869,-4.431666,-3.192294,-28.817461,-34.243210,-22.448103
7.525000,-31.649609,-4.430648,-7.344310,-28.991222,-33.020336,-22.471180
7.531250,-25.695742,-4.429965,-11.347679,-29.074430,-30.466545,-22.506872
7.537500,-19.748970,-4.430334,-14.954416,-29.056192,-26.842382,-22.547653
7.543750,-13.807306,-4.431687,-17.968267,-28.937204,-22.249479,-22.596777
7.550000,-7.865918,-4.433578,-20.287888,-28.730415,-19.089806,-22.625116
7.556250,-1.923727,-4.436117,-21.798733,-28.439983,-16.123808,-22.614944
7.562500,4.017917,-4.439610,-24.254528,-28.069805,-14.075066,-22.576246
7.568750,9.959191,-4.443991,-26.083685,-27.645063,-13.507821,-22.521172
7.575000,15.906635,-4.448468,-25.675123,-27.186232,-14.814064,-22.464081
7.581250,21.861422,-4.452395,-24.849277,-26.702446,-16.102692,-22.428967
7.587500,27.820553,-4.455854,-23.379658,-26.222555,-18.842541,-22.418652
7.593750,33.781097,-4.458912,-23.037922,-25.780949,-22.331484,-22.412352
7.600000,39.742142,-4.461556,-22.365866,-25.375076,-26.178471,-22.435936
7.606250,45.702415,-4.464134,-21.720497,-25.005665,-29.882765,-22.502531
7.612500,51.660030,-4.467143,-21.339611,-24.677622,-32.819004,-22.612288
7.618750,57.617546,-4.470292,-19.229197,-24.391062,-34.398495,-22.756783
7.625000,63.578308,-4.472822,-18.751724,-24.142033,-34.133450,-22.924776
7.631250,69.541725,-4.474665,-17.884066,-23.920456,-31.689152,-23.112000
7.637500,75.503014,-4.476627,-16.795549,-23.715097,-26.895329,-23.324654
7.643750,81.458298,-4.479243,-15.730037,-23.527824,-19.704422,-23.602076
7.650000,87.411804,-4.482460,-14.913077,-23.353611,-10.242224,-23.850023
7.656250,93.366638,-4.485896,-14.501332,-23.175587,0.450981,-24.078125
7.662500,97.428040,-4.489821,-14.643402,-22.972687,12.618150,-24.307650
7.668750,101.216530,-4.494492,-15.580543,-22.743538,25.410599,-24.542950
7.675000,104.202286,-4.499811,-15.453176,-22.504570,37.816212,-24.790846
7.681250,105.896576,-4.504743,-15.769587,-22.263260,48.855324,-25.054178
7.687500,105.874535,-4.508847,-16.080166,-22.028736,57.626011,-25.330879
7.693750,103.791245,-4.512184,-15.968727,-21.812187,65.418526,-25.618542
7.700000,99.404167,-4.515295,-16.941811,-21.629787,70.072098,-25.914862
7.706250,92.591827,-4.518385,-17.022738,-21.502523,71.424637,-26.218679
7.712500,83.355537,-4.521162,-16.394257,-21.433908,69.465065,-26.525883
7.718750,71.817825,-4.523415,-15.194632,-21.415318,64.357048,-26.823069
7.725000,58.215820,-4.524940,-13.729630,-21.453606,56.446655,-27.077995
7.731250,42.887722,-4.525930,-12.322227,-21.546560,46.080734,-27.293150
7.737500,26.256878,-4.526746,-11.252476,-21.697159,33.600918,-27.476490
7.743750,8.814986,-4.527727,-8.699085,-21.911848,19.690174,-27.613283
7.750000,-8.903981,-4.529343,-6.187707,-22.171556,5.106483,-27.684568
7.756250,-26.353210,-4.531314,-3.395391,-22.455511,-9.418295,-27.670376
7.762500,-42.995975,-4.532563,-0.096057,-22.743496,-23.167213,-27.541481
7.768750,-58.306938,-4.534368,3.830345,-23.017914,-35.521679,-27.293669
7.775000,-71.926430,-4.536486,8.388636,-23.266340,-46.192024,-26.961662
7.781250,-83.484146,-4.539710,13.494353,-23.477440,-54.631054,-26.540146
7.787500,-92.739891,-4.544066,19.046133,-23.649025,-60.445518,-26.037237
7.793750,-99.565674,-4.548322,24.896378,-23.781345,-63.486958,-25.473520
7.800000,-103.956863,-4.551695,30.839420,-23.877972,-63.744354,-24.878202
7.806250,-106.041138,-4.554439,36.876263,-23.946846,-61.333599,-24.288712
7.812500,-106.060730,-4.557360,42.986893,-23.995806,-56.429504,-23.721235
7.818750,-104.355942,-4.560404,48.900055,-24.027082,-49.175999,-23.167507
7.825000,-101.349419,-4.562902,54.336895,-24.044138,-41.936451,-22.605764
7.831250,-97.533585,-4.564690,58.995480,-24.052395,-33.517731,-22.143042
7.837500,-93.444283,-4.566256,62.600521,-24.064400,-23.938862,-21.787687
7.843750,-87.460724,-4.567618,64.893631,-24.099478,-14.636868,-21.526339
7.850000,-81.475594,-4.568275,65.752983,-24.171431,-6.136919,-21.355930
7.856250,-75.488396,-4.568074,65.166107,-24.286901,1.172953,-21.273552
7.862500,-69.503197,-4.567674,63.210434,-24.439035,7.000440,-21.268888
7.868750,-63.522011,-4.567088,60.042229,-24.613798,11.127156,-21.333992
7.875000,-57.540501,-4.565915,53.866180,-24.810112,13.464272,-21.459896
7.881250,-51.557430,-4.563560,48.649288,-25.019594,14.105559,-21.632961
7.887500,-45.578457,-4.560587,42.770748,-25.221785,13.286590,-21.833986
7.893750,-39.608509,-4.557912,36.510059,-25.408791,11.340383,-22.040043
7.900000,-33.646885,-4.555798,30.068419,-25.586615,8.635696,-22.235718
7.906250,-27.690290,-4.554138,23.795370,-25.743818,5.518996,-22.425253
7.912500,-21.737667,-4.553069,18.083162,-25.867668,2.477701,-22.584309
7.918750,-15.788692,-4.553069,13.269298,-25.867668,0.050638,-22.584309
7.925000,-15.788692,-4.553069,13.269298,-25.867668,0.050638,-22.584309
7.931250,-15.788692,-4.553069,13.269298,-25.867668,0.050638,-22.584309
7.937500,-15.788692,-4.553069,13.269298,-25.867668,0.050638,-22.584309
7.943750,-15.788692,-4.553069,13.269298,-25.867668,0.050638,-22.584309
7.950000,-15.788692,-4.553069,13.269298,-25.867668,0.050638,-22.584309
7.956250,-15.788692,-4.553069,13.269298,-25.867668,0.050638,-22.584309
7.962500,-15.788692,-4.553069,13.269298,-25.867668,0.050638,-22.584309
7.968750,-15.788692,-4.553069,13.269298,-25.867668,0.050638,-22.584309
7.975000,-15.788692,-4.553069,13.269298,-25.867668,0.050638,-22.584309
7.981250,-15.788692,-4.553069,13.269298,-25.867668,0.050638,-22.584309
7.987500,-15.788692,-4.553069,13.269298,-25.867668,0.050638,-22.584309
7.993750,-15.788692,-4.553069,13.269298,-25.867668,0.050638,-22.584309
8.000000,-15.788692,-4.553069,13.269298,-25.867668,0.050638,-22.584309
