Anritsu VNA Frequency[GHz],S21[deg],S21[dB],S11[deg],S11[dB],S22[deg],S22[dB]
1338079872.68,2012_05_27_01:51:12,+40.725,+10.295,+55.355,+10.307,+13.932,+13.743,+14.038,+13.790,10.405640,-17.566
3.006250,33.914516,-1.746977,59.183342,-26.651863,-80.315811,-27.456970
3.012500,33.914516,-1.746977,59.183342,-26.651863,-80.315811,-27.456970
3.018750,33.914516,-1.746977,59.183342,-26.651863,-80.315811,-27.456970
3.025000,33.914516,-1.746977,59.183342,-26.651863,-80.315811,-27.456970
3.031250,33.914516,-1.746977,59.183342,-26.651863,-80.315811,-27.456970
3.037500,33.914516,-1.746977,59.183342,-26.651863,-80.315811,-27.456970
3.043750,33.914516,-1.746977,59.183342,-26.651863,-80.315811,-27.456970
3.050000,33.914516,-1.746977,59.183342,-26.651863,-80.315811,-27.456970
3.056250,33.914516,-1.746977,59.183342,-26.651863,-80.315811,-27.456970
3.062500,33.914516,-1.746977,59.183342,-26.651863,-80.315811,-27.456970
3.068750,33.914516,-1.746977,59.183342,-26.651863,-80.315811,-27.456970
3.075000,33.914516,-1.746977,59.183342,-26.651863,-80.315811,-27.456970
3.081250,33.914516,-1.746977,59.183342,-26.651863,-80.315811,-27.456970
3.087500,33.914516,-1.746977,59.183342,-26.651863,-80.315811,-27.456970
3.093750,33.914516,-1.748778,59.183342,-26.451416,-80.315811,-27.206461
3.100000,39.821381,-1.750875,56.507324,-26.300709,-82.330597,-26.973745
3.106250,45.728195,-1.753026,52.946857,-26.221870,-82.724991,-26.760355
3.112500,51.635490,-1.755220,48.868343,-26.234648,-81.144615,-26.539637
3.118750,57.542080,-1.757623,42.871181,-26.280474,-79.428383,-26.237782
3.125000,63.447472,-1.760204,38.077152,-26.326731,-75.378311,-25.977057
3.131250,69.352730,-1.762871,33.692863,-26.399622,-69.207108,-25.688770
3.137500,75.256981,-1.765920,29.978899,-26.500246,-61.319016,-25.363779
3.143750,81.159508,-1.769530,27.143518,-26.620604,-51.890869,-25.010408
3.150000,87.062668,-1.773423,25.365740,-26.745710,-41.083206,-24.641045
3.156250,92.969269,-1.777102,24.767279,-26.861458,-29.069157,-24.274424
3.162500,96.983131,-1.780498,25.411556,-26.954432,-16.048927,-23.934069
3.168750,100.723991,-1.784005,27.318758,-27.017206,-4.125684,-23.669027
3.175000,103.658356,-1.787791,30.533770,-27.027943,8.157207,-23.423391
3.181250,105.295448,-1.791630,33.297134,-26.973963,20.681734,-23.200325
3.187500,105.210419,-1.795266,37.075787,-26.872150,32.169247,-23.031929
3.193750,103.061722,-1.798637,41.165504,-26.735157,42.184765,-22.933809
3.200000,98.611954,-1.801670,44.996735,-26.570868,50.404007,-22.908619
3.206250,91.739395,-1.804302,48.087379,-26.389902,56.544418,-22.957069
3.212500,82.442146,-1.806764,50.018467,-26.206047,60.407997,-23.087137
3.218750,70.840446,-1.809393,50.479237,-26.029926,61.891956,-23.281458
3.225000,57.172935,-1.811873,51.469635,-25.855366,60.748486,-23.484978
3.231250,41.782459,-1.813775,51.526787,-25.682592,57.258419,-23.706083
3.237500,25.094551,-1.815378,49.160355,-25.511282,53.532242,-23.936705
3.243750,7.597121,-1.817306,46.481064,-25.319019,48.072327,-24.154140
3.250000,-10.177172,-1.819746,43.351326,-25.146345,41.547302,-24.339518
3.256250,-27.677898,-1.822337,39.431217,-25.005611,34.552284,-24.491528
3.262500,-44.369934,-1.824585,34.943104,-24.880190,27.729736,-24.599195
3.268750,-59.762783,-1.826505,29.834692,-24.766464,21.763266,-24.653915
3.275000,-73.432243,-1.828560,23.982502,-24.663088,17.195370,-24.655876
3.281250,-85.038696,-1.831015,17.275572,-24.561003,14.466772,-24.612329
3.287500,-94.343254,-1.833810,9.625626,-24.447420,13.875739,-24.537401
3.293750,-101.222008,-1.836717,0.994965,-24.284340,15.576968,-24.431070
3.300000,-105.674377,-1.839544,-6.438161,-24.116283,19.609776,-24.294939
3.306250,-107.821609,-1.842124,-15.100553,-23.981148,25.837662,-24.155264
3.312500,-107.901581,-1.844440,-23.763615,-23.860037,33.956669,-24.043877
3.318750,-106.256042,-1.846645,-32.140007,-23.759836,43.588257,-23.981035
3.325000,-103.312187,-1.848656,-39.964420,-23.698254,54.285442,-23.977861
3.331250,-99.561821,-1.850311,-46.981987,-23.701550,65.530052,-24.037247
3.337500,-95.537743,-1.851558,-53.011051,-23.835766,76.743950,-24.157215
3.343750,-89.618660,-1.852468,-58.069202,-23.995058,87.348068,-24.322758
3.350000,-83.700508,-1.853005,-62.504665,-24.217028,97.094612,-24.478777
3.356250,-77.783295,-1.853172,-65.954620,-24.542952,105.699738,-24.678341
3.362500,-71.868034,-1.853204,-66.690338,-24.994392,111.959381,-24.929346
3.368750,-65.955208,-1.852971,-66.359146,-25.552761,116.002670,-25.220375
3.375000,-60.042767,-1.852176,-64.834671,-26.190859,117.431221,-25.596315
3.381250,-54.132542,-1.851023,-62.130215,-26.874769,116.067398,-25.931515
3.387500,-48.228596,-1.850235,-58.342110,-27.565554,112.548790,-26.254536
3.393750,-42.331200,-1.850243,-53.626900,-28.218473,106.315216,-26.557388
3.400000,-36.435928,-1.850646,-48.205055,-28.790911,97.931091,-26.832100
3.406250,-30.539518,-1.850865,-42.409016,-29.261644,88.396240,-27.110191
3.412500,-24.643507,-1.851246,-36.567661,-29.605637,78.378281,-27.357424
3.418750,-18.752274,-1.852562,-28.743313,-29.801008,66.516457,-27.552925
3.425000,-12.864208,-1.854814,-22.478937,-29.843473,55.098919,-27.690449
3.431250,-6.973254,-1.857252,-15.923078,-29.747833,44.557652,-27.775993
3.437500,-1.077863,-1.859541,-9.331850,-29.499538,35.346519,-27.813482
3.443750,4.817137,-1.862485,-2.727003,-29.095896,28.148458,-27.751221
3.450000,10.710646,-1.866381,3.373590,-28.582264,21.242281,-27.618528
3.456250,16.608181,-1.870427,8.805013,-27.998064,16.408890,-27.428551
3.462500,22.514168,-1.873829,13.562386,-27.387064,13.353665,-27.183630
3.468750,28.425394,-1.876629,17.727640,-26.795515,11.761681,-26.880432
3.475000,34.337322,-1.879133,21.410202,-26.287945,11.280652,-26.535357
3.481250,40.248444,-1.881476,24.870264,-25.818491,11.521366,-26.163090
3.487500,46.159233,-1.883827,26.836710,-25.416895,12.113649,-25.758226
3.493750,52.068356,-1.886588,28.698833,-25.118793,12.625073,-25.327841
3.500000,57.976688,-1.889729,30.284105,-24.929966,12.621647,-24.884359
3.506250,63.888149,-1.892614,31.485989,-24.835875,11.771317,-24.437531
3.512500,69.804070,-1.894691,32.215057,-24.801624,9.804009,-23.996714
3.518750,75.720062,-1.896521,32.445534,-24.735149,6.518492,-23.566698
3.525000,81.630013,-1.899224,32.354671,-24.720161,1.760903,-23.154325
3.531250,87.535355,-1.903014,32.476929,-24.707344,-2.440754,-22.773243
3.537500,93.443375,-1.907121,32.490402,-24.661749,-7.544856,-22.440981
3.543750,97.462212,-1.910859,32.632141,-24.574366,-13.126834,-22.152254
3.550000,101.210693,-1.914803,33.241505,-24.417763,-18.908197,-21.870564
3.556250,104.152290,-1.919482,32.762165,-24.193335,-24.410482,-21.543751
3.562500,105.798904,-1.924447,32.896725,-23.930424,-29.338921,-21.302603
3.568750,105.729393,-1.928629,33.307125,-23.655872,-32.484364,-21.132135
3.575000,103.603722,-1.931473,33.713287,-23.396706,-34.849274,-21.033096
3.581250,99.178688,-1.933281,33.832561,-23.186615,-36.169502,-21.018946
3.587500,92.328079,-1.934727,33.405888,-23.062618,-36.461586,-21.051401
3.593750,83.052025,-1.935774,32.321362,-23.012758,-35.597641,-21.151546
3.600000,71.475929,-1.935745,30.521641,-23.050316,-33.423237,-21.334055
3.606250,57.837521,-1.934402,29.857218,-23.188231,-30.097578,-21.592892
3.612500,42.472122,-1.932212,28.871956,-23.413151,-25.894295,-21.901937
3.618750,25.803339,-1.929647,27.970654,-23.740622,-21.208727,-22.236092
3.625000,8.325204,-1.926457,27.266661,-24.182648,-16.825647,-22.637760
3.631250,-9.428145,-1.922429,27.366337,-24.701406,-10.941805,-23.069653
3.637500,-26.913666,-1.918068,28.577129,-25.261812,-5.283446,-23.503275
3.643750,-43.602974,-1.914106,31.038965,-25.826571,0.128713,-23.918753
3.650000,-59.002640,-1.910758,32.888927,-26.350594,5.204340,-24.299101
3.656250,-72.682587,-1.908030,35.688110,-26.760040,9.859196,-24.627686
3.662500,-84.300972,-1.906072,38.608913,-27.098776,13.994518,-24.899996
3.668750,-93.620728,-1.905007,42.577610,-27.345684,17.470863,-25.122284
3.675000,-100.517540,-1.904550,45.916374,-27.472752,20.202703,-25.293154
3.681250,-104.989052,-1.904220,48.353962,-27.477049,22.132301,-25.410992
3.687500,-107.158867,-1.904339,49.648247,-27.371632,23.183664,-25.478846
3.693750,-107.267426,-1.905735,49.653336,-27.182478,23.305666,-25.505701
3.700000,-105.652908,-1.908245,48.372242,-26.915064,22.502304,-25.502993
3.706250,-102.736412,-1.910934,45.960117,-26.587452,20.906115,-25.462477
3.712500,-99.008224,-1.913366,42.398411,-26.238079,18.733715,-25.378212
3.718750,-95.006294,-1.916020,35.985760,-25.895016,16.133795,-25.254494
3.725000,-89.110970,-1.919377,28.643526,-25.573563,13.440171,-25.107826
3.731250,-83.213539,-1.922786,20.100378,-25.318478,11.258808,-24.976360
3.737500,-77.311050,-1.925691,12.290741,-25.152939,9.999841,-24.872128
3.743750,-71.406273,-1.928325,3.968942,-25.062832,10.076453,-24.818125
3.750000,-65.502502,-1.931050,-4.317805,-25.036158,10.079256,-24.727982
3.756250,-59.600082,-1.933730,-12.173239,-25.068399,9.997225,-24.623053
3.762500,-53.696415,-1.936186,-19.175125,-25.139225,11.155955,-24.504534
3.768750,-47.792606,-1.938642,-24.884649,-25.211485,13.292921,-24.419283
3.775000,-41.890556,-1.941413,-29.066339,-25.298100,15.950828,-24.357630
3.781250,-35.988659,-1.944274,-31.617830,-25.384571,18.530388,-24.303646
3.787500,-30.085432,-1.946830,-32.186306,-25.451752,20.670267,-24.250580
3.793750,-24.182360,-1.949467,-30.684219,-25.513184,22.060335,-24.201794
3.800000,-18.281073,-1.952547,-29.036766,-25.514317,22.504793,-24.149925
3.806250,-12.380517,-1.955931,-24.884106,-25.428450,22.022947,-24.058538
3.812500,-6.478761,-1.959452,-19.746952,-25.296011,20.474016,-23.935745
3.818750,-0.576493,-1.963354,-14.170983,-25.133799,17.750904,-23.792448
3.825000,5.326313,-1.967581,-8.690823,-24.955927,13.980663,-23.635223
3.831250,11.233262,-1.971522,-1.654233,-24.776907,9.433231,-23.475441
3.837500,17.143629,-1.974894,5.122287,-24.610878,4.429958,-23.349773
3.843750,23.053518,-1.978329,11.796751,-24.453205,-0.689628,-23.212090
3.850000,28.960672,-1.982269,16.683273,-24.297930,-6.610325,-23.045193
3.856250,34.868618,-1.986042,21.458961,-24.154699,-12.143939,-22.888569
3.862500,40.780602,-1.989074,25.703955,-24.021858,-17.267805,-22.750826
3.868750,46.692116,-1.992003,29.089632,-23.886160,-21.962309,-22.629049
3.875000,52.596802,-1.995942,31.294090,-23.725912,-26.252426,-22.512211
3.881250,58.497303,-2.001106,31.965492,-23.546490,-30.208067,-22.384209
3.887500,64.401489,-2.006381,30.705107,-23.349867,-34.014309,-22.250036
3.893750,70.312309,-2.011187,27.447475,-23.118738,-37.927490,-22.114574
3.900000,76.224648,-2.016252,24.261566,-22.842440,-42.078388,-21.970457
3.906250,82.133942,-2.022399,19.699755,-22.520576,-44.771030,-21.815519
3.912500,88.043297,-2.029486,14.231793,-22.155209,-47.874866,-21.645493
3.918750,93.959229,-2.036954,8.324892,-21.753185,-51.100048,-21.447653
3.925000,97.989059,-2.044235,2.338487,-21.342348,-54.203259,-21.193592
3.931250,101.753952,-2.051080,-3.379863,-20.947794,-57.245117,-20.974253
3.937500,104.719902,-2.057534,-8.402500,-20.589754,-58.032562,-20.785336
3.943750,106.394287,-2.063319,-12.406227,-20.290888,-57.642006,-20.634991
3.950000,106.350769,-2.067947,-15.169770,-20.073460,-55.605850,-20.537350
3.956250,104.248711,-2.070905,-16.569204,-19.955519,-51.566975,-20.507599
3.962500,99.848137,-2.072124,-16.544954,-19.946999,-45.278793,-20.557774
3.968750,93.023651,-2.071954,-15.095317,-20.045046,-36.599388,-20.696507
3.975000,83.772476,-2.070456,-14.170277,-20.216625,-25.535604,-20.934624
3.981250,72.215393,-2.067677,-10.071708,-20.511084,-12.254663,-21.298456
3.987500,58.587982,-2.063777,-5.724876,-20.912512,1.636542,-21.705547
3.993750,43.228661,-2.059113,-0.439776,-21.376852,16.797794,-22.215046
4.000000,26.563871,-2.053788,5.137894,-21.900175,32.422409,-22.833685
4.006250,9.086064,-2.047810,10.655751,-22.466103,47.647026,-23.593016
4.012500,-8.674603,-2.041669,15.846199,-23.046833,61.406467,-24.350771
4.018750,-26.173935,-2.036265,20.460443,-23.609772,74.364014,-25.082609
4.025000,-42.878056,-2.031753,24.209869,-24.139290,84.586662,-25.824543
4.031250,-58.290100,-2.027729,28.959915,-24.625698,92.973907,-26.580715
4.037500,-71.981117,-2.024223,31.341576,-25.048107,98.657120,-27.297014
4.043750,-83.613441,-2.021973,33.395473,-25.393959,101.918449,-27.943644
4.050000,-92.948898,-2.021101,34.975304,-25.663240,103.155838,-28.504110
4.056250,-99.858696,-2.020570,36.013111,-25.846075,102.896065,-28.968679
4.062500,-104.340881,-2.019799,36.585758,-25.924952,99.939178,-29.304607
4.068750,-106.523293,-2.019760,36.637951,-25.916748,96.687714,-29.498198
4.075000,-106.647812,-2.021628,36.187214,-25.838923,93.195946,-29.557125
4.081250,-105.048401,-2.024821,35.415855,-25.704777,89.694809,-29.485586
4.087500,-102.142799,-2.027780,34.578415,-25.523233,84.343307,-29.284935
4.093750,-98.422646,-2.030093,33.979004,-25.302778,78.869415,-28.961058
4.100000,-94.430016,-2.032674,32.034920,-25.058651,73.129967,-28.534550
4.106250,-88.546631,-2.036120,30.746372,-24.795010,67.024361,-28.044893
4.112500,-82.663765,-2.040143,30.010334,-24.504000,60.637764,-27.449760
4.118750,-76.777664,-2.044447,29.571596,-24.201441,54.136776,-26.784912
4.125000,-70.890205,-2.049384,29.140129,-23.903166,47.261356,-26.090904
4.131250,-65.001595,-2.054981,28.544847,-23.617975,40.159508,-25.397758
4.137500,-59.108250,-2.060653,27.673273,-23.349255,33.027687,-24.728479
4.143750,-53.208851,-2.066065,26.437525,-23.096407,26.081266,-24.100790
4.150000,-47.306725,-2.071502,24.752550,-22.858355,19.508385,-23.527491
4.156250,-41.404285,-2.077387,24.715382,-22.631323,13.483806,-23.008673
4.162500,-35.500504,-2.083604,24.914240,-22.404062,8.158533,-22.559343
4.168750,-29.593349,-2.089988,23.938984,-22.166042,5.235724,-22.178509
4.175000,-23.682102,-2.096465,23.640930,-21.936510,2.147515,-21.866501
4.181250,-17.766888,-2.102913,23.831656,-21.719969,0.611371,-21.616478
4.187500,-11.847288,-2.109015,24.312166,-21.521242,0.510653,-21.368429
4.193750,-5.922919,-2.114751,24.859957,-21.346539,1.890565,-21.230799
4.200000,0.005333,-2.119863,25.244114,-21.203148,2.856966,-21.177084
4.206250,5.936932,-2.124044,25.248894,-21.098721,4.072054,-21.185333
4.212500,11.871201,-2.127112,24.710173,-21.030485,6.567302,-21.211899
4.218750,17.804470,-2.129437,25.689943,-20.987251,8.114284,-21.261740
4.225000,23.733707,-2.131510,24.779188,-20.964838,8.705830,-21.335560
4.231250,29.659201,-2.133389,23.957594,-20.951683,8.195976,-21.418865
4.237500,35.582153,-2.135019,23.016500,-20.947659,6.414749,-21.489353
4.243750,41.502636,-2.136393,21.619070,-20.969097,5.281297,-21.556042
4.250000,47.421822,-2.137413,19.607042,-21.001114,3.172674,-21.618401
4.256250,53.338936,-2.138027,16.835852,-21.025938,0.617529,-21.659924
4.262500,59.251453,-2.138667,13.073030,-21.029177,-1.974604,-21.669600
4.268750,65.156914,-2.140116,8.120219,-21.000187,-4.246681,-21.637032
4.275000,71.055626,-2.142716,1.797222,-20.931753,-5.885949,-21.555265
4.281250,76.953857,-2.145953,-3.890310,-20.811449,-6.621048,-21.411882
4.287500,82.854004,-2.149612,-10.473354,-20.636490,-6.252866,-21.178349
4.293750,88.753754,-2.154403,-17.691965,-20.429775,-4.877992,-20.924692
4.300000,94.652763,-2.160537,-25.174477,-20.193188,-2.769753,-20.653349
4.306250,98.664078,-2.166874,-32.478733,-19.929956,0.266419,-20.361656
4.312500,102.414032,-2.172326,-39.285778,-19.650839,4.025799,-20.059105
4.318750,105.365028,-2.177281,-45.326248,-19.370441,8.242051,-19.759401
4.325000,107.017197,-2.182724,-50.398129,-19.109848,12.611894,-19.480406
4.331250,106.945976,-2.188520,-54.354237,-18.891985,16.823868,-19.236629
4.337500,104.817070,-2.193615,-57.097290,-18.763733,20.608891,-19.030920
4.343750,100.394699,-2.197546,-58.646866,-18.637758,23.743872,-18.806459
4.350000,93.552917,-2.200501,-58.009613,-18.582731,25.754749,-18.686430
4.356250,84.289238,-2.202407,-56.070404,-18.634277,28.308851,-18.651520
4.362500,72.725731,-2.202693,-52.633354,-18.791897,30.165831,-18.712648
4.368750,59.097187,-2.201793,-47.786366,-19.047493,31.675678,-18.895824
4.375000,43.737740,-2.200507,-41.733696,-19.387951,33.089146,-19.142113
4.381250,27.074879,-2.198735,-34.748531,-19.792170,34.455288,-19.432570
4.387500,9.605155,-2.195848,-27.153625,-20.233854,36.577145,-19.774862
4.393750,-8.140417,-2.192093,-19.364294,-20.696182,37.780876,-20.196783
4.400000,-25.622890,-2.188684,-11.836530,-21.166821,39.621548,-20.673931
4.406250,-42.308754,-2.185703,-2.772857,-21.627851,41.683918,-21.179787
4.412500,-57.700184,-2.182406,4.242124,-22.065756,43.675270,-21.695841
4.418750,-71.369247,-2.178849,11.053501,-22.474863,45.381062,-22.208336
4.425000,-82.980362,-2.175933,17.490690,-22.793877,46.716911,-22.669273
4.431250,-92.297951,-2.174088,23.381083,-23.022087,47.695972,-23.050930
4.437500,-99.194229,-2.172616,28.334227,-23.171373,48.085323,-23.349665
4.443750,-103.666862,-2.171344,32.303730,-23.248945,47.884018,-23.558710
4.450000,-105.841690,-2.171111,35.355145,-23.256912,47.220997,-23.670488
4.456250,-105.956734,-2.172449,37.617722,-23.199823,46.265995,-23.683855
4.462500,-104.346336,-2.174501,39.292461,-23.087807,45.200752,-23.604654
4.468750,-101.433205,-2.176848,40.667458,-22.940155,44.246502,-23.455542
4.475000,-97.713005,-2.179991,40.227440,-22.755632,43.697414,-23.221634
4.481250,-93.719543,-2.183970,40.138145,-22.527412,42.284454,-22.889887
4.487500,-87.826004,-2.187940,40.060146,-22.287567,41.532814,-22.506744
4.493750,-81.926819,-2.191579,39.801079,-22.057474,41.142673,-22.102034
4.500000,-76.028374,-2.196118,39.295948,-21.848270,40.897053,-21.697224
4.506250,-70.133080,-2.202261,38.519680,-21.660461,40.586353,-21.306963
4.512500,-64.232498,-2.208775,37.464275,-21.481506,39.992920,-20.940695
4.518750,-58.318531,-2.214218,36.129093,-21.257648,38.868526,-20.608206
4.525000,-52.395794,-2.218692,34.539310,-21.072102,36.896015,-20.344965
4.531250,-46.473701,-2.223447,33.790596,-20.934732,33.626617,-20.138710
4.537500,-40.553783,-2.228785,33.367035,-20.801912,30.424446,-19.967844
4.543750,-34.627930,-2.233895,31.861250,-20.662443,25.787930,-19.842752
4.550000,-28.693333,-2.238013,30.999416,-20.543047,20.044460,-19.740051
4.556250,-22.753538,-2.241163,30.488829,-20.466085,13.594920,-19.718914
4.562500,-16.812204,-2.243827,30.113146,-20.451122,7.151554,-19.796337
4.568750,-10.869972,-2.245948,29.648251,-20.523804,0.693040,-19.969856
4.575000,-4.925330,-2.247262,28.865849,-20.741438,-5.604019,-20.186390
4.581250,1.022661,-2.247375,27.566986,-21.025114,-11.416863,-20.457117
4.587500,6.971203,-2.246259,24.513985,-21.393433,-16.238487,-20.794754
4.593750,12.917864,-2.244182,22.563122,-21.866730,-19.891045,-21.191776
4.600000,18.860531,-2.241300,19.842171,-22.448271,-22.324282,-21.628040
4.606250,24.798985,-2.237383,16.223742,-23.206017,-23.679125,-22.115585
4.612500,30.732851,-2.232522,12.640615,-23.999222,-24.229807,-22.643959
4.618750,36.656769,-2.227708,8.447175,-24.865572,-24.043314,-23.191090
4.625000,42.568256,-2.223673,3.986833,-25.784689,-23.401285,-23.741747
4.631250,48.473812,-2.219811,-0.449896,-26.722887,-22.625959,-24.282646
4.637500,54.378277,-2.215104,-4.600174,-27.636990,-22.077940,-24.796558
4.643750,60.277855,-2.210125,-8.216225,-28.473955,-22.121885,-25.248640
4.650000,66.163818,-2.206417,-12.990100,-29.172680,-23.109171,-25.590742
4.656250,72.035576,-2.204782,-15.057642,-29.704931,-25.418657,-25.830641
4.662500,77.901855,-2.204762,-16.466919,-30.062483,-27.626143,-25.989820
4.668750,83.767311,-2.205998,-17.084715,-30.214506,-31.108082,-26.041637
4.675000,89.632545,-2.208786,-16.934595,-30.148605,-35.627895,-25.978033
4.681250,93.603668,-2.212933,-16.148222,-29.867311,-40.979492,-25.799631
4.687500,97.306496,-2.217804,-14.927432,-29.394304,-46.939781,-25.517653
4.693750,100.207214,-2.223718,-13.517818,-28.767769,-53.240395,-25.143785
4.700000,101.810097,-2.231599,-12.215354,-28.015579,-59.538433,-24.680025
4.706250,101.691040,-2.241255,-11.506783,-27.142851,-65.463303,-24.119049
4.712500,99.520325,-2.250838,-11.637020,-26.190973,-70.579628,-23.513922
4.718750,95.065063,-2.259203,-12.951642,-25.236153,-76.297073,-22.920670
4.725000,88.193451,-2.266968,-13.875944,-24.339760,-81.140465,-22.359877
4.731250,78.898499,-2.275047,-15.966323,-23.525028,-85.263359,-21.867018
4.737500,67.305916,-2.282729,-18.966171,-22.811178,-88.887817,-21.406126
4.743750,53.657974,-2.288816,-22.659874,-22.211342,-92.292427,-20.984550
4.750000,38.290932,-2.293671,-26.797043,-21.722502,-93.414291,-20.609282
4.756250,21.623505,-2.298163,-31.077837,-21.288990,-93.798080,-20.338354
4.762500,4.148804,-2.302045,-35.202129,-20.989220,-92.991615,-20.165712
4.768750,-13.595720,-2.304692,-37.666882,-20.805140,-90.852676,-20.071140
4.775000,-31.066694,-2.306220,-38.883415,-20.698547,-87.076736,-20.041952
4.781250,-47.736683,-2.307305,-38.253147,-20.633043,-81.416153,-20.076942
4.787500,-63.115150,-2.308350,-37.103245,-20.537533,-73.670647,-20.149784
4.793750,-76.773445,-2.309421,-34.300468,-20.485682,-65.343559,-20.212746
4.800000,-88.369545,-2.310617,-29.493650,-20.431503,-55.129353,-20.282093
4.806250,-97.664673,-2.311913,-23.327353,-20.368174,-43.666729,-20.350298
4.812500,-104.537384,-2.313158,-16.359516,-20.293703,-31.557611,-20.404406
4.818750,-108.987381,-2.314636,-9.145847,-20.207912,-19.390533,-20.431168
4.825000,-111.138512,-2.317038,-2.248671,-20.117378,-7.716717,-20.435680
4.831250,-111.224922,-2.320078,5.942821,-20.038803,2.942709,-20.441320
4.837500,-109.579826,-2.322370,13.606586,-19.984522,12.176074,-20.424852
4.843750,-106.630432,-2.323531,19.115078,-19.921206,20.071693,-20.352459
4.850000,-102.878441,-2.324972,24.215565,-19.867765,26.027931,-20.261257
4.856250,-98.861725,-2.327950,28.404699,-19.838873,30.007479,-20.166122
4.862500,-92.950928,-2.331575,31.419447,-19.838463,32.168812,-20.075092
4.868750,-87.030792,-2.334265,33.125347,-19.853239,32.782372,-19.985752
4.875000,-81.104149,-2.336077,33.479076,-19.861046,32.169456,-19.897087
4.881250,-75.180099,-2.338033,32.548630,-19.853899,30.637306,-19.815157
4.887500,-69.260262,-2.340508,30.702785,-19.853376,28.524670,-19.744181
4.893750,-63.340500,-2.343230,28.108873,-19.851009,26.198944,-19.687222
4.900000,-57.419086,-2.345967,24.938360,-19.845993,24.003233,-19.641233
4.906250,-51.496098,-2.348891,21.483015,-19.838224,22.251005,-19.593931
4.912500,-45.571133,-2.351623,17.940529,-19.812410,21.230021,-19.521774
4.918750,-39.643341,-2.354090,14.638897,-19.785713,21.388021,-19.471428
4.925000,-33.715591,-2.356827,11.936517,-19.780962,23.216599,-19.451056
4.931250,-27.787094,-2.359735,10.012996,-19.814163,24.484772,-19.458279
4.937500,-21.853304,-2.361796,8.979205,-19.895512,26.701553,-19.497066
4.943750,-15.911572,-2.362314,8.876069,-20.031265,29.510742,-19.575256
4.950000,-9.970769,-2.362119,9.706869,-20.219587,32.557457,-19.698257
4.956250,-4.035861,-2.362090,11.431732,-20.452435,35.496758,-19.875929
4.962500,1.896395,-2.361751,12.057626,-20.708885,37.966576,-20.173359
4.968750,7.831220,-2.360331,15.219715,-20.981308,38.796852,-20.386902
4.975000,13.764332,-2.358426,18.594625,-21.289923,39.925663,-20.675596
4.981250,19.691275,-2.356651,22.103928,-21.609859,39.769005,-21.029066
4.987500,25.615454,-2.354273,25.547583,-21.930408,38.356529,-21.435793
4.993750,31.540871,-2.350663,28.663538,-22.244560,35.632175,-21.886444
5.000000,37.460674,-2.346748,31.243105,-22.540792,31.564186,-22.369200
5.006250,43.367451,-2.343977,33.133549,-22.802490,28.038485,-22.861864
5.012500,49.265156,-2.342227,34.213604,-23.005039,23.351700,-23.297106
5.018750,55.163334,-2.340362,34.381100,-23.123901,17.983931,-23.668995
5.025000,61.062408,-2.338342,33.640537,-23.198837,12.076752,-24.014687
5.031250,66.957054,-2.336877,32.165646,-23.226301,6.420762,-24.303272
5.037500,72.845947,-2.336034,30.095013,-23.209854,1.398563,-24.519863
5.043750,78.733086,-2.335588,27.406427,-23.193098,-2.740198,-24.659529
5.050000,84.617683,-2.336142,24.056688,-23.135473,-5.767943,-24.716713
5.056250,90.498581,-2.338024,21.189060,-23.040396,-7.440507,-24.678780
5.062500,96.381660,-2.340276,17.905857,-22.955599,-7.616179,-24.549519
5.068750,100.378326,-2.341622,14.615091,-22.898045,-6.247458,-24.340237
5.075000,104.103020,-2.342826,11.708240,-22.867947,-3.268487,-24.060631
5.081250,107.013519,-2.345733,7.681114,-22.851746,1.368359,-23.719873
5.087500,108.620224,-2.350284,4.557726,-22.837837,7.657473,-23.334290
5.093750,108.509430,-2.354795,2.297835,-22.838631,15.486434,-22.929535
5.100000,106.342087,-2.358616,0.717456,-22.838886,24.569780,-22.513176
5.106250,101.872604,-2.363071,-0.466597,-22.819187,34.341904,-22.076847
5.112500,94.974861,-2.368710,-1.436829,-22.763836,44.574593,-21.654772
5.118750,85.657623,-2.374511,-2.361096,-22.664459,54.888508,-21.269459
5.125000,74.046387,-2.379600,-3.398423,-22.517927,64.722633,-20.933992
5.131250,60.373692,-2.384645,-4.671124,-22.321051,73.494736,-20.651852
5.137500,44.974258,-2.390457,-6.279583,-22.075430,80.656685,-20.412434
5.143750,28.278950,-2.396565,-6.151182,-21.787613,85.736557,-20.131311
5.150000,10.785079,-2.402302,-5.722864,-21.472330,89.286797,-20.015806
5.156250,-6.975178,-2.407602,-6.402314,-21.120932,91.365143,-19.896944
5.162500,-24.458303,-2.412638,-6.110775,-20.749914,91.452209,-19.811892
5.168750,-41.131641,-2.417160,-5.161979,-20.385042,89.948891,-19.766594
5.175000,-56.502235,-2.420702,-3.772282,-20.046047,87.433563,-19.756973
5.181250,-70.144592,-2.423290,-2.147889,-19.748438,84.567291,-19.770668
5.187500,-81.720688,-2.425066,-0.525263,-19.508335,79.907799,-19.800001
5.193750,-90.994377,-2.426083,0.844634,-19.342422,75.655518,-19.880274
5.200000,-97.846107,-2.426626,1.731304,-19.269537,72.084679,-20.042156
5.206250,-102.277138,-2.427073,4.158954,-19.279789,68.488312,-20.160124
5.212500,-104.408585,-2.427403,4.892857,-19.345619,65.645317,-20.295017
5.218750,-104.473785,-2.427222,5.790524,-19.469204,63.546169,-20.454031
5.225000,-102.812370,-2.426116,6.653141,-19.606236,62.049461,-20.631680
5.231250,-99.854584,-2.424168,7.431549,-19.799408,60.936604,-20.825466
5.237500,-96.096207,-2.421789,6.783637,-20.059303,59.870369,-21.046171
5.243750,-92.072411,-2.419660,5.454064,-20.349268,58.531788,-21.291771
5.250000,-86.163391,-2.418648,3.077668,-20.651989,56.649719,-21.553545
5.256250,-80.259270,-2.418417,-0.681337,-20.953320,53.929180,-21.825891
5.262500,-74.352280,-2.417610,-3.940847,-21.241400,50.122135,-22.099003
5.268750,-68.442276,-2.415823,-8.252635,-21.509720,45.004120,-22.357718
5.275000,-62.540600,-2.414882,-13.269596,-21.753424,38.371105,-22.583652
5.281250,-56.652412,-2.416240,-18.679150,-21.966972,30.184942,-22.779051
5.287500,-50.767609,-2.418747,-24.197384,-22.145510,20.765808,-22.967093
5.293750,-44.873405,-2.420476,-29.567400,-22.285608,10.178944,-23.125633
5.300000,-38.974682,-2.421708,-34.539604,-22.380350,-1.370844,-23.238800
5.306250,-33.084515,-2.424591,-38.880013,-22.421352,-13.502614,-23.295042
5.312500,-27.202398,-2.429535,-42.423512,-22.405487,-25.787506,-23.288319
5.318750,-21.316320,-2.435279,-45.057743,-22.329275,-37.779057,-23.212732
5.325000,-15.420771,-2.441210,-46.711460,-22.191305,-49.031982,-23.056103
5.331250,-9.520144,-2.447993,-47.418617,-22.013178,-59.173782,-22.883911
5.337500,-3.614044,-2.455290,-45.195221,-21.809036,-68.292038,-22.630198
5.343750,2.304421,-2.461666,-42.891685,-21.562460,-75.578423,-22.356527
5.350000,8.234097,-2.466880,-39.037434,-21.323742,-81.253098,-22.098907
5.356250,14.166699,-2.472107,-33.806549,-21.117207,-85.201180,-21.888247
5.362500,20.100460,-2.477436,-27.451485,-20.963112,-87.424248,-21.751539
5.368750,26.043598,-2.481326,-20.278574,-20.872440,-88.125572,-21.672312
5.375000,31.997309,-2.483050,-12.617415,-20.844975,-87.579407,-21.632809
5.381250,37.952415,-2.483636,-4.841292,-20.869249,-85.941681,-21.610325
5.387500,43.902618,-2.483589,2.600255,-20.950447,-82.681160,-21.729731
5.393750,49.852245,-2.482068,9.390566,-21.109962,-78.766792,-21.936522
5.400000,55.802570,-2.478691,15.533525,-21.331158,-74.570015,-22.223322
5.406250,61.744591,-2.474779,20.799057,-21.591717,-70.376877,-22.598671
5.412500,67.673088,-2.471307,24.975845,-21.862621,-66.213882,-22.960537
5.418750,73.593964,-2.467660,27.891609,-22.123419,-62.236004,-23.313465
5.425000,79.511482,-2.463301,29.451258,-22.354893,-58.856014,-23.645155
5.431250,85.420189,-2.459284,29.716330,-22.539133,-56.079468,-23.934095
5.437500,91.315147,-2.456762,28.913029,-22.659788,-53.852760,-24.152317
5.443750,97.199699,-2.455816,27.378416,-22.705456,-52.126087,-24.279341
5.450000,101.186951,-2.456196,25.468225,-22.666235,-50.827385,-24.304173
5.456250,104.900841,-2.457729,23.587414,-22.539419,-49.795357,-24.222610
5.462500,107.809967,-2.460174,22.174730,-22.336969,-48.862778,-24.064156
5.468750,109.425751,-2.462825,19.811758,-22.071198,-47.839428,-23.800964
5.475000,109.319504,-2.465921,18.681114,-21.734337,-45.841255,-23.423321
5.481250,107.145096,-2.470754,18.638670,-21.353189,-43.368107,-22.995079
5.487500,102.669052,-2.477260,19.409218,-20.960171,-40.116173,-22.553825
5.493750,95.780052,-2.483586,20.818247,-20.581799,-35.787647,-22.130640
5.500000,86.483925,-2.488294,22.714621,-20.234478,-30.151106,-21.748175
5.506250,74.893105,-2.492294,24.948959,-19.925089,-23.059160,-21.413212
5.512500,61.234970,-2.496784,27.351061,-19.634859,-14.541120,-21.045849
5.518750,45.854164,-2.501085,29.748383,-19.387962,-5.190991,-20.800484
5.525000,29.185259,-2.503942,31.530157,-19.226940,4.732204,-20.628624
5.531250,11.717480,-2.505462,33.274292,-19.127176,15.221022,-20.524242
5.537500,-6.024496,-2.506530,34.666553,-19.088043,25.749136,-20.477663
5.543750,-23.494781,-2.507068,35.387753,-19.116566,35.783344,-20.483152
5.550000,-40.157867,-2.506613,35.181023,-19.219000,44.932285,-20.588100
5.556250,-55.522293,-2.505251,33.862953,-19.401817,52.927055,-20.770435
5.562500,-69.164604,-2.503204,31.310148,-19.672638,60.114624,-20.975454
5.568750,-80.744423,-2.500431,27.569601,-19.998796,65.612015,-21.233711
5.575000,-90.024399,-2.496995,24.871092,-20.378418,69.552765,-21.544065
5.581250,-96.886238,-2.493345,19.889097,-20.810877,72.206429,-21.889189
5.587500,-101.330185,-2.489693,14.873100,-21.295385,73.908142,-22.231396
5.593750,-103.476501,-2.485764,9.905797,-21.832399,74.801704,-22.631315
5.600000,-103.562630,-2.481956,5.189117,-22.389179,73.434441,-23.028154
5.606250,-101.932518,-2.479295,0.920883,-22.945637,71.945671,-23.416906
5.612500,-99.011284,-2.477594,-2.864842,-23.489754,70.070946,-23.794617
5.618750,-95.282158,-2.475388,-6.058151,-24.006130,67.680740,-24.157301
5.625000,-91.277336,-2.472521,-8.539489,-24.477457,64.669487,-24.502533
5.631250,-85.387650,-2.470938,-10.201115,-24.882671,60.929688,-24.811270
5.637500,-79.512062,-2.471909,-10.962547,-25.198460,56.308338,-25.045980
5.643750,-73.637001,-2.473976,-12.691100,-25.397163,52.684719,-25.164511
5.650000,-67.752686,-2.475448,-11.638968,-25.457050,48.443951,-25.194427
5.656250,-61.865379,-2.477204,-9.944226,-25.400259,43.221649,-25.170589
5.662500,-55.985687,-2.480720,-7.811193,-25.226879,37.973732,-25.061886
5.668750,-50.111187,-2.486105,-5.317161,-24.936081,32.961372,-24.859213
5.675000,-44.231079,-2.492237,-2.709172,-24.543940,28.370049,-24.567118
5.681250,-38.341450,-2.498628,-0.267669,-24.073854,24.375410,-24.192940
5.687500,-32.446377,-2.505349,1.729256,-23.561651,21.188667,-23.747936
5.693750,-26.545370,-2.511973,2.912055,-23.016371,19.102486,-23.260784
5.700000,-20.637630,-2.518218,2.643426,-22.434256,18.558886,-22.752625
5.706250,-14.727334,-2.524875,2.975204,-21.877773,17.720213,-22.255175
5.712500,-8.816327,-2.532500,2.281159,-21.384966,18.241951,-21.803913
5.718750,-2.897834,-2.539822,0.769824,-20.977095,19.724178,-21.426344
5.725000,3.035478,-2.545377,-1.356088,-20.663519,23.580847,-21.113150
5.731250,8.979017,-2.549175,-3.906195,-20.443665,27.674900,-20.834789
5.737500,14.921362,-2.552523,-6.686718,-20.304893,32.188366,-20.627058
5.743750,20.861259,-2.555417,-9.545766,-20.227932,36.252422,-20.545902
5.750000,26.805695,-2.556746,-12.470389,-20.230722,40.362492,-20.555799
5.756250,32.752804,-2.556420,-15.438126,-20.300674,44.219238,-20.640776
5.762500,38.695679,-2.555494,-16.052252,-20.412533,47.474224,-20.787432
5.768750,44.629822,-2.554380,-17.479927,-20.537552,49.782536,-20.997778
5.775000,50.559532,-2.552664,-17.586140,-20.649734,50.682594,-21.203434
5.781250,56.485317,-2.550421,-16.566948,-20.745995,51.131584,-21.409962
5.787500,62.402176,-2.548615,-14.679460,-20.817459,50.164146,-21.621134
5.793750,68.309052,-2.547858,-12.128073,-20.852522,47.944771,-21.822023
5.800000,74.210602,-2.547944,-9.192919,-20.842539,44.556854,-21.990969
5.806250,80.110947,-2.548455,-6.197776,-20.785412,40.128105,-22.105103
5.812500,86.011009,-2.549170,-3.480324,-20.684052,34.883965,-22.159252
5.818750,91.909401,-2.550271,-1.362023,-20.548170,29.219305,-22.174269
5.825000,95.908386,-2.552549,2.010998,-20.403870,21.309649,-22.172527
5.831250,99.628929,-2.556926,5.006825,-20.310574,13.035481,-22.093075
5.837500,102.543251,-2.563244,6.333316,-20.170940,4.476016,-21.961315
5.843750,104.170776,-2.569803,8.015800,-20.052500,-4.614063,-21.810793
5.850000,104.090469,-2.574914,9.502584,-19.987936,-14.087411,-21.664051
5.856250,101.955986,-2.578641,10.730083,-19.985483,-23.712683,-21.535490
5.862500,97.518021,-2.582129,11.647106,-20.043148,-33.271648,-21.436941
5.868750,90.654205,-2.585769,12.224737,-20.139084,-42.620255,-21.368324
5.875000,81.368355,-2.588906,12.588696,-20.273573,-51.722477,-21.319244
5.881250,69.784355,-2.591316,13.208708,-20.475496,-60.697361,-21.308689
5.887500,56.136978,-2.592962,14.053366,-20.716768,-67.302589,-21.334669
5.893750,40.766220,-2.593553,15.296789,-20.983690,-72.859818,-21.384481
5.900000,24.098469,-2.593009,15.290642,-21.281477,-76.980507,-21.447762
5.906250,6.620275,-2.592215,15.920857,-21.645601,-81.416512,-21.535940
5.912500,-11.138689,-2.591937,17.012007,-22.000212,-84.353096,-21.640924
5.918750,-28.625498,-2.591120,18.773201,-22.357500,-86.166954,-21.749605
5.925000,-45.302841,-2.588913,20.437881,-22.739521,-87.241234,-21.859852
5.931250,-60.686165,-2.586473,21.892294,-23.149635,-87.859261,-21.975178
5.937500,-74.355980,-2.585150,23.060257,-23.577423,-88.254768,-22.097481
5.943750,-85.966942,-2.584473,23.899403,-24.004065,-88.611969,-22.226341
5.950000,-95.272171,-2.583192,24.604462,-24.411758,-89.171455,-22.319983
5.956250,-102.153084,-2.581821,25.358658,-24.781551,-90.429642,-22.373981
5.962500,-106.617981,-2.581833,26.057423,-25.097656,-89.662064,-22.436798
5.968750,-108.783958,-2.582617,26.573586,-25.349527,-89.103752,-22.498014
5.975000,-108.877655,-2.582303,26.816450,-25.525452,-88.308060,-22.553717
5.981250,-107.242874,-2.581050,26.708584,-25.618855,-86.840485,-22.603498
5.987500,-104.319595,-2.580971,26.188627,-25.623827,-84.316399,-22.645641
5.993750,-100.602943,-2.582915,25.235672,-25.536861,-80.402802,-22.676191
6.000000,-96.612358,-2.585529,23.840292,-25.356388,-74.879303,-22.688009
6.006250,-90.719856,-2.588055,22.040630,-25.072632,-67.688782,-22.638056
6.012500,-84.826431,-2.591296,19.893003,-24.647373,-59.224731,-22.568127
6.018750,-78.934273,-2.595479,19.313808,-24.207047,-49.770168,-22.484001
6.025000,-73.036598,-2.599639,16.994473,-23.729933,-39.280739,-22.387289
6.031250,-67.131386,-2.603372,15.365671,-23.241386,-28.215082,-22.292517
6.037500,-61.224190,-2.607470,14.284679,-22.785217,-17.112312,-22.216106
6.043750,-55.316463,-2.612086,13.678889,-22.406284,-6.425569,-22.143368
6.050000,-49.402580,-2.615999,13.614958,-22.096106,3.588289,-22.057821
6.056250,-43.480251,-2.618817,14.089798,-21.882658,12.469887,-21.996428
6.062500,-37.557770,-2.621596,14.823839,-21.794611,19.976837,-21.980511
6.068750,-31.637354,-2.624496,13.858218,-21.839844,25.962172,-22.011562
6.075000,-25.712145,-2.626181,12.796888,-22.006760,30.426773,-22.086052
6.081250,-19.779703,-2.625950,13.260885,-22.262211,33.445404,-22.199661
6.087500,-13.851662,-2.625163,13.371434,-22.526583,35.094143,-22.330648
6.093750,-7.935343,-2.625241,13.034510,-22.837254,35.349377,-22.464966
6.100000,-2.026249,-2.625904,11.650617,-23.159842,34.388725,-22.607582
6.106250,3.884503,-2.626246,9.661235,-23.443588,32.504101,-22.749596
6.112500,9.795445,-2.626344,6.976970,-23.657772,29.868967,-22.876740
6.118750,15.701969,-2.626904,3.512507,-23.783869,26.617487,-22.971289
6.125000,21.603752,-2.628217,-0.777887,-23.816771,22.894114,-23.011213
6.131250,27.502260,-2.630534,-3.719014,-23.761713,18.952549,-22.993900
6.137500,33.400909,-2.633904,-6.577972,-23.618010,15.626545,-22.934435
6.143750,39.302757,-2.637624,-10.544756,-23.384115,11.024372,-22.815044
6.150000,45.213715,-2.640673,-13.503207,-23.087936,6.582416,-22.649710
6.156250,51.130394,-2.642973,-15.495383,-22.757095,2.265909,-22.452393
6.162500,57.045441,-2.645598,-16.539745,-22.415207,-1.890654,-22.236856
6.168750,62.957111,-2.648945,-16.660639,-22.080894,-5.817060,-22.013260
6.175000,68.872833,-2.651999,-15.944141,-21.773438,-9.446386,-21.793451
6.181250,74.796402,-2.653897,-14.526793,-21.508507,-12.707814,-21.592430
6.187500,80.721405,-2.655193,-12.570949,-21.300270,-15.466370,-21.487324
6.193750,86.643616,-2.656504,-10.292189,-21.172422,-17.979567,-21.357773
6.200000,92.565071,-2.657402,-7.881164,-21.106506,-20.072279,-21.290531
6.206250,96.592644,-2.657615,-5.048674,-21.094101,-21.616619,-21.303776
6.212500,100.345703,-2.657596,-2.056564,-21.155462,-22.779306,-21.407782
6.218750,103.287682,-2.657829,0.910695,-21.277130,-23.733074,-21.641226
6.225000,104.929039,-2.658252,3.675086,-21.435364,-23.056620,-21.878057
6.231250,104.844696,-2.658619,5.868669,-21.657309,-23.291794,-22.194099
6.237500,102.694344,-2.658963,7.190613,-21.927763,-23.540585,-22.586105
6.243750,98.241547,-2.658912,7.618821,-22.228531,-23.723162,-23.039968
6.250000,91.365059,-2.658263,9.153361,-22.546412,-23.874197,-23.536295
6.256250,82.061600,-2.657643,10.316416,-22.874435,-24.018513,-24.055677
6.262500,70.448341,-2.657855,9.650796,-23.208147,-24.138218,-24.578775
6.268750,56.768456,-2.658365,9.272055,-23.531013,-23.988729,-25.045904
6.275000,41.368610,-2.657677,9.158581,-23.823360,-23.249174,-25.463602
6.281250,24.674530,-2.655805,9.179589,-24.080393,-22.029554,-25.822351
6.287500,7.165990,-2.654702,9.222075,-24.297876,-20.188995,-26.105230
6.293750,-10.627860,-2.655415,9.234144,-24.466093,-17.477776,-26.295580
6.300000,-28.149130,-2.656827,9.203485,-24.570463,-13.637924,-26.375729
6.306250,-44.857029,-2.657788,9.097742,-24.594406,-8.471896,-26.328947
6.312500,-60.264099,-2.658947,8.861886,-24.520504,-1.888484,-26.140520
6.318750,-73.950005,-2.661351,8.372735,-24.356127,5.944371,-25.865301
6.325000,-85.570549,-2.664623,9.550910,-24.136681,14.649049,-25.509592
6.331250,-94.883675,-2.668111,9.167435,-23.853125,23.986113,-25.063631
6.337500,-101.767883,-2.672172,9.464176,-23.500816,33.728027,-24.568066
6.343750,-106.226891,-2.677253,10.149452,-23.111883,43.439926,-24.062407
6.350000,-108.378342,-2.682647,10.988919,-22.716974,52.556236,-23.580460
6.356250,-108.454056,-2.687239,11.827417,-22.342129,60.478348,-23.150888
6.362500,-106.797562,-2.691086,12.536250,-22.009521,66.634506,-22.783934
6.368750,-103.841400,-2.694506,12.998231,-21.734556,70.513191,-22.421124
6.375000,-100.079155,-2.697378,13.090246,-21.526623,72.233505,-22.225534
6.381250,-96.042343,-2.699496,12.550068,-21.403294,71.498146,-22.147739
6.387500,-90.111649,-2.701187,12.515901,-21.348866,68.154243,-22.189768
6.393750,-84.184540,-2.702632,12.108740,-21.381142,62.514030,-22.305161
6.400000,-78.257416,-2.703263,11.601306,-21.500246,54.978348,-22.412228
6.406250,-72.330856,-2.702863,11.058109,-21.698450,43.882965,-22.643030
6.412500,-66.410065,-2.702490,10.508746,-21.961166,31.705812,-22.939037
6.418750,-60.498386,-2.702995,9.941218,-22.273796,18.224609,-23.264486
6.425000,-54.589485,-2.703622,9.355489,-22.610561,3.922125,-23.586985
6.431250,-48.678226,-2.703650,8.747797,-22.945461,-10.653554,-23.877172
6.437500,-42.768650,-2.703634,8.058346,-23.251266,-24.973045,-24.105373
6.443750,-36.865910,-2.704658,9.393759,-23.497347,-38.543552,-24.239311
6.450000,-30.967562,-2.706646,11.271525,-23.672054,-51.108746,-24.326836
6.456250,-25.066540,-2.708731,12.097358,-23.779507,-62.563572,-24.355816
6.462500,-19.161961,-2.710916,13.865271,-23.814919,-70.954651,-24.284548
6.468750,-13.257529,-2.713497,16.380173,-23.776289,-77.635078,-24.149155
6.475000,-7.350571,-2.715967,19.369293,-23.672247,-82.131294,-23.978960
6.481250,-1.439097,-2.717889,22.507147,-23.527115,-84.226692,-23.801605
6.487500,4.472237,-2.719939,25.488096,-23.370213,-83.817284,-23.633883
6.493750,10.381230,-2.722575,28.162958,-23.202728,-80.781914,-23.454214
6.500000,16.291965,-2.724903,30.415489,-23.032988,-77.099716,-23.264359
6.506250,22.209425,-2.726211,30.105820,-22.874746,-71.342789,-23.091078
6.512500,28.126955,-2.727147,30.857327,-22.754183,-64.004166,-22.965885
6.518750,34.038223,-2.728902,30.579113,-22.699072,-55.865288,-22.880926
6.525000,39.947361,-2.731132,29.380268,-22.703396,-47.638107,-22.827980
6.531250,45.862614,-2.732529,27.353882,-22.759464,-39.931377,-22.802685
6.537500,51.782448,-2.733034,24.560524,-22.859016,-33.286427,-22.801014
6.543750,57.698429,-2.733751,21.080471,-22.990816,-28.171747,-22.823759
6.550000,63.609066,-2.735051,17.027391,-23.140154,-23.129137,-22.846037
6.556250,69.520859,-2.736215,12.586850,-23.273777,-20.164007,-22.858931
6.562500,75.435020,-2.737062,8.086443,-23.386122,-18.720173,-22.871996
6.568750,81.348389,-2.737874,4.478024,-23.511358,-18.435820,-22.883387
6.575000,87.260818,-2.738561,-0.106559,-23.614111,-19.003351,-22.915394
6.581250,93.172447,-2.738981,-3.656325,-23.688417,-19.977512,-22.946674
6.587500,97.186600,-2.739866,-6.246490,-23.737202,-20.821617,-22.977631
6.593750,100.923935,-2.741735,-7.908603,-23.766293,-23.063662,-23.013987
6.600000,103.856255,-2.743609,-8.672034,-23.780035,-24.648527,-23.058010
6.606250,105.496544,-2.744460,-8.574007,-23.779255,-25.683428,-23.108110
6.612500,105.412918,-2.744997,-7.688132,-23.765448,-26.294800,-23.162146
6.618750,103.256287,-2.746488,-6.129021,-23.738289,-26.624878,-23.216139
6.625000,98.791534,-2.749104,-4.038924,-23.697958,-24.917940,-23.266544
6.631250,91.904594,-2.751692,-1.604346,-23.647131,-22.952930,-23.325403
6.637500,82.598068,-2.754068,3.154206,-23.582285,-20.411226,-23.311195
6.643750,70.987236,-2.757119,6.830878,-23.484240,-19.125698,-23.279640
6.650000,57.308662,-2.761078,11.324856,-23.348316,-17.120344,-23.231674
6.656250,41.909405,-2.764864,16.214281,-23.178795,-14.796808,-23.157621
6.662500,25.219118,-2.767857,21.130484,-22.970600,-12.521073,-23.045891
6.668750,7.724965,-2.770538,25.727318,-22.711969,-10.702744,-22.891071
6.675000,-10.044779,-2.773402,29.553030,-22.421175,-9.886503,-22.725529
6.681250,-27.542927,-2.776537,32.136227,-22.115520,-8.343499,-22.561045
6.687500,-44.234138,-2.779837,35.373024,-21.804686,-7.726843,-22.406109
6.693750,-59.624981,-2.783295,37.586308,-21.522532,-7.905760,-22.277893
6.700000,-73.286568,-2.786264,38.863930,-21.251951,-8.741640,-22.218195
6.706250,-84.875443,-2.787994,39.090355,-20.998913,-9.922497,-22.194134
6.712500,-94.160339,-2.788906,38.741985,-20.810379,-10.856776,-22.222301
6.718750,-101.025040,-2.789975,37.948086,-20.709047,-11.751298,-22.329622
6.725000,-105.469116,-2.791336,36.774651,-20.703457,-12.275261,-22.506073
6.731250,-107.608124,-2.792138,35.249111,-20.793121,-14.152800,-22.764231
6.737500,-107.677650,-2.791897,33.385010,-20.967060,-15.410887,-23.106056
6.743750,-106.023270,-2.791026,31.145456,-21.229155,-16.329203,-23.496149
6.750000,-103.076233,-2.789997,28.408724,-21.608500,-17.061047,-23.895563
6.756250,-99.327728,-2.788858,25.878746,-21.980434,-17.681982,-24.266626
6.762500,-95.310181,-2.787913,23.553480,-22.387167,-18.394550,-24.607174
6.768750,-89.401825,-2.787227,21.274214,-22.824963,-19.334887,-24.898273
6.775000,-83.495140,-2.786213,19.113407,-23.274086,-18.362705,-25.122433
6.781250,-77.587418,-2.784421,17.106281,-23.715784,-16.912697,-25.268559
6.787500,-71.683807,-2.782621,15.264958,-24.129944,-14.548367,-25.328981
6.793750,-65.788803,-2.781713,13.585586,-24.498543,-10.868000,-25.299656
6.800000,-59.900078,-2.781784,12.051689,-24.805355,-5.524981,-25.178457
6.806250,-54.010380,-2.782046,10.635808,-25.037315,-0.407760,-24.964609
6.812500,-48.119373,-2.782718,9.291209,-25.186136,6.069229,-24.636452
6.818750,-42.230099,-2.784498,7.938426,-25.261036,13.789080,-24.275713
6.825000,-36.340050,-2.786978,8.608851,-25.303123,21.239252,-23.878216
6.831250,-30.442881,-2.789048,8.343725,-25.236523,29.145428,-23.480480
6.837500,-24.539942,-2.790942,9.035482,-25.122210,36.715996,-23.130777
6.843750,-18.639017,-2.793929,10.451647,-24.987919,43.276501,-22.850210
6.850000,-12.738599,-2.798017,12.562335,-24.849205,49.961514,-22.635254
6.856250,-6.829599,-2.801523,15.303117,-24.716595,54.817837,-22.516228
6.862500,-0.908998,-2.803600,18.586004,-24.593897,58.036278,-22.502249
6.868750,5.013349,-2.805180,22.331394,-24.472359,59.806759,-22.583113
6.875000,10.929579,-2.807322,26.464212,-24.327003,60.392117,-22.738935
6.881250,16.842680,-2.809781,31.025387,-24.189598,60.107903,-22.915371
6.887500,22.757471,-2.811966,34.471256,-24.083527,59.161469,-23.135534
6.893750,28.674002,-2.813882,38.151814,-24.002810,57.427135,-23.380959
6.900000,34.590004,-2.815515,41.553974,-23.994537,55.670540,-23.600952
6.906250,40.505463,-2.816597,44.213154,-23.955004,54.273144,-23.760759
6.912500,46.418846,-2.817309,46.820610,-23.913494,51.620087,-23.843473
6.918750,52.325310,-2.818630,48.158463,-23.889381,49.589252,-23.841942
6.925000,58.225246,-2.820990,48.245277,-23.865147,47.903015,-23.751774
6.931250,64.125710,-2.823625,47.141846,-23.787584,46.281296,-23.572407
6.937500,70.029831,-2.826171,46.554485,-23.763407,44.376816,-23.328648
6.943750,75.935806,-2.828953,43.471916,-23.740654,43.665817,-23.060619
6.950000,81.842705,-2.831791,40.298695,-23.700077,42.039562,-22.730383
6.956250,87.754326,-2.833735,37.050533,-23.629520,39.637844,-22.371439
6.962500,93.670334,-2.834665,33.731636,-23.524532,36.853920,-22.019428
6.968750,97.687584,-2.836037,30.321676,-23.391310,33.766705,-21.700125
6.975000,101.423691,-2.838796,26.831705,-23.236519,30.386946,-21.430536
6.981250,104.355385,-2.841919,23.337755,-23.061911,26.723629,-21.217976
6.987500,105.998421,-2.843942,19.915812,-22.868477,22.757185,-21.061159
6.993750,105.923347,-2.844748,16.641275,-22.650866,18.443298,-20.943405
7.000000,103.779068,-2.845593,13.586522,-22.390783,13.657784,-20.874535
7.006250,99.324867,-2.847244,10.760106,-22.064655,10.212072,-20.877970
7.012500,92.444931,-2.849464,9.820873,-21.792511,6.760451,-20.931778
7.018750,83.142990,-2.851946,9.523921,-21.560097,3.732554,-21.017118
7.025000,71.541939,-2.854362,8.981235,-21.297743,1.495647,-21.168427
7.031250,57.878864,-2.856403,9.765800,-21.068565,-1.510893,-21.366938
7.037500,42.492989,-2.858362,11.489064,-20.912941,-3.176759,-21.596346
7.043750,25.809557,-2.860600,13.893434,-20.865017,-4.439706,-21.887096
7.050000,8.321468,-2.863086,16.749445,-20.948591,-5.430107,-22.250332
7.056250,-9.433798,-2.864800,19.883377,-21.153772,-6.239436,-22.690708
7.062500,-26.908251,-2.865090,21.233040,-21.477240,-6.955544,-23.216908
7.068750,-43.575962,-2.864637,24.223495,-21.922478,-7.688858,-23.866142
7.075000,-58.949909,-2.864091,26.770361,-22.465166,-7.855843,-24.473669
7.081250,-72.601387,-2.863190,28.798145,-23.016876,-9.973640,-25.103230
7.087500,-84.186340,-2.861331,30.295614,-23.652803,-12.572420,-25.758135
7.093750,-93.469513,-2.858698,30.037933,-24.323042,-13.925670,-26.417330
7.100000,-100.334000,-2.855775,28.811224,-24.979599,-15.772658,-27.050402
7.106250,-104.780647,-2.852702,26.403273,-25.596989,-17.963558,-27.625029
7.112500,-106.931389,-2.849890,22.644028,-26.164330,-20.331615,-28.105747
7.118750,-107.024246,-2.847776,17.299311,-26.625807,-22.679831,-28.449745
7.125000,-105.398315,-2.846359,12.279647,-26.957617,-26.923975,-28.607925
7.131250,-102.475845,-2.844916,6.397043,-27.169910,-31.235201,-28.619991
7.137500,-98.748756,-2.843552,0.054025,-27.273727,-35.681538,-28.475973
7.143750,-94.755836,-2.843420,-6.384848,-27.273869,-40.569740,-28.169477
7.150000,-88.876740,-2.845309,-12.555273,-27.175411,-45.905582,-27.712307
7.156250,-82.997070,-2.848164,-18.137169,-26.984808,-51.598545,-27.127415
7.162500,-77.107269,-2.850598,-22.866858,-26.714426,-57.509193,-26.450993
7.168750,-71.211288,-2.852772,-26.550436,-26.383013,-63.490532,-25.736658
7.175000,-65.316704,-2.855627,-29.043070,-26.011759,-69.444824,-25.001413
7.181250,-59.421875,-2.859001,-30.248543,-25.622583,-75.513367,-24.259182
7.187500,-53.520252,-2.861997,-30.121618,-25.234358,-79.380455,-23.570150
7.193750,-47.611912,-2.864358,-28.659447,-24.848936,-82.504097,-22.977518
7.200000,-41.701828,-2.866517,-27.814701,-24.467966,-84.285370,-22.508638
7.206250,-35.790699,-2.868475,-24.372166,-24.162083,-84.113579,-22.124685
7.212500,-29.876568,-2.869818,-20.142937,-23.913763,-83.377975,-21.866209
7.218750,-23.960844,-2.870874,-15.407872,-23.729082,-80.946281,-21.764099
7.225000,-18.048695,-2.872577,-10.439641,-23.596437,-76.635880,-21.789942
7.231250,-12.138043,-2.874734,-5.530457,-23.504118,-70.888870,-21.921980
7.237500,-6.222250,-2.876290,-1.075832,-23.463140,-64.220360,-22.130119
7.243750,-0.301534,-2.877074,4.711668,-23.469517,-57.175743,-22.366989
7.250000,5.617570,-2.877787,10.311371,-23.503942,-50.318146,-22.544950
7.256250,11.531868,-2.878829,15.985608,-23.555614,-44.992817,-22.792707
7.262500,17.444180,-2.880167,20.039587,-23.630060,-39.133701,-23.022703
7.268750,23.355509,-2.881760,24.313614,-23.725304,-34.418575,-23.176731
7.275000,29.265232,-2.884233,28.777727,-23.773582,-30.899506,-23.252199
7.281250,35.173645,-2.887516,32.948479,-23.796804,-28.620255,-23.254189
7.287500,41.087559,-2.890485,36.439144,-23.788828,-27.412905,-23.184582
7.293750,47.009903,-2.892110,39.151901,-23.723707,-27.035992,-23.049047
7.300000,52.935425,-2.892695,41.186363,-23.630123,-27.254229,-22.863064
7.306250,58.857140,-2.893044,42.837109,-23.516535,-27.834669,-22.647886
7.312500,64.770721,-2.894038,44.036449,-23.373472,-28.542223,-22.428020
7.318750,70.678818,-2.895886,44.988564,-23.211210,-29.217829,-22.219275
7.325000,76.586754,-2.898254,44.130882,-23.030710,-29.823050,-22.028835
7.331250,82.500450,-2.900128,43.602245,-22.817490,-30.244772,-21.882389
7.337500,88.420227,-2.900954,43.097687,-22.599380,-30.428453,-21.802414
7.343750,94.339813,-2.901193,42.369789,-22.400221,-30.473066,-21.793516
7.350000,98.358932,-2.901860,41.325001,-22.231220,-28.637617,-21.831974
7.356250,102.099602,-2.903332,39.916355,-22.095320,-26.625210,-21.926828
7.362500,105.034393,-2.905029,38.094326,-21.990892,-23.672672,-22.098181
7.368750,106.674019,-2.906517,35.804844,-21.908838,-21.790318,-22.311129
7.375000,106.589958,-2.907852,32.980587,-21.840088,-19.304617,-22.533331
7.381250,104.439285,-2.909336,31.652678,-21.781988,-16.414347,-22.732265
7.387500,99.984100,-2.911298,30.215715,-21.766411,-13.411254,-22.902500
7.393750,93.103264,-2.914141,28.849638,-21.766521,-8.525271,-23.044390
7.400000,83.798790,-2.917511,27.780022,-21.771353,-3.275309,-23.138992
7.406250,72.198326,-2.920397,27.380775,-21.801380,0.729821,-23.177704
7.412500,58.539856,-2.922166,27.701532,-21.870642,5.301856,-23.161753
7.418750,43.157291,-2.923512,28.675121,-21.989891,10.069356,-23.097631
7.425000,26.472754,-2.925289,30.161201,-22.166967,14.670692,-22.996801
7.431250,8.980636,-2.927314,32.000923,-22.405647,18.782415,-22.866934
7.437500,-8.780481,-2.928921,34.026974,-22.700237,22.157867,-22.699930
7.443750,-26.265711,-2.930169,38.241692,-23.031176,24.567051,-22.497532
7.450000,-42.944630,-2.931485,41.195507,-23.378859,25.578842,-22.310894
7.456250,-58.324574,-2.932305,44.460155,-23.806082,25.041122,-22.155586
7.462500,-71.973045,-2.931884,47.830704,-24.299482,23.032032,-22.044001
7.468750,-83.554558,-2.930517,51.143112,-24.867975,19.652021,-21.985664
7.475000,-92.838043,-2.929240,54.307220,-25.438581,15.119866,-21.974808
7.481250,-99.701683,-2.927915,57.120701,-26.021347,9.738906,-22.004549
7.487500,-104.140816,-2.925819,57.255810,-26.615723,3.815465,-22.073553
7.493750,-106.276939,-2.922908,56.259716,-27.202194,-2.225657,-22.169548
7.500000,-106.353928,-2.920458,53.619293,-27.740366,-7.775825,-22.281710
7.506250,-104.714668,-2.918949,51.006462,-28.208197,-12.112528,-22.411032
7.512500,-101.780655,-2.917592,46.464039,-28.608057,-14.642467,-22.537472
7.518750,-98.040451,-2.916065,40.298061,-28.910686,-14.820999,-22.641392
7.525000,-94.031601,-2.915194,32.851719,-29.100557,-12.105989,-22.718664
7.531250,-88.135651,-2.915674,24.434050,-29.179731,-8.129551,-22.763187
7.537500,-82.241806,-2.916819,15.415350,-29.161970,-2.869419,-22.746580
7.543750,-76.345551,-2.918130,6.363763,-29.015432,4.972020,-22.684294
7.550000,-70.449722,-2.920045,-2.255605,-28.765717,14.406238,-22.593903
7.556250,-64.556915,-2.923092,-10.177831,-28.446589,24.531979,-22.493597
7.562500,-58.662991,-2.926745,-18.811377,-28.075287,34.475834,-22.406796
7.568750,-52.763149,-2.930294,-25.986374,-27.658472,43.434292,-22.351519
7.575000,-46.857735,-2.933354,-31.603804,-27.238138,50.902042,-22.284418
7.581250,-40.949383,-2.935976,-35.484287,-26.828859,56.103294,-22.241405
7.587500,-35.039455,-2.937882,-37.884007,-26.434570,60.538563,-22.241957
7.593750,-29.128656,-2.939110,-38.987919,-26.066198,62.539734,-22.289385
7.600000,-23.220804,-2.940317,-38.886620,-25.728792,62.472958,-22.376945
7.606250,-17.318686,-2.942071,-37.683407,-25.425783,60.776783,-22.491392
7.612500,-11.418067,-2.943994,-35.523067,-25.152109,57.930325,-22.616695
7.618750,-5.515291,-2.945451,-32.588467,-24.902145,54.385925,-22.753895
7.625000,0.387704,-2.946746,-29.145960,-24.671164,50.531601,-22.928596
7.631250,6.285782,-2.948722,-23.327801,-24.457664,46.783989,-23.101231
7.637500,12.180676,-2.951422,-18.680294,-24.251637,43.001747,-23.225948
7.643750,18.075905,-2.954175,-13.307878,-24.013243,39.921799,-23.327261
7.650000,23.973120,-2.957164,-7.571799,-23.703737,37.584949,-23.409830
7.656250,29.867842,-2.961073,-2.287187,-23.397985,35.777637,-23.488705
7.662500,35.760365,-2.966290,1.946625,-23.090029,34.189453,-23.568235
7.668750,41.657223,-2.971945,7.104819,-22.776176,32.548176,-23.645329
7.675000,47.564861,-2.977042,11.427973,-22.466320,32.431038,-23.725632
7.681250,53.480724,-2.981079,15.059767,-22.178925,31.821095,-23.818699
7.687500,59.399830,-2.984443,18.205948,-21.938084,30.824539,-23.933607
7.693750,65.319160,-2.987396,21.152756,-21.752249,29.524775,-24.082748
7.700000,71.238800,-2.989794,22.411095,-21.613184,27.974037,-24.296694
7.706250,77.159233,-2.991577,23.823675,-21.534933,26.172915,-24.516846
7.712500,83.079651,-2.992720,25.085684,-21.513935,23.267199,-24.715044
7.718750,88.998466,-2.993380,25.976522,-21.533581,21.905416,-24.952477
7.725000,94.915993,-2.993392,26.102602,-21.628191,20.434055,-25.221584
7.731250,98.936821,-2.992881,25.208094,-21.779276,19.142944,-25.498962
7.737500,102.678856,-2.992476,23.282255,-21.957085,18.168102,-25.755297
7.743750,105.608345,-2.992951,22.326387,-22.136398,17.590189,-25.948282
7.750000,107.235481,-2.994315,20.777895,-22.297802,17.397959,-26.043247
7.756250,107.138420,-2.995981,18.921709,-22.429461,17.244328,-26.079884
7.762500,104.979240,-2.997616,16.975237,-22.532776,17.118126,-26.029093
7.768750,100.518265,-2.999733,15.128723,-22.604746,17.055101,-25.879389
7.775000,93.630814,-3.002928,13.626418,-22.642054,16.918152,-25.633324
7.781250,84.320824,-3.007001,12.623332,-22.653141,16.563704,-25.306087
7.787500,72.717033,-3.010761,12.176391,-22.650822,15.874238,-24.922970
7.793750,59.057400,-3.013646,12.305159,-22.648037,14.809532,-24.509596
7.800000,43.677479,-3.016046,12.996168,-22.655910,13.471075,-24.054642
7.806250,27.000439,-3.018191,14.223752,-22.674961,12.001970,-23.547901
7.812500,9.520599,-3.019658,14.035521,-22.705816,10.451123,-23.047379
7.818750,-8.228709,-3.020063,16.031065,-22.762131,7.764640,-22.621424
7.825000,-25.705221,-3.019974,18.086502,-22.872015,5.516458,-22.262598
7.831250,-42.379890,-3.019784,19.994431,-23.058474,3.650242,-21.975706
7.837500,-57.756676,-3.018986,21.692904,-23.351639,2.245971,-21.758760
7.843750,-71.406174,-3.016933,23.098299,-23.692007,1.458007,-21.612757
7.850000,-82.993187,-3.014452,24.759375,-24.067945,1.381759,-21.547249
7.856250,-92.287132,-3.012658,25.877262,-24.497782,-0.053843,-21.559954
7.862500,-99.162621,-3.011444,26.515713,-24.967283,-1.322812,-21.639635
7.868750,-103.612213,-3.009634,24.833136,-25.446537,-2.740285,-21.769932
7.875000,-105.756203,-3.006971,22.462646,-25.913717,-4.561180,-21.924248
7.881250,-105.839333,-3.004359,20.925758,-26.366465,-6.978057,-22.049435
7.887500,-104.206047,-3.002434,18.446365,-26.778898,-10.080041,-22.182989
7.893750,-101.277824,-3.000759,15.209809,-27.132160,-12.916314,-22.325945
7.900000,-97.545021,-2.999178,11.412911,-27.397629,-15.841522,-22.418394
7.906250,-93.544075,-2.998675,7.345992,-27.549805,-18.734732,-22.468596
7.912500,-87.653404,-2.999469,3.126329,-27.597080,-21.312204,-22.488541
7.918750,-81.759377,-2.999469,-1.046347,-27.597080,-23.179104,-22.488541
7.925000,-81.759377,-2.999469,-1.046347,-27.597080,-23.179104,-22.488541
7.931250,-81.759377,-2.999469,-1.046347,-27.597080,-23.179104,-22.488541
7.937500,-81.759377,-2.999469,-1.046347,-27.597080,-23.179104,-22.488541
7.943750,-81.759377,-2.999469,-1.046347,-27.597080,-23.179104,-22.488541
7.950000,-81.759377,-2.999469,-1.046347,-27.597080,-23.179104,-22.488541
7.956250,-81.759377,-2.999469,-1.046347,-27.597080,-23.179104,-22.488541
7.962500,-81.759377,-2.999469,-1.046347,-27.597080,-23.179104,-22.488541
7.968750,-81.759377,-2.999469,-1.046347,-27.597080,-23.179104,-22.488541
7.975000,-81.759377,-2.999469,-1.046347,-27.597080,-23.179104,-22.488541
7.981250,-81.759377,-2.999469,-1.046347,-27.597080,-23.179104,-22.488541
7.987500,-81.759377,-2.999469,-1.046347,-27.597080,-23.179104,-22.488541
7.993750,-81.759377,-2.999469,-1.046347,-27.597080,-23.179104,-22.488541
8.000000,-81.759377,-2.999469,-1.046347,-27.597080,-23.179104,-22.488541
