Anritsu VNA Frequency[GHz],S21[deg],S21[dB],S11[deg],S11[dB],S22[deg],S22[dB]
1338061553.35,2012_05_26_20:45:53,+52.743,+122.74,+101.60,+123.01,+128.67,+130.84,+126.29,+127.98,126.317787,-8.279
3.006250,41.019146,-2.271137,65.445786,-27.158140,-80.271355,-28.108074
3.012500,41.019146,-2.271137,65.445786,-27.158140,-80.271355,-28.108074
3.018750,41.019146,-2.271137,65.445786,-27.158140,-80.271355,-28.108074
3.025000,41.019146,-2.271137,65.445786,-27.158140,-80.271355,-28.108074
3.031250,41.019146,-2.271137,65.445786,-27.158140,-80.271355,-28.108074
3.037500,41.019146,-2.271137,65.445786,-27.158140,-80.271355,-28.108074
3.043750,41.019146,-2.271137,65.445786,-27.158140,-80.271355,-28.108074
3.050000,41.019146,-2.271137,65.445786,-27.158140,-80.271355,-28.108074
3.056250,41.019146,-2.271137,65.445786,-27.158140,-80.271355,-28.108074
3.062500,41.019146,-2.271137,65.445786,-27.158140,-80.271355,-28.108074
3.068750,41.019146,-2.271137,65.445786,-27.158140,-80.271355,-28.108074
3.075000,41.019146,-2.271137,65.445786,-27.158140,-80.271355,-28.108074
3.081250,41.019146,-2.271137,65.445786,-27.158140,-80.271355,-28.108074
3.087500,41.019146,-2.271137,65.445786,-27.158140,-80.271355,-28.108074
3.093750,41.019146,-2.273352,65.445786,-26.964096,-80.271355,-27.893757
3.100000,46.942375,-2.275942,62.087856,-26.799894,-80.431602,-27.674797
3.106250,52.865376,-2.278623,57.858982,-26.694147,-79.721275,-27.451986
3.112500,58.789352,-2.281382,53.238205,-26.661768,-77.870964,-27.208538
3.118750,64.712883,-2.284306,46.843506,-26.699400,-74.661591,-26.892260
3.125000,70.635437,-2.287345,41.468708,-26.718204,-70.127151,-26.578510
3.131250,76.557762,-2.290512,36.734566,-26.761454,-64.349403,-26.238598
3.137500,82.478943,-2.293985,32.752529,-26.834991,-56.944553,-25.860214
3.143750,88.398727,-2.298012,29.716196,-26.934811,-48.001839,-25.451828
3.150000,94.318985,-2.302373,27.798374,-27.048388,-37.652363,-25.027416
3.156250,98.347794,-2.306540,27.115938,-27.161558,-27.945999,-24.607248
3.162500,102.105392,-2.310447,27.724140,-27.256298,-17.444731,-24.215347
3.168750,105.057808,-2.314395,29.652859,-27.326418,-6.875503,-23.888275
3.175000,106.711754,-2.318566,32.874538,-27.349724,3.091023,-23.625475
3.181250,106.640854,-2.322782,35.606972,-27.311897,12.350856,-23.378830
3.187500,104.506943,-2.326888,39.432732,-27.224413,19.954823,-23.185648
3.193750,100.072426,-2.330748,43.607277,-27.095495,25.580080,-23.065344
3.200000,93.215134,-2.334351,47.511234,-26.931061,29.126225,-23.025747
3.206250,83.934868,-2.337540,50.652321,-26.739525,30.531925,-23.065046
3.212500,72.352043,-2.340524,52.604671,-26.533257,29.835997,-23.187080
3.218750,58.702209,-2.343652,53.043983,-26.324553,27.211285,-23.406736
3.225000,43.326523,-2.346669,53.951862,-26.114826,22.652235,-23.628944
3.231250,26.654726,-2.349241,53.883423,-25.902538,16.421083,-23.872026
3.237500,9.178038,-2.351439,51.372509,-25.691446,10.962851,-24.134970
3.243750,-8.574956,-2.353798,48.521328,-25.470919,4.870800,-24.399233
3.250000,-26.058521,-2.356697,45.255924,-25.249067,-1.140871,-24.643490
3.256250,-42.736572,-2.359837,41.252140,-25.066677,-6.464621,-24.858038
3.262500,-58.113907,-2.362622,36.622936,-24.908567,-10.550629,-25.032639
3.268750,-71.764931,-2.365034,31.402548,-24.769587,-12.870934,-25.156242
3.275000,-83.351250,-2.367462,25.491484,-24.648813,-13.044160,-25.224155
3.281250,-92.637810,-2.370209,18.792686,-24.539030,-10.833015,-25.237421
3.287500,-99.501221,-2.373432,11.217029,-24.429424,-6.176430,-25.203882
3.293750,-103.938972,-2.376754,2.710509,-24.295624,0.815615,-25.125250
3.300000,-106.071877,-2.379964,-4.596620,-24.120789,9.914507,-25.001131
3.306250,-106.136696,-2.382952,-12.782043,-23.993876,20.749987,-24.850843
3.312500,-104.474625,-2.385692,-21.023287,-23.880850,32.809921,-24.701111
3.318750,-101.514244,-2.388410,-28.907284,-23.782328,45.498989,-24.574608
3.325000,-97.747391,-2.390993,-36.173458,-23.710569,58.199341,-24.486187
3.331250,-93.705856,-2.393253,-42.581005,-23.683554,70.291176,-24.442789
3.337500,-87.768974,-2.395131,-47.953644,-23.737297,83.321480,-24.447649
3.343750,-81.831429,-2.396667,-52.170128,-23.895790,95.361473,-24.494932
3.350000,-75.894463,-2.397814,-55.954021,-24.062750,104.548080,-24.552402
3.356250,-69.957954,-2.398667,-58.755520,-24.312901,112.540634,-24.622076
3.362500,-64.022728,-2.399341,-58.803020,-24.678282,118.283035,-24.759775
3.368750,-58.089710,-2.399717,-57.850830,-25.153557,121.752014,-24.946478
3.375000,-52.157486,-2.399625,-55.790291,-25.718206,122.660194,-25.196661
3.381250,-46.226978,-2.399049,-52.648460,-26.342779,120.857689,-25.484493
3.387500,-40.301445,-2.398644,-48.535114,-26.993198,116.794418,-25.762707
3.393750,-34.382328,-2.398872,-43.624844,-27.629309,110.206001,-26.039305
3.400000,-28.466183,-2.399517,-38.137428,-28.209085,101.497391,-26.275259
3.406250,-22.549513,-2.400004,-32.380478,-28.705595,91.609032,-26.541864
3.412500,-16.633123,-2.400528,-26.690256,-29.096613,81.422134,-26.799725
3.418750,-10.721127,-2.401716,-21.034443,-29.358608,69.411880,-27.021601
3.425000,-4.812405,-2.403849,-15.405495,-29.481020,57.872498,-27.197233
3.431250,1.098114,-2.406203,-10.078588,-29.467699,47.239201,-27.326664
3.437500,7.012695,-2.408365,-5.266874,-29.318518,37.967716,-27.416384
3.443750,12.927227,-2.411026,-0.989949,-29.015156,30.628874,-27.421003
3.450000,18.840136,-2.414598,2.511515,-28.591852,23.679535,-27.352953
3.456250,24.755325,-2.418525,5.123969,-28.084150,18.834482,-27.225491
3.462500,30.678349,-2.422003,6.944792,-27.530905,15.768312,-27.041880
3.468750,36.606983,-2.424732,8.185805,-26.973097,14.155385,-26.799879
3.475000,42.536186,-2.427281,9.100182,-26.458334,13.645859,-26.509212
3.481250,48.464375,-2.429773,10.009153,-26.001446,13.848784,-26.185261
3.487500,54.391541,-2.432398,9.719624,-25.580662,14.374672,-25.824705
3.493750,60.317341,-2.435445,9.906317,-25.242096,14.818042,-25.431324
3.500000,66.242920,-2.438871,10.355853,-25.001213,14.748627,-25.016182
3.506250,72.170708,-2.442248,10.997726,-24.853176,13.826396,-24.589554
3.512500,78.101891,-2.444939,11.756463,-24.777351,11.779598,-24.161657
3.518750,84.034225,-2.447366,12.577351,-24.722641,8.413107,-23.738728
3.525000,89.961319,-2.450503,13.407203,-24.637939,3.587044,-23.327126
3.531250,95.883965,-2.454811,15.070284,-24.604797,-0.646763,-22.939863
3.537500,99.913223,-2.459513,17.006596,-24.553902,-5.722263,-22.593279
3.543750,103.674858,-2.463983,19.333326,-24.466978,-11.180675,-22.300966
3.550000,106.634537,-2.468540,22.233345,-24.330366,-16.711935,-22.025339
3.556250,108.295868,-2.473645,24.044973,-24.130503,-21.986502,-21.746128
3.562500,108.234222,-2.479136,26.445122,-23.888731,-26.600451,-21.497854
3.568750,106.114693,-2.484053,28.921133,-23.631668,-30.982653,-21.338871
3.575000,101.701851,-2.487770,31.068848,-23.385204,-34.800987,-21.261141
3.581250,94.869339,-2.490331,32.508244,-23.182528,-38.210590,-21.291452
3.587500,85.612289,-2.492367,32.898766,-23.058699,-39.748363,-21.378578
3.593750,74.050980,-2.494003,32.039143,-23.021915,-41.658134,-21.530598
3.600000,60.426544,-2.494736,32.055309,-23.067240,-43.414749,-21.769676
3.606250,45.080349,-2.494133,31.319824,-23.213739,-44.963020,-22.091635
3.612500,28.435274,-2.492549,30.219664,-23.459688,-46.332062,-22.473606
3.618750,10.979534,-2.490488,29.181799,-23.803429,-47.629410,-22.883043
3.625000,-6.753187,-2.487843,28.429155,-24.266176,-49.202515,-23.347225
3.631250,-24.215197,-2.484348,28.403316,-24.817316,-49.117691,-23.840542
3.637500,-40.875919,-2.480406,29.469992,-25.420506,-48.757931,-24.330984
3.643750,-56.247368,-2.476644,31.798260,-26.038446,-47.841759,-24.795416
3.650000,-69.902611,-2.473575,33.537998,-26.628332,-46.206036,-25.214630
3.656250,-81.497856,-2.471046,36.257278,-27.133142,-43.754532,-25.570539
3.662500,-90.794670,-2.469208,39.210350,-27.529016,-40.449890,-25.852760
3.668750,-97.671112,-2.468230,43.387085,-27.838415,-36.364326,-26.064280
3.675000,-102.125626,-2.467949,46.913883,-28.022512,-31.629591,-26.207384
3.681250,-104.277374,-2.468021,49.609539,-28.069792,-26.394459,-26.281677
3.687500,-104.364212,-2.468536,51.227291,-27.985926,-20.878950,-26.290054
3.693750,-102.729279,-2.470234,51.583591,-27.792875,-15.354363,-26.241564
3.700000,-99.799194,-2.473172,50.598206,-27.520195,-10.092908,-26.150301
3.706250,-96.060081,-2.476487,48.426105,-27.161867,-5.310602,-26.021816
3.712500,-92.041832,-2.479639,45.155426,-26.757044,-1.117058,-25.850130
3.718750,-86.126915,-2.482985,38.932915,-26.345697,2.346626,-25.639460
3.725000,-80.213417,-2.486978,31.653334,-25.953806,5.017269,-25.394258
3.731250,-74.298607,-2.491149,23.098063,-25.612038,7.146735,-25.162693
3.737500,-68.378410,-2.494938,15.205614,-25.358215,9.048799,-24.964066
3.743750,-62.454681,-2.498329,6.622455,-25.194515,10.862453,-24.814384
3.750000,-56.531075,-2.501659,-2.041343,-25.109583,13.041495,-24.680487
3.756250,-50.608532,-2.504839,-10.311144,-25.097763,14.414394,-24.536652
3.762500,-44.685223,-2.507755,-17.755606,-25.141842,16.771248,-24.373337
3.768750,-38.761738,-2.510543,-23.922123,-25.209318,18.053970,-24.249754
3.775000,-32.839420,-2.513483,-28.499750,-25.291315,20.016098,-24.169125
3.781250,-26.917730,-2.516507,-31.388643,-25.390968,21.886572,-24.110170
3.787500,-20.994982,-2.519180,-32.262028,-25.482918,23.320150,-24.062977
3.793750,-15.072219,-2.521780,-30.961285,-25.564035,24.042467,-24.027044
3.800000,-9.151176,-2.524688,-29.360336,-25.630829,23.871208,-23.999458
3.806250,-3.231723,-2.527910,-25.399370,-25.595428,22.796574,-23.949110
3.812500,2.688501,-2.531316,-20.158209,-25.507582,20.804781,-23.869913
3.818750,8.609157,-2.535024,-14.367252,-25.386017,17.793245,-23.770319
3.825000,14.529253,-2.539155,-8.597286,-25.243176,13.870778,-23.654867
3.831250,20.452368,-2.543199,-1.223818,-25.091873,9.293142,-23.530815
3.837500,26.378691,-2.546813,5.905044,-24.944590,4.395599,-23.415613
3.843750,32.305641,-2.550433,12.898170,-24.805346,-0.457342,-23.332075
3.850000,38.230141,-2.554495,18.041773,-24.665300,-4.474014,-23.196360
3.856250,44.154778,-2.558614,23.054743,-24.530737,-9.384921,-23.058056
3.862500,50.082592,-2.562142,27.475903,-24.404621,-13.315576,-22.933258
3.868750,56.010597,-2.565466,30.954161,-24.279348,-16.342522,-22.823771
3.875000,61.933056,-2.569612,33.188717,-24.136883,-18.578449,-22.723333
3.881250,67.851280,-2.574980,33.907059,-23.955191,-20.189457,-22.618111
3.887500,73.771927,-2.580663,32.712929,-23.758585,-21.426556,-22.502651
3.893750,79.698830,-2.585851,29.403761,-23.533848,-22.661465,-22.384890
3.900000,85.628365,-2.591056,26.172594,-23.265406,-24.202303,-22.260735
3.906250,91.555298,-2.597167,21.603880,-22.950302,-26.339870,-22.127235
3.912500,95.586693,-2.604294,16.183403,-22.590214,-29.411938,-21.980486
3.918750,99.349815,-2.611948,10.398689,-22.191044,-31.856173,-21.811823
3.925000,102.315048,-2.619462,4.660842,-21.772341,-35.608719,-21.603090
3.931250,103.990616,-2.626605,-0.686087,-21.360300,-40.491692,-21.387024
3.937500,103.947685,-2.633359,-5.269934,-20.976929,-44.407589,-21.201551
3.943750,101.844818,-2.639636,-8.764372,-20.644852,-48.232864,-21.048372
3.950000,97.445877,-2.645005,-10.951024,-20.385471,-51.210114,-20.937904
3.956250,90.629814,-2.648920,-11.720070,-20.217710,-52.708149,-20.883554
3.962500,81.394592,-2.651125,-11.047142,-20.153042,-52.190639,-20.897346
3.968750,69.857971,-2.651950,-8.970665,-20.193159,-49.221134,-20.988657
3.975000,56.254253,-2.651503,-7.485385,-20.319336,-43.505924,-21.166981
3.981250,40.922417,-2.649873,-2.970851,-20.514992,-36.807880,-21.473488
3.987500,24.289295,-2.647114,1.908789,-20.847946,-27.366034,-21.816120
3.993750,6.844752,-2.643484,7.356153,-21.249348,-15.793766,-22.250504
4.000000,-10.879620,-2.639192,13.010595,-21.709333,-3.121881,-22.787058
4.006250,-28.337217,-2.634215,18.453817,-22.216312,9.938433,-23.436480
4.012500,-44.997280,-2.628802,23.391808,-22.748217,22.601482,-24.178675
4.018750,-60.369621,-2.623806,27.581646,-23.277723,33.409466,-24.895103
4.025000,-74.027229,-2.619537,30.783569,-23.783159,44.014214,-25.580774
4.031250,-85.626282,-2.615781,33.006088,-24.257957,51.507801,-26.308279
4.037500,-94.927032,-2.612503,34.370300,-24.685966,57.918243,-27.019831
4.043750,-101.810043,-2.610227,34.815125,-25.052488,61.837818,-27.681482
4.050000,-106.274162,-2.609179,34.283321,-25.353617,63.661221,-28.271811
4.056250,-108.436295,-2.608652,32.788555,-25.585850,63.889587,-28.776804
4.062500,-108.530357,-2.607938,30.497440,-25.727468,61.257832,-29.175018
4.068750,-106.901596,-2.607802,27.575392,-25.784298,58.142124,-29.441299
4.075000,-103.982864,-2.609390,24.143286,-25.772182,54.660400,-29.575041
4.081250,-100.261391,-2.612479,20.499239,-25.703220,50.990795,-29.578419
4.087500,-96.260750,-2.615718,17.027498,-25.584711,47.431206,-29.451094
4.093750,-90.356461,-2.618337,12.257026,-25.422356,44.337921,-29.195026
4.100000,-84.451485,-2.621007,8.228977,-25.225935,39.902721,-28.824165
4.106250,-78.550476,-2.624538,4.838140,-25.002563,35.831013,-28.366512
4.112500,-72.651573,-2.628814,2.035592,-24.749722,31.988533,-27.826794
4.118750,-66.749893,-2.633513,-0.259439,-24.471300,28.508310,-27.191875
4.125000,-60.845539,-2.638673,-2.240421,-24.180950,25.014923,-26.509008
4.131250,-54.939709,-2.644412,-4.041513,-23.889511,21.377773,-25.811985
4.137500,-49.030037,-2.650367,-5.742846,-23.603130,17.596361,-25.127842
4.143750,-43.114735,-2.656133,-7.397679,-23.323706,13.706449,-24.477003
4.150000,-37.195446,-2.661822,-9.069067,-23.052204,9.742378,-23.874950
4.156250,-31.275164,-2.667829,-8.664057,-22.788061,5.742171,-23.327297
4.162500,-25.353174,-2.674178,-7.619582,-22.528687,3.909080,-22.807486
4.168750,-19.428576,-2.680688,-7.417346,-22.265371,2.669699,-22.402243
4.175000,-13.500051,-2.687333,-6.117139,-22.004770,0.783561,-22.055517
4.181250,-7.567797,-2.693932,-4.062682,-21.757019,0.207989,-21.775002
4.187500,-1.630930,-2.700263,-1.557629,-21.529675,0.717446,-21.537142
4.193750,4.310695,-2.706272,1.084005,-21.329983,2.116126,-21.329473
4.200000,10.256050,-2.711744,3.534820,-21.165281,4.948914,-21.235821
4.206250,16.204185,-2.716426,5.475946,-21.042921,6.347505,-21.231190
4.212500,22.155218,-2.720076,8.800112,-20.965170,7.356418,-21.259748
4.218750,28.105968,-2.722895,11.947781,-20.922899,8.966389,-21.308819
4.225000,34.053673,-2.725391,15.227422,-20.908648,9.203721,-21.390551
4.231250,39.996979,-2.727752,16.987703,-20.912773,7.973938,-21.498585
4.237500,45.938114,-2.729898,19.070070,-20.926271,5.151924,-21.615276
4.243750,51.876823,-2.731743,21.025312,-20.964981,2.765614,-21.734035
4.250000,57.814381,-2.733169,22.446081,-21.021938,-0.719893,-21.858799
4.256250,63.750336,-2.734168,23.049892,-21.078747,-4.777049,-21.975344
4.262500,69.682175,-2.735102,22.459820,-21.119965,-8.881655,-22.069876
4.268750,75.608032,-2.736549,20.323021,-21.133930,-12.580477,-22.128531
4.275000,81.526436,-2.739032,18.497887,-21.113884,-15.477526,-22.141636
4.281250,87.442978,-2.742200,15.351851,-21.050604,-17.231127,-22.097214
4.287500,93.360931,-2.745761,11.157199,-20.935564,-17.572947,-21.973131
4.293750,97.384132,-2.750230,6.132643,-20.778988,-16.419258,-21.783289
4.300000,101.132576,-2.756022,0.491066,-20.590408,-14.117421,-21.570044
4.306250,104.079323,-2.762381,-5.427691,-20.371660,-10.547039,-21.322107
4.312500,105.738464,-2.768130,-11.336649,-20.130114,-5.853772,-21.043383
4.318750,105.680458,-2.773310,-16.992823,-19.876266,-0.354149,-20.744526
4.325000,103.556877,-2.778876,-22.196810,-19.627043,5.621935,-20.441500
4.331250,99.130417,-2.785022,-26.790396,-19.401325,11.657754,-20.150290
4.337500,92.286125,-2.790882,-30.636114,-19.223513,17.373541,-19.880938
4.343750,83.026802,-2.795712,-33.656158,-19.141245,22.414835,-19.620584
4.350000,71.470978,-2.799603,-34.997852,-19.044353,26.422775,-19.402395
4.356250,57.852329,-2.802648,-35.018654,-19.041121,30.802187,-19.268541
4.362500,42.511780,-2.804343,-33.732140,-19.143667,34.216366,-19.225410
4.368750,25.875803,-2.804759,-31.077480,-19.349239,36.975506,-19.296654
4.375000,8.430712,-2.804543,-27.137924,-19.648712,39.382496,-19.497421
4.381250,-9.292136,-2.803849,-22.077431,-20.025232,41.189461,-19.729988
4.387500,-26.743120,-2.802109,-16.117374,-20.455326,43.205898,-20.012436
4.393750,-43.389618,-2.799331,-9.560524,-20.917667,45.904987,-20.384708
4.400000,-58.745865,-2.796484,-2.785671,-21.397606,47.616230,-20.843430
4.406250,-72.385880,-2.793973,1.952968,-21.878456,49.650330,-21.353645
4.412500,-83.964554,-2.791143,8.134191,-22.342756,51.687000,-21.890713
4.418750,-93.243004,-2.787843,13.587316,-22.776995,53.498104,-22.434834
4.425000,-100.103531,-2.784792,18.128151,-23.145706,54.938625,-22.954758
4.431250,-104.549278,-2.782640,21.736147,-23.418667,56.006973,-23.405222
4.437500,-106.697121,-2.780963,24.190350,-23.602192,56.563465,-23.773569
4.443750,-106.781235,-2.779437,25.492039,-23.702713,56.526814,-24.050518
4.450000,-105.145027,-2.778782,25.813751,-23.721716,55.985191,-24.225590
4.456250,-102.217651,-2.779750,25.410576,-23.661701,55.099495,-24.292566
4.462500,-98.486443,-2.781777,24.603245,-23.530005,54.041378,-24.252024
4.468750,-94.477921,-2.784183,23.790073,-23.340742,53.022678,-24.114061
4.475000,-88.571892,-2.787240,21.517973,-23.111485,52.295395,-23.899721
4.481250,-82.665863,-2.791181,19.941441,-22.835485,50.409359,-23.572334
4.487500,-76.756828,-2.795565,18.982168,-22.531752,49.290134,-23.166515
4.493750,-70.842697,-2.799846,18.402809,-22.228737,48.443329,-22.720175
4.500000,-64.927307,-2.804840,18.098011,-21.945827,47.630428,-22.261475
4.506250,-59.013832,-2.811325,18.007227,-21.692379,46.661503,-21.811733
4.512500,-53.096336,-2.818462,18.075924,-21.467062,45.353897,-21.386766
4.518750,-47.167023,-2.824841,18.235119,-21.250530,43.519089,-20.999659
4.525000,-41.226841,-2.830053,18.397041,-20.985001,40.937351,-20.673143
4.531250,-35.284950,-2.835153,19.929451,-20.815823,37.306267,-20.449606
4.537500,-29.345215,-2.840660,21.673016,-20.685266,33.937477,-20.261950
4.543750,-23.401821,-2.846119,22.283991,-20.558409,29.169392,-20.138628
4.550000,-17.450710,-2.850685,23.565243,-20.449013,23.548670,-20.071089
4.556250,-11.493532,-2.854247,25.024998,-20.379971,17.355001,-20.042843
4.562500,-5.534492,-2.857118,26.316572,-20.370371,11.530557,-20.149052
4.568750,0.425368,-2.859480,27.125917,-20.443024,6.009837,-20.373461
4.575000,6.387161,-2.861086,27.161802,-20.633442,1.000730,-20.668110
4.581250,12.352245,-2.861603,26.185694,-20.949635,-3.620735,-21.003845
4.587500,18.318218,-2.860870,25.099308,-21.322809,-7.115173,-21.406618
4.593750,24.283127,-2.859126,23.285883,-21.799231,-9.348201,-21.874292
4.600000,30.243769,-2.856600,20.780666,-22.385326,-10.348769,-22.390207
4.606250,36.200062,-2.853294,17.598383,-23.112476,-10.276991,-22.945408
4.612500,42.151775,-2.849140,13.818577,-23.921595,-9.460706,-23.539499
4.618750,48.094891,-2.844885,9.875494,-24.793785,-8.110392,-24.148727
4.625000,54.027306,-2.841294,5.633296,-25.715242,-6.515074,-24.755098
4.631250,59.952656,-2.837991,1.297476,-26.656462,-5.029045,-25.345093
4.637500,65.876198,-2.833967,-2.898703,-27.578159,-4.030704,-25.905928
4.643750,71.796593,-2.829454,-8.614438,-28.432915,-3.900378,-26.408873
4.650000,77.705284,-2.825811,-14.017634,-29.167574,-5.013714,-26.813030
4.656250,83.599007,-2.824147,-17.332298,-29.734673,-7.674006,-27.086357
4.662500,89.484642,-2.824216,-20.425200,-30.122894,-10.182642,-27.270126
4.668750,95.369179,-2.825430,-23.260368,-30.313215,-14.255762,-27.349415
4.675000,99.359222,-2.827988,-25.682106,-30.289038,-19.447086,-27.310844
4.681250,103.075851,-2.831926,-27.649265,-30.048094,-25.483547,-27.151407
4.687500,105.989929,-2.836738,-29.199951,-29.608366,-32.099445,-26.879215
4.693750,107.609444,-2.842487,-30.418457,-29.004520,-39.007618,-26.506840
4.700000,107.504974,-2.849842,-31.418053,-28.283718,-45.861004,-26.041849
4.706250,105.336189,-2.859091,-32.488522,-27.445194,-52.288715,-25.483322
4.712500,100.875519,-2.868821,-33.980713,-26.523342,-57.912380,-24.826077
4.718750,94.007256,-2.877643,-35.934593,-25.573929,-64.153824,-24.177769
4.725000,84.725357,-2.885714,-36.643963,-24.674690,-69.320992,-23.549109
4.731250,73.142715,-2.893956,-37.837204,-23.859554,-73.727257,-22.974506
4.737500,59.498001,-2.902012,-39.223141,-23.147137,-77.496063,-22.456648
4.743750,44.137520,-2.908854,-40.640167,-22.550770,-81.111313,-21.964502
4.750000,27.486532,-2.914345,-41.943844,-22.069929,-84.377754,-21.508432
4.756250,10.029371,-2.919291,-42.983513,-21.674902,-85.428238,-21.137449
4.762500,-7.702996,-2.923784,-43.624882,-21.350637,-85.536705,-20.886086
4.768750,-25.159489,-2.927229,-42.527470,-21.160889,-84.761215,-20.725832
4.775000,-41.808758,-2.929471,-40.334587,-21.047964,-82.743752,-20.640551
4.781250,-57.162727,-2.931110,-38.534592,-20.976067,-79.128456,-20.620968
4.787500,-70.797523,-2.932602,-35.185009,-20.900105,-75.513680,-20.660942
4.793750,-82.371239,-2.934109,-30.680597,-20.833107,-69.964157,-20.710787
4.800000,-91.645828,-2.935722,-25.610292,-20.760393,-62.875042,-20.767563
4.806250,-98.498207,-2.937438,-20.298269,-20.672873,-54.896461,-20.827650
4.812500,-102.928093,-2.939224,-15.233135,-20.568348,-46.505322,-20.877504
4.818750,-105.055878,-2.941236,-10.869853,-20.447308,-38.137543,-20.898767
4.825000,-105.120598,-2.943936,-5.450441,-20.314751,-30.167301,-20.888376
4.831250,-103.461647,-2.947391,-0.703662,-20.183689,-22.905561,-20.861618
4.837500,-100.500130,-2.950404,3.593760,-20.071218,-16.637648,-20.831280
4.843750,-96.726120,-2.952401,7.752890,-19.973783,-11.421862,-20.747370
4.850000,-92.679512,-2.954300,10.316166,-19.880882,-7.248330,-20.625887
4.856250,-86.745155,-2.957497,13.079657,-19.812164,-4.323310,-20.490629
4.862500,-80.813614,-2.961566,15.754053,-19.779512,-2.486893,-20.356750
4.868750,-74.874527,-2.964970,18.183231,-19.777958,-1.466673,-20.228909
4.875000,-68.927208,-2.967274,20.262905,-19.790346,-0.946714,-20.109192
4.881250,-62.980606,-2.969409,21.915413,-19.789160,-0.646279,-20.003796
4.887500,-57.038639,-2.971940,23.280067,-19.800911,-0.301586,-19.918016
4.893750,-51.098335,-2.974698,24.590326,-19.826916,0.331407,-19.858704
4.900000,-45.156666,-2.977375,25.704309,-19.858320,1.455810,-19.825592
4.906250,-39.213821,-2.980048,26.700531,-19.898031,3.230793,-19.808670
4.912500,-33.270073,-2.982538,27.606331,-19.928440,5.752953,-19.783421
4.918750,-27.325121,-2.984837,28.421999,-19.950325,9.157659,-19.756899
4.925000,-21.380394,-2.987241,29.362595,-19.986532,13.975190,-19.774466
4.931250,-15.436450,-2.989983,30.472864,-20.054241,19.966171,-19.820402
4.937500,-9.489281,-2.992234,31.722681,-20.162619,24.909304,-19.891865
4.943750,-3.534726,-2.993078,33.043961,-20.317772,30.194054,-19.992775
4.950000,2.420691,-2.992992,34.363621,-20.518509,35.329655,-20.126003
4.956250,8.370656,-2.993114,35.617924,-20.757889,39.865280,-20.295586
4.962500,14.316026,-2.993283,37.000050,-21.022003,43.363167,-20.518726
4.968750,20.263105,-2.992682,38.697872,-21.288725,47.596844,-20.746170
4.975000,26.210400,-2.991505,40.496788,-21.574722,49.656044,-20.976458
4.981250,32.153656,-2.990381,42.177776,-21.869307,50.473373,-21.248371
4.987500,38.093159,-2.989050,43.727169,-22.156864,50.136093,-21.558010
4.993750,44.033894,-2.986707,44.981594,-22.431505,48.583935,-21.902243
5.000000,49.972095,-2.983760,45.810226,-22.685024,45.750362,-22.276743
5.006250,55.900028,-2.981563,46.133293,-22.906509,41.597893,-22.677612
5.012500,61.818039,-2.980411,45.901615,-23.080564,37.939861,-23.066092
5.018750,67.734901,-2.979430,45.096325,-23.183765,32.963745,-23.383516
5.025000,73.653526,-2.978121,41.757664,-23.223139,27.172783,-23.682899
5.031250,79.569290,-2.977089,39.474758,-23.223486,20.938702,-23.959112
5.037500,85.478577,-2.976663,36.495213,-23.183443,14.889654,-24.193024
5.043750,91.385330,-2.976680,32.932011,-23.123648,9.368498,-24.375050
5.050000,97.289894,-2.977294,28.843441,-23.171383,4.657851,-24.500050
5.056250,101.296524,-2.979012,24.758905,-23.092348,1.051565,-24.556055
5.062500,105.029991,-2.981270,20.869423,-23.039949,-1.182416,-24.534250
5.068750,107.963760,-2.982953,17.033253,-23.041468,-1.892655,-24.438524
5.075000,109.602043,-2.984221,11.749685,-23.100519,-0.956381,-24.273832
5.081250,109.508812,-2.986769,7.030213,-23.203388,1.745496,-24.044657
5.087500,107.342636,-2.991067,2.722739,-23.324686,6.296870,-23.760353
5.093750,102.878174,-2.995801,-1.224479,-23.466167,12.693656,-23.439678
5.100000,95.999451,-2.999847,-4.810630,-23.618040,20.791784,-23.112408
5.106250,86.699768,-3.004084,-8.263700,-23.751587,30.164488,-22.746443
5.112500,75.094177,-3.009394,-11.696562,-23.841339,40.311333,-22.364700
5.118750,61.424767,-3.015265,-15.155829,-23.869406,51.083385,-21.998503
5.125000,46.037975,-3.020706,-18.679235,-23.825499,61.943493,-21.665297
5.131250,29.359295,-3.025964,-22.279253,-23.702522,72.269302,-21.373371
5.137500,11.874891,-3.031785,-25.943205,-23.497837,81.438751,-21.121193
5.143750,-5.881859,-3.038125,-27.492390,-23.215260,88.876350,-20.884897
5.150000,-23.359688,-3.044347,-28.271620,-22.864981,94.098946,-20.717331
5.156250,-40.024048,-3.050062,-29.670280,-22.459932,98.057083,-20.596247
5.162500,-55.385788,-3.055446,-29.562098,-22.001635,100.146790,-20.502550
5.168750,-69.018463,-3.060433,-28.158777,-21.517883,100.201019,-20.448757
5.175000,-80.581703,-3.064619,-25.767744,-21.037434,98.664322,-20.433636
5.181250,-89.838997,-3.067935,-22.665188,-20.584774,96.121140,-20.446468
5.187500,-96.670853,-3.070390,-19.154476,-20.183100,93.246254,-20.468431
5.193750,-101.078545,-3.072207,-15.576392,-19.855507,88.661423,-20.514565
5.200000,-103.185387,-3.073468,-12.277927,-19.625463,84.695473,-20.644327
5.206250,-103.229164,-3.074530,-7.395473,-19.510469,81.532921,-20.763172
5.212500,-101.550285,-3.075458,-2.459640,-19.487556,78.111961,-20.875376
5.218750,-98.572884,-3.075840,0.940877,-19.555443,75.672043,-21.003479
5.225000,-94.788216,-3.075179,4.541371,-19.702267,74.053909,-21.149710
5.231250,-90.731636,-3.073710,8.066244,-19.786692,73.064880,-21.311237
5.237500,-84.785301,-3.071842,10.771986,-20.050793,72.411400,-21.495474
5.243750,-78.845818,-3.070099,12.234820,-20.371111,71.727036,-21.710415
5.250000,-72.914474,-3.069098,12.469796,-20.725206,70.688019,-21.952072
5.256250,-66.988213,-3.068881,13.199398,-21.095587,68.964485,-22.216675
5.262500,-61.061115,-3.068325,12.639364,-21.460526,66.255188,-22.498655
5.268750,-55.130955,-3.066832,11.027349,-21.814297,62.296265,-22.784870
5.275000,-49.206120,-3.065587,8.627953,-22.153193,56.831161,-23.059376
5.281250,-43.294056,-3.066258,5.643566,-22.469978,49.662872,-23.293932
5.287500,-37.388973,-3.068438,2.248492,-22.755600,40.917004,-23.528351
5.293750,-31.478226,-3.070282,-1.398013,-23.002127,30.899939,-23.750401
5.300000,-25.561707,-3.071484,-5.141474,-23.200512,19.592928,-23.935289
5.306250,-19.651342,-3.073733,-8.807976,-23.338560,7.328315,-24.065943
5.312500,-13.750617,-3.078087,-12.249672,-23.408028,-5.461735,-24.131714
5.318750,-7.850334,-3.083730,-15.353490,-23.403217,-18.315475,-24.124613
5.325000,-1.941384,-3.089624,-18.014111,-23.319160,-30.746231,-24.034792
5.331250,3.973801,-3.096077,-20.185213,-23.161329,-42.314972,-23.848038
5.337500,9.892377,-3.103308,-19.726244,-22.974916,-52.751984,-23.632746
5.343750,15.820127,-3.110288,-19.905846,-22.720081,-61.622604,-23.347958
5.350000,21.758730,-3.116261,-18.334936,-22.435997,-68.770508,-23.041136
5.356250,27.702982,-3.122057,-15.519742,-22.159838,-74.084290,-22.747938
5.362500,33.648968,-3.128067,-11.601956,-21.918062,-77.482895,-22.506701
5.368750,39.602371,-3.133248,-6.770137,-21.729288,-79.050217,-22.327814
5.375000,45.567356,-3.136413,-1.238710,-21.601955,-79.121361,-22.188084
5.381250,51.537640,-3.138114,4.734625,-21.534784,-77.851585,-22.065441
5.387500,57.504932,-3.139116,10.836411,-21.518536,-75.645325,-22.054150
5.393750,63.470737,-3.138984,14.736922,-21.577314,-71.618217,-22.156361
5.400000,69.438385,-3.137035,19.815594,-21.710505,-67.212486,-22.353195
5.406250,75.402077,-3.134010,24.040115,-21.900038,-62.699986,-22.641525
5.412500,81.355087,-3.131095,27.246456,-22.121647,-58.310600,-22.988140
5.418750,87.299347,-3.128013,29.325611,-22.349112,-54.022324,-23.334494
5.425000,93.239632,-3.124164,30.200064,-22.559330,-50.225048,-23.673176
5.431250,97.278625,-3.120208,29.903389,-22.730331,-47.068127,-23.985579
5.437500,101.031418,-3.117357,28.651846,-22.844378,-44.521336,-24.243902
5.443750,103.967056,-3.116051,26.828722,-22.895893,-42.528675,-24.421663
5.450000,105.600250,-3.115877,24.790932,-22.871155,-41.036049,-24.503418
5.456250,105.507629,-3.116698,22.912710,-22.760384,-39.915520,-24.477859
5.462500,103.348358,-3.118503,19.732044,-22.567118,-38.974937,-24.350531
5.468750,98.888382,-3.120808,17.319145,-22.304045,-38.020355,-24.161173
5.475000,92.006378,-3.123562,15.615878,-21.977041,-36.605045,-23.831106
5.481250,82.698624,-3.127709,14.575471,-21.594955,-34.394379,-23.422606
5.487500,71.087814,-3.133747,14.013067,-21.186890,-31.516726,-22.982418
5.493750,57.418377,-3.140304,13.751550,-20.783464,-27.684519,-22.545956
5.500000,42.039921,-3.145632,13.685942,-20.407219,-22.643955,-22.141964
5.506250,25.374226,-3.150009,13.748331,-20.072245,-16.200401,-21.791668
5.512500,7.903822,-3.154655,13.865218,-19.781878,-8.292777,-21.491314
5.518750,-9.838854,-3.159542,13.975178,-19.499588,0.874556,-21.223890
5.525000,-27.300270,-3.163368,14.149879,-19.302692,10.542534,-21.059124
5.531250,-43.946907,-3.165822,14.168641,-19.182236,20.921978,-20.981567
5.537500,-59.293900,-3.167511,14.253618,-19.125156,31.611465,-20.979847
5.543750,-72.916878,-3.168743,14.175579,-19.134462,42.071941,-21.036669
5.550000,-84.473419,-3.169111,13.703779,-19.215712,51.817425,-21.162174
5.556250,-93.725601,-3.168459,12.663661,-19.373861,60.636181,-21.411650
5.562500,-100.555244,-3.167084,10.913584,-19.617954,68.371971,-21.674469
5.568750,-104.963593,-3.164955,8.404497,-19.928871,74.825943,-21.975185
5.575000,-107.071724,-3.161932,7.370471,-20.291620,79.648277,-22.318335
5.581250,-107.119354,-3.158482,4.433793,-20.706383,83.007416,-22.693235
5.587500,-105.449287,-3.155091,1.722185,-21.166910,85.190750,-23.075382
5.593750,-102.487701,-3.151597,-0.785297,-21.671164,86.493721,-23.470922
5.600000,-98.725502,-3.148095,-3.091426,-22.204126,85.185753,-23.872725
5.606250,-94.697281,-3.145336,-5.102105,-22.737980,83.543564,-24.253315
5.612500,-88.782387,-3.143653,-6.827160,-23.256876,81.310455,-24.612301
5.618750,-82.868393,-3.142019,-8.297367,-23.746830,78.351204,-24.946936
5.625000,-76.951424,-3.139677,-9.508615,-24.193462,74.609062,-25.258173
5.631250,-71.040176,-3.137944,-10.436569,-24.579927,70.051544,-25.545683
5.637500,-65.142296,-3.138450,-12.945773,-24.887835,64.613182,-25.779696
5.643750,-59.249096,-3.140579,-13.235478,-25.097431,58.186325,-25.926792
5.650000,-53.349300,-3.142524,-13.203030,-25.185793,52.809551,-25.943798
5.656250,-47.444244,-3.144335,-12.940988,-25.154060,46.605782,-25.925842
5.662500,-41.543404,-3.147481,-12.642018,-25.016556,39.806499,-25.846661
5.668750,-35.649734,-3.152484,-12.351706,-24.773344,33.130886,-25.689796
5.675000,-29.753527,-3.158530,-12.141915,-24.434841,26.880516,-25.454250
5.681250,-23.848570,-3.164724,-12.153012,-24.019585,21.306137,-25.144005
5.687500,-17.936888,-3.171089,-12.515987,-23.554699,16.656969,-24.761812
5.693750,-12.020863,-3.177634,-13.403362,-23.086288,13.202402,-24.318794
5.700000,-6.099880,-3.184009,-15.177109,-22.575863,11.391236,-23.851589
5.706250,-0.175039,-3.190627,-16.061794,-22.069431,9.659830,-23.377628
5.712500,5.750971,-3.198085,-17.341841,-21.615484,9.581061,-22.925489
5.718750,11.682814,-3.205756,-18.758238,-21.240231,10.730985,-22.527052
5.725000,17.627640,-3.212086,-20.099361,-20.955679,12.671688,-22.194641
5.731250,23.584644,-3.216630,-21.195406,-20.762753,16.730297,-21.902327
5.737500,29.543865,-3.220442,-21.924496,-20.651505,20.853533,-21.623199
5.743750,35.500576,-3.223982,-22.218899,-20.601301,24.842243,-21.465757
5.750000,41.460262,-3.226359,-22.125210,-20.614399,28.452036,-21.403502
5.756250,47.423832,-3.227174,-21.823858,-20.689663,31.787590,-21.418741
5.762500,53.385830,-3.227134,-19.125225,-20.804041,34.581291,-21.499027
5.768750,59.340363,-3.226907,-17.337927,-20.932173,36.551727,-21.634512
5.775000,65.289024,-3.226247,-14.479508,-21.049061,37.412251,-21.887600
5.781250,71.234459,-3.225016,-10.840578,-21.139410,39.323399,-22.069590
5.787500,77.172844,-3.223894,-6.809080,-21.198027,38.833061,-22.279915
5.793750,83.101944,-3.223664,-2.742987,-21.215937,37.707973,-22.511461
5.800000,89.024529,-3.224221,1.014799,-21.184977,35.986275,-22.744652
5.806250,94.944069,-3.225197,4.115455,-21.102757,33.690063,-22.952951
5.812500,98.968269,-3.226382,6.222702,-20.972084,30.883736,-23.108925
5.818750,102.717453,-3.227874,9.223398,-20.800280,27.769108,-23.217319
5.825000,105.656227,-3.230210,11.525960,-20.604738,24.686712,-23.295803
5.831250,107.291191,-3.234369,13.450632,-20.419247,19.637297,-23.332588
5.837500,107.199028,-3.240428,15.404138,-20.253336,14.459888,-23.289907
5.843750,105.048225,-3.247061,16.202087,-20.080677,8.882902,-23.193541
5.850000,100.610199,-3.252469,17.581837,-19.948523,2.710758,-23.068785
5.856250,93.760147,-3.256286,19.301727,-19.877514,-4.030801,-22.933653
5.862500,84.486259,-3.259614,21.261282,-19.874386,-11.260643,-22.803864
5.868750,72.906075,-3.263229,23.348186,-19.930944,-18.919933,-22.692671
5.875000,59.260437,-3.266508,25.521597,-20.008472,-26.997417,-22.589619
5.881250,43.894489,-3.268944,27.971567,-20.161081,-35.629509,-22.499205
5.887500,27.233227,-3.270620,30.965029,-20.373512,-42.678223,-22.440653
5.893750,9.766973,-3.271443,32.423725,-20.621347,-49.385437,-22.410120
5.900000,-7.970859,-3.271234,34.095638,-20.900789,-55.277851,-22.396908
5.906250,-25.438311,-3.270511,35.607769,-21.221413,-59.924728,-22.400026
5.912500,-42.105694,-3.270179,36.669598,-21.593006,-64.936836,-22.436544
5.918750,-57.477692,-3.269774,37.326923,-21.951050,-68.590630,-22.490889
5.925000,-71.120682,-3.268213,37.253510,-22.325041,-71.231499,-22.555866
5.931250,-82.697685,-3.266032,36.193871,-22.725948,-73.122337,-22.634699
5.937500,-91.979240,-3.264679,34.158581,-23.150064,-74.470078,-22.731192
5.943750,-98.844322,-3.264305,31.258221,-23.581699,-75.429962,-22.844618
5.950000,-103.282936,-3.263766,27.886248,-24.004581,-76.171295,-22.984060
5.956250,-105.414764,-3.262856,24.438765,-24.399078,-76.951988,-22.996227
5.962500,-105.484589,-3.262758,21.033625,-24.747259,-77.073402,-23.061804
5.968750,-103.833527,-3.263711,17.754360,-25.036371,-75.983292,-23.125849
5.975000,-100.880981,-3.264124,14.687896,-25.253580,-74.570862,-23.182909
5.981250,-97.117554,-3.263440,11.921587,-25.390364,-72.406082,-23.232548
5.987500,-93.085320,-3.263311,9.521025,-25.440008,-69.130157,-23.274998
5.993750,-87.171013,-3.265063,7.553709,-25.397850,-64.439667,-23.308626
6.000000,-81.259758,-3.267945,6.058539,-25.263041,-58.127907,-23.333338
6.006250,-75.342552,-3.270760,5.065017,-25.032791,-50.114033,-23.340675
6.012500,-69.422165,-3.273816,4.585446,-24.697706,-40.582287,-23.297899
6.018750,-63.503761,-3.277845,4.547310,-24.274950,-30.107056,-23.242739
6.025000,-57.583641,-3.282159,4.815064,-23.825071,-18.723227,-23.182343
6.031250,-51.657906,-3.286183,5.740276,-23.353592,-6.746668,-23.125011
6.037500,-45.728825,-3.290264,7.191768,-22.891327,5.255808,-23.082296
6.043750,-39.799862,-3.294896,8.942924,-22.477852,16.722219,-23.061657
6.050000,-33.867931,-3.299261,10.819263,-22.139347,27.246078,-23.029764
6.056250,-27.928516,-3.302664,12.760682,-21.877401,36.532063,-22.997126
6.062500,-21.986616,-3.305666,14.548608,-21.719215,44.238754,-22.999535
6.068750,-16.046921,-3.308808,14.049731,-21.681726,50.149681,-23.041723
6.075000,-10.104623,-3.311303,14.965116,-21.764568,54.225052,-23.120823
6.081250,-4.156690,-3.312068,15.370160,-21.948986,56.573689,-23.236097
6.087500,1.791037,-3.311803,15.271197,-22.191370,57.365406,-23.379848
6.093750,7.729067,-3.312040,14.658533,-22.441097,56.689095,-23.518465
6.100000,13.657711,-3.312983,13.159635,-22.733171,54.657040,-23.657129
6.106250,19.585659,-3.313925,10.832730,-23.013844,51.682499,-23.798038
6.112500,25.514784,-3.314574,7.803544,-23.245438,48.057453,-23.930716
6.118750,31.440260,-3.315400,4.037467,-23.404722,43.989456,-24.040470
6.125000,37.361416,-3.316915,-0.487112,-23.480282,39.661575,-24.109491
6.131250,43.277550,-3.319264,-3.581348,-23.470163,35.272530,-24.100000
6.137500,49.193684,-3.322608,-6.529953,-23.381197,31.161488,-24.040367
6.143750,55.111645,-3.326503,-10.575747,-23.209637,26.227766,-23.931725
6.150000,61.035149,-3.330038,-13.467994,-22.964989,21.661299,-23.762667
6.156250,66.964752,-3.332805,-15.296642,-22.673973,17.258991,-23.545561
6.162500,72.894714,-3.335605,-16.138195,-22.361853,13.004720,-23.295706
6.168750,78.820518,-3.339030,-16.045261,-22.048059,8.948835,-23.025530
6.175000,84.747635,-3.342567,-15.107729,-21.751219,5.153286,-22.748524
6.181250,90.680588,-3.345155,-13.473691,-21.487938,1.675523,-22.476542
6.187500,94.723183,-3.346908,-11.313795,-21.270971,-1.386964,-22.234114
6.193750,98.490807,-3.348472,-8.841891,-21.117357,-3.814558,-22.038349
6.200000,101.450989,-3.349756,-6.289784,-21.042519,-6.339588,-21.867344
6.206250,103.113075,-3.350425,-3.483905,-21.015476,-8.143518,-21.763241
6.212500,103.050041,-3.348502,-0.396769,-21.053400,-9.450486,-21.744690
6.218750,100.920143,-3.349136,2.589638,-21.157547,-10.422142,-21.829763
6.225000,96.482079,-3.349932,5.287021,-21.313469,-11.258547,-21.989670
6.231250,89.619949,-3.350643,7.466909,-21.513536,-11.272779,-22.194710
6.237500,80.334099,-3.351230,8.803000,-21.767406,-11.730199,-22.487677
6.243750,68.746452,-3.351624,9.148032,-22.058708,-12.425049,-22.858763
6.250000,55.094280,-3.351513,10.593245,-22.371122,-13.321860,-23.290689
6.256250,39.716663,-3.351194,11.687007,-22.692104,-14.413830,-23.761848
6.262500,23.036873,-3.351386,10.974100,-23.015568,-15.668574,-24.247351
6.268750,5.548967,-3.352093,10.533368,-23.333118,-16.964596,-24.710924
6.275000,-12.209064,-3.352040,10.318027,-23.624933,-17.892048,-25.132135
6.281250,-29.688747,-3.350792,10.274705,-23.878231,-18.230873,-25.502733
6.287500,-46.367657,-3.349708,10.261600,-24.089651,-17.980999,-25.804962
6.293750,-61.760658,-3.350263,10.189502,-24.254992,-16.886961,-26.023165
6.300000,-75.433655,-3.351949,10.027976,-24.364296,-14.636515,-26.141375
6.306250,-87.035774,-3.353336,9.757732,-24.405657,-10.950809,-26.146133
6.312500,-96.330284,-3.354519,9.344007,-24.365623,-5.642336,-26.025822
6.318750,-103.205040,-3.356553,8.733006,-24.233507,1.341264,-25.787500
6.325000,-107.660538,-3.359710,9.949035,-24.030458,9.778512,-25.488901
6.331250,-109.812080,-3.363485,11.472921,-23.777878,19.389929,-25.117193
6.337500,-109.894089,-3.367699,11.986860,-23.468155,29.695621,-24.675697
6.343750,-108.249550,-3.372768,13.572785,-23.111395,40.538979,-24.215424
6.350000,-105.304123,-3.378294,15.911242,-22.736006,51.385223,-23.775421
6.356250,-101.545181,-3.383373,18.714170,-22.370457,61.576099,-23.387409
6.362500,-97.504471,-3.387689,21.735817,-22.039003,70.434288,-23.073816
6.368750,-91.566689,-3.391591,24.738626,-21.760056,77.310074,-22.821941
6.375000,-85.628067,-3.395184,27.490248,-21.547501,81.566132,-22.652884
6.381250,-79.687355,-3.398057,29.727211,-21.446980,83.839401,-22.621124
6.387500,-73.744812,-3.400382,33.107418,-21.400284,83.149940,-22.710329
6.393750,-67.803383,-3.402389,35.204887,-21.438515,79.655418,-22.900478
6.400000,-61.861832,-3.403749,37.087967,-21.575436,73.674568,-23.127180
6.406250,-55.919426,-3.404075,38.737556,-21.806999,65.515190,-23.387758
6.412500,-49.979774,-3.404058,40.080555,-22.119444,54.365520,-23.730049
6.418750,-44.047337,-3.404694,41.027985,-22.497087,41.588867,-24.099709
6.425000,-38.119217,-3.405636,41.487686,-22.915962,27.603397,-24.462191
6.431250,-32.189198,-3.406085,41.411659,-23.346975,12.937954,-24.787428
6.437500,-26.258507,-3.406025,40.728161,-23.761995,-1.862091,-25.049078
6.443750,-20.333889,-3.406577,41.555466,-24.127295,-16.258827,-25.219973
6.450000,-14.415520,-3.408201,40.592766,-24.414598,-29.781399,-25.296402
6.456250,-8.497519,-3.410284,39.858303,-24.617453,-42.208263,-25.342627
6.462500,-2.576544,-3.412451,39.180298,-24.732843,-53.354115,-25.276264
6.468750,3.345509,-3.414845,38.487061,-24.755829,-61.510014,-25.123699
6.475000,9.268497,-3.417312,37.690712,-24.686731,-67.769157,-24.926649
6.481250,15.195124,-3.419448,36.680244,-24.539892,-71.813263,-24.714066
6.487500,21.122309,-3.421540,35.336597,-24.343882,-73.474113,-24.512259
6.493750,27.047493,-3.424228,33.633801,-24.121511,-72.642464,-24.326290
6.500000,32.972923,-3.427042,31.672024,-23.876698,-71.134193,-24.143194
6.506250,38.904186,-3.429150,27.605865,-23.629690,-67.485985,-23.955023
6.512500,44.838528,-3.430633,23.059629,-23.397675,-62.337540,-23.797916
6.518750,50.769264,-3.432624,19.689959,-23.213671,-56.036549,-23.697084
6.525000,56.696510,-3.435240,15.691604,-23.095737,-49.431080,-23.634413
6.531250,62.628193,-3.437459,11.330656,-23.043783,-43.118702,-23.599741
6.537500,68.566238,-3.438673,6.830012,-23.053417,-37.588238,-23.586632
6.543750,74.503418,-3.439685,2.370132,-23.116934,-33.250221,-23.592119
6.550000,80.435623,-3.441177,-1.886657,-23.224672,-30.450537,-23.620329
6.556250,86.367004,-3.442715,-5.774045,-23.354141,-27.686562,-23.623655
6.562500,92.300514,-3.443826,-9.095489,-23.430428,-26.689087,-23.623549
6.568750,96.339760,-3.444728,-11.563412,-23.542267,-26.873949,-23.623514
6.575000,100.103546,-3.445645,-14.019629,-23.655281,-27.850712,-23.628870
6.581250,103.060204,-3.446374,-15.242178,-23.746830,-29.250301,-23.648838
6.587500,104.717216,-3.447248,-15.416380,-23.810022,-30.502764,-23.667751
6.593750,104.645584,-3.448843,-14.720651,-23.846859,-33.045013,-23.689608
6.600000,102.506653,-3.450763,-13.345876,-23.862604,-34.855431,-23.719320
6.606250,98.068886,-3.452050,-11.461935,-23.859983,-36.049786,-23.757521
6.612500,91.209061,-3.452700,-9.238116,-23.841354,-36.750870,-23.802582
6.618750,81.919884,-3.453875,-6.859086,-23.808077,-37.101738,-23.851305
6.625000,70.321381,-3.456297,-4.510382,-23.759836,-37.247112,-23.897516
6.631250,56.655956,-3.459212,-0.221064,-23.699028,-37.344692,-23.937471
6.637500,41.269814,-3.461940,2.565868,-23.626324,-37.534168,-24.034687
6.643750,24.587391,-3.464994,5.823249,-23.535599,-37.684410,-24.011299
6.650000,7.097490,-3.468870,9.340242,-23.412550,-38.775520,-23.992676
6.656250,-10.662985,-3.472916,12.825647,-23.256063,-40.592197,-23.972744
6.662500,-28.144506,-3.476273,15.927250,-23.068932,-43.306633,-23.943726
6.668750,-44.816704,-3.479265,18.374689,-22.842989,-47.047157,-23.894325
6.675000,-60.192444,-3.482471,19.912516,-22.576008,-51.954540,-23.828253
6.681250,-73.845169,-3.486168,20.208565,-22.290468,-56.074078,-23.766796
6.687500,-85.430725,-3.489980,21.202616,-21.995653,-60.801067,-23.713228
6.693750,-94.710190,-3.493872,21.426378,-21.710312,-65.634567,-23.672310
6.700000,-101.561188,-3.497349,21.221994,-21.485348,-70.168182,-23.659033
6.706250,-105.981697,-3.499872,20.756758,-21.258249,-73.972839,-23.690210
6.712500,-108.096802,-3.501561,19.950247,-21.072296,-76.522270,-23.746435
6.718750,-108.148415,-3.503140,19.462265,-20.967590,-77.516205,-23.841492
6.725000,-106.478386,-3.505023,19.371698,-20.960497,-76.839752,-23.974600
6.731250,-103.509033,-3.506577,19.667988,-21.055973,-74.262375,-24.125618
6.737500,-99.729240,-3.507107,20.286463,-21.246664,-71.511368,-24.339546
6.743750,-95.674431,-3.506805,21.116699,-21.523983,-66.979210,-24.588980
6.750000,-89.728935,-3.506218,21.950537,-21.894611,-61.279110,-24.841734
6.756250,-83.786873,-3.505485,24.808184,-22.325258,-54.828518,-25.065262
6.762500,-77.847946,-3.504795,26.540319,-22.768049,-48.091133,-25.245087
6.768750,-71.912132,-3.504278,28.833286,-23.229227,-41.646748,-25.381035
6.775000,-65.977455,-3.503510,31.405922,-23.695591,-33.758163,-25.462799
6.781250,-60.041626,-3.502073,34.060322,-24.149179,-26.189262,-25.484921
6.787500,-54.108219,-3.500206,36.585701,-24.570463,-18.817156,-25.445894
6.793750,-48.182003,-3.499027,38.767445,-24.941927,-11.502001,-25.347874
6.800000,-42.264088,-3.498981,40.398006,-25.248137,-4.090950,-25.194250
6.806250,-36.348000,-3.499375,41.299984,-25.476774,3.573946,-24.989733
6.812500,-30.429926,-3.499888,41.323711,-25.620062,11.654131,-24.734747
6.818750,-24.512930,-3.501117,42.519829,-25.677008,20.319931,-24.311363
6.825000,-18.598293,-3.503168,43.430664,-25.668844,27.825174,-23.966965
6.831250,-12.680701,-3.505352,42.626583,-25.591585,35.182789,-23.611393
6.837500,-6.759009,-3.507276,42.469551,-25.441557,42.379280,-23.281517
6.843750,-0.838144,-3.509947,42.629498,-25.257000,48.767796,-23.029291
6.850000,5.080298,-3.513791,43.040524,-25.061995,53.713341,-22.839125
6.856250,11.002809,-3.517630,43.705036,-24.872931,58.384373,-22.721062
6.862500,16.935400,-3.520166,44.621243,-24.701124,61.081264,-22.703400
6.868750,22.872429,-3.521944,45.802052,-24.547617,62.041855,-22.787535
6.875000,28.804855,-3.524086,47.263462,-24.402790,61.537613,-22.961695
6.881250,34.732349,-3.526867,47.137615,-24.221004,59.915245,-23.197737
6.887500,40.661007,-3.529585,47.283550,-24.081268,57.524773,-23.458811
6.893750,46.592926,-3.531880,47.683414,-23.976900,54.560341,-23.750042
6.900000,52.525753,-3.533850,47.562630,-23.904844,51.392876,-24.038206
6.906250,58.458241,-3.535433,46.685604,-23.909943,48.603008,-24.282360
6.912500,64.389336,-3.536678,45.268120,-23.865185,44.727127,-24.452696
6.918750,70.315544,-3.538283,43.216877,-23.829914,41.724079,-24.534338
6.925000,76.235573,-3.540921,40.259865,-23.811628,39.338402,-24.520508
6.931250,82.154938,-3.544174,36.566898,-23.785679,37.329922,-24.406893
6.937500,88.078331,-3.547285,32.263859,-23.758286,35.423309,-24.201035
6.943750,94.005341,-3.550272,27.461506,-23.755196,33.277370,-23.936289
6.950000,98.038620,-3.553442,22.799709,-23.750107,30.521803,-23.647474
6.956250,101.800613,-3.556297,18.471746,-23.727919,28.404160,-23.283585
6.962500,104.761116,-3.558158,14.565525,-23.675859,25.140787,-22.902399
6.968750,106.423172,-3.559986,11.119099,-23.590895,21.076689,-22.540165
6.975000,106.353630,-3.562816,8.123648,-23.476990,16.307304,-22.221973
6.981250,104.216385,-3.566404,5.592800,-23.335985,10.926656,-21.962940
6.987500,99.783150,-3.569351,3.539622,-23.169630,5.027486,-21.770594
6.993750,92.933884,-3.570989,1.954780,-22.976112,-1.309747,-21.640913
7.000000,83.660278,-3.572198,0.815479,-22.747751,-8.016603,-21.559645
7.006250,72.077621,-3.573976,0.049583,-22.466633,-13.001896,-21.551785
7.012500,58.424995,-3.576369,1.626763,-22.167749,-17.779510,-21.621868
7.018750,43.048141,-3.579142,3.670891,-21.912113,-21.736570,-21.747248
7.025000,26.376314,-3.581901,4.900826,-21.664427,-24.468704,-21.905581
7.031250,8.901851,-3.584362,7.629608,-21.412708,-25.511082,-22.142746
7.037500,-8.843318,-3.586607,11.016033,-21.209476,-26.021194,-22.401733
7.043750,-26.314695,-3.589004,14.652204,-21.091269,-24.950371,-22.711672
7.050000,-42.980167,-3.591727,18.223572,-21.085587,-22.763783,-23.082800
7.056250,-58.344063,-3.594033,21.452936,-21.208214,-19.717592,-23.517389
7.062500,-71.975800,-3.595062,26.318941,-21.450941,-16.089634,-24.014101
7.068750,-83.538673,-3.595092,29.352200,-21.814262,-12.175610,-24.581575
7.075000,-92.801781,-3.594833,32.434010,-22.290052,-8.231689,-25.181837
7.081250,-99.644028,-3.594421,35.385384,-22.843430,-4.182993,-25.760859
7.087500,-104.062065,-3.593223,38.049995,-23.389416,-2.577667,-26.334316
7.093750,-106.176895,-3.591085,39.849079,-24.026884,0.082435,-26.897020
7.100000,-106.229568,-3.588482,40.564049,-24.677980,1.814489,-27.429049
7.106250,-104.563400,-3.585725,40.284542,-25.305811,2.592235,-27.905479
7.112500,-101.605591,-3.583038,38.797260,-25.894739,2.421443,-28.299965
7.118750,-97.848587,-3.580792,35.903824,-26.451664,1.357447,-28.583389
7.125000,-93.824593,-3.579161,33.338734,-26.871838,-0.468653,-28.714180
7.131250,-87.908875,-3.577706,29.612108,-27.179987,-2.828880,-28.655724
7.137500,-81.994453,-3.576201,25.363995,-27.389372,-7.230004,-28.477188
7.143750,-76.085091,-3.575539,20.871140,-27.506809,-12.049110,-28.156439
7.150000,-70.184486,-3.576658,16.390604,-27.537052,-17.503420,-27.698027
7.156250,-64.287125,-3.579197,12.175205,-27.482702,-23.535055,-27.121019
7.162500,-58.382366,-3.581758,8.450078,-27.348248,-30.003605,-26.454926
7.168750,-52.469627,-3.583774,5.379571,-27.144442,-36.734169,-25.743729
7.175000,-46.555878,-3.586169,3.087795,-26.885963,-43.539257,-25.049334
7.181250,-40.644009,-3.589286,1.661812,-26.588875,-50.352924,-24.351469
7.187500,-34.728687,-3.592517,1.155043,-26.269627,-57.227882,-23.692535
7.193750,-28.806498,-3.595208,1.592303,-25.937073,-61.749821,-23.121408
7.200000,-22.880293,-3.597567,1.078544,-25.579851,-65.424088,-22.669060
7.206250,-16.953201,-3.599877,3.292526,-25.237436,-67.609970,-22.337774
7.212500,-11.024034,-3.601816,5.802776,-24.940235,-69.616394,-22.096506
7.218750,-5.092253,-3.603401,8.792604,-24.681093,-69.824951,-22.015133
7.225000,0.838261,-3.605365,12.043230,-24.458847,-68.378700,-22.059586
7.231250,6.766899,-3.607899,15.332705,-24.269878,-65.485100,-22.207048
7.237500,12.698743,-3.610155,18.408588,-24.111202,-61.545284,-22.431652
7.243750,18.636829,-3.611563,20.986261,-23.992311,-56.982510,-22.698393
7.250000,24.575890,-3.612500,24.999720,-23.908516,-52.264709,-22.955261
7.256250,30.510645,-3.613713,27.065086,-23.849863,-47.934830,-23.193686
7.262500,36.441124,-3.615392,29.134943,-23.814634,-44.910671,-23.434021
7.268750,42.370125,-3.617345,30.960112,-23.810558,-41.168060,-23.627165
7.275000,48.298923,-3.619908,32.382832,-23.817516,-38.322609,-23.733995
7.281250,54.227028,-3.623086,33.417591,-23.806057,-36.340672,-23.755911
7.287500,60.158249,-3.626192,33.745262,-23.783718,-35.121738,-23.697866
7.293750,66.095924,-3.628232,33.251026,-23.733694,-34.428303,-23.564939
7.300000,72.037445,-3.629175,32.000782,-23.613562,-34.009636,-23.368542
7.306250,77.976402,-3.629820,30.472839,-23.506180,-33.631130,-23.127686
7.312500,83.907867,-3.630971,28.995575,-23.382248,-33.079670,-22.868183
7.318750,89.833672,-3.633023,27.639200,-23.234175,-32.180069,-22.621326
7.325000,95.757805,-3.635745,24.891577,-23.072393,-30.852032,-22.407146
7.331250,99.792023,-3.638283,22.847418,-22.892162,-29.203085,-22.227663
7.337500,103.560013,-3.639891,21.488058,-22.690134,-27.216263,-22.114761
7.343750,106.524422,-3.640691,20.558424,-22.492306,-24.956366,-22.092089
7.350000,108.187080,-3.641670,19.867275,-22.317833,-22.668386,-22.154545
7.356250,108.118820,-3.643344,19.316706,-22.175562,-18.746243,-22.262800
7.362500,105.983879,-3.645449,18.811590,-22.069115,-14.911458,-22.464975
7.368750,101.548973,-3.647338,18.236853,-21.995083,-10.535293,-22.746410
7.375000,94.692680,-3.648893,17.464514,-21.947199,-7.771530,-23.068283
7.381250,85.411461,-3.650372,18.474014,-21.920540,-4.956831,-23.395859
7.387500,73.826210,-3.652018,19.673178,-21.922176,-2.326046,-23.696011
7.393750,60.173038,-3.654326,21.201885,-21.971172,1.986297,-23.962063
7.400000,44.793804,-3.657199,23.056852,-22.025341,6.331089,-24.181326
7.406250,28.120913,-3.659857,25.397451,-22.098673,9.196773,-24.334293
7.412500,10.648594,-3.661570,28.348850,-22.207504,12.492904,-24.412260
7.418750,-7.094386,-3.662611,31.774010,-22.361671,15.914273,-24.414467
7.425000,-24.568014,-3.663896,35.431728,-22.568216,19.155560,-24.347918
7.431250,-41.240005,-3.665824,39.059784,-22.831650,21.940714,-24.222326
7.437500,-56.612862,-3.667729,44.567471,-23.149391,24.056728,-24.042294
7.443750,-70.256561,-3.669214,48.460129,-23.514492,25.350292,-23.804033
7.450000,-81.832558,-3.670675,52.651756,-23.902800,25.644773,-23.525293
7.456250,-91.106247,-3.671934,56.805901,-24.319382,24.658594,-23.249624
7.462500,-97.952011,-3.672461,60.359173,-24.790266,22.406025,-22.995342
7.468750,-102.370338,-3.671970,63.139221,-25.309324,19.025848,-22.779186
7.475000,-104.488068,-3.671248,64.992844,-25.867519,14.689069,-22.614109
7.481250,-104.545425,-3.670611,65.903320,-26.422213,9.679735,-22.497253
7.487500,-102.879715,-3.669541,63.813099,-26.971615,4.313332,-22.429417
7.493750,-99.915321,-3.667594,60.210094,-27.510895,-1.105221,-22.410904
7.500000,-96.149239,-3.665510,54.663021,-28.015974,-6.145646,-22.425522
7.506250,-92.118637,-3.664158,49.039921,-28.453470,-10.264702,-22.463240
7.512500,-86.199440,-3.663305,41.694725,-28.811274,-12.766561,-22.532055
7.518750,-80.281021,-3.662267,32.871223,-29.085720,-13.148566,-22.607662
7.525000,-74.365181,-3.661455,23.071932,-29.257708,-10.989605,-22.670851
7.531250,-68.456245,-3.661721,12.799788,-29.318846,-7.710921,-22.717329
7.537500,-62.551949,-3.663009,2.522942,-29.277491,-3.376481,-22.735405
7.543750,-56.646954,-3.664648,-7.278202,-29.141884,3.222351,-22.708002
7.550000,-50.740334,-3.666661,-15.989825,-28.895029,11.138227,-22.645430
7.556250,-44.835415,-3.669619,-23.238434,-28.567028,19.441753,-22.563787
7.562500,-38.930153,-3.673456,-30.641785,-28.185163,27.308439,-22.479012
7.568750,-33.020363,-3.677462,-36.187893,-27.760612,34.001850,-22.413404
7.575000,-27.102816,-3.681022,-40.014194,-27.302353,38.899181,-22.371807
7.581250,-21.180389,-3.684089,-42.093388,-26.864668,41.679825,-22.328585
7.587500,-15.255791,-3.686574,-42.592216,-26.446402,43.931721,-22.314173
7.593750,-9.329371,-3.688382,-41.908096,-26.051577,43.946842,-22.342747
7.600000,-3.403772,-3.689893,-40.311825,-25.686527,42.174301,-22.415056
7.606250,2.517325,-3.691868,-38.021599,-25.356382,39.156933,-22.523333
7.612500,8.436062,-3.694171,-35.265942,-25.059898,35.468185,-22.653551
7.618750,14.357168,-3.696176,-32.267204,-24.792631,31.666849,-22.795534
7.625000,20.280777,-3.697658,-27.118193,-24.547194,28.231539,-22.955942
7.631250,26.201916,-3.699366,-21.462782,-24.320024,25.593348,-23.166765
7.637500,32.119308,-3.701835,-16.982830,-24.106377,24.168312,-23.358801
7.643750,38.035072,-3.704685,-11.854770,-23.894920,23.382784,-23.514307
7.650000,43.953140,-3.707728,-6.394959,-23.650078,24.129414,-23.658636
7.656250,49.871441,-3.711374,-1.081861,-23.363321,26.140202,-23.798943
7.662500,55.788742,-3.716182,3.346893,-23.074972,28.949003,-23.945539
7.668750,61.708389,-3.721777,8.629981,-22.785563,32.023819,-24.099846
7.675000,67.637222,-3.727227,13.124827,-22.496702,34.860138,-24.260794
7.681250,73.575829,-3.731682,16.997429,-22.219963,36.890671,-24.432480
7.687500,79.520615,-3.735316,20.432510,-21.973146,39.400032,-24.619623
7.693750,85.466278,-3.738516,23.655375,-21.776270,40.174896,-24.826473
7.700000,91.411041,-3.741407,25.058115,-21.635199,39.212292,-25.062403
7.706250,95.461754,-3.743877,26.629812,-21.543989,36.589333,-25.342171
7.712500,99.240028,-3.745750,28.037745,-21.510937,32.879902,-25.594919
7.718750,102.211571,-3.747012,28.984375,-21.530760,28.659470,-25.831398
7.725000,103.883919,-3.747632,29.230946,-21.597685,23.704638,-26.081404
7.731250,103.828308,-3.747769,28.417433,-21.733511,18.354416,-26.333212
7.737500,101.701118,-3.747934,26.410685,-21.917210,12.993279,-26.563807
7.743750,97.264603,-3.748564,25.352907,-22.122458,7.938629,-26.743671
7.750000,90.398262,-3.750120,23.758516,-22.329044,3.443634,-26.835917
7.756250,81.105782,-3.752040,21.975172,-22.519802,-0.343694,-26.825817
7.762500,69.512589,-3.753871,20.309309,-22.684565,-3.567023,-26.739752
7.768750,55.854427,-3.755921,18.961126,-22.821693,-6.037602,-26.559519
7.775000,40.468246,-3.758869,18.123760,-22.925932,-7.658463,-26.281525
7.781250,23.783113,-3.762928,17.980469,-22.998173,-8.486794,-25.915955
7.787500,6.298356,-3.767139,18.601601,-23.047068,-8.633401,-25.484810
7.793750,-11.450142,-3.770548,19.984596,-23.081369,-8.210996,-25.015852
7.800000,-28.918564,-3.773160,22.060345,-23.112953,-7.309618,-24.533663
7.806250,-45.580166,-3.775596,24.722404,-23.148985,-5.906394,-24.024906
7.812500,-60.942665,-3.777726,25.972889,-23.186815,-4.073956,-23.474152
7.818750,-74.576668,-3.779058,29.415297,-23.234005,-3.870854,-22.969397
7.825000,-86.142067,-3.779606,32.898678,-23.301153,-2.668938,-22.550343
7.831250,-95.406990,-3.779858,36.151527,-23.412901,-1.539730,-22.206203
7.837500,-102.248940,-3.779883,38.957500,-23.587624,-0.622205,-21.939423
7.843750,-106.665092,-3.778916,41.212734,-23.842014,0.069840,-21.747433
7.850000,-108.777863,-3.777133,42.922688,-24.132866,0.587787,-21.632406
7.856250,-108.830978,-3.775406,44.159363,-24.456442,0.959883,-21.597075
7.862500,-107.165504,-3.774264,44.603615,-24.818775,1.291064,-21.634443
7.868750,-104.203186,-3.772825,42.358826,-25.207422,-0.399485,-21.733021
7.875000,-100.431839,-3.770413,39.113331,-25.596796,-2.509615,-21.874735
7.881250,-96.389351,-3.767537,36.560913,-25.971416,-5.266941,-22.031176
7.887500,-90.460480,-3.765049,32.825306,-26.327961,-8.865366,-22.160397
7.893750,-84.538551,-3.763068,28.142723,-26.646418,-11.453397,-22.309523
7.900000,-78.619232,-3.761311,22.800272,-26.909012,-14.657002,-22.446011
7.906250,-72.704147,-3.760295,17.117420,-27.090714,-17.659143,-22.536484
7.912500,-66.794556,-3.760524,11.432502,-27.176979,-20.190248,-22.588934
7.918750,-60.885704,-3.760524,5.972067,-27.176979,-21.912945,-22.588934
7.925000,-60.885704,-3.760524,5.972067,-27.176979,-21.912945,-22.588934
7.931250,-60.885704,-3.760524,5.972067,-27.176979,-21.912945,-22.588934
7.937500,-60.885704,-3.760524,5.972067,-27.176979,-21.912945,-22.588934
7.943750,-60.885704,-3.760524,5.972067,-27.176979,-21.912945,-22.588934
7.950000,-60.885704,-3.760524,5.972067,-27.176979,-21.912945,-22.588934
7.956250,-60.885704,-3.760524,5.972067,-27.176979,-21.912945,-22.588934
7.962500,-60.885704,-3.760524,5.972067,-27.176979,-21.912945,-22.588934
7.968750,-60.885704,-3.760524,5.972067,-27.176979,-21.912945,-22.588934
7.975000,-60.885704,-3.760524,5.972067,-27.176979,-21.912945,-22.588934
7.981250,-60.885704,-3.760524,5.972067,-27.176979,-21.912945,-22.588934
7.987500,-60.885704,-3.760524,5.972067,-27.176979,-21.912945,-22.588934
7.993750,-60.885704,-3.760524,5.972067,-27.176979,-21.912945,-22.588934
8.000000,-60.885704,-3.760524,5.972067,-27.176979,-21.912945,-22.588934
