Anritsu VNA Frequency[GHz],S21[deg],S21[dB],S11[deg],S11[dB],S22[deg],S22[dB]
1338064833.15,2012_05_26_21:40:33,+46.912,+98.095,+80.323,+98.430,+103.69,+105.63,+101.90,+103.19,102.532455,-10.957
3.006250,39.257286,-2.168205,64.132805,-27.042072,-82.384834,-27.984337
3.012500,39.257286,-2.168205,64.132805,-27.042072,-82.384834,-27.984337
3.018750,39.257286,-2.168205,64.132805,-27.042072,-82.384834,-27.984337
3.025000,39.257286,-2.168205,64.132805,-27.042072,-82.384834,-27.984337
3.031250,39.257286,-2.168205,64.132805,-27.042072,-82.384834,-27.984337
3.037500,39.257286,-2.168205,64.132805,-27.042072,-82.384834,-27.984337
3.043750,39.257286,-2.168205,64.132805,-27.042072,-82.384834,-27.984337
3.050000,39.257286,-2.168205,64.132805,-27.042072,-82.384834,-27.984337
3.056250,39.257286,-2.168205,64.132805,-27.042072,-82.384834,-27.984337
3.062500,39.257286,-2.168205,64.132805,-27.042072,-82.384834,-27.984337
3.068750,39.257286,-2.168205,64.132805,-27.042072,-82.384834,-27.984337
3.075000,39.257286,-2.168205,64.132805,-27.042072,-82.384834,-27.984337
3.081250,39.257286,-2.168205,64.132805,-27.042072,-82.384834,-27.984337
3.087500,39.257286,-2.168205,64.132805,-27.042072,-82.384834,-27.984337
3.093750,39.257286,-2.170490,64.132805,-26.843077,-82.384834,-27.746616
3.100000,45.177372,-2.173142,60.931728,-26.678259,-82.421051,-27.513029
3.106250,51.097355,-2.175884,56.863476,-26.577049,-81.583412,-27.285599
3.112500,57.018032,-2.178697,52.381367,-26.553488,-79.599251,-27.044701
3.118750,62.938393,-2.181648,46.091473,-26.592979,-76.238068,-26.720173
3.125000,68.857765,-2.184788,40.875896,-26.617563,-71.537979,-26.417942
3.131250,74.776413,-2.187991,36.236004,-26.667147,-65.642654,-26.091171
3.137500,80.694130,-2.191499,32.334034,-26.746586,-58.101490,-25.726885
3.143750,86.609970,-2.195561,29.365383,-26.850582,-49.023708,-25.332905
3.150000,92.526352,-2.199880,27.507174,-26.965899,-38.547386,-24.923084
3.156250,96.550720,-2.204022,26.872816,-27.078823,-28.728323,-24.516819
3.162500,100.304214,-2.207854,27.520992,-27.174839,-18.132345,-24.138308
3.168750,103.252037,-2.211680,29.462393,-27.241602,-7.489511,-23.825928
3.175000,104.900978,-2.215720,32.713131,-27.260643,2.535299,-23.567881
3.181250,104.825546,-2.219863,35.483109,-27.217907,11.863690,-23.326939
3.187500,102.686783,-2.223781,39.324039,-27.125992,19.495253,-23.139305
3.193750,98.247467,-2.227468,43.496826,-26.994188,25.129951,-23.024330
3.200000,91.385139,-2.230863,47.396873,-26.828596,28.668762,-22.988024
3.206250,82.099998,-2.233815,50.528217,-26.638451,30.053463,-23.029200
3.212500,70.512444,-2.236583,52.468727,-26.436886,29.330795,-23.153423
3.218750,56.857895,-2.239496,52.897030,-26.235821,26.663643,-23.369116
3.225000,41.477680,-2.242336,53.798218,-26.034225,22.011646,-23.587185
3.231250,24.801434,-2.244695,53.725582,-25.831335,15.728257,-23.826796
3.237500,7.320173,-2.246728,51.206814,-25.630281,10.191787,-24.084600
3.243750,-10.437455,-2.248989,48.346912,-25.417114,4.001498,-24.341024
3.250000,-27.925554,-2.251813,45.061676,-25.208466,-2.130913,-24.575008
3.256250,-44.607826,-2.254832,41.014824,-25.037989,-7.597820,-24.778349
3.262500,-59.989372,-2.257532,36.365467,-24.889702,-11.844675,-24.940847
3.268750,-73.644547,-2.259867,31.116909,-24.758938,-14.331041,-25.051708
3.275000,-85.235519,-2.262240,25.171314,-24.644583,-14.669652,-25.106995
3.281250,-94.526627,-2.265001,18.430531,-24.539169,-12.622637,-25.109182
3.287500,-101.394279,-2.268142,10.804880,-24.430862,-8.120188,-25.066854
3.293750,-105.836220,-2.271383,2.247347,-24.292997,-1.268570,-24.981337
3.300000,-107.973473,-2.274493,-5.104930,-24.121035,7.707253,-24.853451
3.306250,-108.042549,-2.277320,-13.421851,-23.993610,18.442513,-24.703215
3.312500,-106.384979,-2.279895,-21.760239,-23.879478,30.424324,-24.558758
3.318750,-103.428810,-2.282386,-29.751371,-23.780685,43.066002,-24.442539
3.325000,-99.666199,-2.284662,-37.134808,-23.710629,55.753178,-24.368330
3.331250,-95.629372,-2.286637,-43.666576,-23.688150,67.864227,-24.342754
3.337500,-89.696823,-2.288175,-49.166328,-23.755125,80.946640,-24.368036
3.343750,-83.763832,-2.289354,-53.513123,-23.904724,93.070000,-24.436380
3.350000,-77.831345,-2.290173,-57.438499,-24.078964,102.371773,-24.511860
3.356250,-71.899338,-2.290680,-60.352657,-24.337818,110.496994,-24.606674
3.362500,-65.969200,-2.291035,-60.516224,-24.711769,116.346680,-24.767447
3.368750,-60.041039,-2.291136,-59.657459,-25.192879,119.950691,-24.975508
3.375000,-54.113480,-2.290727,-57.673782,-25.759441,120.989807,-25.249685
3.381250,-48.187687,-2.289907,-54.588223,-26.382116,119.307388,-25.549160
3.387500,-42.267330,-2.289356,-50.510139,-27.026445,115.394478,-25.837845
3.393750,-36.353268,-2.289518,-45.612453,-27.651720,108.910660,-26.119917
3.400000,-30.442205,-2.290110,-40.114433,-28.215998,100.298775,-26.362953
3.406250,-24.530487,-2.290582,-34.332603,-28.694941,90.547401,-26.632275
3.412500,-18.619007,-2.291102,-28.603453,-29.066296,80.444496,-26.886700
3.418750,-12.711716,-2.292410,-22.889091,-29.306936,68.520424,-27.100889
3.425000,-6.807828,-2.294655,-17.190371,-29.408201,57.063210,-27.265879
3.431250,-0.901959,-2.297109,-11.789244,-29.375948,46.508877,-27.383078
3.437500,5.007899,-2.299427,-6.896704,-29.207943,37.310574,-27.458736
3.443750,10.917654,-2.302238,-2.519634,-28.888241,30.057798,-27.445808
3.450000,16.825758,-2.306014,1.066278,-28.453638,23.169821,-27.361015
3.456250,22.736889,-2.310082,3.755445,-27.940119,18.371216,-27.217701
3.462500,28.656036,-2.313606,5.650740,-27.386881,15.343612,-27.019053
3.468750,34.580627,-2.316467,6.967192,-26.835293,13.757794,-26.763264
3.475000,40.505772,-2.319062,7.955374,-26.335209,13.268883,-26.461569
3.481250,46.430019,-2.321649,8.941747,-25.889776,13.486924,-26.128668
3.487500,52.353302,-2.324347,8.756800,-25.485933,14.023622,-25.761480
3.493750,58.275711,-2.327427,9.014599,-25.167072,14.470428,-25.363880
3.500000,64.197502,-2.330892,9.534116,-24.946177,14.394300,-24.947104
3.506250,70.121582,-2.334281,10.245052,-24.815901,13.459473,-24.521748
3.512500,76.049721,-2.336939,11.071068,-24.753437,11.399090,-24.097208
3.518750,81.978485,-2.339327,11.955319,-24.699820,8.018225,-23.679182
3.525000,87.901955,-2.342449,12.845241,-24.636858,3.174491,-23.273802
3.531250,93.820923,-2.346686,14.581700,-24.608788,-1.084088,-22.894299
3.537500,97.846489,-2.351295,16.563683,-24.559666,-6.192688,-22.556681
3.543750,101.604553,-2.355556,18.929560,-24.473808,-11.698410,-22.270977
3.550000,104.560463,-2.359873,21.860586,-24.334726,-17.310892,-21.997936
3.556250,106.217529,-2.364782,23.710100,-24.131046,-22.657194,-21.715862
3.562500,106.151863,-2.369994,26.123390,-23.886856,-27.356455,-21.472786
3.568750,104.028549,-2.374557,28.599649,-23.628601,-31.905033,-21.315504
3.575000,99.611870,-2.377818,30.744749,-23.382427,-35.895401,-21.237553
3.581250,92.775223,-2.379971,32.179974,-23.180622,-39.516697,-21.263733
3.587500,83.513771,-2.381605,32.568752,-23.059242,-41.328289,-21.342020
3.593750,71.948341,-2.382880,31.716043,-23.022150,-43.492691,-21.486238
3.600000,58.319725,-2.383217,31.750563,-23.068016,-45.528858,-21.716301
3.606250,42.969158,-2.382280,31.029526,-23.214563,-47.371613,-22.027662
3.612500,26.319891,-2.380459,29.955885,-23.457361,-49.035885,-22.396299
3.618750,8.859892,-2.378239,28.945185,-23.798006,-50.618290,-22.791183
3.625000,-8.877000,-2.375489,28.197775,-24.256708,-52.476582,-23.243710
3.631250,-26.342966,-2.371948,28.189758,-24.800894,-52.632530,-23.724764
3.637500,-43.007847,-2.368051,29.277014,-25.394749,-52.463589,-24.203733
3.643750,-58.383751,-2.364445,31.621840,-26.000673,-51.689407,-24.657696
3.650000,-72.043243,-2.361526,33.369705,-26.575947,-50.144325,-25.068369
3.656250,-83.642830,-2.359275,36.082119,-27.061094,-47.730141,-25.417736
3.662500,-92.943954,-2.357679,39.007801,-27.444290,-44.413773,-25.696892
3.668750,-99.824593,-2.356958,43.103672,-27.740303,-40.270859,-25.909227
3.675000,-104.283348,-2.356917,46.557327,-27.912489,-35.436089,-26.057106
3.681250,-106.439255,-2.357133,49.161583,-27.951237,-30.062874,-26.139303
3.687500,-106.530128,-2.357759,50.672783,-27.863224,-24.383842,-26.158838
3.693750,-104.899666,-2.359537,50.915638,-27.672289,-18.678928,-26.124889
3.700000,-101.973717,-2.362470,49.824299,-27.402456,-13.229694,-26.050764
3.706250,-98.238670,-2.365746,47.578339,-27.050623,-8.251037,-25.939770
3.712500,-94.224579,-2.368728,44.217594,-26.658247,-3.857948,-25.784700
3.718750,-88.313911,-2.371897,37.932163,-26.262133,-0.211831,-25.590219
3.725000,-82.404343,-2.375671,30.620901,-25.885534,2.634866,-25.362665
3.731250,-76.493401,-2.379584,22.063581,-25.561502,4.958688,-25.151077
3.737500,-70.576935,-2.383050,14.184675,-25.326126,7.028591,-24.970194
3.743750,-64.657249,-2.386130,5.658773,-25.177580,8.997648,-24.838697
3.750000,-58.737694,-2.389153,-2.914418,-25.104002,11.354711,-24.711355
3.756250,-52.819313,-2.392082,-11.079782,-25.099672,12.898403,-24.573124
3.762500,-46.900112,-2.394742,-18.413143,-25.148148,15.415314,-24.414963
3.768750,-40.980812,-2.397306,-24.464136,-25.215603,16.898581,-24.296896
3.775000,-35.062870,-2.400099,-28.932396,-25.297695,19.018410,-24.217087
3.781250,-29.145966,-2.402936,-31.730293,-25.393900,21.047230,-24.155846
3.787500,-23.227917,-2.405488,-32.518246,-25.480385,22.638355,-24.104006
3.793750,-17.310438,-2.407986,-31.156553,-25.557608,23.508183,-24.062443
3.800000,-11.394869,-2.410849,-29.516169,-25.609690,23.472498,-24.027170
3.806250,-5.480752,-2.414056,-25.468744,-25.563936,22.525307,-23.965321
3.812500,0.433951,-2.417447,-20.221235,-25.467136,20.630194,-23.874914
3.818750,6.348546,-2.421149,-14.440949,-25.337055,17.678732,-23.764271
3.825000,12.263046,-2.425264,-8.690238,-25.186781,13.786053,-23.639166
3.831250,18.180431,-2.429284,-1.340071,-25.029213,9.213886,-23.506912
3.837500,24.101322,-2.432834,5.768067,-24.877052,4.292642,-23.388338
3.843750,30.022766,-2.436412,12.748624,-24.732897,-0.605626,-23.296587
3.850000,35.941711,-2.440410,17.893372,-24.587755,-4.598087,-23.154554
3.856250,41.861259,-2.444410,22.911932,-24.449419,-9.570769,-23.013386
3.862500,47.784561,-2.447808,27.346298,-24.319445,-13.563438,-22.887590
3.868750,53.708057,-2.451023,30.848768,-24.189901,-16.638229,-22.777857
3.875000,59.626217,-2.455108,33.113735,-24.040823,-18.905855,-22.676636
3.881250,65.540421,-2.460397,33.855614,-23.856300,-20.531355,-22.569468
3.887500,71.457558,-2.465873,32.652878,-23.658318,-21.776686,-22.452606
3.893750,77.381523,-2.470900,29.356590,-23.430626,-23.019598,-22.333952
3.900000,83.308029,-2.475971,26.125259,-23.159609,-24.556501,-22.208246
3.906250,89.231812,-2.481997,21.538517,-22.842800,-26.687485,-22.072819
3.912500,95.155098,-2.489001,16.077255,-22.482269,-27.864449,-21.923792
3.918750,99.189034,-2.496480,10.226625,-22.084585,-30.044075,-21.752239
3.925000,102.957825,-2.503825,4.389348,-21.670252,-33.019001,-21.536140
3.931250,105.928940,-2.510813,-1.086299,-21.265600,-36.679302,-21.322575
3.937500,107.608444,-2.517361,-5.817831,-20.892550,-38.974621,-21.139568
3.943750,107.568680,-2.523410,-9.475415,-20.573353,-40.850925,-20.990591
3.950000,105.469902,-2.528488,-11.835683,-20.329208,-41.672958,-20.886713
3.956250,101.074875,-2.532056,-12.784439,-20.178711,-40.921421,-20.841587
3.962500,94.260315,-2.533978,-12.287865,-20.132645,-38.173981,-20.867378
3.968750,85.022400,-2.534511,-10.375586,-20.191383,-33.108173,-20.972975
3.975000,73.480019,-2.533782,-9.030900,-20.333002,-25.542032,-21.167704
3.981250,59.868771,-2.531849,-4.625961,-20.555931,-17.329687,-21.496265
3.987500,44.528286,-2.528803,0.108712,-20.909695,-6.718693,-21.856085
3.993750,27.883961,-2.524918,5.512358,-21.328833,5.492098,-22.311230
4.000000,10.427090,-2.520409,11.149370,-21.805799,18.315950,-22.871181
4.006250,-7.309745,-2.515237,16.607618,-22.328161,31.037863,-23.548571
4.012500,-24.781784,-2.509748,21.602951,-22.872570,42.880238,-24.294882
4.018750,-41.458363,-2.504706,25.889683,-23.410219,52.396721,-25.019213
4.025000,-56.847885,-2.500449,29.218386,-23.920704,61.370693,-25.715189
4.031250,-70.518623,-2.496769,31.589380,-24.397346,66.823990,-26.447123
4.037500,-82.127899,-2.493533,33.128143,-24.822401,71.032021,-27.154539
4.043750,-91.441055,-2.491355,33.763229,-25.182175,72.625381,-27.804581
4.050000,-98.335098,-2.490433,33.428230,-25.473171,72.108238,-28.377188
4.056250,-102.805046,-2.490004,32.127010,-25.691166,70.096626,-28.859913
4.062500,-104.969673,-2.489366,30.031776,-25.814886,65.445183,-29.229952
4.068750,-105.070892,-2.489319,27.277205,-25.853004,60.635216,-29.464378
4.075000,-103.455048,-2.491048,23.986504,-25.821835,55.855247,-29.565788
4.081250,-100.543579,-2.494220,20.459087,-25.733639,51.356583,-29.537481
4.087500,-96.819595,-2.497411,17.076546,-25.596371,47.488789,-29.380007
4.093750,-92.813797,-2.500006,12.365408,-25.416426,42.463055,-29.096853
4.100000,-86.913017,-2.502697,8.365997,-25.204454,37.989708,-28.703587
4.106250,-81.016342,-2.506262,4.980481,-24.967512,33.890663,-28.232334
4.112500,-75.121056,-2.510513,2.172164,-24.701988,30.051075,-27.675537
4.118750,-69.222923,-2.515200,-0.152905,-24.414103,26.605875,-27.032497
4.125000,-63.322796,-2.520406,-2.187808,-24.118031,23.143036,-26.348244
4.131250,-57.421257,-2.526251,-4.057289,-23.824554,19.565205,-25.655745
4.137500,-51.515682,-2.532333,-5.830503,-23.539062,15.875222,-24.980631
4.143750,-45.604313,-2.538226,-7.554490,-23.262945,12.105969,-24.342125
4.150000,-39.689358,-2.544089,-9.287716,-22.996534,8.285281,-23.754715
4.156250,-33.773438,-2.550350,-8.934662,-22.738623,4.449802,-23.222097
4.162500,-27.856274,-2.556974,-7.929684,-22.485401,2.788892,-22.716995
4.168750,-21.935713,-2.563757,-7.751915,-22.226349,1.641575,-22.323185
4.175000,-16.011564,-2.570695,-6.474370,-21.971668,-0.101122,-21.986917
4.181250,-10.083210,-2.577588,-4.441366,-21.730368,-0.579408,-21.712629
4.187500,-4.149979,-2.584216,-1.946574,-21.509140,-0.013958,-21.470907
4.193750,1.787819,-2.590408,0.690195,-21.314768,1.412549,-21.278736
4.200000,7.729424,-2.596038,3.142076,-21.154785,4.278693,-21.190409
4.206250,13.674671,-2.600822,5.090966,-21.036493,5.635148,-21.186314
4.212500,19.622644,-2.604442,8.430615,-20.961329,8.421960,-21.208998
4.218750,25.570362,-2.607238,11.601558,-20.919453,10.208558,-21.255228
4.225000,31.514843,-2.609680,14.902351,-20.903830,11.130769,-21.333811
4.231250,37.455185,-2.611888,16.679373,-20.905125,11.043223,-21.436426
4.237500,43.393368,-2.613810,18.774002,-20.915405,9.764063,-21.544239
4.243750,49.329132,-2.615360,20.722752,-20.951200,9.232431,-21.653492
4.250000,55.263615,-2.616519,22.139513,-21.003637,7.814158,-21.767874
4.256250,61.196407,-2.617195,22.732609,-21.054235,5.946335,-21.872047
4.262500,67.124725,-2.617782,22.119871,-21.088045,4.038793,-21.952749
4.268750,73.046272,-2.618977,19.946850,-21.093410,2.427362,-21.996603
4.275000,78.960754,-2.621259,18.071764,-21.063578,1.401134,-21.993803
4.281250,84.873528,-2.624188,14.862088,-20.988737,1.208081,-21.932600
4.287500,90.787666,-2.627553,10.585180,-20.861282,2.033281,-21.788698
4.293750,96.701363,-2.631914,5.445243,-20.694365,3.876187,-21.589748
4.300000,100.718643,-2.637687,-0.331664,-20.495996,6.351192,-21.367672
4.306250,104.467514,-2.643944,-6.394904,-20.268293,9.607899,-21.113449
4.312500,107.421082,-2.649591,-12.458392,-20.019403,13.488968,-20.832335
4.318750,109.084236,-2.654718,-18.277021,-19.760714,17.729990,-20.535353
4.325000,109.022171,-2.660302,-23.647591,-19.509962,22.029524,-20.238949
4.331250,106.894325,-2.666445,-28.405212,-19.287121,26.076494,-19.958675
4.337500,102.470451,-2.672167,-32.406658,-19.119516,29.596140,-19.703465
4.343750,95.631798,-2.676853,-35.567719,-19.022684,32.345310,-19.453041
4.350000,86.374329,-2.680644,-36.903137,-18.932821,34.071667,-19.255571
4.356250,74.817184,-2.683505,-37.019173,-18.938414,36.273705,-19.142860
4.362500,61.197353,-2.684937,-35.756847,-19.047358,37.756397,-19.122458
4.368750,45.854385,-2.685029,-33.062397,-19.255585,38.918823,-19.219532
4.375000,29.209610,-2.684565,-29.021244,-19.553743,40.128872,-19.424633
4.381250,11.754136,-2.683614,-23.805319,-19.924324,41.211609,-19.668123
4.387500,-5.975690,-2.681544,-17.643372,-20.343798,43.056850,-19.958096
4.393750,-23.433588,-2.678465,-10.855698,-20.792330,43.974331,-20.338182
4.400000,-40.094288,-2.675434,-3.837201,-21.256714,45.728485,-20.795118
4.406250,-55.465538,-2.672741,1.155130,-21.720652,47.775200,-21.296928
4.412500,-69.115906,-2.669762,7.583975,-22.167421,49.806526,-21.820524
4.418750,-80.703087,-2.666328,13.266546,-22.586142,51.596462,-22.348148
4.425000,-89.994110,-2.663296,18.016457,-22.937357,53.010956,-22.845955
4.431250,-96.870018,-2.661224,21.807705,-23.195723,54.058033,-23.271713
4.437500,-101.326065,-2.659630,24.388206,-23.369743,54.573391,-23.615870
4.443750,-103.481194,-2.658194,25.767349,-23.466146,54.492996,-23.869854
4.450000,-103.575119,-2.657708,26.124708,-23.486580,53.917400,-24.024252
4.456250,-101.950752,-2.658796,25.715122,-23.433704,53.008659,-24.074440
4.462500,-99.029633,-2.660921,24.863781,-23.314896,51.941471,-24.022118
4.468750,-95.298233,-2.663385,23.976353,-23.144720,50.930058,-23.879541
4.475000,-91.291260,-2.666497,21.609610,-22.938097,50.233452,-23.665033
4.481250,-85.389664,-2.670441,19.947821,-22.684595,48.451450,-23.338953
4.487500,-79.484367,-2.674703,18.883667,-22.407228,47.416145,-22.943100
4.493750,-73.573883,-2.678783,18.196571,-22.131832,46.671650,-22.513077
4.500000,-67.662506,-2.683604,17.799906,-21.875404,45.989693,-22.075436
4.506250,-61.753391,-2.689909,17.645082,-21.645056,45.175591,-21.649195
4.512500,-55.839790,-2.696805,17.683508,-21.436357,44.039162,-21.248491
4.518750,-49.913731,-2.702849,17.851370,-21.224676,42.376125,-20.884924
4.525000,-43.977444,-2.707769,18.059134,-20.986038,39.951191,-20.583780
4.531250,-38.039890,-2.712677,19.511770,-20.827967,36.427448,-20.376606
4.537500,-32.104519,-2.718079,21.305149,-20.701172,33.085495,-20.201696
4.543750,-26.164965,-2.723367,21.990446,-20.573765,28.362162,-20.086138
4.550000,-20.217714,-2.727809,23.310589,-20.464653,22.723526,-20.016048
4.556250,-14.264224,-2.731264,24.796371,-20.396286,16.459698,-20.000179
4.562500,-8.309064,-2.734120,26.105692,-20.388128,10.507227,-20.105032
4.568750,-2.353034,-2.736508,26.925903,-20.462704,4.755181,-20.324303
4.575000,3.604936,-2.738088,26.964293,-20.658524,-0.563580,-20.604118
4.581250,9.566427,-2.738567,25.978342,-20.966974,-5.484804,-20.927809
4.587500,15.528572,-2.737767,24.891182,-21.338612,-9.309383,-21.318310
4.593750,21.489323,-2.735931,23.063187,-21.813578,-11.898897,-21.772413
4.600000,27.446186,-2.733342,20.523325,-22.396330,-13.257776,-22.272976
4.606250,33.398548,-2.729889,17.277922,-23.126694,-13.537311,-22.814013
4.612500,39.346153,-2.725497,13.480671,-23.927256,-13.052504,-23.395098
4.618750,45.285160,-2.720994,9.495656,-24.793215,-11.982319,-23.991697
4.625000,51.213039,-2.717183,5.203615,-25.709482,-10.609113,-24.587357
4.631250,57.134247,-2.713628,0.830293,-26.645081,-9.279199,-25.168579
4.637500,63.053772,-2.709307,-3.384698,-27.560862,-8.368481,-25.721849
4.643750,68.969589,-2.704517,-7.202382,-28.408060,-8.250216,-26.216356
4.650000,74.873131,-2.700692,-12.308802,-29.132608,-9.300340,-26.610861
4.656250,80.761841,-2.698907,-14.780572,-29.689177,-11.830794,-26.876511
4.662500,86.643173,-2.698799,-16.554647,-30.070160,-14.218550,-27.058168
4.668750,92.523430,-2.699944,-17.628090,-30.252478,-18.105011,-27.133837
4.675000,96.509056,-2.702482,-17.941568,-30.220732,-23.089052,-27.091618
4.681250,100.221443,-2.706398,-17.570412,-29.973835,-28.919918,-26.929163
4.687500,103.131355,-2.711203,-16.675158,-29.530819,-35.346069,-26.655207
4.693750,104.747025,-2.716945,-15.466826,-28.927511,-42.088245,-26.282207
4.700000,104.638351,-2.724456,-14.191677,-28.208221,-48.802113,-25.816750
4.706250,102.465889,-2.733824,-13.281205,-27.368237,-55.118416,-25.255234
4.712500,98.002106,-2.743520,-13.133327,-26.447372,-60.652664,-24.605263
4.718750,91.130920,-2.752202,-13.915793,-25.503702,-66.776100,-23.966652
4.725000,81.845482,-2.760241,-14.023647,-24.613556,-71.903580,-23.349730
4.731250,70.259315,-2.768454,-15.166747,-23.806540,-76.282898,-22.791307
4.737500,56.610985,-2.776465,-17.079248,-23.100857,-80.054993,-22.281366
4.743750,41.247395,-2.783089,-19.577137,-22.509354,-83.679749,-21.801189
4.750000,24.592661,-2.788368,-22.465420,-22.031305,-86.930428,-21.357777
4.756250,7.131004,-2.793229,-25.511379,-21.633436,-87.933014,-21.006866
4.762500,-10.605899,-2.797535,-28.473413,-21.318546,-88.047791,-20.770435
4.768750,-28.066813,-2.800749,-29.920031,-21.131845,-87.287338,-20.622131
4.775000,-44.720695,-2.802807,-30.343719,-21.020334,-85.283913,-20.546650
4.781250,-60.080063,-2.804297,-29.199211,-20.949245,-81.687988,-20.535435
4.787500,-73.720329,-2.805657,-27.928740,-20.868328,-76.203575,-20.581867
4.793750,-85.299500,-2.807064,-24.715836,-20.802996,-70.378555,-20.631355
4.800000,-94.579681,-2.808581,-20.037123,-20.731470,-62.507778,-20.688181
4.806250,-101.437309,-2.810255,-14.203371,-20.645655,-53.260403,-20.747355
4.812500,-105.872597,-2.811990,-7.735748,-20.544262,-43.162613,-20.795351
4.818750,-108.005630,-2.813967,-1.158927,-20.427135,-32.726112,-20.814583
4.825000,-108.075676,-2.816690,5.004770,-20.300066,-22.429293,-20.804537
4.831250,-106.421692,-2.820169,12.409781,-20.176632,-12.699808,-20.781305
4.837500,-103.464813,-2.823109,19.255585,-20.074265,-3.944363,-20.755793
4.843750,-99.695023,-2.825014,23.852200,-19.981796,3.719980,-20.671444
4.850000,-95.653236,-2.826899,28.130817,-19.894953,10.087707,-20.555138
4.856250,-89.723808,-2.830143,31.608753,-19.833313,14.885318,-20.428576
4.862500,-83.796684,-2.834155,33.990833,-19.806690,18.195858,-20.305016
4.868750,-77.861351,-2.837416,35.144474,-19.808193,20.223240,-20.187584
4.875000,-71.918465,-2.839555,35.033810,-19.818907,21.230925,-20.077293
4.881250,-65.976730,-2.841564,33.703438,-19.813665,21.466619,-19.979895
4.887500,-60.039608,-2.843992,31.475821,-19.823147,21.194517,-19.901001
4.893750,-54.103962,-2.846611,28.707561,-19.842352,20.686468,-19.845795
4.900000,-48.166801,-2.849177,25.484480,-19.865004,20.200258,-19.813206
4.906250,-42.228722,-2.851710,22.108543,-19.894403,19.975283,-19.792339
4.912500,-36.289749,-2.854104,18.813705,-19.911028,20.206743,-19.757145
4.918750,-30.349367,-2.856236,15.827553,-19.921152,21.173006,-19.727419
4.925000,-24.409485,-2.858632,13.555623,-19.947525,23.507320,-19.737427
4.931250,-18.470106,-2.861314,12.187511,-20.007221,27.067863,-19.774021
4.937500,-12.527133,-2.863423,11.813228,-20.109070,29.782711,-19.836544
4.943750,-6.576494,-2.864153,12.447511,-20.259525,33.157070,-19.929943
4.950000,-0.625607,-2.864079,14.051025,-20.457150,36.799587,-20.057703
4.956250,5.319932,-2.864207,16.547102,-20.694736,40.335728,-20.224377
4.962500,11.261170,-2.864336,17.899227,-20.957155,43.375813,-20.455132
4.968750,17.204557,-2.863652,21.716167,-21.222927,45.541740,-20.668182
4.975000,23.148006,-2.862398,25.754194,-21.513155,47.425228,-20.902866
4.981250,29.087122,-2.861270,29.716972,-21.812057,48.093533,-21.182281
4.987500,35.022888,-2.859846,33.468910,-22.105455,47.642570,-21.500605
4.993750,40.960392,-2.857306,36.731064,-22.387011,46.002838,-21.854210
5.000000,46.894676,-2.854197,39.272579,-22.648151,43.106785,-22.238462
5.006250,52.818211,-2.851928,40.933029,-22.876812,38.913368,-22.646700
5.012500,58.732307,-2.850672,41.596523,-23.056196,35.216114,-23.032606
5.018750,64.645966,-2.849494,41.197159,-23.161060,30.220192,-23.345425
5.025000,70.561279,-2.848013,39.896103,-23.206909,24.361679,-23.645496
5.031250,76.473465,-2.846834,37.764931,-23.212742,18.083960,-23.917006
5.037500,82.379013,-2.846252,34.969814,-23.177637,11.980914,-24.141933
5.043750,88.282356,-2.846098,31.589745,-23.125444,6.383323,-24.312103
5.050000,94.183319,-2.846620,27.665192,-23.127909,1.578777,-24.422823
5.056250,98.186409,-2.848343,24.196846,-23.040787,-2.126135,-24.461250
5.062500,101.916595,-2.850566,20.502459,-22.970707,-4.461720,-24.421318
5.068750,104.847214,-2.852139,16.951889,-22.942404,-5.276019,-24.308289
5.075000,106.482292,-2.853379,12.037709,-22.959435,-4.429105,-24.127966
5.081250,106.385086,-2.856003,7.757376,-23.008844,-1.789510,-23.885586
5.087500,104.215149,-2.860418,3.945180,-23.068687,2.732438,-23.591295
5.093750,99.747505,-2.865168,0.540440,-23.146889,9.130986,-23.265150
5.100000,92.865303,-2.869271,-2.495583,-23.232494,17.246080,-22.933464
5.106250,83.561340,-2.873618,-5.423497,-23.300627,26.605398,-22.562670
5.112500,71.951057,-2.879149,-8.366302,-23.329445,36.811440,-22.183159
5.118750,58.277382,-2.885136,-11.392415,-23.304941,47.646679,-21.822830
5.125000,42.886234,-2.890640,-14.563231,-23.219687,58.555672,-21.497330
5.131250,26.202906,-2.895979,-17.903154,-23.068239,68.909569,-21.213276
5.137500,8.712859,-2.901938,-21.413879,-22.849714,78.083290,-20.967884
5.143750,-9.049183,-2.908358,-22.922583,-22.568583,85.502487,-20.727036
5.150000,-26.532227,-2.914571,-23.777729,-22.236132,90.688721,-20.585590
5.156250,-43.201931,-2.920309,-25.360966,-21.860783,94.651596,-20.465803
5.162500,-58.569469,-2.925714,-25.521912,-21.444548,96.686943,-20.377310
5.168750,-72.207809,-2.930623,-24.494839,-21.014708,96.680107,-20.330757
5.175000,-83.776398,-2.934664,-22.550781,-20.597012,95.096985,-20.323612
5.181250,-93.038948,-2.937808,-19.934685,-20.212097,92.531143,-20.343716
5.187500,-99.875862,-2.940048,-16.928493,-19.879755,89.665604,-20.373533
5.193750,-104.288269,-2.941601,-13.846409,-19.619820,85.144600,-20.434849
5.200000,-106.399559,-2.942584,-11.012105,-19.453215,81.268753,-20.597807
5.206250,-106.448067,-2.943363,-6.530454,-19.391373,78.231293,-20.723745
5.212500,-104.773758,-2.943996,-1.894417,-19.406370,74.979095,-20.853001
5.218750,-101.800354,-2.944044,1.281719,-19.498611,72.719604,-21.003143
5.225000,-98.019897,-2.943110,4.760169,-19.650579,71.302391,-21.174067
5.231250,-93.967171,-2.941326,8.289831,-19.782696,70.520950,-21.361292
5.237500,-88.024696,-2.939142,10.577231,-20.048752,70.061096,-21.572800
5.243750,-82.089508,-2.937133,12.054450,-20.364553,69.550491,-21.813683
5.250000,-76.162506,-2.935992,12.279378,-20.709532,68.660789,-22.077951
5.256250,-70.241051,-2.935658,12.962862,-21.065922,67.051720,-22.359972
5.262500,-64.318222,-2.934965,12.329638,-21.415716,64.416710,-22.652731
5.268750,-58.392532,-2.933347,10.614107,-21.752798,60.491146,-22.942287
5.275000,-52.473297,-2.932138,8.071754,-22.073086,55.008713,-23.211102
5.281250,-46.566883,-2.932980,4.905440,-22.369541,47.790680,-23.435390
5.287500,-40.667007,-2.935283,1.296732,-22.633759,39.024956,-23.657478
5.293750,-34.760548,-2.937138,-2.589343,-22.858940,28.924006,-23.858355
5.300000,-28.848358,-2.938370,-6.584030,-23.036367,17.529245,-24.016083
5.306250,-22.942879,-2.940840,-10.500729,-23.154465,5.188895,-24.115694
5.312500,-17.047323,-2.945397,-14.183315,-23.206371,-7.659505,-24.148512
5.318750,-11.150427,-2.951077,-17.506924,-23.186773,-20.548801,-24.108021
5.325000,-5.244966,-2.957025,-20.358946,-23.091572,-32.991920,-23.985407
5.331250,0.666916,-2.963561,-22.687471,-22.928259,-44.549572,-23.767115
5.337500,6.582515,-2.970811,-22.357607,-22.750774,-55.035202,-23.520298
5.343750,12.508190,-2.977602,-22.519064,-22.496933,-63.858376,-23.214417
5.350000,18.444889,-2.983388,-20.972361,-22.226192,-70.987785,-22.894436
5.356250,24.386566,-2.989023,-18.114559,-21.971424,-76.277977,-22.595716
5.362500,30.329609,-2.994832,-14.079984,-21.756899,-79.650604,-22.356014
5.368750,36.280724,-2.999731,-9.065062,-21.599667,-81.207886,-22.178686
5.375000,42.242867,-3.002537,-3.293457,-21.505205,-81.272034,-22.044455
5.381250,48.209229,-3.003959,2.965858,-21.469603,-79.974953,-21.909990
5.387500,54.172188,-3.004772,9.375335,-21.484722,-77.775597,-21.913630
5.393750,60.133774,-3.004384,13.567904,-21.576151,-73.793739,-22.024494
5.400000,66.096619,-3.002175,18.949005,-21.737598,-69.445793,-22.227587
5.406250,72.054718,-2.999009,23.467871,-21.950012,-65.014595,-22.522137
5.412500,78.001213,-2.996078,26.944677,-22.187216,-60.705257,-22.862698
5.418750,83.938889,-2.992997,29.256784,-22.423271,-56.479160,-23.202549
5.425000,89.873001,-2.989168,30.320042,-22.636402,-52.782440,-23.534073
5.431250,95.799805,-2.985272,30.169596,-22.805420,-49.715103,-23.837830
5.437500,99.819031,-2.982608,29.030806,-22.914421,-47.235359,-24.086567
5.443750,103.553780,-2.981488,27.274990,-22.955248,-45.288589,-24.254589
5.450000,106.478859,-2.981540,25.256836,-22.915632,-43.823624,-24.327223
5.456250,108.105789,-2.982615,23.361723,-22.787674,-42.701542,-24.294193
5.462500,108.007103,-2.984651,20.129889,-22.577351,-41.733356,-24.164717
5.468750,105.845459,-2.987094,17.637802,-22.298874,-40.726749,-23.977602
5.475000,101.383812,-2.989982,15.845047,-21.955793,-39.105656,-23.645084
5.481250,94.496056,-2.994378,14.707223,-21.560160,-36.784927,-23.243561
5.487500,85.183975,-3.000560,14.025204,-21.143309,-33.764462,-22.816723
5.493750,73.577789,-3.007100,13.644149,-20.735725,-29.753084,-22.398302
5.500000,59.921764,-3.012371,13.472504,-20.359175,-24.506031,-22.014748
5.506250,44.551628,-3.016667,13.453277,-20.026375,-17.841745,-21.684799
5.512500,27.883539,-3.021356,13.517514,-19.737329,-9.725283,-21.390678
5.518750,10.410686,-3.026170,13.608800,-19.450073,-0.402951,-21.146488
5.525000,-7.326565,-3.029844,13.655112,-19.264469,9.371396,-20.997305
5.531250,-24.782207,-3.032111,13.658704,-19.150764,19.838703,-20.930326
5.537500,-41.431168,-3.033712,13.735915,-19.099663,30.545233,-20.933844
5.543750,-56.782932,-3.034858,13.645606,-19.115625,40.944866,-20.991476
5.550000,-70.408981,-3.035095,13.162154,-19.204004,50.578686,-21.122154
5.556250,-81.967987,-3.034338,12.109290,-19.370604,59.234196,-21.373159
5.562500,-91.225998,-3.032901,10.347227,-19.624840,66.860168,-21.627998
5.568750,-98.062866,-3.030688,7.840938,-19.942949,73.080467,-21.922724
5.575000,-102.477913,-3.027641,6.819414,-20.312572,77.680527,-22.260319
5.581250,-104.595612,-3.024243,3.880969,-20.734884,80.852684,-22.629286
5.587500,-104.654762,-3.020929,1.164718,-21.204094,82.895882,-23.003517
5.593750,-102.995239,-3.017452,-1.352217,-21.718653,84.095284,-23.400497
5.600000,-100.042732,-3.013957,-3.658497,-22.260555,82.734680,-23.799463
5.606250,-96.292107,-3.011282,-5.654946,-22.802189,81.108887,-24.179861
5.612500,-92.276031,-3.009659,-7.368189,-23.328333,78.934853,-24.541550
5.618750,-86.365807,-3.007954,-8.825131,-23.824636,76.087715,-24.881466
5.625000,-80.452629,-3.005492,-10.015551,-24.276602,72.502060,-25.200424
5.631250,-74.545914,-3.003787,-10.912027,-24.666309,68.129311,-25.495747
5.637500,-68.653091,-3.004338,-13.377381,-24.974646,62.875401,-25.731720
5.643750,-62.764236,-3.006336,-13.611345,-25.180294,58.547596,-25.877445
5.650000,-56.867981,-3.008055,-13.515280,-25.259970,53.651600,-25.889523
5.656250,-50.967125,-3.009671,-13.202216,-25.219175,48.271706,-25.873249
5.662500,-45.071457,-3.012707,-12.867527,-25.071003,42.825203,-25.788473
5.668750,-39.182285,-3.017582,-12.536128,-24.814566,37.849174,-25.620596
5.675000,-33.289700,-3.023424,-12.295790,-24.461515,33.548428,-25.369776
5.681250,-27.387835,-3.029462,-12.291851,-24.031511,30.076635,-25.040915
5.687500,-21.479977,-3.035731,-12.662633,-23.554071,27.585474,-24.637947
5.693750,-15.567207,-3.042141,-13.592260,-23.072670,26.255436,-24.177769
5.700000,-9.648851,-3.048333,-15.507060,-22.544764,26.459612,-23.693985
5.706250,-3.727330,-3.054845,-16.514788,-22.028381,26.473648,-23.206226
5.712500,2.195609,-3.062319,-17.964718,-21.569189,27.811886,-22.745945
5.718750,8.124515,-3.069885,-19.598190,-21.191633,29.988855,-22.344893
5.725000,14.066442,-3.076066,-21.197319,-20.906757,32.517731,-22.011320
5.731250,20.020182,-3.080479,-22.583689,-20.714802,36.695789,-21.718222
5.737500,25.975317,-3.084300,-23.619400,-20.604502,40.484547,-21.442976
5.743750,31.927431,-3.087803,-24.227226,-20.554468,43.541409,-21.299572
5.750000,37.882538,-3.090075,-24.453125,-20.571104,45.865917,-21.250793
5.756250,43.841194,-3.090794,-24.463043,-20.651308,47.519157,-21.279921
5.762500,49.797211,-3.090703,-22.027113,-20.770155,48.307182,-21.373758
5.768750,55.745415,-3.090406,-20.450798,-20.901430,48.041393,-21.523613
5.775000,61.688236,-3.089624,-17.743290,-21.020243,46.529457,-21.757305
5.781250,67.627319,-3.088297,-14.198138,-21.112679,44.611134,-21.941389
5.787500,73.559029,-3.087148,-10.201947,-21.173553,41.631168,-22.147764
5.793750,79.481232,-3.086932,-6.101373,-21.193636,37.831486,-22.366022
5.800000,85.397545,-3.087464,-2.241787,-21.164770,33.374886,-22.576210
5.806250,91.311852,-3.088419,1.018756,-21.084316,28.425205,-22.752560
5.812500,95.331200,-3.089509,3.335109,-20.955343,23.190750,-22.870546
5.818750,99.076164,-3.090949,6.581616,-20.785824,18.022230,-22.943705
5.825000,102.011124,-3.093306,9.149476,-20.594986,11.169115,-22.988583
5.831250,103.643318,-3.097527,11.346562,-20.419960,4.257456,-22.986300
5.837500,103.549660,-3.103645,13.585470,-20.253870,-2.621913,-22.908211
5.843750,101.399208,-3.110209,14.699927,-20.084801,-9.731166,-22.785789
5.850000,96.962837,-3.115500,16.314383,-19.959497,-17.138720,-22.644718
5.856250,90.114838,-3.119250,18.238503,-19.895628,-24.743116,-22.502447
5.862500,80.843590,-3.122510,20.369444,-19.898232,-32.421196,-22.374321
5.868750,69.267372,-3.126062,22.593937,-19.956390,-40.096939,-22.271162
5.875000,55.626560,-3.129162,24.878769,-20.034142,-47.770466,-22.180729
5.881250,40.265793,-3.131477,27.479721,-20.192057,-55.609333,-22.112299
5.887500,23.609858,-3.133028,30.540453,-20.404999,-61.497921,-22.080519
5.893750,6.148928,-3.133641,32.043793,-20.651680,-66.747971,-22.078339
5.900000,-11.584315,-3.133222,33.744156,-20.930336,-70.963341,-22.094597
5.906250,-29.047977,-3.132334,35.267773,-21.254040,-73.785454,-22.129971
5.912500,-45.713123,-3.131916,36.340675,-21.620470,-76.904533,-22.197201
5.918750,-61.083424,-3.131289,37.067333,-21.976139,-78.718643,-22.277987
5.925000,-74.725891,-3.129477,36.996906,-22.349987,-79.657692,-22.366701
5.931250,-86.304520,-3.127166,35.944912,-22.751743,-80.054337,-22.465822
5.937500,-95.590569,-3.125740,33.933338,-23.176184,-80.178635,-22.578077
5.943750,-102.461136,-3.125262,31.072906,-23.606419,-80.240181,-22.702543
5.950000,-106.906555,-3.124504,27.752459,-24.025934,-80.457130,-22.849859
5.956250,-109.047470,-3.123481,24.361362,-24.415272,-81.163155,-22.878746
5.962500,-109.128204,-3.123435,21.013220,-24.756796,-79.954033,-22.950729
5.968750,-107.489204,-3.124373,17.786972,-25.038385,-78.962006,-23.021820
5.975000,-104.548515,-3.124624,14.767906,-25.247473,-77.652016,-23.087030
5.981250,-100.797340,-3.123825,12.042149,-25.375868,-75.598541,-23.145599
5.987500,-96.779060,-3.123716,9.673090,-25.417154,-72.441612,-23.196943
5.993750,-90.878708,-3.125586,7.729229,-25.366934,-67.871941,-23.238827
6.000000,-84.980255,-3.128459,6.248923,-25.224199,-61.684746,-23.269556
6.006250,-79.075020,-3.131220,5.263816,-24.984913,-53.805729,-23.274561
6.012500,-73.166603,-3.134327,4.783749,-24.636286,-44.462433,-23.229641
6.018750,-67.259529,-3.138379,4.719223,-24.212589,-34.215385,-23.173128
6.025000,-61.349361,-3.142679,4.895075,-23.761442,-23.016668,-23.108530
6.031250,-55.432289,-3.146599,5.757105,-23.291204,-11.243389,-23.044626
6.037500,-49.511436,-3.150637,7.121422,-22.835339,0.538156,-22.993786
6.043750,-43.590145,-3.155242,8.773351,-22.434341,11.787743,-22.962069
6.050000,-37.664722,-3.159437,10.554523,-22.108976,22.142406,-22.912985
6.056250,-31.731148,-3.162612,12.436042,-21.861279,31.274658,-22.868071
6.062500,-25.795256,-3.165456,14.146364,-21.721691,38.858753,-22.859674
6.068750,-19.861364,-3.168439,13.582155,-21.704771,44.700172,-22.891850
6.075000,-13.924646,-3.170660,14.462698,-21.807631,48.776142,-22.961821
6.081250,-7.981215,-3.171076,14.869002,-22.008821,51.194500,-23.068449
6.087500,-2.038979,-3.170597,14.812975,-22.259556,52.105709,-23.201036
6.093750,3.893255,-3.170668,14.265356,-22.521423,51.566868,-23.329533
6.100000,9.816296,-3.171476,12.779765,-22.819969,49.718384,-23.461832
6.106250,15.739305,-3.172224,10.534738,-23.100885,46.948723,-23.597145
6.112500,21.663435,-3.172636,7.590782,-23.328245,43.521568,-23.724304
6.118750,27.584047,-3.173355,3.899151,-23.479502,39.625435,-23.827896
6.125000,33.500179,-3.174776,-0.568127,-23.545176,35.430244,-23.888754
6.131250,39.412601,-3.177110,-3.624311,-23.524572,31.139486,-23.863461
6.137500,45.324615,-3.180430,-6.553470,-23.424212,27.168825,-23.805937
6.143750,51.239151,-3.184251,-10.583585,-23.238623,22.335987,-23.691648
6.150000,57.160397,-3.187635,-13.484943,-22.982624,17.809231,-23.519476
6.156250,63.088203,-3.190284,-15.351530,-22.683195,13.429465,-23.302677
6.162500,69.015846,-3.192993,-16.243427,-22.365162,9.200884,-23.056309
6.168750,74.939842,-3.196392,-16.202421,-22.047693,5.176718,-22.792511
6.175000,80.865623,-3.199801,-15.318785,-21.749243,1.420571,-22.524298
6.181250,86.797684,-3.202196,-13.737797,-21.486120,-2.007834,-22.263830
6.187500,92.733444,-3.203830,-11.628763,-21.271523,-5.000801,-22.045235
6.193750,96.771912,-3.205299,-9.204911,-21.123526,-7.315635,-21.857943
6.200000,100.535286,-3.206529,-6.693933,-21.054266,-9.701376,-21.705843
6.206250,103.493057,-3.207131,-3.883890,-21.030970,-11.380910,-21.623051
6.212500,105.151840,-3.207435,-0.818975,-21.074888,-12.551510,-21.626841
6.218750,105.080788,-3.207932,2.160226,-21.184559,-13.378778,-21.739021
6.225000,102.941315,-3.208642,4.871701,-21.343498,-14.102672,-21.902430
6.231250,98.498688,-3.209292,7.071469,-21.548479,-14.037469,-22.124535
6.237500,91.632355,-3.209845,8.401665,-21.808397,-14.429167,-22.430929
6.243750,82.342079,-3.210212,8.769277,-22.103724,-15.084752,-22.810406
6.250000,70.750229,-3.210065,10.242684,-22.419003,-15.991547,-23.245634
6.256250,57.092075,-3.209734,11.363162,-22.742603,-17.139324,-23.715370
6.262500,41.703907,-3.210051,10.672010,-23.068829,-18.489397,-24.196342
6.268750,25.015810,-3.210804,10.250532,-23.388470,-19.885880,-24.650431
6.275000,7.525795,-3.210732,10.066623,-23.680202,-20.875208,-25.060446
6.281250,-10.232086,-3.209441,10.047515,-23.933426,-21.324776,-25.419231
6.287500,-27.722630,-3.208405,10.053213,-24.144962,-21.177563,-25.709948
6.293750,-44.419441,-3.209101,10.002138,-24.309538,-20.150133,-25.917301
6.300000,-59.822327,-3.210826,9.869616,-24.416147,-17.919020,-26.025192
6.306250,-73.494118,-3.212212,9.636191,-24.451822,-14.203808,-26.020119
6.312500,-85.096527,-3.213450,9.262612,-24.402687,-8.823641,-25.889736
6.318750,-94.400085,-3.215612,8.683615,-24.259737,-1.748152,-25.648855
6.325000,-101.283943,-3.218883,9.897852,-24.050371,6.747154,-25.353735
6.331250,-105.741608,-3.222644,11.410076,-23.790314,16.384781,-24.976074
6.337500,-107.893036,-3.226840,11.933191,-23.469011,26.755114,-24.537474
6.343750,-107.977554,-3.231938,13.504010,-23.103100,37.635956,-24.084595
6.350000,-106.334236,-3.237488,15.797117,-22.721964,48.459663,-23.653870
6.356250,-103.384697,-3.242449,18.544586,-22.353819,58.559189,-23.275484
6.362500,-99.621124,-3.246627,21.508099,-22.022406,67.261261,-22.968544
6.368750,-95.582344,-3.250426,24.456450,-21.745531,73.919266,-22.710335
6.375000,-89.648521,-3.253839,27.155502,-21.536396,77.908813,-22.553072
6.381250,-83.712532,-3.256545,29.329142,-21.460976,79.842941,-22.524437
6.387500,-77.775101,-3.258702,32.375484,-21.416231,78.812218,-22.614391
6.393750,-71.839394,-3.260571,34.363895,-21.467197,74.979408,-22.796644
6.400000,-65.903000,-3.261754,36.071808,-21.621668,68.686798,-23.002012
6.406250,-59.966213,-3.261897,37.472916,-21.873276,60.243340,-23.262482
6.412500,-54.032597,-3.261791,38.507439,-22.206528,48.835148,-23.595545
6.418750,-48.106544,-3.262409,39.096622,-22.604355,35.874344,-23.954147
6.425000,-42.184196,-3.263276,39.168694,-23.040888,21.793694,-24.305027
6.431250,-36.259548,-3.263632,38.695923,-23.485678,7.131397,-24.618193
6.437500,-30.334753,-3.263556,37.620068,-23.909231,-7.572493,-24.867582
6.443750,-24.415936,-3.264154,38.078434,-24.276737,-21.786213,-25.024710
6.450000,-18.503054,-3.265857,36.781666,-24.560865,-35.069637,-25.095512
6.456250,-12.589654,-3.267901,35.744541,-24.758032,-47.252716,-25.142244
6.462500,-6.672972,-3.269986,34.825645,-24.864010,-58.216949,-25.067945
6.468750,-0.755484,-3.272365,33.968147,-24.873949,-66.068428,-24.917234
6.475000,5.163323,-3.274797,33.091545,-24.789297,-72.076889,-24.727442
6.481250,11.086054,-3.276814,32.081600,-24.627525,-75.942909,-24.527077
6.487500,17.009401,-3.278820,30.818104,-24.418129,-77.500923,-24.341217
6.493750,22.931026,-3.281456,29.290411,-24.181011,-76.625320,-24.167744
6.500000,28.853025,-3.284166,27.599318,-23.921188,-75.132751,-23.994249
6.506250,34.781273,-3.286050,23.863108,-23.659763,-71.562050,-23.815689
6.512500,40.712212,-3.287387,19.695854,-23.416012,-66.466904,-23.680048
6.518750,46.638966,-3.289366,16.719885,-23.226261,-60.271416,-23.594963
6.525000,52.562511,-3.291978,13.142402,-23.103920,-53.782070,-23.544853
6.531250,58.490879,-3.294063,9.213578,-23.048212,-47.561634,-23.520777
6.537500,64.425491,-3.295203,5.121080,-23.055054,-42.089222,-23.516632
6.543750,70.358292,-3.296264,1.019573,-23.117331,-37.770699,-23.530565
6.550000,76.285843,-3.297817,-2.947263,-23.225019,-34.959236,-23.560106
6.556250,82.213173,-3.299416,-6.621730,-23.353834,-32.177448,-23.564508
6.562500,88.142838,-3.300558,-9.804385,-23.408026,-31.077410,-23.564669
6.568750,94.072281,-3.301562,-11.964767,-23.525761,-31.151205,-23.561682
6.575000,98.104980,-3.302563,-14.370399,-23.637745,-32.029915,-23.566467
6.581250,101.862839,-3.303392,-15.562438,-23.725609,-33.339947,-23.581837
6.587500,104.813133,-3.304387,-15.724936,-23.785089,-34.494736,-23.594702
6.593750,106.461769,-3.306148,-15.036370,-23.819534,-36.967133,-23.610601
6.600000,106.384132,-3.308179,-13.675207,-23.834480,-38.726940,-23.634575
6.606250,104.245346,-3.309460,-11.804934,-23.831907,-39.888496,-23.666872
6.612500,99.806023,-3.310151,-9.592425,-23.814238,-40.574833,-23.706440
6.618750,92.936661,-3.311475,-7.222276,-23.782404,-40.928200,-23.749849
6.625000,83.636658,-3.314030,-4.876832,-23.736181,-41.091339,-23.792362
6.631250,72.033623,-3.316902,-0.586138,-23.678099,-41.221355,-23.831266
6.637500,58.369495,-3.319568,2.209566,-23.608480,-41.455368,-23.861870
6.643750,42.981331,-3.322615,5.490719,-23.518148,-40.611168,-23.828228
6.650000,26.293327,-3.326478,9.046725,-23.393187,-41.568058,-23.785202
6.656250,8.802748,-3.330393,12.557900,-23.234907,-42.982727,-23.726931
6.662500,-8.954729,-3.333571,15.678760,-23.044392,-45.037598,-23.646177
6.668750,-26.435848,-3.336367,18.146791,-22.812683,-47.899788,-23.533207
6.675000,-43.113220,-3.339356,19.689356,-22.540707,-51.776161,-23.400358
6.681250,-58.494564,-3.342737,19.960484,-22.251839,-54.767113,-23.270531
6.687500,-72.149361,-3.346275,20.919903,-21.954430,-58.307224,-23.149303
6.693750,-83.735214,-3.349863,21.084515,-21.670412,-61.972580,-23.045818
6.700000,-93.014618,-3.353001,20.776220,-21.447029,-65.431725,-22.980883
6.706250,-99.863617,-3.355090,20.015768,-21.213264,-68.294746,-22.969505
6.712500,-104.285461,-3.356344,19.023502,-21.030298,-70.034500,-22.993427
6.718750,-106.407455,-3.357531,18.272989,-20.932703,-70.480255,-23.073910
6.725000,-106.467255,-3.359045,17.847322,-20.933950,-69.512070,-23.207836
6.731250,-104.800377,-3.360178,17.750046,-21.037506,-66.873032,-23.381664
6.737500,-101.830917,-3.360244,17.933006,-21.234121,-64.241486,-23.634295
6.743750,-98.054695,-3.359555,18.298502,-21.516926,-60.100952,-23.932961
6.750000,-94.009521,-3.358606,18.646509,-21.897381,-54.983761,-24.243986
6.756250,-88.073357,-3.357557,21.056328,-22.323114,-49.262932,-24.530638
6.762500,-82.140228,-3.356522,22.394953,-22.763168,-43.388927,-24.780863
6.768750,-76.210426,-3.355773,24.298357,-23.222000,-37.894394,-24.988968
6.775000,-70.281631,-3.354754,26.560162,-23.684738,-30.976086,-25.140676
6.781250,-64.351555,-3.353079,28.994370,-24.133255,-24.356956,-25.227177
6.787500,-58.424179,-3.351130,31.398895,-24.547827,-17.866251,-25.244349
6.793750,-52.504490,-3.349949,33.563225,-24.911074,-11.317829,-25.190948
6.800000,-46.592209,-3.349914,35.281029,-25.207760,-4.517888,-25.068216
6.806250,-40.681477,-3.350303,36.365952,-25.426054,2.724677,-24.878113
6.812500,-34.768543,-3.350897,36.658947,-25.558506,10.597166,-24.616695
6.818750,-28.856821,-3.352358,38.190075,-25.606518,19.304037,-24.242414
6.825000,-22.946918,-3.354655,39.474804,-25.596758,26.080439,-23.892969
6.831250,-17.032883,-3.357005,39.087498,-25.510042,33.532692,-23.534632
6.837500,-11.114450,-3.359101,39.373116,-25.357561,40.787693,-23.208103
6.843750,-5.197420,-3.362026,39.935684,-25.176088,47.201538,-22.962757
6.850000,0.717234,-3.366115,40.725964,-24.987713,52.081833,-22.773085
6.856250,6.637033,-3.370072,41.730621,-24.807949,56.716206,-22.663710
6.862500,12.567186,-3.372666,42.935047,-24.646448,59.343281,-22.656637
6.868750,18.500828,-3.374479,44.343914,-24.502481,60.190857,-22.749319
6.875000,24.429005,-3.376711,45.966614,-24.362223,59.539104,-22.928284
6.881250,30.352839,-3.379474,45.946674,-24.184471,57.750599,-23.161827
6.887500,36.277939,-3.382124,46.309784,-24.059481,55.168530,-23.418253
6.893750,42.205650,-3.384314,46.733398,-23.964828,51.936420,-23.705454
6.900000,48.134014,-3.386185,46.612202,-23.905228,48.531231,-23.983215
6.906250,54.061771,-3.387619,45.717175,-23.908785,45.532673,-24.211344
6.912500,59.988136,-3.388671,44.509655,-23.863415,41.466377,-24.363216
6.918750,65.909286,-3.390195,42.470150,-23.829197,38.290211,-24.425737
6.925000,71.824188,-3.392776,39.567425,-23.808321,35.765888,-24.393412
6.931250,77.738884,-3.395915,35.984940,-23.770159,33.663128,-24.262468
6.937500,83.657936,-3.398903,31.803312,-23.739697,31.700867,-24.043543
6.943750,89.580070,-3.401946,27.118473,-23.729528,29.528343,-23.774965
6.950000,95.503342,-3.405111,22.637497,-23.714235,26.762659,-23.471094
6.956250,99.534317,-3.407897,18.504778,-23.679405,24.601070,-23.101873
6.962500,103.296570,-3.409711,14.792434,-23.613617,21.385971,-22.721350
6.968750,106.251518,-3.411561,11.524858,-23.516529,17.354685,-22.363075
6.975000,107.901695,-3.414556,8.683932,-23.392790,12.587529,-22.050604
6.981250,107.825111,-3.418225,6.283940,-23.244326,7.172957,-21.796947
6.987500,105.690559,-3.421122,4.337665,-23.072760,1.199289,-21.608412
6.993750,101.261078,-3.422719,2.831545,-22.875547,-5.253899,-21.478785
7.000000,94.406487,-3.423901,1.742829,-22.642365,-12.129571,-21.395386
7.006250,85.121078,-3.425763,0.992530,-22.353008,-17.377983,-21.388662
7.012500,73.528763,-3.428155,2.511751,-22.061863,-22.443680,-21.454376
7.018750,59.872337,-3.430858,4.434678,-21.819708,-26.723879,-21.569511
7.025000,44.494389,-3.433526,5.578573,-21.569273,-29.805141,-21.719461
7.031250,27.821836,-3.435888,8.155124,-21.325634,-31.121973,-21.945261
7.037500,10.346083,-3.438005,11.333135,-21.136576,-31.913280,-22.195284
7.043750,-7.401929,-3.440312,14.747784,-21.037470,-31.160475,-22.497452
7.050000,-24.876106,-3.442949,18.097088,-21.054762,-29.236143,-22.861528
7.056250,-41.540009,-3.445103,21.128223,-21.199299,-26.386353,-23.290499
7.062500,-56.898579,-3.445975,25.837677,-21.461758,-22.876600,-23.785688
7.068750,-70.529167,-3.445889,28.738087,-21.844351,-19.005651,-24.360498
7.075000,-82.097176,-3.445615,31.731535,-22.336180,-14.998427,-24.953758
7.081250,-91.365860,-3.445195,34.659580,-22.895359,-10.763682,-25.532732
7.087500,-98.209991,-3.443955,37.374336,-23.455494,-8.962556,-26.112926
7.093750,-102.629784,-3.441886,39.018044,-24.101137,-6.044049,-26.686247
7.100000,-104.751251,-3.439355,39.793701,-24.752806,-3.988254,-27.230864
7.106250,-104.813530,-3.436729,39.576279,-25.376913,-2.837912,-27.720274
7.112500,-103.157478,-3.434192,38.130890,-25.960245,-2.604401,-28.126740
7.118750,-100.210739,-3.432152,35.234398,-26.494438,-3.249763,-28.419161
7.125000,-96.464806,-3.430747,32.543030,-26.890768,-4.653471,-28.551300
7.131250,-92.448616,-3.429505,28.748116,-27.174406,-6.582063,-28.508038
7.137500,-86.539444,-3.428186,24.344173,-27.357388,-10.500146,-28.339903
7.143750,-80.636147,-3.427730,19.606907,-27.445908,-14.936041,-28.027285
7.150000,-74.741455,-3.429167,14.804912,-27.444510,-20.035076,-27.576414
7.156250,-68.849648,-3.431919,10.206187,-27.356600,-25.743011,-27.006996
7.162500,-62.949615,-3.434494,6.046791,-27.188585,-31.930849,-26.349970
7.168750,-57.041786,-3.436624,2.507739,-26.953190,-38.436634,-25.650496
7.175000,-51.133545,-3.439148,-0.266081,-26.666492,-45.087498,-24.967453
7.181250,-45.226627,-3.442414,-2.164505,-26.346418,-51.906616,-24.271347
7.187500,-39.315441,-3.445611,-3.109709,-26.009939,-56.884285,-23.619493
7.193750,-33.396572,-3.448258,-3.054062,-25.665142,-61.209091,-23.057737
7.200000,-27.474335,-3.450623,-3.867750,-25.295919,-64.229271,-22.615398
7.206250,-21.551085,-3.452884,-1.903020,-24.963900,-65.334274,-22.286869
7.212500,-15.625382,-3.454715,0.486122,-24.677111,-65.884148,-22.056551
7.218750,-9.697067,-3.456194,3.472621,-24.434132,-64.397316,-21.980799
7.225000,-3.770471,-3.458072,6.825590,-24.232061,-60.999577,-22.029505
7.231250,2.154296,-3.460530,10.326943,-24.065107,-56.032413,-22.180687
7.237500,8.082598,-3.462620,13.705171,-23.932432,-49.987946,-22.407160
7.243750,14.017080,-3.463807,16.648388,-23.842386,-43.393456,-22.670851
7.250000,19.951860,-3.464630,21.096685,-23.786203,-36.811462,-22.913675
7.256250,25.881866,-3.465733,23.639275,-23.753069,-30.910980,-23.152185
7.262500,31.808075,-3.467245,26.192616,-23.742346,-26.720678,-23.389883
7.268750,37.733047,-3.469043,28.483843,-23.763016,-22.161484,-23.572130
7.275000,43.657154,-3.471449,30.358412,-23.780157,-18.950640,-23.667088
7.281250,49.580353,-3.474556,31.804588,-23.776667,-17.106470,-23.679005
7.287500,55.507236,-3.477500,32.438484,-23.757904,-16.500692,-23.612362
7.293750,61.440968,-3.479375,32.181744,-23.703369,-16.862570,-23.472578
7.300000,67.378319,-3.480153,31.121834,-23.588150,-17.890146,-23.271387
7.306250,73.312790,-3.480603,29.826660,-23.480768,-19.287365,-23.029434
7.312500,79.239052,-3.481591,28.426418,-23.352596,-20.754959,-22.772995
7.318750,85.160042,-3.483550,27.110083,-23.200439,-22.028080,-22.533575
7.325000,91.079689,-3.486131,24.377728,-23.036747,-22.954491,-22.321798
7.331250,95.109512,-3.488462,22.356619,-22.849592,-23.520271,-22.147455
7.337500,98.872871,-3.489833,20.998884,-22.644409,-23.573423,-22.042591
7.343750,101.832230,-3.490466,20.034622,-22.447813,-23.126631,-22.026335
7.350000,103.489212,-3.491286,19.308115,-22.276924,-22.345291,-22.088680
7.356250,103.415474,-3.492900,18.733475,-22.139048,-19.538488,-22.192602
7.362500,101.275162,-3.494928,18.218006,-22.036245,-16.272427,-22.395966
7.368750,96.835220,-3.496702,17.646471,-21.963966,-14.224551,-22.668625
7.375000,89.973465,-3.498238,16.884079,-21.915340,-11.935467,-22.973886
7.381250,80.686790,-3.499746,17.897438,-21.885963,-9.604672,-23.277739
7.387500,69.095863,-3.501529,19.071037,-21.888216,-7.443034,-23.550709
7.393750,55.437489,-3.504034,20.522827,-21.932325,-3.586883,-23.791140
7.400000,40.053314,-3.507130,22.229862,-21.979147,0.364985,-23.983528
7.406250,23.376083,-3.509929,24.429165,-22.047554,2.922710,-24.110540
7.412500,5.899784,-3.511744,27.185947,-22.152985,6.000801,-24.165504
7.418750,-11.847141,-3.512937,30.348944,-22.304846,9.301596,-24.149857
7.425000,-29.325001,-3.514487,33.684120,-22.510925,12.528427,-24.071518
7.431250,-46.000633,-3.516518,36.940792,-22.774672,15.411943,-23.940195
7.437500,-61.376602,-3.518437,42.048035,-23.093397,17.738472,-23.759106
7.443750,-75.023392,-3.519936,45.528709,-23.457596,19.345718,-23.521606
7.450000,-86.603073,-3.521394,49.312023,-23.840755,20.009279,-23.256218
7.456250,-95.880058,-3.522613,53.055187,-24.263058,19.433174,-23.001282
7.462500,-102.728256,-3.522953,56.193371,-24.742016,17.651770,-22.772903
7.468750,-107.149834,-3.522227,58.645626,-25.273510,14.770364,-22.587320
7.475000,-109.271523,-3.521326,60.255035,-25.837971,10.940207,-22.453569
7.481250,-109.332886,-3.520480,61.041607,-26.398367,6.429754,-22.366795
7.487500,-107.670593,-3.519131,58.875282,-26.956215,1.522399,-22.328075
7.493750,-104.709549,-3.516931,55.294418,-27.503819,-3.494420,-22.335606
7.500000,-100.947800,-3.514648,49.877926,-28.013664,-8.179643,-22.369738
7.506250,-96.921921,-3.513231,44.483364,-28.450886,-11.962111,-22.429609
7.512500,-91.007095,-3.512211,37.413807,-28.811817,-14.163254,-22.515282
7.518750,-85.092438,-3.510967,28.924803,-29.086117,-14.324553,-22.601118
7.525000,-79.180946,-3.510114,19.522650,-29.254513,-11.991018,-22.671379
7.531250,-73.276779,-3.510416,9.664270,-29.311050,-8.569393,-22.723642
7.537500,-67.376450,-3.511652,-0.210376,-29.267387,-4.108209,-22.739870
7.543750,-61.475155,-3.513160,-9.622274,-29.124146,2.591648,-22.708855
7.550000,-55.572765,-3.515146,-17.950733,-28.869015,10.555870,-22.645126
7.556250,-49.672066,-3.518112,-24.909826,-28.537081,18.881857,-22.564196
7.562500,-43.770908,-3.521930,-32.089153,-28.153265,26.760891,-22.482838
7.568750,-37.864624,-3.525822,-37.462158,-27.725574,33.461182,-22.425097
7.575000,-31.951351,-3.529238,-41.146679,-27.272020,38.383450,-22.380508
7.581250,-26.033136,-3.532154,-43.060463,-26.840765,41.218456,-22.338242
7.587500,-20.112633,-3.534520,-43.460579,-26.427626,43.473732,-22.327129
7.593750,-14.190335,-3.536159,-42.711342,-26.038942,43.500782,-22.359039
7.600000,-8.269641,-3.537577,-41.063774,-25.681061,41.754673,-22.432381
7.606250,-2.353301,-3.539393,-38.727699,-25.358061,38.773350,-22.538332
7.612500,3.560881,-3.541598,-35.923515,-25.068527,35.119972,-22.662786
7.618750,9.477649,-3.543460,-32.875587,-24.806782,31.341360,-22.796885
7.625000,15.396258,-3.544881,-27.676458,-24.565941,27.897392,-22.952326
7.631250,21.312239,-3.546638,-21.971630,-24.342131,25.219700,-23.176950
7.637500,27.224415,-3.549228,-17.450949,-24.131407,23.640759,-23.347466
7.643750,33.135262,-3.552080,-12.262471,-23.916559,22.748665,-23.494547
7.650000,39.049023,-3.555211,-6.733110,-23.658403,23.310152,-23.635077
7.656250,44.962482,-3.559013,-1.391218,-23.365025,25.046696,-23.776726
7.662500,50.874680,-3.564048,2.996985,-23.072084,27.486242,-23.929802
7.668750,56.789581,-3.569813,8.257626,-22.777069,30.125341,-24.091785
7.675000,62.714191,-3.575301,12.719804,-22.482962,32.476364,-24.262444
7.681250,68.648254,-3.579803,16.544086,-22.202839,33.981293,-24.445110
7.687500,74.588097,-3.583511,19.916071,-21.956310,35.933506,-24.644121
7.693750,80.528648,-3.586736,23.074915,-21.763145,36.133911,-24.863804
7.700000,86.468582,-3.589606,24.437056,-21.622496,34.603275,-25.115627
7.706250,92.409309,-3.591918,25.978498,-21.533897,31.433865,-25.417330
7.712500,96.455933,-3.593551,27.350302,-21.504526,27.325987,-25.670078
7.718750,100.228485,-3.594609,28.283991,-21.525063,22.712360,-25.916828
7.725000,103.193802,-3.594975,28.525248,-21.596598,17.415760,-26.180059
7.731250,104.858620,-3.594853,27.683184,-21.737196,11.858068,-26.442621
7.737500,104.792557,-3.594732,25.694963,-21.920549,6.424857,-26.680197
7.743750,102.654053,-3.595162,24.667305,-22.120428,1.428325,-26.861254
7.750000,98.207466,-3.596510,23.093071,-22.317690,-2.888465,-26.946196
7.756250,91.335587,-3.598221,21.306089,-22.495481,-6.417567,-26.936687
7.762500,82.041771,-3.599880,19.591839,-22.646067,-9.333346,-26.846901
7.768750,70.445747,-3.601862,18.140621,-22.768599,-11.383607,-26.659620
7.775000,56.781319,-3.604828,17.155319,-22.858028,-12.541286,-26.373495
7.781250,41.391449,-3.608854,16.819529,-22.916937,-12.891549,-26.001019
7.787500,24.709997,-3.613022,17.198484,-22.955212,-12.567755,-25.566120
7.793750,7.232371,-3.616327,18.293900,-22.982315,-11.697075,-25.097921
7.800000,-10.511929,-3.618930,20.046198,-23.010183,-10.369882,-24.614342
7.806250,-27.982269,-3.621394,22.369478,-23.044809,-8.562867,-24.101559
7.812500,-44.646046,-3.623518,23.280853,-23.083033,-6.412414,-23.526779
7.818750,-60.008133,-3.624689,26.380867,-23.134268,-5.855988,-23.034418
7.825000,-73.642998,-3.625193,29.527519,-23.211298,-4.436530,-22.618862
7.831250,-85.215157,-3.625451,32.459801,-23.341080,-3.118820,-22.275469
7.837500,-94.485764,-3.625362,34.998859,-23.538712,-2.032084,-22.007856
7.843750,-101.330566,-3.624228,37.052414,-23.823792,-1.184293,-21.812868
7.850000,-105.751434,-3.622349,38.703506,-24.132696,-0.534718,-21.696449
7.856250,-107.876770,-3.620661,39.921246,-24.479994,-0.057811,-21.660032
7.862500,-107.942459,-3.619564,40.405167,-24.867855,0.361555,-21.697010
7.868750,-106.283943,-3.618062,38.280735,-25.279406,-1.243452,-21.794920
7.875000,-103.324089,-3.615649,35.226986,-25.687180,-3.262260,-21.934610
7.881250,-99.561035,-3.612844,32.905441,-26.081944,-5.922342,-22.084118
7.887500,-95.533440,-3.610490,29.439373,-26.454599,-9.407664,-22.195541
7.893750,-89.617081,-3.608613,25.077475,-26.783993,-11.990275,-22.344425
7.900000,-83.703293,-3.606919,20.076324,-27.051538,-15.139561,-22.467867
7.906250,-77.793579,-3.606031,14.746132,-27.229843,-18.089911,-22.545553
7.912500,-71.889320,-3.606378,9.395967,-27.309502,-20.617491,-22.586817
7.918750,-65.985252,-3.606378,4.225136,-27.309502,-22.366032,-22.586817
7.925000,-65.985252,-3.606378,4.225136,-27.309502,-22.366032,-22.586817
7.931250,-65.985252,-3.606378,4.225136,-27.309502,-22.366032,-22.586817
7.937500,-65.985252,-3.606378,4.225136,-27.309502,-22.366032,-22.586817
7.943750,-65.985252,-3.606378,4.225136,-27.309502,-22.366032,-22.586817
7.950000,-65.985252,-3.606378,4.225136,-27.309502,-22.366032,-22.586817
7.956250,-65.985252,-3.606378,4.225136,-27.309502,-22.366032,-22.586817
7.962500,-65.985252,-3.606378,4.225136,-27.309502,-22.366032,-22.586817
7.968750,-65.985252,-3.606378,4.225136,-27.309502,-22.366032,-22.586817
7.975000,-65.985252,-3.606378,4.225136,-27.309502,-22.366032,-22.586817
7.981250,-65.985252,-3.606378,4.225136,-27.309502,-22.366032,-22.586817
7.987500,-65.985252,-3.606378,4.225136,-27.309502,-22.366032,-22.586817
7.993750,-65.985252,-3.606378,4.225136,-27.309502,-22.366032,-22.586817
8.000000,-65.985252,-3.606378,4.225136,-27.309502,-22.366032,-22.586817
