Anritsu VNA Frequency[GHz],S21[deg],S21[dB],S11[deg],S11[dB],S22[deg],S22[dB]
1338039907.86,2012_05_26_14:45:07,+273.79,+295.91,+297.64,+296.12,+297.08,+297.97,+296.85,+297.10,242.764786,-5.744
3.006250,90.332916,-3.213320,-10.733315,-28.675508,-35.658695,-29.884281
3.012500,90.332916,-3.213320,-10.733315,-28.675508,-35.658695,-29.884281
3.018750,90.332916,-3.213320,-10.733315,-28.675508,-35.658695,-29.884281
3.025000,90.332916,-3.213320,-10.733315,-28.675508,-35.658695,-29.884281
3.031250,90.332916,-3.213320,-10.733315,-28.675508,-35.658695,-29.884281
3.037500,90.332916,-3.213320,-10.733315,-28.675508,-35.658695,-29.884281
3.043750,90.332916,-3.213320,-10.733315,-28.675508,-35.658695,-29.884281
3.050000,90.332916,-3.213320,-10.733315,-28.675508,-35.658695,-29.884281
3.056250,90.332916,-3.213320,-10.733315,-28.675508,-35.658695,-29.884281
3.062500,90.332916,-3.213320,-10.733315,-28.675508,-35.658695,-29.884281
3.068750,90.332916,-3.213320,-10.733315,-28.675508,-35.658695,-29.884281
3.075000,90.332916,-3.213320,-10.733315,-28.675508,-35.658695,-29.884281
3.081250,90.332916,-3.213320,-10.733315,-28.675508,-35.658695,-29.884281
3.087500,90.332916,-3.213320,-10.733315,-28.675508,-35.658695,-29.884281
3.093750,90.332916,-3.215874,-10.733315,-28.587564,-35.658695,-30.086508
3.100000,94.464890,-3.218852,-19.401649,-28.463026,-36.400654,-30.197229
3.106250,98.321251,-3.222347,-28.470245,-28.316803,-36.816929,-30.214893
3.112500,101.372452,-3.226149,-35.770954,-28.164534,-36.720718,-30.138924
3.118750,103.127983,-3.229812,-41.332684,-28.022429,-35.873501,-29.967077
3.125000,103.159363,-3.233481,-45.245819,-27.909206,-34.050713,-29.697094
3.131250,101.124100,-3.237230,-47.591949,-27.815002,-31.075359,-29.333418
3.137500,96.784912,-3.241208,-48.299679,-27.717136,-26.821430,-28.888977
3.143750,90.020416,-3.245509,-47.714478,-27.639971,-21.158464,-28.373186
3.150000,80.830948,-3.250250,-46.084843,-27.595411,-15.884130,-27.800253
3.156250,69.339729,-3.255127,-43.568668,-27.584881,-9.382061,-27.194431
3.162500,55.784386,-3.259896,-40.348434,-27.603287,-2.252351,-26.583826
3.168750,40.505722,-3.264497,-36.619820,-27.639795,4.919282,-25.996334
3.175000,23.929197,-3.269157,-32.321434,-27.679935,11.566020,-25.459793
3.181250,6.545584,-3.274108,-27.418835,-27.701641,17.168110,-25.003736
3.187500,-11.110637,-3.279152,-22.099861,-27.668306,21.293509,-24.648720
3.193750,-28.492138,-3.284152,-16.268240,-27.617504,23.802273,-24.335459
3.200000,-45.066128,-3.289117,-12.143058,-27.532156,24.502451,-24.043625
3.206250,-60.341412,-3.294042,-8.735236,-27.406044,23.388569,-23.862566
3.212500,-73.889908,-3.298728,-4.417367,-27.242634,20.729313,-23.776857
3.218750,-85.372215,-3.303340,-0.935583,-27.050550,16.498222,-23.780540
3.225000,-94.551537,-3.307989,1.944216,-26.841232,11.091712,-23.877920
3.231250,-101.306511,-3.312642,4.522937,-26.624001,5.006788,-24.097128
3.237500,-105.635124,-3.316972,5.260365,-26.402895,-2.081019,-24.294764
3.243750,-107.659988,-3.320943,6.125297,-26.182320,-9.075893,-24.533630
3.250000,-107.620758,-3.325026,6.887143,-25.966532,-15.712231,-24.810852
3.256250,-105.859352,-3.329537,7.320589,-25.754684,-21.855803,-25.110193
3.262500,-102.800385,-3.334252,7.196887,-25.547443,-27.441530,-25.408882
3.268750,-98.932945,-3.338643,6.213810,-25.365452,-32.471191,-25.684877
3.275000,-94.790657,-3.342532,4.163450,-25.210268,-37.052078,-25.927376
3.281250,-88.755226,-3.346486,0.944682,-25.074230,-41.315449,-26.123207
3.287500,-82.723862,-3.350995,-1.422442,-24.947525,-45.390064,-26.257490
3.293750,-76.694054,-3.356038,-4.459903,-24.820028,-49.485165,-26.321468
3.300000,-70.662910,-3.361243,-7.787204,-24.678366,-53.874775,-26.306831
3.306250,-64.628952,-3.366306,-11.033547,-24.501530,-56.944427,-26.208883
3.312500,-58.592731,-3.371252,-13.964808,-24.298531,-60.593132,-26.032005
3.318750,-52.555531,-3.376316,-16.618921,-24.098953,-64.557579,-25.787619
3.325000,-46.518250,-3.381553,-18.705641,-23.892744,-70.533791,-25.499002
3.331250,-40.479027,-3.386798,-20.091707,-23.680288,-74.549576,-25.187483
3.337500,-34.436272,-3.391713,-20.783155,-23.467823,-78.286247,-24.867151
3.343750,-28.389627,-3.396054,-20.849480,-23.268726,-81.577644,-24.553619
3.350000,-22.340767,-3.399881,-20.396255,-23.099466,-84.312279,-24.260813
3.356250,-16.291399,-3.403366,-17.385920,-22.982159,-86.402481,-23.998802
3.362500,-10.241578,-3.406451,-13.343020,-22.960613,-87.808990,-23.770308
3.368750,-4.191498,-3.409047,-9.755524,-22.979036,-88.532059,-23.567474
3.375000,1.859343,-3.411053,-4.402880,-23.068256,-88.820671,-23.450062
3.381250,7.909781,-3.412366,1.859999,-23.262381,-88.854645,-23.422405
3.387500,13.959322,-3.413016,8.783487,-23.561665,-88.584030,-23.489077
3.393750,20.005138,-3.413383,16.088396,-23.954029,-88.133392,-23.655582
3.400000,26.046913,-3.413850,23.454193,-24.416878,-87.541008,-23.895523
3.406250,32.084614,-3.414279,30.547049,-24.921227,-86.814278,-24.173918
3.412500,38.120647,-3.414532,35.119759,-25.439098,-86.095833,-24.437004
3.418750,44.154369,-3.414694,40.621792,-25.946108,-84.436974,-24.804754
3.425000,50.183769,-3.415323,44.874142,-26.418943,-82.243416,-25.199949
3.431250,56.208763,-3.416633,47.677002,-26.834873,-79.235947,-25.595659
3.437500,62.233402,-3.418104,48.915535,-27.174206,-75.060814,-25.972317
3.443750,68.259628,-3.419458,48.549065,-27.427605,-69.397568,-26.319113
3.450000,74.284164,-3.421191,46.639881,-27.585442,-61.965988,-26.627892
3.456250,80.305351,-3.423838,43.429085,-27.626549,-54.353386,-26.864534
3.462500,86.326378,-3.426987,39.158371,-27.558424,-44.745007,-27.018229
3.468750,92.352051,-3.429880,34.104992,-27.401455,-33.724949,-27.092228
3.475000,96.486397,-3.432326,28.733345,-27.177340,-21.768715,-27.084538
3.481250,100.346748,-3.434837,21.682171,-26.910381,-9.307619,-26.998289
3.487500,103.397903,-3.437970,15.111148,-26.631855,1.066644,-26.840826
3.493750,105.149513,-3.441618,9.064373,-26.368925,10.308694,-26.616848
3.500000,105.177086,-3.445453,3.829677,-26.085884,17.558578,-26.330299
3.506250,103.140427,-3.449473,-0.609237,-25.822798,24.267178,-25.983541
3.512500,98.802719,-3.453311,-4.345978,-25.603949,28.500443,-25.587284
3.518750,92.041939,-3.456865,-7.271667,-25.440025,30.336435,-25.158413
3.525000,82.855591,-3.460506,-9.272512,-25.327551,30.020325,-24.710819
3.531250,71.361885,-3.464933,-10.281940,-25.253666,27.934031,-24.257608
3.537500,57.798748,-3.470363,-10.299638,-25.192217,24.531015,-23.810738
3.543750,42.511829,-3.476125,-9.383422,-25.083385,20.326651,-23.378792
3.550000,25.931999,-3.481740,-5.626115,-24.978476,15.830119,-22.979877
3.556250,8.549314,-3.487206,-3.010403,-24.871820,11.481508,-22.644838
3.562500,-9.106512,-3.492991,0.728690,-24.737823,7.629637,-22.351826
3.568750,-26.488947,-3.499211,5.169269,-24.564554,4.326466,-22.079950
3.575000,-43.060730,-3.505359,9.787155,-24.355951,2.036375,-21.852673
3.581250,-58.327648,-3.510672,13.981300,-24.133251,0.727197,-21.704948
3.587500,-71.863586,-3.515072,17.192991,-23.925102,0.140901,-21.664349
3.593750,-83.331749,-3.518941,21.141233,-23.760260,0.095668,-21.766594
3.600000,-92.496216,-3.522499,24.106653,-23.668465,0.178610,-21.942846
3.606250,-99.233376,-3.525320,26.335304,-23.672646,1.250256,-22.193930
3.612500,-103.540810,-3.526881,28.188593,-23.769121,1.806112,-22.541203
3.618750,-105.543213,-3.527333,28.079552,-23.967554,1.762594,-22.977600
3.625000,-105.481407,-3.527069,27.793331,-24.275547,0.999569,-23.479918
3.631250,-103.696915,-3.526183,27.033894,-24.691521,-0.620332,-24.018515
3.637500,-100.616219,-3.524558,25.425707,-25.220779,-1.147422,-24.589453
3.643750,-96.732620,-3.522336,22.701759,-25.841284,-2.112164,-25.170589
3.650000,-92.582146,-3.520107,18.689108,-26.518028,-2.991708,-25.729319
3.656250,-86.544159,-3.518294,13.165769,-27.212437,-3.410423,-26.240080
3.662500,-80.511894,-3.516903,8.092046,-27.880205,-3.084661,-26.681225
3.668750,-74.483780,-3.515840,1.940696,-28.466326,-1.813965,-27.032084
3.675000,-68.460434,-3.515391,-4.931001,-28.917788,0.528594,-27.276791
3.681250,-62.442581,-3.515856,-12.432236,-29.258537,3.980052,-27.411097
3.687500,-56.427616,-3.517098,-20.199251,-29.449963,8.458630,-27.441954
3.693750,-50.415295,-3.519202,-27.751869,-29.470449,13.813483,-27.374876
3.700000,-44.405796,-3.522485,-34.817425,-29.317541,19.844479,-27.216204
3.706250,-38.398151,-3.527075,-41.181385,-29.007025,26.271805,-26.978159
3.712500,-32.387794,-3.532298,-46.667084,-28.570869,32.776398,-26.677580
3.718750,-26.371422,-3.537509,-51.140327,-28.067438,39.047459,-26.332798
3.725000,-20.351496,-3.542951,-54.513950,-27.526072,44.805141,-25.959185
3.731250,-14.330942,-3.549013,-57.738770,-26.924479,49.837112,-25.559048
3.737500,-8.308266,-3.555517,-57.830044,-26.345484,53.989052,-25.126156
3.743750,-2.279131,-3.561764,-56.565849,-25.835138,57.232048,-24.709278
3.750000,3.757083,-3.567362,-53.939587,-25.432756,59.941772,-24.358547
3.756250,9.796896,-3.572276,-50.013119,-25.160984,62.069988,-24.079576
3.762500,15.838421,-3.576725,-44.848537,-25.021685,63.911106,-23.877016
3.768750,21.880936,-3.580642,-38.577961,-25.002403,64.131882,-23.711706
3.775000,27.924379,-3.584077,-31.426437,-25.081137,64.813049,-23.544899
3.781250,33.966850,-3.587298,-23.681883,-25.229753,65.874809,-23.452286
3.787500,40.008251,-3.590260,-17.568054,-25.416277,65.880981,-23.438429
3.793750,46.049484,-3.592655,-11.868366,-25.631186,65.802444,-23.473736
3.800000,52.090832,-3.594585,-5.301953,-25.849319,65.381104,-23.544096
3.806250,58.128475,-3.596598,0.114600,-26.041122,64.438400,-23.638906
3.812500,64.161690,-3.598907,4.235278,-26.196886,62.854290,-23.749617
3.818750,70.192764,-3.601356,7.062738,-26.283884,60.593533,-23.858095
3.825000,76.222046,-3.604046,8.867420,-26.272844,57.722260,-23.938427
3.831250,82.250221,-3.607172,9.554517,-26.187555,54.223682,-23.989307
3.837500,88.277115,-3.610612,9.328668,-26.043625,50.160896,-24.009745
3.843750,94.304573,-3.614074,8.563880,-25.856438,45.749668,-23.999239
3.850000,98.438217,-3.617570,7.712992,-25.642076,41.292488,-23.962700
3.856250,102.297821,-3.621416,5.379174,-25.415176,37.132984,-23.911726
3.862500,105.351326,-3.625457,3.699545,-25.184017,33.670303,-23.834372
3.868750,107.107826,-3.629392,2.629894,-24.955616,29.489992,-23.718925
3.875000,107.139862,-3.633235,2.055322,-24.743599,26.431231,-23.583109
3.881250,105.103683,-3.637780,1.856468,-24.557467,24.232855,-23.439730
3.887500,100.761688,-3.643257,1.958298,-24.396238,22.706608,-23.293167
3.893750,93.997215,-3.648962,2.298474,-24.246649,21.653803,-23.142914
3.900000,84.814186,-3.654203,2.815423,-24.067621,20.834360,-22.984625
3.906250,73.330704,-3.659334,3.440436,-23.849751,19.969101,-22.816492
3.912500,59.777405,-3.665294,5.205119,-23.651213,18.716064,-22.645597
3.918750,44.495575,-3.672536,7.298295,-23.426531,16.748987,-22.473919
3.925000,27.917572,-3.680588,9.878021,-23.163233,13.804054,-22.296467
3.931250,10.540790,-3.688726,13.011626,-22.861893,9.596943,-22.108166
3.937500,-7.102169,-3.696729,16.696962,-22.526606,3.849861,-21.896769
3.943750,-24.467253,-3.704775,20.869398,-22.168716,-3.717080,-21.659351
3.950000,-41.023518,-3.713051,25.415054,-21.807199,-11.339812,-21.435785
3.956250,-56.276691,-3.721209,30.201687,-21.461681,-20.562805,-21.233540
3.962500,-69.796646,-3.728520,35.042522,-21.150055,-30.873508,-21.055979
3.968750,-81.242249,-3.734544,39.982826,-20.889034,-41.860802,-20.912441
3.975000,-90.379631,-3.739294,45.044891,-20.690231,-53.123974,-20.812727
3.981250,-97.091812,-3.743072,49.968243,-20.561241,-64.265869,-20.767216
3.987500,-101.379547,-3.745930,54.495274,-20.501734,-74.907509,-20.786457
3.993750,-103.363815,-3.747706,58.386280,-20.498932,-84.702850,-20.889729
4.000000,-103.282326,-3.748335,61.360966,-20.569181,-93.332756,-21.052370
4.006250,-101.476830,-3.747907,62.999180,-20.728891,-100.301414,-21.274820
4.012500,-98.377159,-3.746452,63.388226,-20.953373,-105.793831,-21.581072
4.018750,-94.475555,-3.744003,62.438946,-21.234968,-109.652344,-21.974144
4.025000,-90.306725,-3.740962,60.107586,-21.565367,-111.796585,-22.451166
4.031250,-84.251572,-3.737825,54.556767,-21.929647,-112.282318,-23.017536
4.037500,-78.204803,-3.734786,49.693092,-22.309750,-111.380386,-23.603067
4.043750,-72.165466,-3.732015,43.766445,-22.695242,-109.895592,-24.189257
4.050000,-66.131966,-3.729567,36.956627,-23.078611,-105.864639,-24.803036
4.056250,-60.104473,-3.727708,29.548534,-23.447458,-101.142326,-25.425215
4.062500,-54.081310,-3.726215,21.870949,-23.792625,-95.881844,-26.032770
4.068750,-48.061237,-3.724762,14.258485,-24.115105,-90.356262,-26.604715
4.075000,-42.045456,-3.723876,7.083554,-24.410866,-84.863167,-27.121552
4.081250,-36.037094,-3.724325,0.854158,-24.650202,-79.670128,-27.562765
4.087500,-30.034157,-3.726237,-5.995795,-24.842731,-74.993187,-27.905264
4.093750,-24.028559,-3.728536,-11.626334,-25.000351,-71.029343,-28.134930
4.100000,-18.017494,-3.730427,-16.232286,-25.126484,-67.928719,-28.245188
4.106250,-12.005511,-3.732350,-19.999409,-25.220320,-65.741501,-28.234076
4.112500,-5.999049,-3.735322,-23.105295,-25.278543,-64.413536,-28.104322
4.118750,0.003434,-3.739649,-25.709993,-25.301331,-63.809303,-27.869949
4.125000,6.007647,-3.744562,-27.962896,-25.289341,-63.731098,-27.560183
4.131250,12.017623,-3.749561,-29.991407,-25.236151,-63.814636,-27.154741
4.137500,18.031595,-3.754749,-31.949156,-25.139147,-63.535419,-26.665709
4.143750,24.047132,-3.760257,-33.992290,-25.001326,-62.847866,-26.136517
4.150000,30.064501,-3.765994,-34.051445,-24.825840,-61.398830,-25.596752
4.156250,36.083878,-3.772038,-33.547401,-24.616238,-58.792610,-25.069176
4.162500,42.105190,-3.778443,-33.913654,-24.375162,-54.681000,-24.570015
4.168750,48.128521,-3.785175,-33.106693,-24.104734,-48.780785,-24.105543
4.175000,54.154854,-3.792130,-31.313169,-23.808300,-40.913387,-23.667080
4.181250,60.184288,-3.799276,-28.783632,-23.494591,-31.077868,-23.307644
4.187500,66.216705,-3.806530,-25.796394,-23.165588,-21.513193,-23.013203
4.193750,72.253479,-3.813686,-22.635065,-22.828100,-10.295672,-22.772375
4.200000,78.294472,-3.820569,-19.686510,-22.501553,1.571510,-22.593372
4.206250,84.338715,-3.827106,-17.289145,-22.201347,13.274947,-22.469624
4.212500,90.385399,-3.833248,-13.555785,-21.942184,24.084099,-22.370386
4.218750,94.540108,-3.838710,-10.078899,-21.737871,33.433773,-22.340942
4.225000,98.423981,-3.843410,-6.543753,-21.597963,41.273235,-22.498709
4.231250,101.501343,-3.847613,-4.513501,-21.522949,46.903736,-22.597597
4.237500,103.278679,-3.851632,-2.048698,-21.505095,50.927017,-22.738998
4.243750,103.328911,-3.855260,0.557019,-21.535967,52.563427,-22.931034
4.250000,101.313919,-3.858318,2.975775,-21.598114,52.146393,-23.165554
4.256250,96.995865,-3.860744,4.864789,-21.676989,50.093452,-23.426357
4.262500,90.250557,-3.862768,5.742545,-21.789495,46.864506,-23.697752
4.268750,81.076744,-3.864599,7.450126,-21.917833,42.915539,-23.970346
4.275000,69.594597,-3.866670,8.454000,-22.038479,38.748158,-24.228260
4.281250,56.041348,-3.869327,8.994198,-22.136477,34.880844,-24.452892
4.287500,40.759354,-3.872554,9.275378,-22.202503,31.769831,-24.627386
4.293750,24.178600,-3.876077,9.478165,-22.226803,29.812943,-24.734989
4.300000,6.790613,-3.880120,9.734259,-22.202305,29.302904,-24.757376
4.306250,-10.873493,-3.885384,10.120117,-22.125122,30.416994,-24.664457
4.312500,-28.265366,-3.891733,10.652170,-21.999466,33.101112,-24.487234
4.318750,-44.846283,-3.898225,11.306039,-21.832430,36.996284,-24.243511
4.325000,-60.122566,-3.904418,12.066083,-21.627714,42.160843,-23.925480
4.331250,-73.672104,-3.911036,12.877779,-21.392017,48.325005,-23.539968
4.337500,-85.157829,-3.918827,13.643045,-21.134914,55.085037,-23.101671
4.343750,-94.338036,-3.927367,16.422024,-20.867487,62.002029,-22.627558
4.350000,-101.084320,-3.935508,17.838898,-20.603626,68.612236,-22.137497
4.356250,-105.396317,-3.942956,19.895128,-20.359632,74.466965,-21.646585
4.362500,-107.400314,-3.949987,22.379963,-20.183428,79.154633,-21.161289
4.368750,-107.334900,-3.956638,25.080263,-20.010307,84.364761,-20.736431
4.375000,-105.538879,-3.962435,28.138906,-19.892138,86.438362,-20.388382
4.381250,-102.440231,-3.967258,30.830606,-19.859156,87.390732,-20.142527
4.387500,-98.533607,-3.971390,33.105736,-19.920717,86.972313,-20.036469
4.393750,-94.351044,-3.974430,34.908123,-20.074356,85.054367,-20.105440
4.400000,-88.270676,-3.976007,34.277203,-20.311605,82.463875,-20.226917
4.406250,-82.190338,-3.976424,32.776569,-20.618547,78.522583,-20.341274
4.412500,-76.114326,-3.976240,31.989166,-20.983055,73.515755,-20.671919
4.418750,-70.042397,-3.975275,30.010584,-21.394712,66.909248,-21.114044
4.425000,-63.971596,-3.973107,26.937048,-21.835247,59.793797,-21.632389
4.431250,-57.904289,-3.969946,22.941925,-22.285160,52.422749,-22.201523
4.437500,-51.845421,-3.966432,18.251766,-22.723494,45.081417,-22.796822
4.443750,-45.796352,-3.962929,13.193005,-23.117411,38.113380,-23.382036
4.450000,-39.754658,-3.959312,8.145565,-23.443657,31.908566,-23.916779
4.456250,-33.720966,-3.956030,3.425415,-23.694073,26.740952,-24.378115
4.462500,-27.698240,-3.954054,-2.478531,-23.862568,22.863688,-24.748302
4.468750,-21.684465,-3.953589,-7.523224,-23.942957,18.656616,-25.010843
4.475000,-15.672190,-3.953806,-11.811671,-23.931366,15.982525,-25.151167
4.481250,-9.658338,-3.954149,-15.444068,-23.830715,14.491309,-25.162451
4.487500,-3.646751,-3.955341,-18.527615,-23.652773,13.795342,-25.050426
4.493750,2.359022,-3.957930,-21.157492,-23.412401,13.512387,-24.830362
4.500000,8.362197,-3.961820,-23.378145,-23.116592,13.344173,-24.494730
4.506250,14.366652,-3.966928,-25.235022,-22.779268,13.026496,-24.058876
4.512500,20.373611,-3.973348,-26.866354,-22.426872,12.089196,-23.562967
4.518750,26.385490,-3.980802,-28.365501,-22.083113,10.254944,-23.041666
4.525000,32.406872,-3.988143,-29.767805,-21.764790,7.368934,-22.525337
4.531250,38.439976,-3.994688,-28.917580,-21.479643,3.344371,-22.039236
4.537500,44.479000,-4.000769,-29.080179,-21.221935,-1.851044,-21.603777
4.543750,50.518158,-4.007254,-28.166126,-20.943804,-8.236993,-21.241945
4.550000,56.558678,-4.014097,-26.434216,-20.742432,-15.915378,-20.982405
4.556250,62.605293,-4.020564,-24.684412,-20.610916,-23.070621,-20.800627
4.562500,68.660324,-4.026215,-22.642717,-20.526896,-30.861509,-20.713001
4.568750,74.720932,-4.031052,-20.629553,-20.483751,-38.629963,-20.706211
4.575000,80.783600,-4.035328,-19.126478,-20.503233,-44.095322,-20.747149
4.581250,86.848320,-4.039019,-16.364323,-20.610834,-49.560734,-20.959906
4.587500,92.916084,-4.041746,-13.956362,-20.829613,-55.487850,-21.286680
4.593750,97.091682,-4.043276,-11.521465,-21.154066,-59.468182,-21.663584
4.600000,100.995071,-4.043597,-10.430843,-21.565559,-61.749287,-22.100912
4.606250,104.090080,-4.042948,-8.877243,-22.077286,-62.619034,-22.596703
4.612500,105.882195,-4.041639,-7.130620,-22.685371,-62.251549,-23.136169
4.618750,105.943390,-4.039837,-5.360462,-23.376019,-60.865627,-23.696966
4.625000,103.933144,-4.037776,-3.780590,-24.143366,-58.764111,-24.265005
4.631250,99.613190,-4.035821,-2.550164,-24.954512,-56.346493,-24.832222
4.637500,92.863213,-4.033926,-1.698201,-25.773220,-53.911995,-25.375143
4.643750,83.686111,-4.031495,-1.127594,-26.574633,-51.787075,-25.878489
4.650000,72.203949,-4.028150,-0.666275,-27.329748,-48.174828,-26.334934
4.656250,58.647186,-4.024974,-0.354171,-28.006247,-44.773773,-26.741783
4.662500,43.350452,-4.023379,-0.208684,-28.570965,-41.454193,-27.074038
4.668750,26.743032,-4.023724,-0.229537,-28.987717,-38.184227,-27.296629
4.675000,9.326084,-4.025415,-0.425292,-29.226358,-34.712425,-27.403080
4.681250,-8.362743,-4.028037,-0.876844,-29.280132,-31.039753,-27.418940
4.687500,-25.778469,-4.031708,-1.675107,-29.149168,-27.356852,-27.354946
4.693750,-42.389740,-4.036712,-2.802212,-28.834602,-23.664949,-27.203524
4.700000,-57.702847,-4.042912,-4.262307,-28.349703,-20.111095,-26.965420
4.706250,-71.288834,-4.050493,-6.079319,-27.718777,-16.889223,-26.645124
4.712500,-82.807205,-4.059738,-8.292365,-26.981808,-14.187875,-26.251610
4.718750,-92.017036,-4.070169,-8.786246,-26.196491,-12.173019,-25.793806
4.725000,-98.791267,-4.080791,-9.036285,-25.370245,-10.933779,-25.268524
4.731250,-103.128746,-4.091037,-8.917050,-24.517881,-10.436155,-24.683483
4.737500,-105.156082,-4.101309,-7.778932,-23.694773,-10.325351,-24.107361
4.743750,-105.112740,-4.111843,-5.433499,-22.948812,-10.522010,-23.554480
4.750000,-103.336075,-4.121834,-1.915406,-22.317240,-10.924529,-23.054665
4.756250,-100.250587,-4.130557,2.785982,-21.805805,-13.495679,-22.586727
4.762500,-96.352669,-4.138181,8.586050,-21.404362,-16.840111,-22.133379
4.768750,-92.179504,-4.145171,15.256124,-21.092499,-18.776836,-21.720808
4.775000,-86.109383,-4.151135,20.525894,-20.869486,-21.237736,-21.411930
4.781250,-80.035728,-4.155701,27.599596,-20.744215,-23.989990,-21.194187
4.787500,-73.961342,-4.159079,34.296227,-20.687004,-26.813070,-21.056746
4.793750,-67.890846,-4.161795,40.263844,-20.671556,-29.659290,-20.989584
4.800000,-61.825401,-4.164141,45.070210,-20.675291,-32.516354,-20.985004
4.806250,-55.762993,-4.166118,48.322346,-20.677984,-35.391777,-21.036802
4.812500,-49.703773,-4.167766,49.660408,-20.671534,-38.252426,-21.119345
4.818750,-43.648281,-4.169304,48.821770,-20.643661,-41.047523,-21.212669
4.825000,-37.596127,-4.170787,47.832088,-20.590527,-43.882023,-21.309654
4.831250,-31.547247,-4.172531,45.281174,-20.512493,-46.753582,-21.392454
4.837500,-25.502201,-4.174786,41.739433,-20.414064,-49.588627,-21.437086
4.843750,-19.458769,-4.177428,35.944984,-20.301554,-52.197502,-21.443483
4.850000,-13.412753,-4.179679,30.173542,-20.187244,-54.240952,-21.429522
4.856250,-7.363838,-4.181501,24.529997,-20.090811,-55.632828,-21.392004
4.862500,-1.319196,-4.183908,19.169147,-20.021233,-56.156315,-21.311878
4.868750,4.720471,-4.187477,14.347529,-19.965841,-55.482315,-21.183947
4.875000,10.762398,-4.191140,10.145816,-19.941299,-53.507679,-21.029615
4.881250,16.812859,-4.193781,6.582596,-19.960630,-50.068729,-20.867153
4.887500,22.866980,-4.195583,3.767665,-20.026787,-45.006874,-20.712944
4.893750,28.916698,-4.197661,1.833761,-20.125406,-38.220020,-20.576965
4.900000,34.960751,-4.200415,0.901713,-20.222538,-29.698368,-20.467903
4.906250,41.005810,-4.203074,1.135564,-20.335781,-19.569300,-20.395857
4.912500,47.053776,-4.205180,2.981680,-20.484320,-8.081555,-20.368284
4.918750,53.102337,-4.206994,4.301498,-20.654900,4.396454,-20.381344
4.925000,59.147671,-4.208862,6.638821,-20.836304,17.438618,-20.417969
4.931250,65.189995,-4.211137,11.106340,-20.989349,30.658154,-20.453144
4.937500,71.229942,-4.213954,15.557647,-21.133078,43.733948,-20.513821
4.943750,77.271194,-4.216997,19.993093,-21.282635,56.581097,-20.614374
4.950000,83.316055,-4.219438,22.350374,-21.446836,68.585175,-20.734592
4.956250,89.364532,-4.221156,26.208122,-21.629293,79.414459,-20.866404
4.962500,93.515999,-4.223952,29.485996,-21.827885,88.909149,-21.004972
4.968750,97.413788,-4.226383,32.012505,-22.038895,96.996155,-21.148914
4.975000,100.481339,-4.228994,33.650768,-22.253880,103.699486,-21.295406
4.981250,102.256042,-4.230985,34.312160,-22.461203,109.126793,-21.443096
4.987500,102.308121,-4.232445,33.920742,-22.649343,113.427055,-21.603312
4.993750,100.292656,-4.233895,32.416977,-22.815954,116.845436,-21.747082
5.000000,95.972878,-4.235209,29.759729,-22.961664,117.908043,-21.883089
5.006250,89.229897,-4.235878,26.054382,-23.078476,118.255043,-22.032488
5.012500,80.061562,-4.236150,21.431198,-23.162388,117.718399,-22.202070
5.018750,68.585312,-4.236881,16.046223,-23.213650,116.169304,-22.399012
5.025000,55.039211,-4.237872,10.386627,-23.229668,113.502678,-22.631941
5.031250,39.769691,-4.238379,4.979418,-23.204725,109.621536,-22.897070
5.037500,23.202467,-4.238231,0.056633,-23.128656,104.171051,-23.123333
5.043750,5.825639,-4.238207,-4.205665,-23.000765,99.018242,-23.342491
5.050000,-11.831370,-4.238830,-7.804594,-22.852911,92.488770,-23.574768
5.056250,-29.218039,-4.239828,-10.640579,-22.693645,85.108360,-23.809856
5.062500,-45.799732,-4.241004,-12.570013,-22.535313,77.353584,-24.035421
5.068750,-61.083694,-4.242408,-13.596738,-22.410099,69.650253,-24.241428
5.075000,-74.643555,-4.243746,-13.773164,-22.353830,62.423584,-24.415503
5.081250,-86.138268,-4.245012,-14.493835,-22.285967,54.207672,-24.540749
5.087500,-95.334312,-4.246841,-14.652899,-22.269743,47.017262,-24.603109
5.093750,-102.112495,-4.250293,-14.890005,-22.315355,40.659233,-24.594463
5.100000,-106.468460,-4.254923,-13.486482,-22.406517,34.979721,-24.517733
5.106250,-108.514427,-4.259327,-12.149949,-22.525759,29.857132,-24.379665
5.112500,-108.486725,-4.262891,-12.625987,-22.693623,25.100992,-24.188309
5.118750,-106.733948,-4.266737,-13.391324,-22.879837,20.479645,-23.969490
5.125000,-103.689224,-4.271746,-14.798304,-23.053677,15.729376,-23.720112
5.131250,-99.839134,-4.277553,-14.855378,-23.191153,12.063199,-23.410601
5.137500,-95.710121,-4.283311,-15.023092,-23.274374,8.010529,-23.090332
5.143750,-89.681091,-4.289061,-14.846173,-23.291014,3.856148,-22.784092
5.150000,-83.651268,-4.295262,-15.774901,-23.235191,-0.249781,-22.506426
5.156250,-77.619537,-4.301891,-15.766245,-23.103800,-4.186003,-22.264366
5.162500,-71.582146,-4.308358,-14.985610,-22.897783,-7.853380,-22.056179
5.168750,-65.537750,-4.314339,-13.638457,-22.623066,-11.182573,-21.865765
5.175000,-59.489677,-4.319931,-11.965105,-22.294113,-14.221635,-21.736477
5.181250,-53.439827,-4.325228,-10.215611,-21.923449,-14.995861,-21.648073
5.187500,-47.388596,-4.330284,-8.597178,-21.520641,-16.509897,-21.593349
5.193750,-41.335285,-4.335186,-7.399137,-21.111319,-16.823591,-21.576496
5.200000,-35.279976,-4.339682,-6.882566,-20.720257,-16.097794,-21.590902
5.206250,-29.221642,-4.343610,-5.059407,-20.370415,-14.492107,-21.618093
5.212500,-23.161913,-4.347031,-3.422338,-20.084003,-12.150189,-21.645891
5.218750,-17.101446,-4.350164,-3.452640,-19.882809,-8.904023,-21.746086
5.225000,-11.039861,-4.352682,-3.117697,-19.788406,-7.020193,-21.869669
5.231250,-4.975395,-4.354003,-2.518977,-19.796694,-5.020145,-21.982981
5.237500,1.089160,-4.354235,-1.688528,-19.894197,-3.762753,-22.108627
5.243750,7.148966,-4.354108,-0.877748,-20.083914,-3.680702,-22.255026
5.250000,13.201092,-4.354206,-0.265349,-20.342106,-5.062674,-22.424824
5.256250,19.248056,-4.354623,0.053714,-20.630560,-8.140320,-22.622938
5.262500,25.292990,-4.355047,1.505332,-21.038422,-10.941749,-22.862757
5.268750,31.337658,-4.355111,2.969669,-21.522182,-14.982471,-23.150751
5.275000,37.381699,-4.354384,4.895932,-22.102797,-19.880713,-23.470961
5.281250,43.422638,-4.353235,6.059700,-22.640263,-25.157446,-23.825598
5.287500,49.454357,-4.352694,8.314263,-23.183125,-30.269339,-24.214590
5.293750,55.475266,-4.353601,11.119737,-23.732153,-34.771332,-24.617756
5.300000,61.492126,-4.355290,14.311248,-24.273817,-38.323254,-24.997000
5.306250,67.511421,-4.356613,17.698956,-24.790888,-40.600471,-25.348879
5.312500,73.530533,-4.357893,21.080574,-25.263342,-42.946228,-25.705467
5.318750,79.541100,-4.360797,24.262484,-25.670630,-44.018749,-26.021580
5.325000,85.543365,-4.365786,27.054302,-25.993959,-44.087662,-26.271532
5.331250,91.548409,-4.371585,29.566343,-26.214031,-43.346546,-26.434731
5.337500,95.667526,-4.377322,31.915840,-26.317329,-42.015194,-26.497160
5.343750,99.517326,-4.383539,33.931587,-26.295134,-40.351974,-26.449739
5.350000,102.560326,-4.390971,35.458889,-26.141846,-38.627228,-26.285381
5.356250,104.308334,-4.399200,36.331848,-25.862730,-37.166641,-26.023539
5.362500,104.339485,-4.407696,36.358711,-25.488771,-36.464989,-25.731497
5.368750,102.313232,-4.416503,35.399448,-25.041363,-34.025230,-25.339832
5.375000,97.991119,-4.425448,33.583584,-24.526194,-31.897861,-24.927700
5.381250,91.255379,-4.433683,30.820826,-23.983374,-29.759449,-24.541063
5.387500,82.107536,-4.440418,27.105621,-23.450840,-27.226389,-24.229755
5.393750,70.663849,-4.446055,20.675814,-22.957550,-24.002762,-24.010614
5.400000,57.156620,-4.450972,15.538788,-22.518837,-20.318676,-23.815348
5.406250,41.927193,-4.454694,10.046279,-22.140192,-15.739731,-23.721668
5.412500,25.405375,-4.456671,4.391785,-21.845024,-10.638027,-23.775379
5.418750,8.079297,-4.457108,-1.319747,-21.661421,-4.921318,-23.958349
5.425000,-9.523774,-4.456536,-6.759035,-21.588547,1.154004,-24.256968
5.431250,-26.858168,-4.454774,-11.603891,-21.615852,7.277886,-24.647062
5.437500,-43.390415,-4.451717,-15.601005,-21.725182,13.220723,-25.076971
5.443750,-58.633026,-4.448105,-18.567722,-21.893764,18.747213,-25.502697
5.450000,-72.162560,-4.444824,-22.268974,-22.084883,23.607233,-25.890997
5.456250,-83.635826,-4.441883,-25.002439,-22.219412,27.796104,-26.225086
5.462500,-92.812515,-4.438915,-25.523788,-22.396872,31.348751,-26.467674
5.468750,-99.571602,-4.436378,-25.793730,-22.546432,34.247593,-26.586285
5.475000,-103.915749,-4.434869,-25.664896,-22.638437,36.550175,-26.568113
5.481250,-105.965492,-4.434559,-25.348103,-22.658464,38.429314,-26.409286
5.487500,-105.953087,-4.435528,-25.075222,-22.604467,40.115162,-26.124306
5.493750,-104.218834,-4.438103,-25.061623,-22.480591,41.856274,-25.730797
5.500000,-101.188156,-4.442346,-25.459644,-22.287798,42.223991,-25.210140
5.506250,-97.346283,-4.447402,-26.400345,-22.035755,42.949245,-24.619041
5.512500,-93.221382,-4.452331,-25.869274,-21.746281,43.595642,-24.009060
5.518750,-87.194984,-4.457398,-27.212187,-21.444605,43.923824,-23.426123
5.525000,-81.167389,-4.463393,-28.301367,-21.152134,43.735703,-22.912870
5.531250,-75.135696,-4.469944,-29.143929,-20.883026,42.866100,-22.512428
5.537500,-69.092461,-4.475897,-29.750095,-20.646086,41.086483,-22.185856
5.543750,-63.037354,-4.480638,-30.151007,-20.438019,39.744865,-21.905622
5.550000,-56.977093,-4.484622,-30.437456,-20.272955,36.704906,-21.798618
5.556250,-50.914631,-4.487998,-30.872082,-20.177645,32.767384,-21.828596
5.562500,-44.848572,-4.490418,-31.469055,-20.149147,28.181129,-21.975073
5.568750,-38.779526,-4.491750,-32.281570,-20.187830,23.129890,-22.204269
5.575000,-32.709862,-4.492106,-31.252951,-20.295179,17.882292,-22.503965
5.581250,-26.642338,-4.491562,-29.829998,-20.469103,13.376004,-22.895142
5.587500,-20.576771,-4.490052,-29.461939,-20.700392,7.936096,-23.315113
5.593750,-14.516411,-4.487947,-28.124805,-20.977316,3.345346,-23.750589
5.600000,-8.464079,-4.485944,-26.049072,-21.290527,-0.505294,-24.185141
5.606250,-2.419428,-4.484197,-23.490746,-21.627733,-3.659279,-24.596655
5.612500,3.620597,-4.482495,-20.708925,-21.978708,-6.190711,-24.969866
5.618750,9.655900,-4.481071,-17.986952,-22.338263,-8.278569,-25.312664
5.625000,15.686076,-4.480208,-15.552567,-22.690060,-9.986405,-25.592541
5.631250,21.712589,-4.479593,-11.402578,-23.016310,-11.352416,-25.803495
5.637500,27.736814,-4.478977,-9.015093,-23.308628,-12.639041,-25.953259
5.643750,33.756435,-4.479245,-6.456520,-23.562271,-13.995209,-26.050610
5.650000,39.768280,-4.481032,-3.941927,-23.774612,-15.541482,-26.108292
5.656250,45.778149,-4.483803,-1.647452,-23.939615,-17.383978,-26.144117
5.662500,51.794010,-4.486404,0.282994,-24.049450,-19.647455,-26.173075
5.668750,57.812904,-4.488772,1.701355,-24.097055,-22.780685,-26.120224
5.675000,63.827763,-4.492126,2.477780,-24.073008,-26.876389,-26.014473
5.681250,69.837791,-4.496969,2.473731,-23.981586,-30.079845,-25.921013
5.687500,75.849434,-4.502377,1.539703,-23.833694,-33.995110,-25.834135
5.693750,81.868248,-4.507652,-0.342627,-23.631453,-38.303299,-25.744297
5.700000,87.891487,-4.512882,-0.978964,-23.380747,-42.832706,-25.643726
5.706250,92.019836,-4.518615,-1.721056,-23.094864,-47.434616,-25.521095
5.712500,95.875084,-4.525023,-2.032451,-22.793797,-51.928108,-25.348007
5.718750,98.926270,-4.532115,-3.336048,-22.513775,-56.010303,-25.161444
5.725000,100.683739,-4.539768,-1.838551,-22.228275,-61.105122,-24.982244
5.731250,100.724213,-4.547194,0.262455,-21.951494,-65.859879,-24.794415
5.737500,98.709335,-4.553665,3.483304,-21.723759,-70.541412,-24.614319
5.743750,94.398514,-4.559051,7.872867,-21.562799,-75.340424,-24.459389
5.750000,87.664757,-4.564128,13.319828,-21.472275,-80.482468,-24.308130
5.756250,78.505531,-4.568995,19.608938,-21.445742,-86.150375,-24.153406
5.762500,67.047630,-4.572937,24.533754,-21.473869,-90.545097,-24.035339
5.768750,53.527466,-4.575666,31.473545,-21.551577,-93.516525,-23.978659
5.775000,38.280540,-4.577783,38.099838,-21.670149,-95.983658,-23.971737
5.781250,21.730286,-4.579910,44.033970,-21.812237,-97.172714,-24.004150
5.787500,4.371001,-4.581726,48.911594,-21.958286,-96.471886,-24.066692
5.793750,-13.262193,-4.582994,52.387589,-22.088137,-93.402763,-24.149101
5.800000,-30.625313,-4.584019,54.165863,-22.183142,-87.623878,-24.246607
5.806250,-47.189075,-4.585464,54.002220,-22.232025,-80.777740,-24.323725
5.812500,-62.460655,-4.587535,51.737904,-22.227713,-71.254234,-24.388178
5.818750,-76.009575,-4.590017,49.513012,-22.165926,-59.774635,-24.437876
5.825000,-87.493904,-4.592749,46.041855,-22.044977,-47.017532,-24.462002
5.831250,-96.676353,-4.595947,40.104755,-21.866673,-33.710369,-24.444181
5.837500,-103.436630,-4.600036,34.002502,-21.640486,-20.604975,-24.360909
5.843750,-107.774277,-4.605287,27.872297,-21.379587,-8.387866,-24.188269
5.850000,-109.806648,-4.611443,21.867090,-21.101488,2.696699,-23.999981
5.856250,-109.764000,-4.617304,16.118372,-20.834980,12.159122,-23.781040
5.862500,-107.984932,-4.621588,10.787409,-20.592918,19.618544,-23.517284
5.868750,-104.901817,-4.624804,6.129642,-20.375355,24.955048,-23.227564
5.875000,-101.017380,-4.628160,2.175123,-20.210478,28.125488,-22.944317
5.881250,-96.864853,-4.632162,-1.042695,-20.117346,29.305962,-22.699387
5.887500,-90.815079,-4.635873,-3.389954,-20.100220,28.826302,-22.525335
5.893750,-84.758476,-4.638352,-6.648156,-20.151327,27.025335,-22.424389
5.900000,-78.699081,-4.639893,-6.908412,-20.236097,23.986633,-22.358551
5.906250,-72.643166,-4.641114,-7.991286,-20.384550,20.332973,-22.362146
5.912500,-66.590904,-4.642183,-8.059665,-20.598635,16.444107,-22.447063
5.918750,-60.540573,-4.642900,-7.812317,-20.852015,12.660364,-22.592661
5.925000,-54.492367,-4.643492,-7.613729,-21.137186,9.324531,-22.773264
5.931250,-48.447041,-4.643883,-7.735178,-21.455011,6.857393,-22.995224
5.937500,-42.402378,-4.643851,-8.324452,-21.791729,5.672464,-23.237883
5.943750,-36.361561,-4.643750,-7.239393,-22.126276,3.765527,-23.473845
5.950000,-30.327129,-4.644422,-7.915977,-22.462400,2.706337,-23.687317
5.956250,-24.297461,-4.645959,-8.326741,-22.801207,2.211885,-23.869944
5.962500,-18.265673,-4.647299,-8.543601,-23.137474,2.025568,-24.015694
5.968750,-12.229383,-4.647892,-8.602568,-23.459040,1.917287,-24.117867
5.975000,-6.195267,-4.648550,-8.553242,-23.752434,1.663354,-24.172243
5.981250,-0.167318,-4.649843,-8.462234,-24.003077,1.017850,-24.214647
5.987500,5.858698,-4.651222,-8.398726,-24.198328,1.902741,-24.173136
5.993750,11.885434,-4.652323,-8.454941,-24.330046,1.134852,-24.099606
6.000000,17.908691,-4.654195,-8.702453,-24.390495,0.363034,-24.012075
6.006250,23.924717,-4.657694,-9.205573,-24.378029,-0.519044,-23.922308
6.012500,29.940605,-4.661952,-9.744751,-24.293550,-1.635628,-23.838869
6.018750,35.964722,-4.665726,-10.074726,-24.139191,-3.098186,-23.768293
6.025000,41.993954,-4.669181,-10.247631,-23.920914,-5.033882,-23.719187
6.031250,48.020870,-4.673374,-10.321884,-23.642841,-7.593334,-23.696800
6.037500,54.045452,-4.678383,-10.354930,-23.305628,-9.135567,-23.682985
6.043750,60.074532,-4.683524,-10.477351,-22.931091,-11.684383,-23.691462
6.050000,66.109680,-4.688313,-10.912963,-22.553875,-14.789927,-23.737543
6.056250,72.148186,-4.693083,-11.689779,-22.186710,-18.042673,-23.824041
6.062500,78.188271,-4.697871,-12.849398,-21.848438,-21.192282,-23.944986
6.068750,84.232208,-4.702142,-14.477556,-21.563551,-24.029282,-24.080715
6.075000,90.279800,-4.705931,-14.444494,-21.351175,-26.267902,-24.220119
6.081250,94.434494,-4.709421,-15.946973,-21.213224,-27.234900,-24.389435
6.087500,98.317764,-4.712253,-16.809254,-21.157644,-26.983521,-24.571762
6.093750,101.398552,-4.713876,-17.115688,-21.192919,-25.410162,-24.760653
6.100000,103.180237,-4.714705,-16.895864,-21.314037,-22.264017,-24.953012
6.106250,103.230667,-4.715762,-16.162338,-21.502199,-17.347755,-25.153505
6.112500,101.209213,-4.717381,-14.957557,-21.725115,-10.607854,-25.361603
6.118750,96.883881,-4.718911,-13.425824,-21.963766,-2.410315,-25.520189
6.125000,90.136246,-4.720089,-11.864388,-22.213984,7.162709,-25.657518
6.131250,80.962509,-4.721234,-8.225179,-22.448187,17.941137,-25.782145
6.137500,69.483772,-4.722661,-4.012374,-22.643044,29.457825,-25.892040
6.143750,55.936611,-4.724284,-0.829890,-22.781334,41.145275,-25.979404
6.150000,40.663189,-4.726223,3.159543,-22.855143,52.400700,-26.033596
6.156250,24.091024,-4.728513,7.576851,-22.863754,62.623444,-26.036417
6.162500,6.713068,-4.731010,12.039471,-22.810745,71.280441,-25.915236
6.168750,-10.937016,-4.733507,16.184940,-22.699768,77.714905,-25.785343
6.175000,-28.313534,-4.736306,19.692890,-22.533747,83.298859,-25.603474
6.181250,-44.886135,-4.739684,22.217796,-22.331608,86.755829,-25.367384
6.187500,-60.159397,-4.743289,23.461319,-22.115591,88.311180,-25.089643
6.193750,-73.702888,-4.746525,25.429754,-21.902884,88.346375,-24.783459
6.200000,-85.176979,-4.749337,24.803484,-21.708544,87.354149,-24.462765
6.206250,-94.349335,-4.752216,23.697773,-21.547094,85.898560,-24.143526
6.212500,-101.098366,-4.755211,22.099997,-21.428432,84.632568,-23.855267
6.218750,-105.422203,-4.758111,20.019917,-21.362499,82.222534,-23.589325
6.225000,-107.441429,-4.760846,17.480291,-21.354246,79.539673,-23.354643
6.231250,-107.395348,-4.763700,14.570521,-21.393927,77.763153,-23.191158
6.237500,-105.623856,-4.766575,11.340421,-21.484980,76.612434,-23.122164
6.243750,-102.551826,-4.768971,7.803445,-21.626478,75.902092,-23.172361
6.250000,-98.671349,-4.770766,4.063886,-21.807926,75.472427,-23.329693
6.256250,-94.517570,-4.772250,0.220944,-22.017582,75.774559,-23.536016
6.262500,-88.471336,-4.773427,-3.404002,-22.252678,75.871262,-23.844469
6.268750,-82.426216,-4.774227,-6.483206,-22.502439,75.750305,-24.247391
6.275000,-76.383743,-4.774872,-8.944098,-22.751270,75.428192,-24.721367
6.281250,-70.344818,-4.775722,-10.778129,-22.987511,74.869911,-25.234037
6.287500,-64.308540,-4.776574,-12.023566,-23.202900,74.050819,-25.739769
6.293750,-58.272972,-4.777022,-12.739889,-23.392220,73.037369,-26.193930
6.300000,-52.240929,-4.777788,-12.987854,-23.549080,72.303642,-26.615211
6.306250,-46.215721,-4.779704,-12.820337,-23.661787,70.080368,-26.951805
6.312500,-40.193623,-4.782465,-12.342080,-23.728731,68.013885,-27.179445
6.318750,-34.168228,-4.784928,-13.595475,-23.753408,65.820076,-27.285240
6.325000,-28.139425,-4.786965,-12.906601,-23.737459,63.314537,-27.261654
6.331250,-22.115040,-4.789779,-12.254829,-23.679394,60.358131,-27.105654
6.337500,-16.098083,-4.794211,-11.727014,-23.574253,56.838001,-26.818516
6.343750,-10.081973,-4.799847,-11.421404,-23.415602,52.646427,-26.411436
6.350000,-4.059962,-4.805747,-11.492197,-23.211678,47.623440,-25.927137
6.356250,1.968991,-4.811544,-12.144374,-22.986292,41.606739,-25.451826
6.362500,8.002946,-4.817279,-13.448565,-22.747227,34.456512,-24.914574
6.368750,14.040438,-4.822728,-15.363503,-22.490852,27.417614,-24.381626
6.375000,20.080942,-4.827956,-17.938408,-22.231863,19.401415,-23.915667
6.381250,26.121946,-4.833297,-19.086229,-21.993460,10.703454,-23.559906
6.387500,32.164474,-4.838751,-22.034941,-21.794487,1.596774,-23.345087
6.393750,38.211044,-4.843737,-24.574129,-21.648687,-7.741725,-23.227783
6.400000,44.263329,-4.847886,-26.677166,-21.567398,-17.384220,-23.235598
6.406250,50.317600,-4.851412,-28.360794,-21.568428,-25.423519,-23.415878
6.412500,56.372406,-4.854359,-29.700161,-21.675907,-32.641048,-23.742710
6.418750,62.427704,-4.856604,-30.488548,-21.836285,-38.600323,-24.182438
6.425000,68.482918,-4.858279,-30.911781,-22.073721,-42.962410,-24.672138
6.431250,74.535400,-4.859890,-31.157684,-22.392263,-45.510319,-25.174360
6.437500,80.585159,-4.861283,-31.266281,-22.780563,-46.958420,-25.728218
6.443750,86.635788,-4.861754,-31.009705,-23.222713,-46.774029,-26.267042
6.450000,92.686668,-4.861379,-30.207462,-23.698755,-45.128128,-26.754467
6.456250,96.836266,-4.861142,-28.955767,-24.181616,-42.274048,-27.160004
6.462500,100.703926,-4.861813,-27.385550,-24.642855,-38.518932,-27.459133
6.468750,103.761520,-4.862903,-25.669180,-25.052696,-34.230457,-27.634041
6.475000,105.522789,-4.863801,-23.988625,-25.382774,-29.827887,-27.680288
6.481250,105.560181,-4.864453,-22.572639,-25.616257,-25.798643,-27.639168
6.487500,103.528419,-4.865244,-21.674088,-25.750935,-20.332243,-27.461687
6.493750,99.190460,-4.866541,-21.475889,-25.783529,-16.692549,-27.173847
6.500000,92.424644,-4.868530,-19.924721,-25.716146,-13.459293,-26.819971
6.506250,83.232483,-4.871537,-18.483917,-25.561228,-10.891831,-26.435217
6.512500,71.738678,-4.875178,-18.626091,-25.341703,-9.162310,-26.051003
6.518750,58.184433,-4.878707,-18.302256,-25.084476,-8.364583,-25.691946
6.525000,42.910690,-4.881813,-17.582235,-24.810043,-8.500718,-25.366198
6.531250,26.340561,-4.885160,-16.516743,-24.530470,-9.516591,-25.072405
6.537500,8.963652,-4.889130,-15.230762,-24.262974,-11.337845,-24.764067
6.543750,-8.683131,-4.892893,-13.893934,-24.028233,-13.665958,-24.550123
6.550000,-26.049665,-4.895721,-12.690998,-23.852787,-17.665266,-24.412088
6.556250,-42.607662,-4.897893,-11.715698,-23.745722,-22.131014,-24.326475
6.562500,-57.871075,-4.900213,-10.990536,-23.703732,-27.021700,-24.277546
6.568750,-71.411308,-4.902499,-8.393141,-23.717695,-32.215191,-24.250950
6.575000,-82.884026,-4.904264,-7.238225,-23.777565,-37.471886,-24.326725
6.581250,-92.053795,-4.905481,-5.465279,-23.865906,-43.036293,-24.349760
6.587500,-98.803093,-4.906806,-3.187964,-23.948080,-46.517605,-24.393089
6.593750,-103.132500,-4.908477,-0.590356,-23.997271,-49.411713,-24.459291
6.600000,-105.160904,-4.910203,1.767001,-24.063629,-51.186764,-24.545908
6.606250,-105.124084,-4.911944,3.770453,-24.121492,-53.268700,-24.655096
6.612500,-103.363731,-4.913783,5.329269,-24.154081,-53.619057,-24.776001
6.618750,-100.306816,-4.915646,6.248789,-24.155146,-52.397789,-24.897760
6.625000,-96.445618,-4.917783,8.477507,-24.129589,-49.934010,-25.019390
6.631250,-92.315186,-4.920517,8.608687,-24.082951,-46.586582,-25.138580
6.637500,-86.292984,-4.924260,8.701941,-24.020060,-42.717442,-25.250246
6.643750,-80.269745,-4.928513,8.652908,-23.945089,-38.707001,-25.348616
6.650000,-74.240761,-4.932480,8.384044,-23.858763,-34.927402,-25.422342
6.656250,-68.207558,-4.936128,7.822193,-23.762579,-31.738152,-25.456961
6.662500,-62.174995,-4.940010,6.900045,-23.657515,-29.486002,-25.418640
6.668750,-56.143238,-4.944118,5.573049,-23.543846,-28.582809,-25.366295
6.675000,-50.109272,-4.947955,3.819967,-23.420170,-27.291695,-25.257881
6.681250,-44.073818,-4.951744,1.660523,-23.276579,-26.941420,-25.098703
6.687500,-38.039970,-4.956061,-0.907508,-23.112545,-27.306530,-24.898197
6.693750,-32.007397,-4.961066,-1.746374,-22.928753,-28.023026,-24.663448
6.700000,-25.970463,-4.965983,-4.076642,-22.721889,-28.718622,-24.401749
6.706250,-19.926497,-4.970246,-5.789024,-22.499474,-29.099398,-24.134787
6.712500,-13.878561,-4.973913,-7.026278,-22.278593,-28.917194,-23.881393
6.718750,-7.830306,-4.977295,-7.896983,-22.070541,-27.891577,-23.654718
6.725000,-1.783246,-4.980826,-8.543101,-21.898842,-25.847105,-23.473087
6.731250,4.263505,-4.984532,-9.162358,-21.848686,-22.697729,-23.354250
6.737500,10.312160,-4.988324,-9.631619,-21.767385,-18.420273,-23.306376
6.743750,16.365538,-4.991510,-10.033792,-21.753572,-13.049761,-23.324928
6.750000,22.423264,-4.993758,-12.794803,-21.833641,-6.700577,-23.389935
6.756250,28.482403,-4.995339,-14.112546,-22.014986,0.441504,-23.418751
6.762500,34.538818,-4.996805,-15.864652,-22.292696,9.000994,-23.578373
6.768750,40.592697,-4.998173,-18.013885,-22.655865,16.287451,-23.780073
6.775000,46.646656,-4.999066,-20.538153,-23.090691,23.542044,-23.995888
6.781250,52.701408,-4.999403,-23.392197,-23.579296,30.269201,-24.203062
6.787500,58.753807,-4.999330,-26.492983,-24.094070,38.166401,-24.379646
6.793750,64.803383,-4.998882,-29.755531,-24.604195,45.417770,-24.517097
6.800000,70.848259,-4.998348,-33.151875,-25.092136,50.213211,-24.609692
6.806250,76.887451,-4.998223,-36.674953,-25.545202,54.347000,-24.652153
6.812500,82.920860,-4.999024,-39.972855,-25.948832,57.477013,-24.642179
6.818750,88.952797,-5.000269,-42.690536,-26.289923,59.313385,-24.581362
6.825000,94.987839,-5.001059,-44.774059,-26.557177,59.633694,-24.473141
6.831250,99.129234,-5.001700,-46.203072,-26.742786,58.297985,-24.324419
6.837500,102.993141,-5.002889,-46.990677,-26.843643,55.249729,-24.143450
6.843750,106.046722,-5.004844,-47.176620,-26.859383,50.533001,-23.934210
6.850000,107.802818,-5.007219,-46.826847,-26.795073,44.276646,-23.697969
6.856250,107.835197,-5.009924,-46.034191,-26.656651,36.551964,-23.471504
6.862500,105.802414,-5.013070,-44.889385,-26.453596,27.568674,-23.278223
6.868750,101.469421,-5.016218,-43.566311,-26.212002,17.678484,-23.151922
6.875000,94.716904,-5.018620,-44.091015,-25.953733,7.291106,-23.149437
6.881250,85.541679,-5.020556,-42.744690,-25.698305,-2.757276,-23.164339
6.887500,74.059311,-5.023018,-41.478817,-25.461426,-13.899543,-23.259409
6.893750,60.505890,-5.026327,-40.330669,-25.251568,-24.208431,-23.447407
6.900000,45.228443,-5.029675,-39.319065,-25.069908,-33.581749,-23.720146
6.906250,28.657907,-5.032326,-38.456505,-24.902258,-41.929989,-24.054239
6.912500,11.282488,-5.034578,-37.739182,-24.659515,-49.205654,-24.417313
6.918750,-6.370550,-5.037046,-37.554142,-24.506615,-55.426762,-24.780327
6.925000,-23.755295,-5.040104,-38.135948,-24.379047,-60.680317,-25.120897
6.931250,-40.336308,-5.043851,-37.019688,-24.273355,-65.063545,-25.414749
6.937500,-55.620075,-5.048221,-35.658829,-24.184494,-68.651474,-25.632868
6.943750,-69.176651,-5.052903,-35.322350,-24.073820,-71.569038,-25.750690
6.950000,-80.662361,-5.057148,-34.098568,-23.959242,-74.027687,-25.758650
6.956250,-89.841713,-5.061012,-32.281078,-23.848814,-76.267715,-25.654343
6.962500,-96.597511,-5.065083,-30.018332,-23.736456,-78.511131,-25.441010
6.968750,-100.930939,-5.069719,-27.512207,-23.619665,-80.999702,-25.136650
6.975000,-102.959778,-5.074333,-25.028284,-23.504671,-84.010361,-24.782021
6.981250,-102.917465,-5.078443,-22.808640,-23.391302,-85.656960,-24.418535
6.987500,-101.147484,-5.082409,-21.022947,-23.271740,-88.019669,-23.991467
6.993750,-98.079147,-5.086376,-17.688242,-23.138170,-88.612991,-23.575422
7.000000,-94.202614,-5.089871,-14.370173,-22.989679,-88.820251,-23.210756
7.006250,-90.048958,-5.092489,-12.653887,-22.828722,-88.097527,-22.923798
7.012500,-83.999992,-5.094527,-10.606264,-22.658543,-85.978462,-22.729668
7.018750,-77.955444,-5.096962,-8.475391,-22.480299,-82.102760,-22.632124
7.025000,-71.914612,-5.099962,-6.504186,-22.290915,-76.231819,-22.620813
7.031250,-65.873558,-5.103112,-4.948863,-22.086082,-68.338799,-22.700630
7.037500,-59.828991,-5.106015,-4.112755,-21.876110,-58.712727,-22.891451
7.043750,-53.781929,-5.108652,-4.359018,-21.695240,-47.520691,-23.165718
7.050000,-47.735001,-5.111317,-5.911582,-21.615309,-35.056519,-23.488253
7.056250,-41.688877,-5.114249,-6.639596,-21.502350,-21.747259,-23.789700
7.062500,-35.643173,-5.117537,-9.347330,-21.432621,-8.490316,-24.161957
7.068750,-29.595638,-5.120934,-12.652573,-21.442938,6.174259,-24.555216
7.075000,-23.543520,-5.123859,-16.492271,-21.551327,20.362164,-24.956146
7.081250,-17.487455,-5.126065,-20.766384,-21.768902,33.874992,-25.357927
7.087500,-11.430848,-5.127908,-25.364756,-22.098520,46.569263,-25.754129
7.093750,-5.375954,-5.129719,-30.132198,-22.532738,58.369690,-26.139275
7.100000,0.679048,-5.131108,-34.898045,-23.052904,67.370201,-26.505451
7.106250,6.736524,-5.131567,-39.493584,-23.631495,75.274826,-26.831955
7.112500,12.793215,-5.131261,-43.782227,-24.231670,81.665405,-27.104462
7.118750,18.845249,-5.130755,-47.678467,-24.824982,86.090401,-27.324671
7.125000,24.891724,-5.130279,-49.146530,-25.423107,88.239517,-27.496502
7.131250,30.934566,-5.129773,-51.321968,-25.991726,87.993034,-27.616625
7.137500,36.975113,-5.129067,-51.950687,-26.502476,85.388542,-27.678574
7.143750,43.012566,-5.128230,-51.172867,-26.943163,80.580040,-27.674892
7.150000,49.046501,-5.127254,-49.237347,-27.334093,73.837196,-27.591640
7.156250,55.074871,-5.126657,-46.499825,-27.624983,65.557892,-27.399113
7.162500,61.097141,-5.127104,-42.211216,-27.791901,56.260952,-27.073400
7.168750,67.115456,-5.128494,-37.773911,-27.875244,47.091988,-26.703888
7.175000,73.136223,-5.129970,-33.321098,-27.895178,36.316116,-26.265184
7.181250,79.162163,-5.130761,-29.044891,-27.864859,25.963522,-25.764860
7.187500,85.188225,-5.131601,-24.853167,-27.793123,16.349350,-25.221796
7.193750,91.209183,-5.133394,-20.668606,-27.688400,7.787662,-24.664082
7.200000,95.332893,-5.135936,-16.706133,-27.558931,0.561164,-24.129745
7.206250,99.187210,-5.138437,-13.169091,-27.412664,-5.098649,-23.715441
7.212500,102.240547,-5.140725,-10.240523,-27.257118,-9.195520,-23.281595
7.218750,103.996361,-5.143349,-8.064604,-27.093657,-12.116445,-22.921577
7.225000,104.025589,-5.146632,-6.715737,-26.911314,-13.254475,-22.672073
7.231250,101.991150,-5.150175,-6.221593,-26.638041,-12.845615,-22.544140
7.237500,97.658188,-5.153812,-6.669792,-26.419249,-11.265661,-22.535830
7.243750,90.904091,-5.157554,-6.496221,-26.207994,-8.987216,-22.644539
7.250000,81.728539,-5.161165,-8.249872,-25.987835,-6.407539,-22.848042
7.256250,70.254356,-5.164058,-9.801072,-25.761333,-3.914446,-23.123798
7.262500,56.716881,-5.166499,-11.204927,-25.534538,-1.928676,-23.447714
7.268750,41.451580,-5.169037,-12.459536,-25.308477,-0.816460,-23.789577
7.275000,24.884285,-5.172348,-13.572798,-25.085217,-0.898241,-24.116541
7.281250,7.510499,-5.175991,-14.595222,-24.870777,-0.297638,-24.398085
7.287500,-10.132801,-5.179302,-15.571171,-24.669661,-0.642291,-24.620510
7.293750,-27.499065,-5.181896,-16.538269,-24.485598,-1.642161,-24.776373
7.300000,-44.058418,-5.183762,-17.543528,-24.321749,-2.867331,-24.848101
7.306250,-59.320866,-5.185073,-18.605423,-24.172398,-3.867732,-24.817020
7.312500,-72.863693,-5.186363,-17.555349,-24.024778,-4.300904,-24.684685
7.318750,-84.347710,-5.188358,-17.724434,-23.877939,-3.899234,-24.462990
7.325000,-93.535271,-5.191379,-17.053854,-23.723740,-2.400259,-24.166985
7.331250,-100.299431,-5.195145,-15.609081,-23.518749,0.410738,-23.817787
7.337500,-104.635582,-5.199134,-13.414465,-23.298439,4.651239,-23.444914
7.343750,-106.664749,-5.202970,-11.836040,-23.091864,10.354965,-23.079477
7.350000,-106.624840,-5.206537,-10.143262,-22.873236,17.443579,-22.748863
7.356250,-104.858734,-5.209970,-8.747469,-22.644407,25.704878,-22.474695
7.362500,-101.795471,-5.213799,-7.979300,-22.413204,34.865547,-22.288284
7.368750,-97.927612,-5.218180,-5.916669,-22.182180,44.640007,-22.244310
7.375000,-93.784393,-5.222849,-4.113516,-21.960093,54.710060,-22.311411
7.381250,-87.741257,-5.227208,-4.177165,-21.764149,63.328403,-22.463480
7.387500,-81.691940,-5.230944,-4.152333,-21.608849,71.169128,-22.640285
7.393750,-75.639442,-5.234193,-4.224518,-21.502584,77.642570,-22.999004
7.400000,-69.587730,-5.237159,-4.553566,-21.448744,82.725845,-23.458061
7.406250,-63.536133,-5.239960,-5.311002,-21.448002,85.441299,-23.971912
7.412500,-57.484463,-5.242554,-6.674227,-21.497265,85.583374,-24.499889
7.418750,-51.432083,-5.244714,-8.828326,-21.599384,83.065971,-25.005791
7.425000,-45.378689,-5.246186,-12.010159,-21.771034,77.880890,-25.467318
7.431250,-39.326519,-5.247201,-14.366226,-21.992920,70.148727,-25.864458
7.437500,-33.279381,-5.248598,-17.686378,-22.249756,60.170719,-26.175838
7.443750,-27.238390,-5.250867,-21.431746,-22.561058,48.338161,-26.385418
7.450000,-21.197817,-5.253711,-25.311392,-22.933636,35.117264,-26.486782
7.456250,-15.152383,-5.255896,-29.184010,-23.370764,21.040131,-26.480543
7.462500,-9.101457,-5.257360,-32.931301,-23.868324,6.708416,-26.371780
7.468750,-3.051343,-5.258585,-36.459293,-24.421606,-7.239562,-26.166033
7.475000,2.996572,-5.259856,-39.683300,-25.017033,-20.157946,-25.866524
7.481250,9.044633,-5.260840,-42.485779,-25.623629,-31.487865,-25.491842
7.487500,15.093213,-5.261357,-44.837173,-26.229635,-40.825176,-25.079998
7.493750,21.141655,-5.261573,-46.851589,-26.839811,-47.770020,-24.660021
7.500000,27.188696,-5.261518,-48.240410,-27.444826,-51.952320,-24.257341
7.506250,33.235626,-5.260821,-48.659519,-28.029221,-53.150688,-23.894201
7.512500,39.281082,-5.259555,-48.076759,-28.569759,-51.252754,-23.581160
7.518750,45.320820,-5.258447,-46.521423,-29.050053,-48.175022,-23.323652
7.525000,51.353474,-5.257856,-44.105206,-29.456995,-42.496662,-23.126915
7.531250,57.382465,-5.257374,-40.934013,-29.776190,-35.002308,-22.992388
7.537500,63.410549,-5.256732,-37.137085,-29.991980,-26.458691,-22.922190
7.543750,69.434097,-5.256495,-32.881863,-30.090137,-17.647955,-22.898451
7.550000,75.450905,-5.257355,-28.400524,-30.071554,-9.394833,-22.867064
7.556250,81.463264,-5.259179,-23.977846,-29.943819,-2.531059,-22.853716
7.562500,87.477058,-5.261475,-17.635330,-29.710545,3.799929,-22.870407
7.568750,93.491356,-5.264251,-12.837525,-29.382591,8.181745,-22.880854
7.575000,97.610657,-5.267757,-7.663576,-28.973900,10.696327,-22.859266
7.581250,101.458733,-5.271688,-2.360083,-28.493866,11.407581,-22.807261
7.587500,104.505493,-5.275425,2.792299,-27.964260,10.449334,-22.737732
7.593750,106.258713,-5.278930,7.505238,-27.408285,8.136030,-22.663031
7.600000,106.287079,-5.282457,11.590897,-26.841101,4.889912,-22.600561
7.606250,104.248985,-5.286145,14.974999,-26.262423,1.203678,-22.568615
7.612500,99.909546,-5.289914,17.772661,-25.707668,-2.326474,-22.557901
7.618750,93.147491,-5.293766,20.407265,-25.208445,-6.942681,-22.565493
7.625000,83.961800,-5.297841,21.029724,-24.755379,-10.654850,-22.608288
7.631250,72.475937,-5.301719,21.500042,-24.350182,-13.560353,-22.692005
7.637500,58.928574,-5.304971,21.617407,-23.995070,-15.739275,-22.813150
7.643750,43.657043,-5.307626,21.251530,-23.688114,-17.310232,-22.961849
7.650000,27.084789,-5.310691,20.321661,-23.420193,-18.464645,-23.131096
7.656250,9.701493,-5.314654,18.752602,-23.181944,-19.479458,-23.321701
7.662500,-7.955838,-5.319183,16.441936,-22.975779,-20.655146,-23.538992
7.668750,-25.335735,-5.323697,13.304613,-22.798153,-22.294302,-23.806627
7.675000,-41.905193,-5.328109,9.375728,-22.636604,-24.810083,-24.069523
7.681250,-57.175991,-5.332605,6.868006,-22.474064,-27.279402,-24.313097
7.687500,-70.720055,-5.337260,4.441557,-22.298906,-31.204462,-24.568005
7.693750,-82.195526,-5.341563,0.669508,-22.116114,-36.621357,-24.849422
7.700000,-91.365334,-5.345335,-2.405394,-21.933697,-41.451748,-25.168058
7.706250,-98.110352,-5.348888,-4.870522,-21.758083,-47.072163,-25.519674
7.712500,-102.433075,-5.352620,-6.850683,-21.597452,-52.970936,-25.898731
7.718750,-104.454559,-5.356555,-8.504793,-21.462721,-58.689674,-26.298445
7.725000,-104.408119,-5.360260,-10.007123,-21.368021,-63.833660,-26.709732
7.731250,-102.633720,-5.363427,-11.542307,-21.334505,-68.067184,-27.120825
7.737500,-99.560303,-5.366080,-13.233879,-21.366287,-71.122513,-27.511299
7.743750,-95.682701,-5.368418,-15.079809,-21.441284,-72.803101,-27.855810
7.750000,-91.534164,-5.370932,-15.104978,-21.570261,-73.045425,-28.135637
7.756250,-85.493645,-5.373657,-16.780327,-21.760405,-71.938606,-28.348679
7.762500,-79.453346,-5.376522,-18.093824,-22.018990,-69.557831,-28.481823
7.768750,-73.411423,-5.379170,-19.189627,-22.339769,-65.988029,-28.518129
7.775000,-67.367813,-5.381287,-20.183664,-22.706253,-61.407570,-28.443005
7.781250,-61.323727,-5.383044,-21.257359,-23.101088,-56.065491,-28.241613
7.787500,-55.282513,-5.385255,-22.665825,-23.505104,-50.273228,-27.900190
7.793750,-49.245758,-5.388221,-24.722269,-23.895195,-44.458107,-27.441393
7.800000,-43.208160,-5.391538,-27.785133,-24.252640,-36.987099,-26.893551
7.806250,-37.164593,-5.394179,-29.968998,-24.572189,-29.466936,-26.267632
7.812500,-31.116718,-5.395934,-32.886173,-24.852648,-21.715570,-25.587414
7.818750,-25.070900,-5.397693,-36.281410,-25.092264,-13.618884,-24.886419
7.825000,-19.031183,-5.400355,-39.919483,-25.291464,-5.061133,-24.203365
7.831250,-12.993823,-5.403574,-43.592854,-25.454641,2.201026,-23.568377
7.837500,-6.952029,-5.406600,-47.093468,-25.583738,10.021353,-22.982851
7.843750,-0.904653,-5.409176,-50.202003,-25.674690,17.986515,-22.462435
7.850000,5.143518,-5.411695,-52.758442,-25.733429,25.653618,-21.993225
7.856250,11.191304,-5.414277,-54.670750,-25.767181,32.851135,-21.632690
7.862500,17.242517,-5.416439,-55.867828,-25.788990,37.977795,-21.402884
7.868750,23.297127,-5.417711,-56.329327,-25.812654,41.941795,-21.278542
7.875000,29.353680,-5.418428,-55.760632,-25.847120,44.465000,-21.246822
7.881250,35.409435,-5.418575,-53.876198,-25.893211,45.479019,-21.287537
7.887500,41.464317,-5.417834,-50.732960,-25.944534,45.046680,-21.385345
7.893750,47.518738,-5.416092,-46.465679,-25.997377,43.291195,-21.531445
7.900000,53.567749,-5.414079,-41.306660,-26.049654,40.454132,-21.713226
7.906250,59.606873,-5.412683,-35.497921,-26.093454,36.910488,-21.915224
7.912500,65.638924,-5.411892,-29.288177,-26.111130,33.102356,-22.120543
7.918750,71.668747,-5.411892,-22.993670,-26.111130,29.502260,-22.120543
7.925000,71.668747,-5.411892,-22.993670,-26.111130,29.502260,-22.120543
7.931250,71.668747,-5.411892,-22.993670,-26.111130,29.502260,-22.120543
7.937500,71.668747,-5.411892,-22.993670,-26.111130,29.502260,-22.120543
7.943750,71.668747,-5.411892,-22.993670,-26.111130,29.502260,-22.120543
7.950000,71.668747,-5.411892,-22.993670,-26.111130,29.502260,-22.120543
7.956250,71.668747,-5.411892,-22.993670,-26.111130,29.502260,-22.120543
7.962500,71.668747,-5.411892,-22.993670,-26.111130,29.502260,-22.120543
7.968750,71.668747,-5.411892,-22.993670,-26.111130,29.502260,-22.120543
7.975000,71.668747,-5.411892,-22.993670,-26.111130,29.502260,-22.120543
7.981250,71.668747,-5.411892,-22.993670,-26.111130,29.502260,-22.120543
7.987500,71.668747,-5.411892,-22.993670,-26.111130,29.502260,-22.120543
7.993750,71.668747,-5.411892,-22.993670,-26.111130,29.502260,-22.120543
8.000000,71.668747,-5.411892,-22.993670,-26.111130,29.502260,-22.120543
