Anritsu VNA Frequency[GHz],S21[deg],S21[dB],S11[deg],S11[dB],S22[deg],S22[dB]
1338066795.06,2012_05_26_22:13:15,+44.401,+81.827,+70.551,+82.162,+87.348,+89.065,+86.028,+87.055,86.341347,-12.064
3.006250,38.283150,-2.100085,63.356041,-26.955748,-83.395981,-27.948944
3.012500,38.283150,-2.100085,63.356041,-26.955748,-83.395981,-27.948944
3.018750,38.283150,-2.100085,63.356041,-26.955748,-83.395981,-27.948944
3.025000,38.283150,-2.100085,63.356041,-26.955748,-83.395981,-27.948944
3.031250,38.283150,-2.100085,63.356041,-26.955748,-83.395981,-27.948944
3.037500,38.283150,-2.100085,63.356041,-26.955748,-83.395981,-27.948944
3.043750,38.283150,-2.100085,63.356041,-26.955748,-83.395981,-27.948944
3.050000,38.283150,-2.100085,63.356041,-26.955748,-83.395981,-27.948944
3.056250,38.283150,-2.100085,63.356041,-26.955748,-83.395981,-27.948944
3.062500,38.283150,-2.100085,63.356041,-26.955748,-83.395981,-27.948944
3.068750,38.283150,-2.100085,63.356041,-26.955748,-83.395981,-27.948944
3.075000,38.283150,-2.100085,63.356041,-26.955748,-83.395981,-27.948944
3.081250,38.283150,-2.100085,63.356041,-26.955748,-83.395981,-27.948944
3.087500,38.283150,-2.100085,63.356041,-26.955748,-83.395981,-27.948944
3.093750,38.283150,-2.102162,63.356041,-26.754654,-83.395981,-27.692024
3.100000,44.200871,-2.104616,60.243656,-26.591089,-83.415672,-27.445812
3.106250,50.118332,-2.107092,56.265129,-26.493574,-82.552628,-27.213324
3.112500,56.036236,-2.109658,51.857243,-26.477646,-80.528488,-26.971474
3.118750,61.953732,-2.112363,45.625629,-26.518921,-77.102531,-26.635523
3.125000,67.869965,-2.115190,40.493404,-26.548599,-72.352745,-26.340422
3.131250,73.785767,-2.118137,35.907612,-26.603640,-66.415176,-26.021082
3.137500,79.700699,-2.121412,32.046432,-26.688114,-58.806713,-25.664711
3.143750,85.613815,-2.125181,29.112286,-26.795673,-49.659977,-25.279196
3.150000,91.527504,-2.129320,27.278593,-26.913197,-39.114201,-24.878059
3.156250,95.549522,-2.133257,26.660025,-27.025990,-29.227261,-24.480627
3.162500,99.300331,-2.136916,27.317436,-27.119875,-18.566568,-24.110661
3.168750,102.245979,-2.140667,29.262985,-27.183609,-7.867675,-23.808195
3.175000,103.892670,-2.144626,32.514378,-27.198925,2.208672,-23.553268
3.181250,103.814941,-2.148716,35.283630,-27.151909,11.592206,-23.315897
3.187500,101.673950,-2.152661,39.114056,-27.055420,19.259474,-23.131884
3.193750,97.232346,-2.156392,43.267746,-26.919638,24.922136,-23.019766
3.200000,90.367966,-2.159828,47.147095,-26.751518,28.475729,-22.984461
3.206250,81.080849,-2.162925,50.259754,-26.560886,29.866667,-23.025473
3.212500,69.491013,-2.165823,52.185055,-26.360250,29.139978,-23.148527
3.218750,55.834015,-2.168864,52.602791,-26.162270,26.454956,-23.358036
3.225000,40.451519,-2.171847,53.499607,-25.964977,21.761337,-23.571184
3.231250,23.772886,-2.174319,53.427765,-25.767384,15.448188,-23.804752
3.237500,6.289287,-2.176498,50.914619,-25.571671,9.867021,-24.054913
3.243750,-11.470695,-2.178896,48.065845,-25.363508,3.617708,-24.302000
3.250000,-28.960968,-2.181783,44.795422,-25.162642,-2.587236,-24.525105
3.256250,-45.645439,-2.184850,40.744732,-24.999195,-8.140058,-24.717493
3.262500,-61.029312,-2.187581,36.106701,-24.857004,-12.481613,-24.869230
3.268750,-74.686508,-2.189930,30.866945,-24.731384,-15.062918,-24.969423
3.275000,-86.279434,-2.192318,24.924070,-24.621521,-15.495962,-25.014887
3.281250,-95.572563,-2.195033,18.176386,-24.519201,-13.540257,-25.008909
3.287500,-102.442505,-2.198149,10.534939,-24.412491,-9.124577,-24.961136
3.293750,-106.886497,-2.201321,1.955495,-24.272596,-2.349852,-24.872366
3.300000,-109.025887,-2.204350,-5.420295,-24.104292,6.563798,-24.743265
3.306250,-109.097008,-2.207137,-13.806420,-23.978390,17.250298,-24.595253
3.312500,-107.441765,-2.207749,-22.205660,-23.865767,29.196375,-24.456657
3.318750,-104.479019,-2.210274,-30.264969,-23.769503,41.815617,-24.349581
3.325000,-100.718964,-2.212591,-37.724380,-23.703342,54.499336,-24.287254
3.331250,-96.684517,-2.214559,-44.334007,-23.687822,66.626053,-24.275635
3.337500,-90.754585,-2.216110,-49.914043,-23.767517,79.742928,-24.316378
3.343750,-84.824341,-2.217339,-54.330456,-23.919857,91.914459,-24.400047
3.350000,-78.894424,-2.218185,-58.361664,-24.103092,101.281555,-24.487967
3.356250,-72.965439,-2.218680,-61.340790,-24.373842,109.481384,-24.599545
3.362500,-67.038155,-2.219033,-61.561195,-24.760092,115.399963,-24.774235
3.368750,-61.112938,-2.219125,-60.754131,-25.252203,119.085648,-24.994997
3.375000,-55.188152,-2.218687,-58.809422,-25.827860,120.199585,-25.282001
3.381250,-49.265167,-2.217851,-55.750004,-26.456724,118.591286,-25.587355
3.387500,-43.347939,-2.217257,-51.687878,-27.103991,114.771423,-25.879799
3.393750,-37.436760,-2.217400,-46.793011,-27.729013,108.356689,-26.163271
3.400000,-31.528250,-2.217988,-41.288784,-28.289648,99.814140,-26.409416
3.406250,-25.618935,-2.218376,-35.491856,-28.762234,90.143883,-26.677528
3.412500,-19.709801,-2.218910,-29.737186,-29.124306,80.096466,-26.928497
3.418750,-13.805101,-2.220238,-23.989439,-29.353443,68.224243,-27.137833
3.425000,-7.903389,-2.222519,-18.252817,-29.441650,56.815060,-27.296934
3.431250,-1.999488,-2.225004,-12.809863,-29.396816,46.301781,-27.408478
3.437500,3.908566,-2.227356,-7.878356,-29.214809,37.131893,-27.479113
3.443750,9.816467,-2.230247,-3.448061,-28.881207,29.915613,-27.459074
3.450000,15.722639,-2.234082,0.181541,-28.434887,23.046354,-27.368361
3.456250,21.631754,-2.238216,2.909424,-27.911949,18.253433,-27.220711
3.462500,27.549105,-2.241787,4.842636,-27.352249,15.223855,-27.018969
3.468750,33.471825,-2.244680,6.195926,-26.797709,13.634521,-26.760765
3.475000,39.394951,-2.247336,7.218396,-26.299427,13.139459,-26.457907
3.481250,45.316936,-2.249909,8.242560,-25.855005,13.346468,-26.125299
3.487500,51.238148,-2.252563,8.111330,-25.455357,13.876846,-25.758432
3.493750,57.157940,-2.255589,8.407646,-25.143120,14.316531,-25.361860
3.500000,63.077339,-2.258992,8.963566,-24.929893,14.234654,-24.947016
3.506250,68.998978,-2.262280,9.709828,-24.807552,13.297485,-24.523579
3.512500,74.924713,-2.264821,10.566910,-24.750612,11.238701,-24.100882
3.518750,80.851036,-2.267083,11.480651,-24.695919,7.861160,-23.684233
3.525000,86.771912,-2.270125,12.387437,-24.642321,3.025087,-23.280275
3.531250,92.688019,-2.274269,14.184429,-24.617676,-1.226970,-22.901686
3.537500,96.711433,-2.278779,16.193039,-24.569294,-6.335916,-22.565435
3.543750,100.467186,-2.282984,18.578566,-24.483692,-11.849952,-22.279507
3.550000,103.420860,-2.287292,21.535507,-24.342934,-17.494028,-22.003880
3.556250,105.075348,-2.292210,23.411665,-24.136894,-22.863876,-21.716055
3.562500,105.007202,-2.297489,25.839205,-23.891327,-27.603151,-21.470903
3.568750,102.881561,-2.302051,28.328060,-23.632229,-32.240219,-21.310629
3.575000,98.462517,-2.305364,30.480612,-23.386076,-36.327450,-21.228386
3.581250,91.623352,-2.307569,31.924839,-23.185350,-38.179031,-21.247454
3.587500,82.359146,-2.309312,32.321022,-23.066740,-39.884995,-21.317724
3.593750,70.790863,-2.310637,31.484827,-23.030291,-41.398834,-21.454756
3.600000,57.159355,-2.311013,31.537716,-23.077353,-42.312542,-21.676821
3.606250,41.806007,-2.310055,30.829611,-23.225319,-42.616596,-21.979397
3.612500,25.153635,-2.308164,29.771761,-23.467903,-42.403721,-22.337967
3.618750,7.690375,-2.305873,28.784071,-23.808239,-41.862255,-22.721420
3.625000,-10.049674,-2.303004,28.044930,-24.266092,-41.478958,-23.165405
3.631250,-27.518644,-2.299293,28.052469,-24.807270,-39.366383,-23.638548
3.637500,-44.186531,-2.295201,29.155598,-25.396204,-37.019051,-24.110399
3.643750,-59.565472,-2.291392,31.513563,-25.995441,-34.269703,-24.558874
3.650000,-73.227859,-2.288232,33.270290,-26.562080,-31.060373,-24.965517
3.656250,-84.829918,-2.285647,35.987617,-27.034979,-27.376814,-25.313322
3.662500,-94.133385,-2.283789,38.905731,-27.408846,-23.251106,-25.593248
3.668750,-101.016502,-2.282796,42.965469,-27.695017,-18.804358,-25.810154
3.675000,-105.477371,-2.282475,46.385654,-27.857944,-14.184746,-25.964884
3.681250,-107.635147,-2.282427,48.946087,-27.888897,-9.537299,-26.056126
3.687500,-107.727989,-2.282817,50.404617,-27.796097,-5.061474,-26.086821
3.693750,-106.099419,-2.284388,50.590252,-27.604094,-0.977658,-26.065542
3.700000,-103.175423,-2.287107,49.449757,-27.333576,2.514391,-26.005304
3.706250,-99.442245,-2.290138,47.168003,-26.983793,5.300377,-25.907547
3.712500,-95.429939,-2.292924,43.758274,-26.597731,7.375972,-25.764753
3.718750,-89.521606,-2.295967,37.437965,-26.210546,8.694532,-25.581156
3.725000,-83.614532,-2.299663,30.111933,-25.843437,9.328468,-25.364590
3.731250,-77.706200,-2.303450,21.550831,-25.531683,9.682820,-25.163221
3.737500,-71.792290,-2.306825,13.679893,-25.309540,10.103925,-24.991652
3.743750,-65.875481,-2.309798,5.187751,-25.172705,10.841712,-24.869125
3.750000,-59.959053,-2.312814,-3.332862,-25.109003,12.470255,-24.743694
3.756250,-54.043980,-2.315727,-11.439006,-25.113123,13.819014,-24.606215
3.762500,-48.128086,-2.318419,-18.708469,-25.167742,14.512490,-24.450550
3.768750,-42.212135,-2.321015,-24.691162,-25.237741,16.092112,-24.334713
3.775000,-36.297657,-2.323864,-29.101908,-25.322458,18.284359,-24.255114
3.781250,-30.383738,-2.326772,-31.846838,-25.418814,20.393663,-24.193316
3.787500,-24.468868,-2.329414,-32.583183,-25.502989,22.069233,-24.140425
3.793750,-18.554110,-2.332059,-31.183054,-25.577593,23.024601,-24.097713
3.800000,-12.641331,-2.335068,-29.528130,-25.621490,23.074329,-24.060627
3.806250,-6.729885,-2.338420,-25.440294,-25.568043,22.216227,-23.994753
3.812500,-0.817437,-2.341928,-20.194616,-25.463837,20.397203,-23.900288
3.818750,5.094996,-2.345752,-14.428895,-25.326717,17.504541,-23.785839
3.825000,11.007576,-2.350002,-8.703193,-25.169786,13.656254,-23.656582
3.831250,16.923506,-2.354130,-1.382573,-25.006094,9.116620,-23.520838
3.837500,22.842577,-2.357776,5.695089,-24.849340,4.216091,-23.401115
3.843750,28.761911,-2.361450,12.649461,-24.700703,-0.675716,-23.302303
3.850000,34.678844,-2.365607,17.776932,-24.551895,-4.622871,-23.155003
3.856250,40.596497,-2.369711,22.780886,-24.410631,-9.604915,-23.009731
3.862500,46.517769,-2.373196,27.209862,-24.278576,-13.608990,-22.879971
3.868750,52.439213,-2.376486,30.717745,-24.146442,-16.691139,-22.765726
3.875000,58.354870,-2.380690,32.994980,-23.993586,-18.961342,-22.659239
3.881250,64.266373,-2.386120,33.743797,-23.808008,-20.584543,-22.545757
3.887500,70.181374,-2.391764,32.535282,-23.609880,-21.827019,-22.422661
3.893750,76.102875,-2.396934,29.250370,-23.381050,-23.068077,-22.298109
3.900000,82.026993,-2.402157,26.025444,-23.108555,-24.602610,-22.166573
3.906250,87.948479,-2.408332,21.435534,-22.790760,-26.730671,-22.025352
3.912500,93.869652,-2.415478,15.960453,-22.429283,-27.908300,-21.871023
3.918750,97.901657,-2.423066,10.082839,-22.031223,-30.095633,-21.693319
3.925000,101.668663,-2.430496,4.200422,-21.617895,-33.084663,-21.469952
3.931250,104.638069,-2.437521,-1.342665,-21.215910,-36.785862,-21.255117
3.937500,106.316010,-2.444111,-6.150841,-20.846354,-39.137283,-21.071899
3.943750,106.274734,-2.450073,-9.893070,-20.531813,-41.074459,-20.924049
3.950000,104.174355,-2.455078,-12.346254,-20.293638,-41.969791,-20.823435
3.956250,99.778221,-2.458537,-13.393906,-20.150225,-41.304665,-20.783773
3.962500,92.962074,-2.460285,-12.998760,-20.112303,-38.650612,-20.817465
3.968750,83.722565,-2.460599,-11.180533,-20.179459,-33.683884,-20.933018
3.975000,72.178055,-2.459644,-9.919794,-20.328281,-26.213741,-21.140291
3.981250,58.564816,-2.457473,-5.573905,-20.564474,-18.091101,-21.480946
3.987500,43.222378,-2.454158,-0.916376,-20.928289,-7.491590,-21.853323
3.993750,26.575686,-2.450043,4.469440,-21.356619,4.650940,-22.323170
4.000000,9.116590,-2.445315,10.096611,-21.842302,17.447433,-22.897789
4.006250,-8.622704,-2.439905,15.570778,-22.372751,30.179054,-23.591757
4.012500,-26.097670,-2.434212,20.604631,-22.923973,42.060734,-24.343397
4.018750,-42.777100,-2.429044,24.953773,-23.466066,51.652046,-25.071651
4.025000,-58.169296,-2.424700,28.365747,-23.979507,60.733868,-25.774952
4.031250,-71.842827,-2.420867,30.832584,-24.457169,66.250633,-26.509743
4.037500,-83.454872,-2.417589,32.483311,-24.881023,70.562836,-27.215580
4.043750,-92.770927,-2.415405,33.238468,-25.237175,72.252136,-27.860825
4.050000,-99.668053,-2.414505,33.023933,-25.522923,71.813492,-28.426039
4.056250,-104.141075,-2.414061,31.845079,-25.733410,69.858025,-28.899916
4.062500,-106.308479,-2.413443,29.870489,-25.847448,65.242996,-29.258217
4.068750,-106.413017,-2.413403,27.219540,-25.875698,60.450176,-29.479881
4.075000,-104.800072,-2.415213,24.015289,-25.834713,55.657490,-29.568794
4.081250,-101.891869,-2.418387,20.558472,-25.736958,51.123325,-29.528734
4.087500,-98.170898,-2.421575,17.229370,-25.590454,47.202572,-29.360950
4.093750,-94.168159,-2.424119,12.555368,-25.402203,42.112114,-29.069124
4.100000,-88.270615,-2.426770,8.574449,-25.182787,37.569942,-28.670197
4.106250,-82.376976,-2.430277,5.193803,-24.939779,33.402328,-28.196808
4.112500,-76.484520,-2.434442,2.381885,-24.668169,29.513680,-27.635357
4.118750,-70.589058,-2.438964,0.041798,-24.376240,26.032398,-26.991512
4.125000,-64.691727,-2.444010,-2.027518,-24.078272,22.535259,-26.309597
4.131250,-58.792679,-2.449674,-3.939195,-23.784653,18.944424,-25.621153
4.137500,-52.889496,-2.455513,-5.757397,-23.500731,15.267220,-24.951309
4.143750,-46.980076,-2.461151,-7.524760,-23.227156,11.534550,-24.318417
4.150000,-41.067291,-2.466779,-9.299346,-22.964384,7.776079,-23.736450
4.156250,-35.153492,-2.472773,-8.981043,-22.710224,4.019421,-23.207598
4.162500,-29.238182,-2.479124,-8.002441,-22.459806,2.449871,-22.710073
4.168750,-23.319645,-2.485690,-7.842288,-22.203238,1.327367,-22.317976
4.175000,-17.397160,-2.492397,-6.591873,-21.951460,-0.331277,-21.983116
4.181250,-11.470936,-2.499070,-4.577836,-21.713398,-0.750676,-21.709066
4.187500,-5.539683,-2.505513,-2.100617,-21.495142,-0.144903,-21.462845
4.193750,0.396186,-2.511570,0.524580,-21.303457,1.311115,-21.273998
4.200000,6.335674,-2.517103,2.968283,-21.146030,4.184532,-21.184978
4.206250,12.278417,-2.521792,4.910506,-21.030136,5.517529,-21.177547
4.212500,18.224010,-2.525425,8.248037,-20.956438,8.246804,-21.195009
4.218750,24.168793,-2.528222,11.422008,-20.914715,9.979354,-21.236994
4.225000,30.110134,-2.530723,14.728385,-20.898821,10.828187,-21.310535
4.231250,36.047348,-2.533029,16.511017,-20.898548,10.648129,-21.406836
4.237500,41.981998,-2.535082,18.606941,-20.907127,9.261492,-21.506409
4.243750,47.914207,-2.536792,20.548990,-20.941730,8.604978,-21.607725
4.250000,53.845219,-2.538155,21.959461,-20.991911,7.046021,-21.713917
4.256250,59.774067,-2.538999,22.544476,-21.039236,5.037490,-21.809326
4.262500,65.698730,-2.539814,21.916765,-21.068832,2.991811,-21.880655
4.268750,71.616447,-2.541228,19.721165,-21.069441,1.247961,-21.914927
4.275000,77.527412,-2.543731,17.814987,-21.033941,0.102187,-21.902552
4.281250,83.436981,-2.546876,14.565334,-20.952610,-0.196918,-21.831404
4.287500,89.348114,-2.550405,10.236929,-20.818012,0.539038,-21.676373
4.293750,95.258858,-2.554955,5.028085,-20.645472,2.296530,-21.472027
4.300000,99.273796,-2.560850,-0.831371,-20.442009,4.696174,-21.245312
4.306250,103.021088,-2.567210,-6.981286,-20.209621,7.908712,-20.987560
4.312500,105.973526,-2.572871,-13.137258,-19.956923,11.763237,-20.704922
4.318750,107.635460,-2.577992,-19.051479,-19.695713,15.995090,-20.408676
4.325000,107.572029,-2.583580,-24.518007,-19.444874,20.301840,-20.115280
4.331250,105.443626,-2.589639,-29.367653,-19.224360,24.371866,-19.840097
4.337500,101.019577,-2.595279,-33.451504,-19.063833,27.930216,-19.591408
4.343750,94.180496,-2.599840,-36.679070,-18.960873,30.737045,-19.343899
4.350000,84.922646,-2.603491,-38.046089,-18.876982,32.519482,-19.156874
4.356250,73.364830,-2.606204,-38.206791,-18.889503,34.776829,-19.054152
4.362500,59.744328,-2.607474,-36.957451,-19.004570,36.322803,-19.044039
4.368750,44.400215,-2.607456,-34.245968,-19.217602,37.547295,-19.151793
4.375000,27.753956,-2.606908,-30.162336,-19.518438,38.800678,-19.360308
4.381250,10.296619,-2.605880,-24.877970,-19.889198,39.943161,-19.608278
4.387500,-7.434964,-2.603820,-18.628464,-20.306463,41.842506,-19.903091
4.393750,-24.895237,-2.600733,-11.740498,-20.751001,42.820656,-20.286993
4.400000,-41.558121,-2.597770,-4.613265,-21.210089,44.602962,-20.744133
4.406250,-56.931885,-2.595172,0.489479,-21.667028,46.667229,-21.243719
4.412500,-70.584686,-2.592250,7.028697,-22.106329,48.706028,-21.763670
4.418750,-82.173897,-2.588931,12.812321,-22.518570,50.495846,-22.286642
4.425000,-91.467010,-2.586028,17.659660,-22.860605,51.909767,-22.777124
4.431250,-98.345222,-2.584042,21.540846,-23.110886,52.960239,-23.194578
4.437500,-102.802841,-2.582514,24.183100,-23.278973,53.466953,-23.530893
4.443750,-104.959274,-2.581106,25.607561,-23.372082,53.375599,-23.778002
4.450000,-105.054344,-2.580622,25.994007,-23.391638,52.795586,-23.926668
4.456250,-103.431030,-2.581681,25.597816,-23.340775,51.886326,-23.972733
4.462500,-100.510666,-2.583684,24.747145,-23.226921,50.827457,-23.918566
4.468750,-96.780228,-2.585985,23.847790,-23.065079,49.832726,-23.777855
4.475000,-92.774399,-2.588918,21.463081,-22.868427,49.168335,-23.564655
4.481250,-86.874382,-2.592718,19.792471,-22.625261,47.464298,-23.241047
4.487500,-80.970604,-2.596787,18.708021,-22.360193,46.484737,-22.851101
4.493750,-75.061813,-2.600665,17.998014,-22.098309,45.810642,-22.429224
4.500000,-69.152893,-2.605297,17.584270,-21.855314,45.214912,-22.000618
4.506250,-63.246643,-2.611445,17.421999,-21.636539,44.499943,-21.583710
4.512500,-57.336212,-2.618218,17.464149,-21.436428,43.470745,-21.191544
4.518750,-51.413570,-2.624122,17.645304,-21.226713,41.915409,-20.835209
4.525000,-45.480900,-2.628986,17.873224,-21.002127,39.585785,-20.541977
4.531250,-39.547649,-2.633881,19.320297,-20.849449,36.126335,-20.336481
4.537500,-33.616489,-2.639315,21.139744,-20.724272,32.812279,-20.162653
4.543750,-27.681036,-2.644629,21.857758,-20.596630,28.117208,-20.045631
4.550000,-21.737606,-2.649059,23.196224,-20.487261,22.470839,-19.970301
4.556250,-15.788183,-2.652550,24.692471,-20.419292,16.175457,-19.953625
4.562500,-9.836929,-2.655489,26.006935,-20.411810,10.129482,-20.054522
4.568750,-3.884624,-2.657865,26.830725,-20.488256,4.243597,-20.267138
4.575000,2.069897,-2.659495,26.872017,-20.690868,-1.267880,-20.535774
4.581250,8.027917,-2.659985,25.891449,-20.994097,-6.357831,-20.852451
4.587500,13.986766,-2.659194,24.794460,-21.366772,-10.387870,-21.235952
4.593750,19.944489,-2.657431,22.951618,-21.842773,-13.197507,-21.682720
4.600000,25.898344,-2.654861,20.393433,-22.426302,-14.779006,-22.175671
4.606250,31.847809,-2.651407,17.104202,-23.169571,-15.277637,-22.710783
4.612500,37.793159,-2.647063,13.303721,-23.968426,-15.003174,-23.286140
4.618750,43.729378,-2.642617,9.297721,-24.835226,-14.108734,-23.878176
4.625000,49.654728,-2.638880,4.971949,-25.754019,-12.875024,-24.470407
4.631250,55.573441,-2.635398,0.567370,-26.693462,-11.644143,-25.049227
4.637500,61.490753,-2.631132,-3.669666,-27.612932,-10.786834,-25.600584
4.643750,67.404182,-2.626435,-7.497978,-28.463305,-10.678397,-26.092642
4.650000,73.305496,-2.622745,-12.601365,-29.188881,-11.689476,-26.482727
4.656250,79.192169,-2.621085,-15.061894,-29.745674,-14.143188,-26.746872
4.662500,85.071823,-2.621099,-16.832455,-30.127052,-16.463264,-26.928553
4.668750,90.950233,-2.622288,-17.891087,-30.308187,-20.231636,-27.003382
4.675000,94.933640,-2.624896,-18.184536,-30.273909,-25.088879,-26.959785
4.681250,98.644264,-2.628869,-17.794941,-30.023373,-30.794905,-26.796215
4.687500,101.552643,-2.633690,-16.887112,-29.576609,-37.104851,-26.521572
4.693750,103.166550,-2.639439,-15.677859,-28.969915,-43.744095,-26.148401
4.700000,103.056068,-2.646929,-14.417223,-28.245697,-50.372154,-25.682726
4.706250,100.881592,-2.656224,-13.556918,-27.398550,-56.623173,-25.120026
4.712500,96.416428,-2.665800,-13.457108,-26.470526,-62.104809,-24.474861
4.718750,89.543732,-2.674259,-14.315094,-25.522001,-68.170578,-23.841125
4.725000,80.256401,-2.682088,-14.535480,-24.628054,-73.283287,-23.230303
4.731250,68.668266,-2.690156,-15.808687,-23.816521,-77.663132,-22.679932
4.737500,55.018059,-2.697907,-17.869059,-23.105768,-81.459145,-22.173542
4.743750,39.652409,-2.704274,-20.528769,-22.509054,-85.099014,-21.698782
4.750000,22.995651,-2.709344,-23.587759,-22.024950,-86.462372,-21.261997
4.756250,5.531829,-2.713984,-26.806656,-21.615883,-87.174866,-20.921827
4.762500,-12.207292,-2.718120,-29.942080,-21.303268,-86.519234,-20.691750
4.768750,-29.670340,-2.721160,-31.530840,-21.115406,-84.486366,-20.548628
4.775000,-46.326595,-2.723074,-32.066608,-21.004341,-80.780304,-20.477200
4.781250,-61.688587,-2.724477,-30.996960,-20.933895,-75.140404,-20.469561
4.787500,-75.331490,-2.725795,-29.746735,-20.843065,-67.372978,-20.517368
4.793750,-86.913635,-2.727123,-26.552889,-20.779766,-59.114750,-20.565786
4.800000,-96.196571,-2.728635,-21.849720,-20.710384,-48.830963,-20.621759
4.806250,-103.057381,-2.730293,-15.950276,-20.626806,-37.284767,-20.679644
4.812500,-107.495514,-2.731984,-9.383654,-20.527733,-25.113350,-20.726028
4.818750,-109.631615,-2.733912,-2.681476,-20.413458,-12.929502,-20.743719
4.825000,-109.704872,-2.736581,3.627473,-20.289745,-1.292984,-20.733156
4.831250,-108.054214,-2.739984,11.189525,-20.170906,9.295806,-20.711502
4.837500,-105.100304,-2.742861,18.198458,-20.073879,18.391327,-20.686737
4.843750,-101.333870,-2.744629,22.968987,-19.984091,25.896688,-20.601860
4.850000,-97.295349,-2.746462,27.412600,-19.900553,31.553444,-20.487448
4.856250,-91.369362,-2.749651,31.032890,-19.842453,35.160252,-20.364384
4.862500,-85.445305,-2.753621,33.540710,-19.818697,36.864162,-20.245026
4.868750,-79.512856,-2.756808,34.801582,-19.821173,36.950859,-20.131609
4.875000,-73.572723,-2.758946,34.778896,-19.830263,35.779060,-20.024708
4.881250,-67.633904,-2.761026,33.518311,-19.822702,33.704411,-19.929863
4.887500,-61.699459,-2.763579,31.362772,-19.830408,31.103613,-19.852644
4.893750,-55.766087,-2.766331,28.627449,-19.846292,28.364187,-19.797861
4.900000,-49.831059,-2.769068,25.413324,-19.864779,25.856323,-19.764231
4.906250,-43.894878,-2.771836,22.023027,-19.889338,23.920998,-19.740191
4.912500,-37.957726,-2.774395,18.686945,-19.900492,22.843819,-19.699385
4.918750,-32.018887,-2.776735,15.648369,-19.906406,22.983097,-19.668560
4.925000,-26.080017,-2.779261,13.306114,-19.930464,24.988863,-19.675196
4.931250,-20.141737,-2.782039,11.851114,-19.989010,26.570932,-19.708689
4.937500,-14.199688,-2.784228,11.375917,-20.091236,29.190874,-19.768925
4.943750,-8.249848,-2.784961,11.899198,-20.243574,32.464302,-19.861469
4.950000,-2.299965,-2.784838,13.387145,-20.443827,36.007736,-19.990017
4.956250,3.644203,-2.784911,15.769684,-20.684483,39.451363,-20.160248
4.962500,9.584371,-2.784887,17.017044,-20.949640,42.409401,-20.401722
4.968750,15.526512,-2.784009,20.743452,-21.218725,44.512066,-20.613621
4.975000,21.468071,-2.782615,24.687567,-21.514072,46.303818,-20.857038
4.981250,27.405035,-2.781290,28.588268,-21.817696,46.918709,-21.147127
4.987500,33.338692,-2.779658,32.300365,-22.115383,46.427826,-21.477341
4.993750,39.273438,-2.776900,35.547485,-22.401131,44.758698,-21.843109
5.000000,45.204666,-2.773634,38.100189,-22.666132,41.841698,-22.238873
5.006250,51.124702,-2.771271,39.797516,-22.897749,37.632587,-22.656527
5.012500,57.035275,-2.770006,40.523529,-23.078075,33.916267,-23.045994
5.018750,62.945457,-2.768759,40.208485,-23.181995,28.909317,-23.361744
5.025000,68.857071,-2.767245,38.992062,-23.228876,23.000614,-23.664406
5.031250,74.765373,-2.766109,36.952812,-23.235106,16.688971,-23.934408
5.037500,80.667511,-2.765579,34.262218,-23.199406,10.540576,-24.154551
5.043750,86.567543,-2.765489,30.978767,-23.149286,4.885617,-24.317368
5.050000,92.465317,-2.766133,27.132126,-23.125717,0.016084,-24.418501
5.056250,96.465279,-2.768008,23.779064,-23.031219,-3.753092,-24.445070
5.062500,100.192787,-2.770360,20.148348,-22.949497,-6.151593,-24.392643
5.068750,103.121452,-2.772026,16.642794,-22.903770,-7.025227,-24.267567
5.075000,104.754410,-2.773402,11.758180,-22.897232,-6.226538,-24.076452
5.081250,104.655075,-2.776212,7.494829,-22.917225,-3.615059,-23.824493
5.087500,102.483223,-2.780739,3.690875,-22.943533,0.899728,-23.523054
5.093750,98.014107,-2.785541,0.294703,-22.986921,7.308727,-23.192932
5.100000,91.130730,-2.789678,-2.748025,-23.036612,15.447463,-22.857311
5.106250,81.824875,-2.794102,-5.688370,-23.069050,24.812840,-22.483849
5.112500,70.212791,-2.799695,-8.648570,-23.064770,35.065914,-22.105818
5.118750,56.537743,-2.805638,-11.694394,-23.011423,45.947792,-21.749392
5.125000,41.145283,-2.810998,-14.885706,-22.903036,56.891628,-21.429234
5.131250,24.460371,-2.816242,-18.245504,-22.735725,67.265457,-21.150927
5.137500,6.968587,-2.822055,-21.772511,-22.509392,76.441315,-20.909714
5.143750,-10.795232,-2.828321,-23.293932,-22.228891,83.844452,-20.664995
5.150000,-28.279856,-2.834311,-24.157927,-21.905180,88.991264,-20.534119
5.156250,-44.951481,-2.839783,-25.738279,-21.544865,92.963760,-20.413614
5.162500,-60.321247,-2.844939,-25.890326,-21.150499,94.947121,-20.325029
5.168750,-73.961922,-2.849602,-24.858250,-20.749310,94.890793,-20.278118
5.175000,-85.532532,-2.853395,-22.905243,-20.364523,93.268929,-20.269909
5.181250,-94.797417,-2.856313,-20.274609,-20.015057,90.679077,-20.288500
5.187500,-101.637070,-2.858395,-17.248257,-19.718918,87.808289,-20.316864
5.193750,-106.052605,-2.859768,-14.144203,-19.494572,83.311630,-20.380110
5.200000,-108.167404,-2.860637,-11.285604,-19.361225,79.470085,-20.558804
5.206250,-108.219231,-2.861385,-6.773740,-19.326441,76.493301,-20.684685
5.212500,-106.548462,-2.861980,-2.092948,-19.360882,73.322174,-20.820667
5.218750,-103.578751,-2.862067,1.109799,-19.465736,71.153557,-20.982275
5.225000,-99.801811,-2.861226,4.618888,-19.618467,69.835793,-21.167938
5.231250,-95.752754,-2.859565,8.189686,-19.774071,69.156555,-21.372913
5.237500,-89.814003,-2.857548,10.458895,-20.040026,68.786850,-21.604914
5.243750,-83.881981,-2.855727,11.936910,-20.352133,68.350853,-21.866669
5.250000,-77.958244,-2.854808,12.144558,-20.690105,67.518372,-22.150351
5.256250,-72.039436,-2.854672,12.788749,-21.037296,65.947014,-22.449852
5.262500,-66.118851,-2.854167,12.095612,-21.377592,63.326820,-22.756823
5.268750,-60.195095,-2.852706,10.298689,-21.704336,59.386009,-23.055408
5.275000,-54.277588,-2.851716,7.655541,-22.013437,53.856113,-23.326916
5.281250,-48.373318,-2.852756,4.364544,-22.297976,46.572689,-23.550764
5.287500,-42.474537,-2.855237,0.610057,-22.550217,37.760750,-23.768349
5.293750,-36.568714,-2.857152,-3.434295,-22.763765,27.577215,-23.957750
5.300000,-30.657616,-2.858458,-7.593231,-22.930286,16.099367,-24.098516
5.306250,-24.753632,-2.861059,-11.671193,-23.038513,3.687806,-24.176805
5.312500,-18.859459,-2.865678,-15.505762,-23.081944,-9.218603,-24.185133
5.318750,-12.963884,-2.871405,-18.965567,-23.055704,-22.147678,-24.117878
5.325000,-7.059825,-2.877329,-21.932409,-22.955948,-34.610031,-23.967279
5.331250,-1.149891,-2.883901,-24.352835,-22.791525,-46.168148,-23.723684
5.337500,4.763837,-2.891192,-24.094061,-22.616350,-56.681038,-23.450140
5.343750,10.687564,-2.897942,-24.229309,-22.365387,-65.478119,-23.123743
5.350000,16.622169,-2.903636,-22.684023,-22.102369,-72.584732,-22.788479
5.356250,22.561245,-2.909247,-19.780096,-21.858772,-77.847923,-22.481003
5.362500,28.501633,-2.915051,-15.653312,-21.657837,-81.191093,-22.237587
5.368750,34.450066,-2.919853,-10.504149,-21.515368,-82.728493,-22.059290
5.375000,40.409771,-2.922577,-4.561573,-21.435846,-82.763901,-21.929070
5.381250,46.373253,-2.923965,1.893424,-21.414291,-81.431335,-21.787264
5.387500,52.333290,-2.924706,8.510662,-21.443989,-79.220390,-21.802139
5.393750,58.292130,-2.924233,12.898656,-21.550449,-75.245125,-21.921932
5.400000,64.252357,-2.921924,18.483934,-21.724941,-70.916039,-22.133301
5.406250,70.207100,-2.918702,23.195490,-21.948166,-66.512970,-22.437210
5.412500,76.150238,-2.915756,26.847506,-22.192734,-62.222118,-22.778145
5.418750,82.085144,-2.912592,29.309725,-22.433407,-58.012859,-23.118393
5.425000,88.016647,-2.908667,30.490099,-22.648462,-54.347267,-23.450232
5.431250,93.940735,-2.904769,30.432102,-22.818216,-51.298840,-23.753963
5.437500,97.956741,-2.902109,29.360016,-22.926409,-48.824718,-24.001135
5.443750,101.688805,-2.900941,27.642296,-22.964472,-46.871853,-24.166767
5.450000,104.611504,-2.900982,25.629396,-22.920210,-45.385201,-24.236984
5.456250,106.235741,-2.902047,23.714535,-22.786901,-44.221325,-24.202108
5.462500,106.134987,-2.904109,20.443316,-22.571651,-43.196877,-24.073595
5.468750,103.971512,-2.906509,17.896160,-22.288668,-42.121548,-23.882580
5.475000,99.507935,-2.909370,16.041643,-21.940552,-40.342884,-23.548418
5.481250,92.618332,-2.913767,14.835112,-21.541245,-37.928699,-23.148621
5.487500,83.304497,-2.919984,14.075085,-21.122637,-34.797909,-22.725021
5.493750,71.696938,-2.926529,13.616773,-20.715063,-30.660763,-22.310534
5.500000,58.040096,-2.931697,13.376998,-20.339495,-25.278072,-21.930977
5.506250,42.668495,-2.935976,13.303746,-20.008142,-18.478363,-21.603403
5.512500,25.998367,-2.940677,13.333806,-19.719418,-10.241367,-21.303608
5.518750,8.523889,-2.945461,13.409848,-19.433737,-0.840123,-21.061882
5.525000,-9.214945,-2.949080,13.376403,-19.252558,8.995835,-20.911201
5.531250,-26.672226,-2.951366,13.374069,-19.141649,19.498953,-20.840565
5.537500,-43.323166,-2.952952,13.448310,-19.093092,30.198427,-20.838032
5.543750,-58.677422,-2.954073,13.353760,-19.111879,40.549221,-20.889889
5.550000,-72.305725,-2.954294,12.866582,-19.203478,50.105480,-21.019781
5.556250,-83.867149,-2.953520,11.810299,-19.374805,58.642273,-21.268583
5.562500,-93.128075,-2.952040,10.046639,-19.634281,66.203415,-21.518852
5.568750,-99.967819,-2.949826,7.554654,-19.954576,72.284042,-21.813608
5.575000,-104.385895,-2.946776,6.545385,-20.327478,76.752922,-22.154085
5.581250,-106.506950,-2.943388,3.613932,-20.753897,79.821144,-22.527517
5.587500,-106.569313,-2.940043,0.901933,-21.228117,81.792458,-22.905586
5.593750,-104.912506,-2.936503,-1.611801,-21.749311,82.939415,-23.313385
5.600000,-101.962967,-2.932982,-3.910758,-22.297163,81.576729,-23.721209
5.606250,-98.215706,-2.930336,-5.889691,-22.844061,79.982216,-24.112198
5.612500,-94.202782,-2.928732,-7.587768,-23.375387,77.873032,-24.485054
5.618750,-88.295044,-2.926985,-9.029648,-23.876957,75.127113,-24.836475
5.625000,-82.384415,-2.924537,-10.203891,-24.333447,71.670174,-25.166067
5.631250,-76.480743,-2.922906,-11.080275,-24.726753,67.446793,-25.468761
5.637500,-70.590683,-2.923608,-13.522058,-25.036751,62.343781,-25.707144
5.643750,-64.704063,-2.925732,-13.728111,-25.241383,58.178989,-25.850069
5.650000,-58.809822,-2.927480,-13.601547,-25.317373,53.436512,-25.862068
5.656250,-52.911224,-2.929249,-13.266794,-25.272358,48.093639,-25.842360
5.662500,-47.017998,-2.932487,-12.917176,-25.117895,42.708511,-25.749557
5.668750,-41.131248,-2.937572,-12.571230,-24.853188,37.738678,-25.570499
5.675000,-35.240650,-2.943576,-12.323389,-24.490604,33.385120,-25.306667
5.681250,-29.341003,-2.949755,-12.323710,-24.050608,29.803558,-24.963509
5.687500,-23.435537,-2.956176,-12.712822,-23.564417,27.157021,-24.546246
5.693750,-17.524900,-2.962668,-13.683213,-23.071098,25.642155,-24.074989
5.700000,-11.608881,-2.968898,-15.714634,-22.530867,25.652922,-23.581278
5.706250,-5.689437,-2.975395,-16.816147,-22.006554,25.448219,-23.086349
5.712500,0.231157,-2.982774,-18.390110,-21.541775,26.562807,-22.623215
5.718750,6.157801,-2.990210,-20.181965,-21.160568,28.535812,-22.223490
5.725000,12.098014,-2.996159,-21.965885,-20.873226,30.880287,-21.891129
5.731250,18.049784,-3.000265,-23.558451,-20.679911,34.909111,-21.600445
5.737500,24.002468,-3.003769,-24.811817,-20.567596,38.610691,-21.331553
5.743750,29.952646,-3.006954,-25.639753,-20.515379,41.522091,-21.199703
5.750000,35.906082,-3.008797,-26.096069,-20.534388,43.787579,-21.160753
5.756250,41.862961,-3.009060,-26.321554,-20.617208,45.405685,-21.198694
5.762500,47.817226,-3.008574,-24.069126,-20.738508,46.172939,-21.300156
5.768750,53.763546,-3.007931,-22.636568,-20.871901,45.896324,-21.458166
5.775000,59.704525,-3.006816,-20.030989,-20.991676,44.373890,-21.674152
5.781250,65.642059,-3.005182,-16.544090,-21.085747,42.463444,-21.857218
5.787500,71.571800,-3.003827,-12.565051,-21.148829,39.478321,-22.056576
5.793750,77.491867,-3.003476,-8.432304,-21.171061,35.680649,-22.261127
5.800000,83.406113,-3.003933,-4.493075,-21.143967,31.228548,-22.450687
5.806250,89.318649,-3.004815,-1.111723,-21.065443,26.287792,-22.600590
5.812500,93.336090,-3.005948,1.360305,-20.938328,21.067873,-22.689459
5.818750,97.078575,-3.007467,4.787825,-20.771389,15.931840,-22.733866
5.825000,100.011131,-3.009932,7.551697,-20.584850,9.109855,-22.750542
5.831250,101.640572,-3.014383,9.948862,-20.418201,2.246796,-22.717331
5.837500,101.544281,-3.020705,12.398660,-20.252913,-4.563373,-22.612755
5.843750,99.391289,-3.027477,13.717505,-20.088902,-11.610778,-22.469742
5.850000,94.952675,-3.032941,15.497420,-19.970142,-18.946089,-22.314360
5.856250,88.102180,-3.036820,17.564680,-19.913015,-26.467627,-22.163866
5.862500,78.827957,-3.040283,19.810965,-19.921568,-34.056705,-22.033611
5.868750,67.248665,-3.044011,22.121630,-19.982718,-41.649624,-21.933174
5.875000,53.604805,-3.047289,24.467398,-20.065001,-49.255131,-21.849073
5.881250,38.241150,-3.049758,27.165241,-20.228180,-57.046867,-21.793634
5.887500,21.582323,-3.051479,30.255169,-20.443089,-62.903896,-21.778282
5.893750,4.118761,-3.052257,31.773127,-20.690475,-68.144089,-21.794273
5.900000,-13.617246,-3.051932,33.477364,-20.969442,-72.377670,-21.829260
5.906250,-31.083628,-3.051166,34.998676,-21.295607,-75.229126,-21.886940
5.912500,-47.751305,-3.050892,36.052593,-21.661161,-78.377472,-21.974377
5.918750,-63.124191,-3.050381,36.816959,-22.014690,-80.245392,-22.073549
5.925000,-76.768669,-3.048589,36.746731,-22.387661,-81.244835,-22.179335
5.931250,-88.349785,-3.046355,35.695469,-22.788837,-81.696732,-22.293354
5.937500,-97.638168,-3.045053,33.695110,-23.212240,-81.861748,-22.417650
5.943750,-104.511063,-3.044625,30.857111,-23.641060,-81.944397,-22.550894
5.950000,-108.958252,-3.043871,27.568037,-24.058363,-82.162727,-22.703396
5.956250,-111.101036,-3.042860,24.217010,-24.444834,-82.896515,-22.750118
5.962500,-111.184372,-3.042882,20.912193,-24.782795,-81.706688,-22.827888
5.968750,-109.547638,-3.043860,17.731457,-25.060476,-80.697830,-22.905951
5.975000,-106.608467,-3.044046,14.758260,-25.265511,-79.380470,-22.979389
5.981250,-102.858948,-3.043197,12.076406,-25.389902,-77.335686,-23.047184
5.987500,-98.843254,-3.043146,9.749515,-25.427059,-74.202553,-23.107920
5.993750,-92.945488,-3.045030,7.842175,-25.372721,-69.673485,-23.158804
6.000000,-87.048874,-3.047857,6.392711,-25.225811,-63.542969,-23.196800
6.006250,-81.145546,-3.050632,5.431795,-24.981478,-55.741642,-23.204077
6.012500,-75.239197,-3.053745,4.968198,-24.624054,-46.515217,-23.162340
6.018750,-69.334335,-3.057849,4.896358,-24.199898,-36.385830,-23.108471
6.025000,-63.425896,-3.062123,5.046555,-23.746477,-25.315601,-23.044241
6.031250,-57.510593,-3.066006,5.880028,-23.275522,-13.683008,-22.979336
6.037500,-51.592007,-3.070068,7.196595,-22.821642,-2.048521,-22.927513
6.043750,-45.673126,-3.074723,8.788943,-22.427114,9.063857,-22.892006
6.050000,-39.749897,-3.078949,10.517048,-22.105288,19.330648,-22.836927
6.056250,-33.818184,-3.082149,12.368193,-21.862654,28.391521,-22.789198
6.062500,-27.884800,-3.085056,14.024103,-21.730957,35.931824,-22.779270
6.068750,-21.953724,-3.088140,13.408278,-21.723978,41.772919,-22.811026
6.075000,-16.019758,-3.090390,14.249348,-21.836983,45.903191,-22.881678
6.081250,-10.078994,-3.090845,14.638647,-22.046816,48.425404,-22.990101
6.087500,-4.139911,-3.090472,14.585812,-22.301208,49.479095,-23.123569
6.093750,1.788633,-3.090731,14.076486,-22.566776,49.089638,-23.253860
6.100000,7.708885,-3.091618,12.580876,-22.867990,47.417351,-23.389812
6.106250,13.628992,-3.092400,10.366161,-23.148142,44.831593,-23.528862
6.112500,19.550426,-3.092841,7.458795,-23.371918,41.574329,-23.659201
6.118750,25.467905,-3.093600,3.800792,-23.517973,37.816940,-23.765028
6.125000,31.380873,-3.095045,-0.639108,-23.577276,33.721630,-23.825951
6.131250,37.290401,-3.097382,-3.677059,-23.550285,29.490028,-23.794731
6.137500,43.199829,-3.100663,-6.594036,-23.442442,25.599039,-23.738337
6.143750,49.111809,-3.104388,-10.610584,-23.248812,20.787970,-23.621027
6.150000,55.030991,-3.107612,-13.519212,-22.986595,16.235149,-23.445091
6.156250,60.956245,-3.110083,-15.404343,-22.682756,11.807692,-23.224413
6.162500,66.881226,-3.112660,-16.316454,-22.361979,7.519608,-22.974480
6.168750,72.802299,-3.115909,-16.296247,-22.043011,3.430055,-22.707577
6.175000,78.725433,-3.119133,-15.432709,-21.744320,-0.392203,-22.436935
6.181250,84.654808,-3.121334,-13.872087,-21.482178,-3.883548,-22.175520
6.187500,90.587814,-3.122740,-11.782822,-21.269907,-6.928803,-21.965998
6.193750,96.517990,-3.124098,-9.378517,-21.126616,-9.298240,-21.779253
6.200000,100.551590,-3.125131,-6.880548,-21.060503,-11.691351,-21.633678
6.206250,104.312469,-3.125546,-4.056425,-21.040453,-13.382172,-21.561110
6.212500,107.266525,-3.125701,-1.005381,-21.089302,-14.554219,-21.577717
6.218750,108.918129,-3.126050,1.978083,-21.203100,-15.368634,-21.710093
6.225000,108.842148,-3.126578,4.709738,-21.362669,-16.081196,-21.879698
6.231250,106.700676,-3.127032,6.930584,-21.571980,-16.033363,-22.118324
6.237500,102.256561,-3.127411,8.261440,-21.836206,-16.423323,-22.441513
6.243750,95.389099,-3.127563,8.649758,-22.134129,-17.079004,-22.836374
6.250000,86.098427,-3.127227,10.149330,-22.451157,-17.998199,-23.284739
6.256250,74.504341,-3.126730,11.293150,-22.776634,-19.171400,-23.764277
6.262500,60.839729,-3.126929,10.618938,-23.105238,-20.552505,-24.251671
6.268750,45.448074,-3.127549,10.215087,-23.426920,-21.967335,-24.705898
6.275000,28.762573,-3.127263,10.048784,-23.719891,-22.949280,-25.114044
6.281250,11.276067,-3.125792,10.042509,-23.974506,-23.407232,-25.467434
6.287500,-6.489944,-3.124732,10.059009,-24.187473,-23.253824,-25.749344
6.293750,-23.995407,-3.125437,10.020948,-24.352840,-22.195295,-25.944386
6.300000,-40.698692,-3.127120,9.903538,-24.458900,-19.903595,-26.036770
6.306250,-56.097984,-3.128496,9.685074,-24.492346,-16.103327,-26.013365
6.312500,-69.768967,-3.129767,9.325352,-24.438593,-10.618115,-25.861877
6.318750,-81.378769,-3.132058,8.748112,-24.291603,-3.436886,-25.603245
6.325000,-90.690086,-3.135469,9.941023,-24.079878,5.147454,-25.290960
6.331250,-97.574669,-3.139338,11.437730,-23.815765,14.844992,-24.893684
6.337500,-102.031410,-3.143683,11.954186,-23.489092,25.277681,-24.440292
6.343750,-104.184647,-3.148984,13.496159,-23.119062,36.194759,-23.976686
6.350000,-104.268784,-3.154697,15.750392,-22.735680,47.009510,-23.539045
6.356250,-102.619095,-3.159842,18.455986,-22.366751,57.050514,-23.157269
6.362500,-99.663200,-3.164187,21.382307,-22.035509,65.645279,-22.849129
6.368750,-95.899628,-3.168167,24.296808,-21.759413,72.152313,-22.582884
6.375000,-91.862274,-3.171717,26.965616,-21.552290,75.983734,-22.431425
6.381250,-85.927849,-3.174559,29.101332,-21.483683,77.696236,-22.407257
6.387500,-79.992050,-3.176847,31.836073,-21.440687,76.443237,-22.500355
6.393750,-74.057892,-3.178804,33.745659,-21.496485,72.393066,-22.681065
6.400000,-68.123039,-3.180031,35.302227,-21.657082,65.897850,-22.873909
6.406250,-62.187653,-3.180180,36.483688,-21.914892,57.263741,-23.137001
6.412500,-56.255962,-3.180115,37.235836,-22.253759,45.702087,-23.464418
6.418750,-50.331917,-3.180748,37.490360,-22.656322,32.639233,-23.814259
6.425000,-44.411770,-3.181599,37.196095,-23.096432,18.507229,-24.153522
6.431250,-38.488884,-3.181844,36.338379,-23.542940,3.854517,-24.452765
6.437500,-32.566467,-3.181707,34.879688,-23.965837,-10.781958,-24.686462
6.443750,-26.650293,-3.182315,34.975822,-24.330004,-24.878176,-24.826796
6.450000,-20.740032,-3.183958,33.349289,-24.609217,-38.018131,-24.885836
6.456250,-14.829189,-3.185941,32.028282,-24.801151,-50.041218,-24.922403
6.462500,-8.915171,-3.188002,30.892200,-24.900654,-60.866802,-24.837362
6.468750,-3.000839,-3.190324,29.894375,-24.903400,-68.536148,-24.681223
6.475000,2.914884,-3.192700,28.953550,-24.812441,-74.387733,-24.491091
6.481250,8.834368,-3.194661,27.961903,-24.645956,-78.137672,-24.295767
6.487500,14.754291,-3.196615,26.802755,-24.433979,-79.623955,-24.120235
6.493750,20.672386,-3.199221,25.475586,-24.192331,-78.712799,-23.958403
6.500000,26.590750,-3.201865,24.069906,-23.928432,-77.219505,-23.798481
6.506250,32.515560,-3.203657,20.662474,-23.664507,-73.695427,-23.637131
6.512500,38.442753,-3.204976,16.861994,-23.420708,-68.642525,-23.525232
6.518750,44.365608,-3.206925,14.268346,-23.233383,-62.524883,-23.463913
6.525000,50.285870,-3.209415,11.095688,-23.113098,-56.122971,-23.437393
6.531250,56.211311,-3.211367,7.565906,-23.058657,-49.982597,-23.436565
6.537500,62.142811,-3.212376,3.840738,-23.066090,-44.572613,-23.454849
6.543750,68.072578,-3.213355,0.052561,-23.128561,-40.296989,-23.490646
6.550000,73.997337,-3.214848,-3.669270,-23.235920,-37.511814,-23.534033
6.556250,79.922401,-3.216323,-7.177920,-23.361607,-34.746716,-23.551504
6.562500,85.850037,-3.217386,-10.273804,-23.409288,-33.621563,-23.561935
6.568750,91.777893,-3.218330,-12.151671,-23.526743,-33.664310,-23.565805
6.575000,95.809158,-3.219200,-14.529984,-23.635714,-34.510609,-23.574045
6.581250,99.565796,-3.219855,-15.715187,-23.720621,-35.788788,-23.586786
6.587500,102.514931,-3.220759,-15.879900,-23.777826,-36.905544,-23.592722
6.593750,104.162109,-3.222429,-15.198871,-23.810886,-39.349529,-23.598400
6.600000,104.083260,-3.224318,-13.846491,-23.825115,-41.086792,-23.608963
6.606250,101.943619,-3.225398,-11.980885,-23.822521,-42.227043,-23.625193
6.612500,97.502853,-3.225907,-9.770519,-23.805437,-42.895473,-23.646793
6.618750,90.631691,-3.227114,-7.398774,-23.774582,-43.234489,-23.671436
6.625000,81.329575,-3.229532,-5.048837,-23.729767,-43.389099,-23.694633
6.631250,69.724533,-3.232233,-0.751469,-23.673664,-43.515312,-23.717329
6.637500,56.058273,-3.234722,2.055714,-23.605808,-43.749214,-23.710037
6.643750,40.667564,-3.237641,5.354236,-23.515778,-42.842651,-23.658987
6.650000,23.976843,-3.241451,8.931535,-23.390545,-43.778030,-23.597393
6.656250,6.483486,-3.245308,12.460975,-23.230980,-45.164444,-23.519243
6.662500,-11.276529,-3.248453,15.600859,-23.037327,-47.180664,-23.417446
6.668750,-28.760704,-3.251299,18.087524,-22.799805,-49.998775,-23.281990
6.675000,-45.441231,-3.254372,19.628214,-22.524586,-53.841675,-23.130106
6.681250,-60.825039,-3.257875,19.873405,-22.233044,-56.817528,-22.984217
6.687500,-74.482300,-3.261532,20.807243,-21.933456,-60.347275,-22.849438
6.693750,-86.070862,-3.265236,20.931860,-21.651031,-64.025688,-22.736174
6.700000,-95.352234,-3.268517,20.555330,-21.424429,-67.513794,-22.667250
6.706250,-102.202919,-3.270778,19.584869,-21.188131,-70.417984,-22.652893
6.712500,-106.626518,-3.272197,18.456249,-21.008101,-72.205154,-22.677759
6.718750,-108.750282,-3.273539,17.521944,-20.915985,-72.736099,-22.763548
6.725000,-108.811760,-3.275220,16.865290,-20.923897,-71.857010,-22.904734
6.731250,-107.146057,-3.276468,16.494375,-21.033472,-69.292000,-23.095922
6.737500,-104.177628,-3.276628,16.371782,-21.235315,-66.696907,-23.366827
6.743750,-100.402451,-3.276019,16.405958,-21.524574,-62.602699,-23.683596
6.750000,-96.358490,-3.275168,16.399916,-21.915304,-57.502190,-24.011959
6.756250,-90.423401,-3.274225,18.496496,-22.339439,-51.772896,-24.316538
6.762500,-84.491615,-3.273363,19.539652,-22.781139,-45.869602,-24.585133
6.768750,-78.563377,-3.272738,21.163734,-23.242254,-40.318882,-24.810541
6.775000,-72.635895,-3.271824,23.196911,-23.706717,-33.318996,-24.977671
6.781250,-66.707191,-3.270218,25.468729,-24.155767,-26.599180,-25.077400
6.787500,-60.781914,-3.268352,27.782801,-24.569378,-19.995384,-25.104856
6.793750,-54.864712,-3.267286,29.931696,-24.930082,-13.325762,-25.058453
6.800000,-48.955181,-3.267313,31.707994,-25.222858,-6.402756,-24.938393
6.806250,-43.047100,-3.267688,32.922810,-25.436092,0.962160,-24.746780
6.812500,-37.137314,-3.268284,33.407566,-25.562580,8.949478,-24.477093
6.818750,-31.229082,-3.269737,35.178570,-25.605169,17.764650,-24.115919
6.825000,-25.323147,-3.272034,36.737255,-25.593409,24.634285,-23.763727
6.831250,-19.413015,-3.274230,36.668968,-25.499872,32.155430,-23.405302
6.837500,-13.498340,-3.276193,37.267639,-25.344341,39.447380,-23.083719
6.843750,-7.585887,-3.279046,38.134098,-25.162306,45.856182,-22.840958
6.850000,-1.675497,-3.283064,39.216316,-24.975124,50.662560,-22.654505
6.856250,4.240410,-3.286881,40.487461,-24.797518,55.251522,-22.552706
6.862500,10.166684,-3.289340,41.922024,-24.638494,57.796398,-22.553482
6.868750,16.096561,-3.291131,43.516651,-24.495840,58.525776,-22.652697
6.875000,22.021278,-3.293358,45.273277,-24.352642,57.730892,-22.835386
6.881250,27.941664,-3.296180,45.340939,-24.177319,55.777699,-23.067200
6.887500,33.863621,-3.298831,45.873833,-24.057264,53.011482,-23.322044
6.893750,39.788567,-3.301102,46.337193,-23.965599,49.578030,-23.605360
6.900000,45.714363,-3.303091,46.234737,-23.911728,46.005135,-23.875261
6.906250,51.640087,-3.304585,45.341442,-23.907570,42.867065,-24.092052
6.912500,57.564526,-3.305706,44.221882,-23.861387,38.691406,-24.231449
6.918750,63.483505,-3.307336,42.197998,-23.825077,35.440857,-24.281540
6.925000,69.396439,-3.309996,39.323292,-23.798010,32.886795,-24.236822
6.931250,75.309143,-3.313166,35.787922,-23.746244,30.801006,-24.094334
6.937500,81.226051,-3.316164,31.628788,-23.710924,28.902628,-23.866329
6.943750,87.146255,-3.319228,26.977009,-23.690756,26.829268,-23.594757
6.950000,93.067398,-3.322420,22.552980,-23.662601,24.188301,-23.283785
6.956250,97.096611,-3.325150,18.480333,-23.613649,22.149986,-22.912655
6.962500,100.856911,-3.326864,14.825297,-23.533699,19.100252,-22.534208
6.968750,103.809616,-3.328710,11.603818,-23.423798,15.224178,-22.181293
6.975000,105.456963,-3.331739,8.800083,-23.289362,10.589785,-21.876459
6.981250,105.378349,-3.335426,6.432454,-23.132519,5.275530,-21.632332
6.987500,103.242210,-3.338249,4.511532,-22.954695,-0.640406,-21.453732
6.993750,98.811234,-3.339756,3.023198,-22.753466,-7.084537,-21.332682
7.000000,91.954552,-3.340980,1.944793,-22.517876,-14.003899,-21.256895
7.006250,82.667007,-3.342824,1.190850,-22.226757,-19.362890,-21.258186
7.012500,71.073204,-3.345268,2.663319,-21.944521,-24.586840,-21.328028
7.018750,57.415127,-3.347955,4.548693,-21.713781,-29.057854,-21.442472
7.025000,42.035759,-3.350559,5.695477,-21.470119,-32.336174,-21.594887
7.031250,25.361927,-3.352815,8.199510,-21.240036,-33.782211,-21.812105
7.037500,7.884930,-3.354823,11.305103,-21.069668,-34.767422,-22.054987
7.043750,-9.864764,-3.356995,14.646401,-20.993181,-34.209579,-22.347498
7.050000,-27.340998,-3.359448,17.930220,-21.036823,-32.430714,-22.698416
7.056250,-44.007092,-3.361400,20.920107,-21.205559,-29.667080,-23.111099
7.062500,-59.367908,-3.362036,25.622149,-21.490234,-26.185835,-23.587198
7.068750,-73.001030,-3.361733,28.509148,-21.895061,-22.284798,-24.142036
7.075000,-84.571991,-3.361272,31.506029,-22.406769,-18.182354,-24.708239
7.081250,-93.843590,-3.360608,34.469112,-22.978071,-13.820517,-25.262625
7.087500,-100.690712,-3.359169,37.252098,-23.559185,-11.866092,-25.820961
7.093750,-105.113953,-3.356899,38.886524,-24.215134,-8.768253,-26.374720
7.100000,-107.238647,-3.354275,39.726818,-24.871899,-6.514762,-26.902437
7.106250,-107.304092,-3.351542,39.569019,-25.496513,-5.164135,-27.378937
7.112500,-105.651054,-3.348979,38.159851,-26.078657,-4.740248,-27.776934
7.118750,-102.707008,-3.346973,35.252995,-26.592840,-5.214131,-28.065035
7.125000,-98.963470,-3.345608,32.479877,-26.971981,-6.470599,-28.194895
7.131250,-94.949318,-3.344425,28.610672,-27.235870,-8.273206,-28.162018
7.137500,-89.042000,-3.343229,24.067307,-27.395607,-12.066477,-28.008654
7.143750,-83.140236,-3.342994,19.123957,-27.457355,-16.435148,-27.715696
7.150000,-77.247131,-3.344651,14.059612,-27.426310,-21.490444,-27.289660
7.156250,-71.355827,-3.347541,9.152753,-27.306936,-27.175762,-26.749348
7.162500,-65.456299,-3.350166,4.649111,-27.107115,-33.358887,-26.125132
7.168750,-59.548988,-3.352404,0.744157,-26.841724,-39.877834,-25.462240
7.175000,-53.641991,-3.355122,-2.400570,-26.528364,-46.565784,-24.810553
7.181250,-47.736618,-3.358455,-4.656983,-26.186157,-53.488995,-24.144466
7.187500,-41.826481,-3.361725,-5.926670,-25.832766,-58.515717,-23.522749
7.193750,-35.909000,-3.364356,-6.144136,-25.474859,-62.911644,-22.987429
7.200000,-29.988686,-3.366710,-7.172707,-25.096498,-66.020683,-22.566166
7.206250,-24.067654,-3.368955,-5.411352,-24.768787,-67.228287,-22.248661
7.212500,-18.144262,-3.370701,-3.094144,-24.490643,-67.909050,-22.032139
7.218750,-12.219021,-3.372147,-0.101684,-24.260275,-66.563957,-21.960018
7.225000,-6.295950,-3.374032,3.342143,-24.073278,-63.281029,-22.006123
7.231250,-0.374906,-3.376492,7.011768,-23.921572,-58.413830,-22.149601
7.237500,5.550196,-3.378551,10.610510,-23.808498,-52.448277,-22.363745
7.243750,11.481306,-3.379707,13.803039,-23.740948,-45.901318,-22.611414
7.250000,17.412203,-3.380565,18.558647,-23.705969,-39.336094,-22.833702
7.256250,23.338243,-3.381725,21.434200,-23.692472,-33.433846,-23.056152
7.262500,29.260941,-3.383302,24.319628,-23.700579,-29.195904,-23.275518
7.268750,35.182442,-3.385132,26.932106,-23.738516,-24.542088,-23.436745
7.275000,41.103680,-3.387645,29.115223,-23.765516,-21.206522,-23.513424
7.281250,47.024075,-3.390797,30.821445,-23.769583,-19.226318,-23.510380
7.287500,52.948364,-3.393796,31.659096,-23.754683,-18.463234,-23.431818
7.293750,58.880047,-3.395606,31.564808,-23.696552,-18.651983,-23.282984
7.300000,64.815613,-3.396336,30.643476,-23.589495,-19.506290,-23.076723
7.306250,70.748116,-3.396793,29.488037,-23.482620,-20.741405,-22.833231
7.312500,76.672760,-3.397817,28.140230,-23.352751,-22.069393,-22.579094
7.318750,82.592125,-3.399702,26.850939,-23.199511,-23.231642,-22.344988
7.325000,88.510323,-3.402224,24.133076,-23.034098,-24.104084,-22.139481
7.331250,94.433701,-3.404441,22.127975,-22.843502,-24.666195,-21.973181
7.337500,98.469070,-3.405700,20.763405,-22.637709,-24.769615,-21.877962
7.343750,102.232811,-3.406269,19.775856,-22.442699,-24.437178,-21.869398
7.350000,105.185555,-3.407130,19.029903,-22.273581,-21.939751,-21.935734
7.356250,106.834755,-3.408759,18.442404,-22.136776,-19.076490,-22.047049
7.362500,106.758499,-3.410834,17.922064,-22.033562,-15.194168,-22.257452
7.368750,104.619331,-3.412659,17.348185,-21.959063,-12.127404,-22.531595
7.375000,100.179413,-3.414245,16.576521,-21.907358,-8.398490,-22.835079
7.381250,93.314568,-3.415880,17.568644,-21.875511,-4.285565,-23.132574
7.387500,84.024185,-3.417814,18.712080,-21.877068,-0.095386,-23.398180
7.393750,72.428963,-3.420510,20.114782,-21.917608,5.916469,-23.631573
7.400000,58.767624,-3.423767,21.722244,-21.960217,12.071895,-23.814955
7.406250,43.386429,-3.426715,23.820797,-22.027348,16.758799,-23.931940
7.412500,26.714607,-3.428601,26.448849,-22.134296,21.773207,-23.977661
7.418750,9.239075,-3.429909,29.452353,-22.290531,26.720890,-23.953705
7.425000,-8.513769,-3.431507,32.599541,-22.503525,31.222485,-23.868486
7.431250,-25.996708,-3.433595,35.647739,-22.776333,34.943501,-23.731941
7.437500,-42.671692,-3.435468,40.536652,-23.105200,37.630066,-23.546766
7.443750,-58.045002,-3.436914,43.803402,-23.478172,39.097866,-23.307503
7.450000,-71.691719,-3.438331,47.383274,-23.867847,39.113888,-23.046652
7.456250,-83.273056,-3.439432,50.907696,-24.301970,37.422775,-22.799767
7.462500,-92.546913,-3.439598,53.857239,-24.791685,34.127865,-22.583235
7.468750,-99.394325,-3.438727,56.151115,-25.337065,29.404472,-22.414162
7.475000,-103.820778,-3.437717,57.653957,-25.909266,23.500481,-22.300022
7.481250,-105.950172,-3.436809,58.437252,-26.471273,16.803032,-22.234266
7.487500,-106.015587,-3.435362,56.277996,-27.028948,9.688770,-22.219898
7.493750,-104.355186,-3.433037,52.746719,-27.573284,2.567549,-22.253714
7.500000,-101.402328,-3.430798,47.434608,-28.074923,-4.002290,-22.315004
7.506250,-97.652840,-3.429413,42.185829,-28.501579,-9.326195,-22.403690
7.512500,-93.635742,-3.428463,35.284138,-28.851620,-12.653070,-22.516838
7.518750,-87.724312,-3.427356,27.001623,-29.111341,-13.460746,-22.627855
7.525000,-81.816345,-3.426699,17.830873,-29.263176,-11.247250,-22.722687
7.531250,-75.915649,-3.427227,8.204227,-29.303223,-9.562662,-22.796448
7.537500,-70.018593,-3.428719,-1.450474,-29.246433,-4.926858,-22.827263
7.543750,-64.120110,-3.430443,-10.659403,-29.089884,1.938280,-22.808315
7.550000,-58.220543,-3.432659,-18.782137,-28.822876,10.050793,-22.753956
7.556250,-52.323021,-3.435955,-25.588474,-28.483505,18.526649,-22.678984
7.562500,-46.424664,-3.440063,-32.655251,-28.096367,26.558783,-22.600067
7.568750,-40.520985,-3.444229,-37.943901,-27.667707,33.417740,-22.539759
7.575000,-34.610081,-3.447914,-41.561863,-27.218859,38.516022,-22.483692
7.581250,-28.694324,-3.451122,-43.394203,-26.796661,41.494450,-22.428171
7.587500,-22.776039,-3.453699,-43.742916,-26.393702,43.870476,-22.400526
7.593750,-16.855927,-3.455546,-42.955166,-26.016560,44.002781,-22.411554
7.600000,-10.937515,-3.457159,-41.273026,-25.670263,42.339981,-22.460430
7.606250,-5.023770,-3.459273,-38.902439,-25.358311,39.410122,-22.539337
7.612500,0.888230,-3.461664,-36.063770,-25.078234,35.773209,-22.634714
7.618750,6.803024,-3.463617,-32.983120,-24.824202,31.969252,-22.739801
7.625000,12.719934,-3.465139,-27.760019,-24.590591,28.451824,-22.868074
7.631250,18.633591,-3.467022,-22.042610,-24.374252,25.652451,-23.068775
7.637500,24.543922,-3.469667,-17.498463,-24.168255,23.853058,-23.212975
7.643750,30.453415,-3.472541,-12.278825,-23.953554,22.771713,-23.340624
7.650000,36.365570,-3.475617,-6.703489,-23.687931,23.077438,-23.465542
7.656250,42.277199,-3.479384,-1.336999,-23.388933,24.502270,-23.597429
7.662500,48.187668,-3.484340,3.003279,-23.093132,26.568110,-23.746323
7.668750,54.101589,-3.489962,8.241185,-22.793503,28.801497,-23.909035
7.675000,60.025364,-3.495257,12.681049,-22.494616,30.732216,-24.084848
7.681250,65.958321,-3.499529,16.472218,-22.210779,33.702339,-24.276884
7.687500,71.896477,-3.503066,19.803581,-21.962599,35.497837,-24.488234
7.693750,77.835091,-3.506158,22.919828,-21.768595,36.086128,-24.722639
7.700000,83.773193,-3.508859,24.259537,-21.625355,35.455513,-24.989035
7.706250,89.712250,-3.511027,25.772703,-21.537210,33.652447,-25.302361
7.712500,95.651840,-3.512547,27.112051,-21.510122,31.327393,-25.562649
7.718750,99.695320,-3.513498,28.032032,-21.530607,28.734808,-25.819130
7.725000,103.463806,-3.513847,28.275251,-21.602966,25.645994,-26.088675
7.731250,106.423660,-3.513712,27.417330,-21.744516,22.382753,-26.352659
7.737500,108.079514,-3.513606,25.435299,-21.926140,19.194536,-26.587032
7.743750,108.003777,-3.514121,24.418982,-22.121004,16.276800,-26.760279
7.750000,105.856979,-3.515529,22.842928,-22.310698,13.754914,-26.834730
7.756250,101.406670,-3.517294,21.030214,-22.479099,11.624146,-26.817823
7.762500,94.534462,-3.518994,19.261969,-22.619513,9.680406,-26.718145
7.768750,85.238625,-3.521028,17.714567,-22.731897,8.112201,-26.521528
7.775000,73.637169,-3.524074,16.596678,-22.811672,6.914530,-26.228090
7.781250,59.970188,-3.528110,16.092276,-22.862951,6.004946,-25.852165
7.787500,44.585449,-3.532112,16.266277,-22.896217,5.280441,-25.418425
7.793750,27.912333,-3.535229,17.123615,-22.922026,4.669140,-24.957439
7.800000,10.439596,-3.537722,18.618196,-22.952024,4.167794,-24.483929
7.806250,-7.305863,-3.539985,20.679392,-22.989750,3.913607,-23.983789
7.812500,-24.776691,-3.541867,21.327854,-23.033367,3.848807,-23.424749
7.818750,-41.438362,-3.542810,24.168062,-23.093708,2.223180,-22.957758
7.825000,-56.800243,-3.543072,27.063046,-23.184326,1.499447,-22.567398
7.831250,-70.440239,-3.543141,29.774826,-23.330488,0.916796,-22.250872
7.837500,-82.015602,-3.542854,32.140625,-23.547388,0.445132,-22.008509
7.843750,-91.286957,-3.541455,34.068840,-23.861679,0.175089,-21.837597
7.850000,-98.135056,-3.539388,35.699501,-24.186876,0.198485,-21.744019
7.856250,-102.567024,-3.537617,36.950150,-24.551229,0.578237,-21.727974
7.862500,-104.702583,-3.536549,37.508797,-24.955603,-0.715545,-21.781488
7.868750,-104.773132,-3.535044,35.514236,-25.381250,-2.131792,-21.891418
7.875000,-103.115158,-3.532656,32.638744,-25.801281,-3.954053,-22.037395
7.881250,-100.162048,-3.529972,30.510031,-26.209417,-6.407294,-22.187712
7.887500,-96.412094,-3.527835,27.274042,-26.591080,-9.684904,-22.295851
7.893750,-92.394676,-3.526151,23.172365,-26.925459,-12.093163,-22.436123
7.900000,-86.484711,-3.524669,18.438799,-27.193716,-15.032836,-22.544004
7.906250,-80.579132,-3.524065,13.370750,-27.368977,-17.820732,-22.603361
7.912500,-74.678886,-3.524763,8.257327,-27.443365,-20.217064,-22.624395
7.918750,-68.777580,-3.524763,3.295959,-27.443365,-21.859909,-22.624395
7.925000,-68.777580,-3.524763,3.295959,-27.443365,-21.859909,-22.624395
7.931250,-68.777580,-3.524763,3.295959,-27.443365,-21.859909,-22.624395
7.937500,-68.777580,-3.524763,3.295959,-27.443365,-21.859909,-22.624395
7.943750,-68.777580,-3.524763,3.295959,-27.443365,-21.859909,-22.624395
7.950000,-68.777580,-3.524763,3.295959,-27.443365,-21.859909,-22.624395
7.956250,-68.777580,-3.524763,3.295959,-27.443365,-21.859909,-22.624395
7.962500,-68.777580,-3.524763,3.295959,-27.443365,-21.859909,-22.624395
7.968750,-68.777580,-3.524763,3.295959,-27.443365,-21.859909,-22.624395
7.975000,-68.777580,-3.524763,3.295959,-27.443365,-21.859909,-22.624395
7.981250,-68.777580,-3.524763,3.295959,-27.443365,-21.859909,-22.624395
7.987500,-68.777580,-3.524763,3.295959,-27.443365,-21.859909,-22.624395
7.993750,-68.777580,-3.524763,3.295959,-27.443365,-21.859909,-22.624395
8.000000,-68.777580,-3.524763,3.295959,-27.443365,-21.859909,-22.624395
