Anritsu VNA Frequency[GHz],S21[deg],S21[dB],S11[deg],S11[dB],S22[deg],S22[dB]
1338040235.83,2012_05_26_14:50:35,+261.57,+293.08,+297.09,+293.23,+296.35,+297.03,+295.30,+295.36,241.722336,-5.736
3.006250,89.080055,-3.194872,-12.057342,-28.702208,-37.259773,-29.842846
3.012500,89.080055,-3.194872,-12.057342,-28.702208,-37.259773,-29.842846
3.018750,89.080055,-3.194872,-12.057342,-28.702208,-37.259773,-29.842846
3.025000,89.080055,-3.194872,-12.057342,-28.702208,-37.259773,-29.842846
3.031250,89.080055,-3.194872,-12.057342,-28.702208,-37.259773,-29.842846
3.037500,89.080055,-3.194872,-12.057342,-28.702208,-37.259773,-29.842846
3.043750,89.080055,-3.194872,-12.057342,-28.702208,-37.259773,-29.842846
3.050000,89.080055,-3.194872,-12.057342,-28.702208,-37.259773,-29.842846
3.056250,89.080055,-3.194872,-12.057342,-28.702208,-37.259773,-29.842846
3.062500,89.080055,-3.194872,-12.057342,-28.702208,-37.259773,-29.842846
3.068750,89.080055,-3.194872,-12.057342,-28.702208,-37.259773,-29.842846
3.075000,89.080055,-3.194872,-12.057342,-28.702208,-37.259773,-29.842846
3.081250,89.080055,-3.194872,-12.057342,-28.702208,-37.259773,-29.842846
3.087500,89.080055,-3.194872,-12.057342,-28.702208,-37.259773,-29.842846
3.093750,89.080055,-3.197397,-12.057342,-28.610470,-37.259773,-30.029722
3.100000,95.103210,-3.200339,-20.646082,-28.483393,-38.062260,-30.126537
3.106250,99.229492,-3.203877,-29.623150,-28.335554,-38.519169,-30.131811
3.112500,103.083099,-3.207612,-36.821075,-28.182785,-38.433598,-30.045864
3.118750,106.133247,-3.211295,-42.271420,-28.041126,-37.567017,-29.866199
3.125000,107.886566,-3.214976,-46.063080,-27.929344,-35.694778,-29.589523
3.131250,107.913841,-3.218747,-48.283379,-27.834961,-32.641758,-29.221649
3.137500,105.874191,-3.222720,-48.855709,-27.736742,-28.290648,-28.775381
3.143750,101.530899,-3.227081,-48.148956,-27.659678,-22.509474,-28.259520
3.150000,94.762749,-3.231814,-46.402866,-27.615528,-17.103485,-27.688864
3.156250,85.571487,-3.236718,-43.778267,-27.604599,-10.464707,-27.086971
3.162500,74.079453,-3.241470,-40.459312,-27.621595,-3.197242,-26.481985
3.168750,60.523495,-3.246021,-36.644226,-27.655794,4.100780,-25.901718
3.175000,45.242645,-3.250610,-32.277016,-27.692726,10.860882,-25.373100
3.181250,28.663229,-3.255468,-27.319901,-27.708811,16.554092,-24.926302
3.187500,11.278352,-3.260413,-21.962551,-27.670097,20.753666,-24.579880
3.193750,-6.377862,-3.265318,-16.088644,-27.613665,23.333035,-24.270851
3.200000,-23.759192,-3.270128,-11.951983,-27.522358,24.069502,-23.985996
3.206250,-40.333836,-3.274879,-8.549028,-27.390371,23.014215,-23.814684
3.212500,-55.608631,-3.279366,-4.247766,-27.221605,20.368404,-23.737671
3.218750,-69.157425,-3.283770,-0.788117,-27.024889,16.138399,-23.749327
3.225000,-80.640991,-3.288227,2.064055,-26.811836,10.736805,-23.855904
3.231250,-89.821518,-3.292719,4.612292,-26.591734,4.651038,-24.072142
3.237500,-96.576180,-3.296825,5.319654,-26.368217,-2.439946,-24.273842
3.243750,-100.905434,-3.300559,6.154349,-26.146421,-9.434155,-24.514597
3.250000,-102.934174,-3.304435,6.883479,-25.929724,-16.080290,-24.790569
3.256250,-102.900444,-3.308757,7.287731,-25.716343,-22.241604,-25.085308
3.262500,-101.141571,-3.313249,7.131140,-25.508514,-27.851780,-25.376368
3.268750,-98.082695,-3.317400,6.107162,-25.327732,-32.919132,-25.642525
3.275000,-94.216812,-3.321069,4.019297,-25.173853,-37.548740,-25.873974
3.281250,-90.079483,-3.324804,0.766498,-25.038977,-41.869675,-26.057217
3.287500,-84.051598,-3.329065,-1.637602,-24.913380,-46.005760,-26.178581
3.293750,-78.025169,-3.333898,-4.715776,-24.786966,-50.172302,-26.230001
3.300000,-71.997398,-3.338894,-8.086057,-24.645903,-54.640167,-26.203892
3.306250,-65.966904,-3.343756,-11.381074,-24.468922,-57.793076,-26.096491
3.312500,-59.934151,-3.348563,-14.368751,-24.268272,-61.525852,-25.912529
3.318750,-53.900280,-3.353455,-17.092981,-24.071482,-65.572990,-25.664419
3.325000,-47.866131,-3.358522,-19.245975,-23.868359,-71.629829,-25.376274
3.331250,-41.829826,-3.363683,-20.700909,-23.659401,-75.719994,-25.068594
3.337500,-35.789703,-3.368482,-21.463741,-23.451204,-79.519005,-24.755646
3.343750,-29.745609,-3.372759,-21.602177,-23.258007,-82.859940,-24.452505
3.350000,-23.699512,-3.376605,-21.218386,-23.095966,-85.625969,-24.172611
3.356250,-17.652628,-3.380126,-18.269524,-22.988506,-87.728706,-23.925697
3.362500,-11.605780,-3.383221,-14.286490,-22.981598,-89.125107,-23.712397
3.368750,-5.558179,-3.385908,-10.714420,-23.008486,-89.820862,-23.524828
3.375000,0.489747,-3.387980,-5.390931,-23.111155,-90.088898,-23.425154
3.381250,6.537532,-3.389391,0.857044,-23.320959,-90.069542,-23.414391
3.387500,12.583948,-3.390089,7.790093,-23.636515,-89.729637,-23.496878
3.393750,18.626358,-3.390601,15.129926,-24.044861,-89.188400,-23.675413
3.400000,24.664156,-3.391218,22.552036,-24.522539,-88.481018,-23.921944
3.406250,30.698265,-3.391826,29.718735,-25.039747,-87.640762,-24.202524
3.412500,36.730324,-3.392200,34.383633,-25.567781,-86.798660,-24.476675
3.418750,42.760086,-3.392493,39.985928,-26.081991,-85.003342,-24.845316
3.425000,48.785252,-3.393309,44.345444,-26.558437,-82.671677,-25.238522
3.431250,54.806259,-3.394754,47.258907,-26.974516,-79.520287,-25.629534
3.437500,60.827198,-3.396370,48.606663,-27.310623,-75.204498,-25.999628
3.443750,66.849350,-3.397879,48.342163,-27.557726,-69.407845,-26.338419
3.450000,72.870125,-3.399756,46.527874,-27.705160,-61.853733,-26.637081
3.456250,78.887802,-3.402540,43.405849,-27.732819,-54.125500,-26.861242
3.462500,84.905998,-3.405832,39.202168,-27.650093,-44.428238,-27.002792
3.468750,90.929131,-3.408835,34.199421,-27.477892,-33.345314,-27.064728
3.475000,95.061188,-3.411381,28.865503,-27.238161,-21.345991,-27.045216
3.481250,98.919212,-3.413967,21.837040,-26.956059,-8.859406,-26.948212
3.487500,101.968544,-3.417145,15.276097,-26.664791,1.523310,-26.780823
3.493750,103.718346,-3.420780,9.234969,-26.387152,10.756791,-26.548470
3.500000,103.744232,-3.424683,4.020138,-26.091415,17.980516,-26.254702
3.506250,101.706108,-3.428737,-0.430915,-25.818243,24.652674,-25.902317
3.512500,97.366966,-3.432589,-4.180597,-25.591587,28.837137,-25.502504
3.518750,90.604782,-3.436148,-7.115207,-25.421690,30.615406,-25.072069
3.525000,81.416870,-3.439779,-9.120091,-25.304121,30.238564,-24.624674
3.531250,69.921577,-3.444181,-10.127615,-25.225750,28.089668,-24.173182
3.537500,56.356674,-3.449598,-10.142635,-25.158554,24.624586,-23.728888
3.543750,41.068054,-3.455359,-9.216129,-25.039700,20.360577,-23.300476
3.550000,24.486183,-3.460924,-5.487712,-24.932934,15.805140,-22.906946
3.556250,7.101476,-3.466323,-2.889293,-24.822969,11.392695,-22.579678
3.562500,-10.556858,-3.472083,0.832383,-24.684500,7.467071,-22.289337
3.568750,-27.941635,-3.478269,5.250237,-24.506397,4.087218,-22.020855
3.575000,-44.515617,-3.484313,9.831175,-24.294310,1.714494,-21.798548
3.581250,-59.784973,-3.489501,13.974876,-24.069687,0.293788,-21.658306
3.587500,-73.323463,-3.493718,17.127644,-23.861502,-0.409877,-21.624826
3.593750,-84.794258,-3.497433,21.009823,-23.698299,-0.586238,-21.736254
3.600000,-93.961731,-3.500873,23.905817,-23.610481,-0.665919,-21.916367
3.606250,-100.701874,-3.503456,26.064377,-23.618742,0.255196,-22.173220
3.612500,-105.012459,-3.504814,27.845982,-23.719753,0.649876,-22.526617
3.618750,-107.018326,-3.505020,27.666378,-23.923347,0.438867,-22.968546
3.625000,-106.960136,-3.504570,27.306137,-24.235682,-0.488746,-23.474903
3.631250,-105.179054,-3.503519,26.468102,-24.656837,-2.266611,-24.017361
3.637500,-102.101761,-3.501716,24.775705,-25.191196,-2.948659,-24.592710
3.643750,-98.222084,-3.499308,21.972258,-25.815147,-4.042367,-25.176949
3.650000,-94.075348,-3.496964,17.882156,-26.493189,-5.026343,-25.737566
3.656250,-88.041260,-3.495028,12.284256,-27.187044,-5.525409,-26.249453
3.662500,-82.012733,-3.493575,7.140731,-27.851749,-5.260301,-26.690424
3.668750,-75.988327,-3.492493,0.926890,-28.430916,-4.028368,-27.039640
3.675000,-69.968239,-3.492079,-6.006237,-28.876888,-1.703103,-27.281864
3.681250,-63.953381,-3.492565,-13.587275,-29.211044,1.750881,-27.413668
3.687500,-57.941635,-3.493858,-21.400898,-29.394705,6.244234,-27.441599
3.693750,-51.931705,-3.496010,-28.990316,-29.407440,11.626184,-27.370815
3.700000,-45.924667,-3.499416,-36.082710,-29.248108,17.692305,-27.207939
3.706250,-39.919094,-3.504117,-42.463192,-28.933409,24.160763,-26.965616
3.712500,-33.910606,-3.509462,-47.952271,-28.497276,30.709738,-26.660772
3.718750,-27.895962,-3.514782,-52.411930,-28.004082,37.031460,-26.312263
3.725000,-21.877581,-3.520362,-55.761383,-27.454748,42.844067,-25.934587
3.731250,-15.858915,-3.526557,-58.946381,-26.859045,47.938011,-25.529640
3.737500,-9.837916,-3.533183,-58.992943,-26.289091,52.157639,-25.091335
3.743750,-3.810458,-3.539474,-57.671173,-25.789402,55.484783,-24.674955
3.750000,2.223791,-3.545147,-54.992378,-25.398779,58.293941,-24.325397
3.756250,8.261241,-3.550160,-51.007790,-25.137367,60.528728,-24.049042
3.762500,14.300121,-3.554686,-45.783592,-25.006113,60.607059,-23.847904
3.768750,20.339745,-3.558657,-39.454914,-24.991545,60.719978,-23.682623
3.775000,26.379827,-3.562141,-32.249619,-25.072300,60.764343,-23.514797
3.781250,32.418549,-3.565391,-24.456827,-25.218801,60.727741,-23.426685
3.787500,38.456100,-3.568417,-18.301756,-25.401369,59.197033,-23.415409
3.793750,44.493542,-3.570868,-12.565595,-25.609627,57.250301,-23.451986
3.800000,50.530800,-3.572873,-5.967195,-25.818367,54.728645,-23.522331
3.806250,56.564411,-3.574923,-0.520282,-25.999712,51.555214,-23.616047
3.812500,62.593536,-3.577280,3.631052,-26.145468,47.727859,-23.724689
3.818750,68.620598,-3.579838,6.493484,-26.217863,43.328453,-23.827738
3.825000,74.646530,-3.582633,8.336065,-26.193817,38.529167,-23.901136
3.831250,80.671082,-3.585820,9.049035,-26.098063,33.404583,-23.944778
3.837500,86.694687,-3.589350,8.846169,-25.945992,28.111284,-23.957033
3.843750,92.719345,-3.592893,8.106454,-25.753275,22.936035,-23.938250
3.850000,96.850349,-3.596475,7.280841,-25.536232,18.221478,-23.894337
3.856250,100.707314,-3.600368,4.972160,-25.309513,14.326344,-23.836384
3.862500,103.758003,-3.604481,3.317752,-25.080452,11.640825,-23.750740
3.868750,105.512306,-3.608458,2.272161,-24.856438,8.712475,-23.628162
3.875000,105.541794,-3.612366,1.714070,-24.650532,7.313300,-23.487053
3.881250,103.502808,-3.616964,1.523774,-24.471636,7.107094,-23.339594
3.887500,99.157997,-3.622491,1.629138,-24.317278,7.806828,-23.189837
3.893750,92.391029,-3.628250,1.966020,-24.171881,9.100511,-23.037022
3.900000,83.205208,-3.633534,2.470910,-23.986673,10.625547,-22.876728
3.906250,71.718742,-3.638678,3.078890,-23.782797,11.981148,-22.707666
3.912500,58.162697,-3.644691,4.815750,-23.587780,12.707723,-22.537430
3.918750,42.878105,-3.651989,6.877934,-23.364218,12.382996,-22.366762
3.925000,26.297426,-3.660092,9.412398,-23.101133,10.658672,-22.190573
3.931250,8.918236,-3.668266,12.493300,-22.799088,7.183041,-22.002844
3.937500,-8.726869,-3.676250,16.111435,-22.463522,1.635129,-21.791519
3.943750,-26.094278,-3.684279,20.206682,-22.106087,-4.119717,-21.556417
3.950000,-42.652527,-3.692558,24.668316,-21.746492,-11.844007,-21.338760
3.956250,-57.907413,-3.700660,29.363264,-21.403570,-21.157047,-21.142338
3.962500,-71.428574,-3.707854,34.108902,-21.095720,-31.554165,-20.971947
3.968750,-82.875603,-3.713717,38.955563,-20.839491,-42.626984,-20.837139
3.975000,-92.014839,-3.718324,43.930721,-20.646626,-53.974228,-20.748108
3.981250,-98.728783,-3.721932,48.776844,-20.524529,-65.196754,-20.715517
3.987500,-103.018486,-3.724574,53.245728,-20.472046,-75.910500,-20.749905
3.993750,-105.005035,-3.726116,57.098293,-20.474972,-85.769768,-20.873606
4.000000,-104.925659,-3.726478,60.049347,-20.556364,-94.432297,-21.051121
4.006250,-103.123108,-3.725782,61.688103,-20.726391,-101.423302,-21.293329
4.012500,-100.026428,-3.724057,62.113789,-20.961123,-106.926163,-21.621870
4.018750,-96.128082,-3.721365,61.234577,-21.253172,-110.772072,-22.039034
4.025000,-91.962914,-3.718056,59.001339,-21.593842,-112.878975,-22.542082
4.031250,-85.911873,-3.714686,53.577579,-21.967287,-113.309464,-23.137739
4.037500,-79.869400,-3.711528,48.867645,-22.355261,-112.396347,-23.736282
4.043750,-73.833878,-3.708584,43.112411,-22.747904,-110.852417,-24.342239
4.050000,-67.804413,-3.705991,36.484333,-23.137068,-106.765099,-24.974949
4.056250,-61.781025,-3.704023,29.265640,-23.510088,-101.998787,-25.612461
4.062500,-55.761864,-3.702468,21.778982,-23.858242,-96.721001,-26.231096
4.068750,-49.745377,-3.700979,14.352131,-24.182568,-91.206665,-26.808807
4.075000,-43.733421,-3.700086,7.361041,-24.475098,-85.748154,-27.326124
4.081250,-37.728489,-3.700559,1.314637,-24.707912,-80.609413,-27.761236
4.087500,-31.729012,-3.702570,-5.395797,-24.893721,-76.002762,-28.091791
4.093750,-25.726488,-3.704943,-10.909816,-25.042809,-72.122658,-28.304722
4.100000,-19.718397,-3.706871,-15.418242,-25.158171,-69.110680,-28.393999
4.106250,-13.709151,-3.708843,-19.110939,-25.239492,-67.009262,-28.358311
4.112500,-7.705464,-3.711913,-22.165121,-25.283819,-65.754997,-28.201632
4.118750,-1.705770,-3.716310,-24.740549,-25.291414,-65.205208,-27.938942
4.125000,4.296258,-3.721305,-26.986986,-25.263302,-65.153664,-27.600649
4.131250,10.303878,-3.726390,-29.031422,-25.193163,-65.221680,-27.162956
4.137500,16.315170,-3.731660,-31.026619,-25.079714,-64.908394,-26.645370
4.143750,22.328234,-3.737252,-33.126404,-24.926674,-64.161545,-26.090376
4.150000,28.343317,-3.743074,-33.261002,-24.737446,-62.621246,-25.527765
4.156250,34.360863,-3.749165,-32.844467,-24.515991,-59.893845,-24.980745
4.162500,40.380051,-3.755628,-33.307362,-24.265398,-55.635548,-24.464931
4.168750,46.401718,-3.762431,-32.603996,-23.987827,-49.572926,-23.986492
4.175000,52.426346,-3.769474,-30.919458,-23.687115,-41.537239,-23.533253
4.181250,58.453800,-3.776710,-28.498388,-23.371569,-31.563248,-23.170942
4.187500,64.484497,-3.784027,-25.614290,-23.042173,-21.864172,-22.872295
4.193750,70.519508,-3.791279,-22.547667,-22.706673,-10.542069,-22.629709
4.200000,76.558891,-3.798206,-19.698530,-22.384529,1.392066,-22.450666
4.206250,82.601433,-3.804842,-17.392010,-22.090733,13.126089,-22.325760
4.212500,88.646393,-3.811033,-13.737090,-21.839655,23.931524,-22.220501
4.218750,94.694206,-3.816489,-10.327588,-21.644569,33.310196,-22.201025
4.225000,98.849197,-3.821169,-6.845530,-21.514191,41.112930,-22.384668
4.231250,102.729912,-3.825379,-4.853812,-21.448378,46.745972,-22.488192
4.237500,105.802711,-3.829350,-2.412156,-21.438643,50.701286,-22.641285
4.243750,107.575668,-3.832931,0.180236,-21.475317,52.281498,-22.850414
4.250000,107.623665,-3.835966,2.593766,-21.540415,51.820824,-23.106962
4.256250,105.605499,-3.838302,4.470218,-21.623728,49.733810,-23.393204
4.262500,101.282211,-3.840270,5.314047,-21.740959,46.475452,-23.693428
4.268750,94.530663,-3.842007,7.003376,-21.871387,42.499840,-23.996790
4.275000,85.349571,-3.844019,7.982261,-21.992535,38.310337,-24.284836
4.281250,73.860664,-3.846648,8.487402,-22.090338,34.421505,-24.537796
4.287500,60.303082,-3.849873,8.723672,-22.154913,31.289818,-24.737200
4.293750,45.020401,-3.853392,8.869957,-22.176962,29.306396,-24.864964
4.300000,28.439371,-3.857450,9.059418,-22.149448,28.763401,-24.901270
4.306250,11.050328,-3.862775,9.368285,-22.068491,29.829712,-24.815535
4.312500,-6.611411,-3.869602,9.811478,-21.939184,32.437931,-24.642944
4.318750,-23.915728,-3.876161,10.371729,-21.768394,36.254280,-24.395947
4.325000,-40.482162,-3.882440,11.037392,-21.559879,41.337532,-24.067892
4.331250,-55.749138,-3.889193,11.757833,-21.321054,47.412460,-23.667002
4.337500,-69.292892,-3.897092,12.436829,-21.061659,54.079029,-23.209000
4.343750,-80.767799,-3.905647,15.139582,-20.793142,60.903309,-22.712448
4.350000,-89.931137,-3.913778,16.493004,-20.530424,67.427185,-22.198793
4.356250,-96.660995,-3.921210,18.503469,-20.291044,73.208916,-21.684116
4.362500,-100.961960,-3.928162,20.961323,-20.128231,77.840034,-21.177116
4.368750,-102.957764,-3.934674,23.734337,-19.959177,83.005814,-20.734819
4.375000,-102.883308,-3.940258,26.798094,-19.854782,85.071442,-20.374634
4.381250,-101.080437,-3.944893,29.546221,-19.840130,86.040016,-20.124269
4.387500,-97.979507,-3.948792,31.925167,-19.922787,85.670120,-20.025452
4.393750,-94.071205,-3.951538,33.869640,-20.098982,83.837151,-20.083843
4.400000,-89.888245,-3.952844,33.414162,-20.358982,81.348930,-20.215506
4.406250,-83.812424,-3.953012,32.114346,-20.687943,77.545792,-20.319960
4.412500,-77.742378,-3.952647,31.542551,-21.072231,72.626442,-20.659151
4.418750,-71.677475,-3.951540,29.786423,-21.500856,66.170151,-21.102715
4.425000,-65.615677,-3.949230,26.935236,-21.954218,59.196083,-21.616064
4.431250,-59.558620,-3.945952,23.154396,-22.412590,51.952404,-22.173409
4.437500,-53.511219,-3.942424,18.661640,-22.853880,44.717373,-22.750692
4.443750,-47.474583,-3.938988,13.784276,-23.244024,37.840313,-23.310881
4.450000,-41.445904,-3.935441,8.888557,-23.561028,31.702641,-23.816164
4.456250,-35.425915,-3.932307,4.284918,-23.798128,26.570278,-24.245625
4.462500,-29.417166,-3.930562,-1.541143,-23.949339,22.707035,-24.582680
4.468750,-23.417109,-3.930331,-6.544892,-24.009491,18.492338,-24.812447
4.475000,-17.418173,-3.930721,-10.827013,-23.975458,15.794251,-24.921829
4.481250,-11.416855,-3.931321,-14.486819,-23.851534,14.262748,-24.906000
4.487500,-5.417418,-3.932776,-17.629194,-23.651131,13.515956,-24.772320
4.493750,0.577236,-3.935612,-20.342485,-23.389608,13.177338,-24.536280
4.500000,6.570523,-3.939741,-22.660992,-23.074242,12.959961,-24.189217
4.506250,12.566287,-3.945028,-24.628788,-22.720585,12.587776,-23.750498
4.512500,18.565493,-3.951606,-26.382046,-22.356052,11.593097,-23.259291
4.518750,24.571051,-3.959198,-28.002678,-22.004444,9.712573,-22.749422
4.525000,30.587130,-3.966686,-29.517511,-21.682161,6.792813,-22.249804
4.531250,36.616127,-3.973295,-28.763613,-21.395849,2.748415,-21.783855
4.537500,42.651649,-3.979428,-29.003752,-21.137579,-2.455421,-21.370386
4.543750,48.687984,-3.985947,-28.150023,-20.852875,-8.847278,-21.031706
4.550000,54.726452,-3.992814,-26.559546,-20.660915,-16.545914,-20.794888
4.556250,60.771366,-3.999260,-24.858181,-20.535545,-23.737551,-20.633547
4.562500,66.824608,-4.004808,-22.856977,-20.455538,-31.558315,-20.561457
4.568750,72.883934,-4.009574,-20.887747,-20.416162,-37.482349,-20.560877
4.575000,78.945267,-4.013785,-19.438330,-20.441057,-42.753063,-20.630424
4.581250,85.008896,-4.017339,-16.734318,-20.554300,-47.502861,-20.856379
4.587500,91.075462,-4.019912,-14.387310,-20.780420,-52.251999,-21.198030
4.593750,95.249855,-4.021197,-12.021933,-21.115641,-54.625629,-21.586910
4.600000,99.151711,-4.021254,-10.980002,-21.536425,-54.981937,-22.037809
4.606250,102.244965,-4.020358,-9.475206,-22.057953,-53.697651,-22.548901
4.612500,104.034805,-4.018830,-7.779682,-22.676392,-51.056530,-23.105835
4.618750,104.094017,-4.016765,-6.058441,-23.378487,-47.387676,-23.685999
4.625000,102.081406,-4.014397,-4.528252,-24.159201,-43.116119,-24.276991
4.631250,97.758911,-4.012167,-3.334997,-24.984653,-38.744270,-24.868349
4.637500,91.006149,-4.010000,-2.508676,-25.818903,-34.664875,-25.436272
4.643750,81.826218,-4.007237,-1.948255,-26.636337,-31.296272,-25.965744
4.650000,70.340836,-4.003596,-1.476082,-27.407137,-26.901936,-26.449242
4.656250,56.780479,-4.000188,-1.128553,-28.098221,-23.226934,-26.882843
4.662500,41.479622,-3.998442,-0.923475,-28.675312,-20.170492,-27.235064
4.668750,24.868109,-3.998672,-0.860919,-29.101225,-17.676464,-27.475061
4.675000,7.447494,-4.000259,-0.955096,-29.345869,-15.446662,-27.596224
4.681250,-10.245275,-4.002784,-1.300084,-29.403164,-13.453856,-27.624819
4.687500,-27.665054,-4.006417,-1.986811,-29.272808,-11.799201,-27.567327
4.693750,-44.280197,-4.011432,-2.997589,-28.955677,-10.381287,-27.416502
4.700000,-59.597198,-4.017672,-4.346326,-28.465496,-9.243135,-27.173067
4.706250,-73.187073,-4.025255,-6.063878,-27.827665,-8.458099,-26.842056
4.712500,-84.709328,-4.034580,-8.197133,-27.083918,-8.090971,-26.433369
4.718750,-93.922577,-4.045123,-8.638973,-26.294651,-8.189557,-25.956129
4.725000,-100.699974,-4.055749,-8.894230,-25.454525,-8.728662,-25.407621
4.731250,-105.040466,-4.065966,-8.816681,-24.591776,-9.581087,-24.799273
4.737500,-107.071022,-4.076226,-7.742168,-23.760305,-10.311996,-24.200026
4.743750,-107.030731,-4.086705,-5.516016,-23.009132,-10.811524,-23.626314
4.750000,-105.256798,-4.096562,-2.168780,-22.374619,-13.116257,-23.110424
4.756250,-102.174149,-4.105118,2.326357,-21.860641,-15.681095,-22.623413
4.762500,-98.279541,-4.112571,7.892581,-21.458220,-18.995237,-22.155523
4.768750,-94.109840,-4.119363,14.313261,-21.144815,-20.853699,-21.729477
4.775000,-88.043152,-4.125178,19.340513,-20.917154,-23.236736,-21.413395
4.781250,-81.972855,-4.129597,26.160418,-20.788261,-25.891201,-21.191071
4.787500,-75.902222,-4.132812,32.624241,-20.726448,-28.612356,-21.050730
4.793750,-69.835175,-4.135438,38.392788,-20.704824,-31.358376,-20.981895
4.800000,-63.773575,-4.137717,43.041576,-20.700773,-34.127819,-20.976513
4.806250,-57.715130,-4.139661,46.179691,-20.694685,-36.933868,-21.027128
4.812500,-51.659664,-4.141346,47.453926,-20.677198,-39.742325,-21.106760
4.818750,-45.607937,-4.143005,46.605949,-20.636677,-42.509842,-21.196684
4.825000,-39.559532,-4.144644,45.652977,-20.570324,-45.347958,-21.288794
4.831250,-33.513901,-4.146585,43.182289,-20.478970,-48.245899,-21.364103
4.837500,-27.472124,-4.149076,39.759922,-20.367689,-51.118664,-21.398466
4.843750,-21.431293,-4.151926,34.116119,-20.243212,-53.754513,-21.398026
4.850000,-15.387274,-4.154370,28.517445,-20.118870,-55.820969,-21.376038
4.856250,-9.340666,-4.156375,23.059944,-20.014889,-57.247051,-21.330040
4.862500,-3.298057,-4.159027,17.892803,-19.939236,-57.787811,-21.240137
4.868750,2.739862,-4.162814,13.267958,-19.878933,-57.112881,-21.103596
4.875000,8.780800,-4.166647,9.238081,-19.852299,-55.124756,-20.942827
4.881250,14.830209,-4.169389,5.821145,-19.871775,-51.653294,-20.776005
4.887500,20.883219,-4.171335,3.123318,-19.939056,-46.539932,-20.619278
4.893750,26.931759,-4.173591,1.273763,-20.037979,-39.687778,-20.482344
4.900000,32.975124,-4.176425,0.394403,-20.131199,-31.093443,-20.373707
4.906250,39.019367,-4.179189,0.678873,-20.250254,-20.896357,-20.303545
4.912500,45.066559,-4.181358,2.550432,-20.402151,-9.350965,-20.278994
4.918750,51.114159,-4.183236,3.847252,-20.575205,3.171751,-20.295313
4.925000,57.158268,-4.185208,6.128258,-20.754948,16.241150,-20.334425
4.931250,63.199375,-4.187563,10.523053,-20.907087,29.466143,-20.368364
4.937500,69.237946,-4.190411,14.895104,-21.050793,42.542919,-20.432909
4.943750,75.277985,-4.193474,19.233831,-21.199902,55.387135,-20.536129
4.950000,81.321602,-4.195892,21.477629,-21.363466,67.360962,-20.658258
4.956250,87.368660,-4.197558,25.213041,-21.544863,78.153130,-20.792000
4.962500,93.413048,-4.199256,28.365730,-21.741953,87.610786,-20.932898
4.968750,97.557495,-4.201694,30.769442,-21.951359,95.669327,-21.080200
4.975000,101.428123,-4.204226,32.295086,-22.164757,102.353645,-21.231529
4.981250,104.497780,-4.206131,32.858589,-22.370663,107.774048,-21.386372
4.987500,106.271545,-4.207510,32.390671,-22.557764,112.084007,-21.559031
4.993750,106.318047,-4.208928,30.830738,-22.725348,113.662010,-21.709084
5.000000,104.297363,-4.210118,28.143772,-22.873383,114.503349,-21.857767
5.006250,99.975021,-4.210601,24.440380,-22.994341,114.103539,-22.023573
5.012500,93.226723,-4.210750,19.850548,-23.084599,112.350906,-22.212269
5.018750,84.049042,-4.211336,14.531974,-23.143925,109.177513,-22.430641
5.025000,72.564713,-4.212212,8.972878,-23.169323,104.562149,-22.688017
5.031250,59.016064,-4.212528,3.696572,-23.154337,98.490273,-22.970509
5.037500,43.742725,-4.212214,-1.069285,-23.087801,90.673080,-23.211885
5.043750,27.167276,-4.212094,-5.159141,-22.970280,83.178909,-23.447367
5.050000,9.779413,-4.212606,-8.585965,-22.834051,74.398605,-23.693830
5.056250,-7.884778,-4.213516,-11.239960,-22.685953,64.968338,-23.938837
5.062500,-25.275957,-4.214598,-12.987426,-22.539316,55.458763,-24.169563
5.068750,-41.861828,-4.215930,-13.842316,-22.428932,46.383247,-24.375324
5.075000,-57.150322,-4.217178,-13.851708,-22.366308,38.238914,-24.543451
5.081250,-70.714325,-4.218328,-14.384237,-22.300739,29.608419,-24.656937
5.087500,-82.216797,-4.220103,-14.425923,-22.283913,22.525831,-24.702967
5.093750,-91.422890,-4.223589,-14.556727,-22.323740,16.795315,-24.674908
5.100000,-98.206352,-4.228175,-13.055751,-22.402531,12.235207,-24.576033
5.106250,-102.557808,-4.232531,-11.624194,-22.507521,8.668155,-24.414038
5.112500,-104.598526,-4.236104,-12.020035,-22.655806,5.825331,-24.198641
5.118750,-104.573524,-4.240030,-12.732591,-22.818035,3.379328,-23.959375
5.125000,-102.829590,-4.245164,-14.103312,-22.965200,0.943210,-23.682697
5.131250,-99.787750,-4.251086,-14.141071,-23.074877,-0.389513,-23.352209
5.137500,-95.933891,-4.256915,-14.307443,-23.130383,-2.180550,-23.015125
5.143750,-91.801865,-4.262803,-14.148311,-23.121101,-4.284443,-22.695538
5.150000,-85.774200,-4.269235,-15.113606,-23.041977,-6.661579,-22.407789
5.156250,-79.744682,-4.276105,-15.159148,-22.890810,-9.278568,-22.158009
5.162500,-73.709267,-4.282778,-14.446804,-22.669020,-12.103722,-21.943487
5.168750,-67.666824,-4.288894,-13.183006,-22.383572,-15.116799,-21.745359
5.175000,-61.620636,-4.294583,-11.606353,-22.049896,-16.256577,-21.618866
5.181250,-55.572536,-4.299949,-9.959275,-21.678865,-17.003336,-21.531555
5.187500,-49.522930,-4.305094,-8.446898,-21.281063,-18.499634,-21.479395
5.193750,-43.471291,-4.309962,-7.356855,-20.881454,-18.812717,-21.465910
5.200000,-37.417500,-4.314379,-6.948043,-20.504381,-18.099354,-21.483543
5.206250,-31.361061,-4.318156,-5.227177,-20.172182,-16.519665,-21.510931
5.212500,-25.302872,-4.321418,-3.683004,-19.905920,-14.199633,-21.545744
5.218750,-19.244009,-4.324349,-3.796457,-19.726818,-10.916150,-21.656033
5.225000,-13.183905,-4.326590,-3.533841,-19.655775,-9.019418,-21.783791
5.231250,-7.120939,-4.327643,-2.986289,-19.684958,-6.993801,-21.903429
5.237500,-1.057930,-4.327581,-2.186271,-19.801342,-5.695593,-22.036415
5.243750,4.999666,-4.327215,-1.402187,-20.005850,-5.551750,-22.190729
5.250000,11.049582,-4.327096,-0.804202,-20.270773,-6.854212,-22.369148
5.256250,17.094202,-4.327317,-0.500311,-20.583622,-9.842575,-22.577032
5.262500,23.136482,-4.327583,0.892473,-21.005091,-12.558269,-22.827641
5.268750,29.178486,-4.327520,2.343981,-21.502964,-16.519014,-23.124376
5.275000,35.219643,-4.326651,4.242801,-22.096638,-21.345716,-23.453449
5.281250,41.257290,-4.325410,5.540248,-22.641960,-26.550610,-23.817324
5.287500,47.285347,-4.324838,7.797930,-23.195400,-31.607061,-24.212509
5.293750,53.302349,-4.325774,10.634664,-23.756102,-36.080956,-24.617987
5.300000,59.315323,-4.327435,13.894263,-24.308987,-39.632336,-24.993376
5.306250,65.331017,-4.328683,17.385763,-24.836823,-41.915100,-25.347151
5.312500,71.346474,-4.329975,20.905142,-25.318380,-44.258938,-25.699497
5.318750,77.352943,-4.332973,24.253891,-25.732916,-45.349319,-26.007795
5.325000,83.351341,-4.338028,27.233231,-26.060989,-45.432587,-26.247236
5.331250,89.353203,-4.343793,29.946688,-26.283192,-44.696327,-26.397799
5.337500,93.469513,-4.349470,32.499249,-26.386038,-43.358742,-26.446556
5.343750,97.316528,-4.355675,34.708889,-26.361313,-41.676937,-26.385345
5.350000,100.356697,-4.363135,36.411755,-26.203764,-39.923676,-26.208178
5.356250,102.102707,-4.371339,37.431065,-25.919956,-38.430454,-25.943192
5.362500,102.132080,-4.379746,37.563808,-25.543707,-37.699799,-25.629812
5.368750,100.104218,-4.388429,36.690121,-25.090124,-35.193947,-25.232222
5.375000,95.780388,-4.397258,34.927074,-24.570623,-33.028423,-24.818472
5.381250,89.043114,-4.405265,32.162785,-24.026402,-30.846903,-24.433990
5.387500,79.893761,-4.411791,28.413944,-23.494671,-28.272211,-24.130465
5.393750,68.448112,-4.417210,21.928078,-23.003677,-25.024340,-23.904615
5.400000,54.938202,-4.421937,16.723179,-22.567802,-21.350157,-23.707912
5.406250,39.706261,-4.425452,11.157034,-22.191156,-16.771156,-23.618938
5.412500,23.181116,-4.427197,5.417373,-21.899765,-11.701103,-23.674494
5.418750,5.851221,-4.427466,-0.383935,-21.719675,-6.043919,-23.856720
5.425000,-11.756186,-4.426803,-5.894401,-21.649328,-0.058322,-24.152063
5.431250,-29.095247,-4.424987,-10.789943,-21.677042,5.954139,-24.535191
5.437500,-45.632587,-4.421940,-14.812652,-21.783932,11.775702,-24.952757
5.443750,-60.880592,-4.418418,-17.778425,-21.946749,17.172884,-25.363966
5.450000,-74.415741,-4.415306,-21.448782,-22.125830,21.905447,-25.738537
5.456250,-85.894333,-4.412577,-24.112600,-22.244629,25.980770,-26.057375
5.462500,-95.076149,-4.409909,-24.727812,-22.408516,29.422224,-26.283207
5.468750,-101.840080,-4.407665,-24.969370,-22.540344,32.224495,-26.386824
5.475000,-106.188675,-4.406491,-24.827900,-22.612152,34.457256,-26.356525
5.481250,-108.242134,-4.406507,-24.523865,-22.611473,36.296391,-26.189095
5.487500,-108.232803,-4.407781,-24.290087,-22.537529,37.970432,-25.901098
5.493750,-106.501381,-4.410664,-24.340469,-22.395439,39.733509,-25.505774
5.500000,-103.472939,-4.415242,-24.820839,-22.186289,40.172226,-24.988173
5.506250,-99.632271,-4.420494,-25.864687,-21.921812,40.962711,-24.406738
5.512500,-95.508003,-4.425559,-25.455173,-21.624254,41.697250,-23.811647
5.518750,-89.482498,-4.430762,-26.925354,-21.319191,42.136230,-23.247259
5.525000,-83.455780,-4.436865,-28.140879,-21.027262,42.078480,-22.754934
5.531250,-77.424324,-4.443485,-29.099483,-20.761890,41.349251,-22.376860
5.537500,-71.381264,-4.449408,-29.808289,-20.530220,39.684925,-22.057240
5.543750,-65.326340,-4.454134,-30.296141,-20.327930,38.454548,-21.809521
5.550000,-59.266819,-4.458093,-30.671576,-20.174334,35.482079,-21.723301
5.556250,-53.205132,-4.461395,-31.191095,-20.091862,31.605589,-21.771202
5.562500,-47.140175,-4.463752,-31.843052,-20.076468,27.036697,-21.931789
5.568750,-41.072353,-4.464956,-32.697281,-20.128361,21.962692,-22.168001
5.575000,-35.004185,-4.465211,-31.699799,-20.249336,16.674187,-22.487818
5.581250,-28.938152,-4.464507,-30.297670,-20.436850,12.149124,-22.887461
5.587500,-22.874554,-4.462821,-29.937380,-20.681089,6.628754,-23.314135
5.593750,-16.816164,-4.460561,-28.599195,-20.970385,1.944741,-23.755474
5.600000,-10.766368,-4.458430,-26.515591,-21.295622,-1.988699,-24.194767
5.606250,-4.724043,-4.456481,-23.938587,-21.643974,-5.204341,-24.609653
5.612500,1.313577,-4.454575,-21.129587,-22.005678,-7.779193,-24.986042
5.618750,7.345912,-4.452970,-18.372644,-22.375164,-9.890846,-25.331436
5.625000,13.373171,-4.451953,-15.885580,-22.734516,-11.578734,-25.610918
5.631250,19.396780,-4.451175,-11.674196,-23.066715,-12.911945,-25.821482
5.637500,25.417910,-4.450408,-9.222036,-23.363731,-14.144900,-25.971209
5.643750,31.434011,-4.450512,-6.592327,-23.620695,-15.422477,-26.068417
5.650000,37.442284,-4.452256,-3.999398,-23.834578,-16.867043,-26.126673
5.656250,43.448833,-4.454955,-1.618511,-23.998629,-18.596413,-26.164026
5.662500,49.461258,-4.457445,0.403555,-24.105011,-20.751867,-26.183937
5.668750,55.476307,-4.459782,1.914570,-24.146196,-23.822760,-26.121893
5.675000,61.487270,-4.463195,2.780065,-24.113314,-27.831915,-26.010859
5.681250,67.493362,-4.468076,2.849106,-24.012547,-31.017990,-25.911543
5.687500,73.501503,-4.473535,1.974947,-23.854017,-34.941887,-25.815868
5.693750,79.517044,-4.478859,0.142343,-23.640617,-39.310711,-25.714869
5.700000,85.537086,-4.484159,-0.462995,-23.378948,-43.954372,-25.601776
5.706250,91.556847,-4.489999,-1.192041,-23.083361,-48.720589,-25.465088
5.712500,95.682419,-4.496512,-1.511988,-22.775906,-53.413738,-25.275776
5.718750,99.536652,-4.503706,-2.850449,-22.495794,-57.686481,-25.081053
5.725000,102.589417,-4.511440,-1.461812,-22.201525,-62.985035,-24.891226
5.731250,104.352737,-4.518978,0.523788,-21.923981,-67.939522,-24.695435
5.737500,104.401360,-4.525483,3.611889,-21.700115,-72.806213,-24.511108
5.743750,102.390968,-4.530945,7.834862,-21.545490,-77.758202,-24.354078
5.750000,98.079147,-4.536068,13.082653,-21.463078,-83.016724,-24.200705
5.756250,91.341736,-4.540986,19.145088,-21.444710,-88.747734,-24.046661
5.762500,82.184029,-4.544975,23.821596,-21.480558,-93.178009,-23.935656
5.768750,70.726837,-4.547731,30.495832,-21.565762,-96.136642,-23.886370
5.775000,57.202007,-4.549905,36.857296,-21.690098,-98.546387,-23.886915
5.781250,41.946384,-4.552052,42.541981,-21.835590,-99.650642,-23.926636
5.787500,25.389383,-4.553905,47.190174,-21.982548,-98.849533,-23.995768
5.793750,8.025797,-4.555201,50.468327,-22.110210,-95.668236,-24.084368
5.800000,-9.613961,-4.556274,52.084156,-22.200359,-89.777031,-24.185350
5.806250,-26.987318,-4.557792,51.795929,-22.243055,-82.807503,-24.265383
5.812500,-43.560505,-4.559882,49.452690,-22.231041,-73.189293,-24.332993
5.818750,-58.837826,-4.562386,47.199112,-22.160427,-61.622425,-24.384390
5.825000,-72.390869,-4.565119,43.747688,-22.029865,-48.788937,-24.408337
5.831250,-83.879158,-4.568317,37.875271,-21.842178,-35.420258,-24.387697
5.837500,-93.066925,-4.572353,31.877260,-21.607611,-22.264082,-24.297829
5.843750,-99.831932,-4.577629,25.883427,-21.339943,-9.994651,-24.127558
5.850000,-104.169426,-4.583781,20.037882,-21.058056,1.185040,-23.940643
5.856250,-106.194489,-4.589523,14.464738,-20.791328,10.699846,-23.721209
5.862500,-106.142342,-4.593638,9.322773,-20.549374,18.227806,-23.457808
5.868750,-104.359375,-4.596706,4.860569,-20.335209,23.633034,-23.171673
5.875000,-101.283272,-4.599934,1.078053,-20.177401,26.877279,-22.895864
5.881250,-97.406578,-4.603832,-1.985465,-20.093641,28.142662,-22.661278
5.887500,-93.253410,-4.607363,-4.198796,-20.086893,27.752163,-22.501482
5.893750,-87.199127,-4.609632,-7.347374,-20.146729,26.017792,-22.406813
5.900000,-81.142380,-4.610993,-7.520593,-20.234468,23.021946,-22.349989
5.906250,-75.089462,-4.612133,-8.483595,-20.396681,19.402672,-22.364708
5.912500,-69.040146,-4.613004,-8.469101,-20.620127,15.509307,-22.459427
5.918750,-62.992737,-4.613569,-8.162029,-20.880913,11.690991,-22.611721
5.925000,-56.947800,-4.614060,-7.912848,-21.173019,8.285081,-22.796778
5.931250,-50.905544,-4.614373,-7.983596,-21.497423,5.725484,-23.022099
5.937500,-44.864105,-4.614212,-8.509404,-21.837461,4.417136,-23.264381
5.943750,-38.826374,-4.613999,-7.350044,-22.174301,2.367066,-23.496897
5.950000,-32.795162,-4.614618,-7.962988,-22.513079,1.152349,-23.705502
5.956250,-26.768902,-4.616065,-8.309161,-22.854120,0.506526,-23.882185
5.962500,-20.739941,-4.617269,-8.454231,-23.191353,0.184950,-24.020971
5.968750,-14.706732,-4.617756,-8.435128,-23.512188,-0.033433,-24.115368
5.975000,-8.676098,-4.618305,-8.308071,-23.803007,-0.366686,-24.162134
5.981250,-2.651562,-4.619513,-8.140976,-24.049349,-1.059331,-24.204388
5.987500,3.371382,-4.620703,-8.010037,-24.238653,-0.056697,-24.153906
5.993750,9.394929,-4.621636,-8.008941,-24.362850,-0.795500,-24.077324
6.000000,15.414464,-4.623375,-8.213016,-24.414845,-1.464432,-23.990498
6.006250,21.426777,-4.626753,-8.688429,-24.393559,-2.178439,-23.904615
6.012500,27.439354,-4.630839,-9.214271,-24.299887,-3.071330,-23.827223
6.018750,33.460350,-4.634455,-9.546495,-24.136299,-4.268501,-23.764816
6.025000,39.486401,-4.637782,-9.734060,-23.908913,-5.914010,-23.725685
6.031250,45.509792,-4.641908,-9.833823,-23.621544,-8.182920,-23.712320
6.037500,51.531181,-4.646867,-9.904200,-23.275135,-9.471498,-23.706121
6.043750,57.557720,-4.651905,-10.079408,-22.895077,-11.810085,-23.724163
6.050000,63.590477,-4.656630,-10.583045,-22.513975,-14.741826,-23.779713
6.056250,69.626564,-4.661441,-11.424981,-22.144342,-17.888908,-23.873169
6.062500,75.664482,-4.666256,-12.649731,-21.806231,-21.014442,-23.998371
6.068750,81.706650,-4.670569,-14.341273,-21.524071,-23.910490,-24.132553
6.075000,87.752647,-4.674457,-14.362032,-21.315699,-26.248747,-24.273661
6.081250,93.800079,-4.678078,-15.902610,-21.182840,-27.368837,-24.440979
6.087500,97.954803,-4.680979,-16.794518,-21.133558,-27.356258,-24.618919
6.093750,101.839386,-4.682732,-17.114019,-21.175608,-26.049778,-24.802101
6.100000,104.917023,-4.683764,-16.888813,-21.302748,-23.181833,-24.988400
6.106250,106.690071,-4.685022,-16.128410,-21.494301,-18.541063,-25.183126
6.112500,106.731514,-4.686846,-14.880490,-21.717194,-12.074883,-25.379063
6.118750,104.706345,-4.688595,-13.306308,-21.955854,-4.157400,-25.527060
6.125000,100.380127,-4.689974,-11.711243,-22.204556,5.198622,-25.656096
6.131250,93.627235,-4.691289,-8.028326,-22.434359,15.790236,-25.772886
6.137500,84.447662,-4.692914,-3.773816,-22.622860,27.157188,-25.874750
6.143750,72.962677,-4.694745,-0.562754,-22.753822,38.731930,-25.954161
6.150000,59.411133,-4.696808,3.440581,-22.820038,49.916584,-26.000298
6.156250,44.133568,-4.699233,7.855564,-22.822083,60.113773,-25.992743
6.162500,27.558323,-4.701793,12.302227,-22.763288,68.794212,-25.855186
6.168750,10.178846,-4.704310,16.424301,-22.646769,75.112175,-25.720207
6.175000,-7.473358,-4.707070,19.896122,-22.477448,80.745247,-25.530485
6.181250,-24.853794,-4.710400,22.370255,-22.274853,84.245926,-25.287663
6.187500,-41.426678,-4.713939,23.557619,-22.061207,85.845657,-25.004814
6.193750,-56.696609,-4.716998,25.472738,-21.852652,85.930260,-24.695391
6.200000,-70.237701,-4.719627,24.799480,-21.664274,84.993317,-24.373863
6.206250,-81.714111,-4.722365,23.655430,-21.510397,83.598335,-24.056639
6.212500,-90.888626,-4.725209,22.030069,-21.400457,82.409943,-23.780548
6.218750,-97.637535,-4.727903,19.933981,-21.343475,80.153488,-23.515186
6.225000,-101.960800,-4.730506,17.394157,-21.343668,77.608360,-23.290602
6.231250,-103.981628,-4.733220,14.499354,-21.390743,75.973007,-23.141695
6.237500,-103.936775,-4.735998,11.289894,-21.489277,74.990845,-23.090130
6.243750,-102.163971,-4.738286,7.782662,-21.637264,74.472221,-23.163979
6.250000,-99.091080,-4.740047,4.084846,-21.823572,74.275864,-23.322617
6.256250,-95.212982,-4.741510,0.291682,-22.036676,74.771233,-23.542187
6.262500,-91.063904,-4.742739,-3.283439,-22.274178,75.054237,-23.861349
6.268750,-85.021179,-4.743546,-6.306368,-22.524260,75.116699,-24.269728
6.275000,-78.981445,-4.744261,-8.709220,-22.771898,74.951767,-24.742453
6.281250,-72.945686,-4.745162,-10.490693,-23.005354,74.514015,-25.245909
6.287500,-66.912201,-4.746042,-11.688509,-23.217157,73.777023,-25.734556
6.293750,-60.879765,-4.746556,-12.363132,-23.402180,72.818893,-26.171743
6.300000,-54.851288,-4.747356,-12.572418,-23.553137,72.142029,-26.569542
6.306250,-48.830048,-4.749370,-12.368054,-23.658327,69.907425,-26.878656
6.312500,-42.811447,-4.752242,-11.864789,-23.717321,67.801590,-27.077497
6.318750,-36.789375,-4.754742,-13.103833,-23.734015,65.547104,-27.155024
6.325000,-30.764046,-4.756813,-12.405325,-23.709488,62.970566,-27.104202
6.331250,-24.743876,-4.759745,-11.748721,-23.642010,59.937328,-26.923037
6.337500,-18.730755,-4.764336,-11.221059,-23.525974,56.336376,-26.613997
6.343750,-12.718219,-4.770070,-10.926132,-23.356348,52.056023,-26.190516
6.350000,-6.699602,-4.776042,-11.028192,-23.143871,46.926311,-25.699549
6.356250,-0.673912,-4.781989,-11.728884,-22.912153,40.799660,-25.237980
6.362500,5.356768,-4.787851,-13.080620,-22.666668,33.484753,-24.701988
6.368750,11.390933,-4.793406,-15.043742,-22.404451,26.322472,-24.185099
6.375000,17.428202,-4.798794,-17.681683,-22.142929,18.164389,-23.746071
6.381250,23.466393,-4.804291,-18.905153,-21.905340,9.301467,-23.424498
6.387500,29.506224,-4.809809,-21.930878,-21.709499,0.011224,-23.247028
6.393750,35.550331,-4.814830,-24.541656,-21.569071,-9.540005,-23.156887
6.400000,41.600075,-4.819034,-26.713995,-21.495951,-19.444492,-23.212961
6.406250,47.651676,-4.822568,-28.466461,-21.509975,-27.721811,-23.435133
6.412500,53.703651,-4.825532,-29.877655,-21.626453,-35.180103,-23.796570
6.418750,59.756523,-4.827711,-30.659950,-21.796942,-41.380676,-24.262993
6.425000,65.808983,-4.829347,-31.107887,-22.046028,-45.968704,-24.762400
6.431250,71.858353,-4.830882,-31.373192,-22.376144,-48.749249,-25.288353
6.437500,77.905449,-4.832178,-31.482601,-22.775404,-50.379700,-25.848980
6.443750,83.953705,-4.832483,-31.205095,-23.227314,-50.333427,-26.386957
6.450000,90.001610,-4.831948,-30.362143,-23.711180,-48.770977,-26.866983
6.456250,94.148277,-4.831581,-29.053276,-24.199102,-45.938385,-27.259441
6.462500,98.012833,-4.832151,-27.410933,-24.662655,-42.141636,-27.541094
6.468750,101.067825,-4.833079,-25.612888,-25.071791,-37.751408,-27.694874
6.475000,102.826530,-4.833743,-23.850094,-25.398472,-33.195213,-27.720881
6.481250,102.861450,-4.834248,-22.358356,-25.627510,-28.972336,-27.665310
6.487500,100.827103,-4.834927,-21.399511,-25.758272,-23.208582,-27.463425
6.493750,96.486404,-4.836050,-21.147955,-25.786369,-19.289530,-27.159935
6.500000,89.718224,-4.837922,-19.553810,-25.715040,-15.759231,-26.797268
6.506250,80.523415,-4.840846,-18.088587,-25.558210,-12.873694,-26.410118
6.512500,69.027130,-4.844391,-18.220062,-25.339911,-10.816484,-26.029837
6.518750,55.470486,-4.847798,-17.889454,-25.086590,-9.690789,-25.678711
6.525000,40.194195,-4.850809,-17.151434,-24.815193,-9.505017,-25.363447
6.531250,23.620878,-4.854165,-16.067617,-24.540016,-10.230983,-25.081636
6.537500,6.240829,-4.858154,-14.772760,-24.278137,-11.799529,-24.771576
6.543750,-11.409094,-4.861943,-13.426826,-24.051432,-13.848776,-24.574677
6.550000,-28.778479,-4.864761,-12.211194,-23.885307,-17.645041,-24.446604
6.556250,-45.339520,-4.867017,-11.203677,-23.786266,-21.938709,-24.365810
6.562500,-60.606186,-4.869435,-10.427176,-23.750130,-26.684256,-24.318108
6.568750,-74.149498,-4.871857,-7.764944,-23.767651,-31.760466,-24.293270
6.575000,-85.625145,-4.873651,-6.538605,-23.828213,-36.916096,-24.332150
6.581250,-94.798172,-4.874928,-4.680328,-23.912392,-40.659706,-24.338442
6.587500,-101.550301,-4.876322,-2.309387,-23.982723,-43.889187,-24.356495
6.593750,-105.882477,-4.878093,0.385292,-24.023249,-46.063923,-24.389118
6.600000,-107.913277,-4.879890,2.760214,-24.079332,-46.698242,-24.434217
6.606250,-107.878967,-4.881669,4.808382,-24.124088,-47.282261,-24.496275
6.612500,-106.120941,-4.883544,6.407914,-24.141062,-45.849194,-24.564754
6.618750,-103.066498,-4.885382,7.351861,-24.125635,-42.651127,-24.631975
6.625000,-99.207718,-4.887467,9.582758,-24.083376,-38.124771,-24.700153
6.631250,-95.079582,-4.890213,9.696181,-24.020325,-32.733185,-24.768784
6.637500,-89.060005,-4.893957,9.753618,-23.941998,-26.940147,-24.835238
6.643750,-83.039154,-4.898180,9.655128,-23.852654,-21.222124,-24.894890
6.650000,-77.012589,-4.902152,9.324002,-23.753410,-16.037584,-24.937729
6.656250,-70.981705,-4.905879,8.690673,-23.646055,-11.820194,-24.948442
6.662500,-64.951950,-4.909790,7.687657,-23.531963,-8.972610,-24.891865
6.668750,-58.922634,-4.913923,6.274216,-23.410873,-8.006528,-24.840189
6.675000,-52.890732,-4.917826,4.434287,-23.281179,-7.073359,-24.738459
6.681250,-46.857849,-4.921718,2.190522,-23.132814,-7.564528,-24.594646
6.687500,-40.826717,-4.926183,-0.463761,-22.965401,-9.207005,-24.417578
6.693750,-34.796326,-4.931312,-1.387886,-22.778652,-11.575906,-24.212744
6.700000,-28.761585,-4.936307,-3.808865,-22.569729,-14.228388,-23.987467
6.706250,-22.719614,-4.940640,-5.629841,-22.349480,-16.785809,-23.762333
6.712500,-16.673809,-4.944400,-6.984196,-22.133081,-18.879993,-23.552256
6.718750,-10.627899,-4.947864,-7.964085,-21.931196,-20.123863,-23.368820
6.725000,-4.582895,-4.951385,-8.722964,-21.770288,-20.230583,-23.228418
6.731250,1.461708,-4.955118,-9.467447,-21.731304,-19.015541,-23.146698
6.737500,7.507957,-4.958822,-9.780766,-21.657942,-16.355146,-23.128777
6.743750,13.558838,-4.961936,-10.260178,-21.657270,-12.200846,-23.166815
6.750000,19.613964,-4.964013,-13.030138,-21.753080,-6.616719,-23.235847
6.756250,25.670427,-4.965488,-14.284475,-21.950462,0.256420,-23.302437
6.762500,31.724068,-4.966850,-15.906827,-22.244656,7.043344,-23.469566
6.768750,37.774956,-4.968067,-17.871262,-22.625116,14.351985,-23.674059
6.775000,43.826332,-4.968765,-20.166235,-23.077856,21.646557,-23.889612
6.781250,49.878002,-4.968963,-22.753181,-23.583899,28.436886,-24.094099
6.787500,55.927345,-4.968762,-25.559206,-24.112164,36.420120,-24.266350
6.793750,61.973900,-4.968189,-28.507853,-24.633583,43.775776,-24.399183
6.800000,68.016212,-4.967577,-31.618790,-25.133034,48.691284,-24.487526
6.806250,74.052292,-4.967446,-34.885254,-25.597813,52.962021,-24.526302
6.812500,80.082672,-4.968292,-37.957115,-26.012243,56.244987,-24.513580
6.818750,86.112160,-4.969567,-40.485634,-26.362299,58.245636,-24.450769
6.825000,92.144745,-4.970378,-42.425014,-26.636583,58.735783,-24.342070
6.831250,96.283417,-4.971035,-43.757996,-26.827374,57.568832,-24.194677
6.837500,100.144310,-4.972292,-44.501198,-26.930882,54.684368,-24.017054
6.843750,103.195274,-4.974355,-44.694218,-26.947235,50.124382,-23.813015
6.850000,104.948761,-4.976779,-44.398384,-26.880905,44.026470,-23.579590
6.856250,104.978577,-4.979505,-43.697624,-26.735992,36.428226,-23.360355
6.862500,102.943100,-4.982623,-42.685364,-26.526445,27.544222,-23.178209
6.868750,98.607552,-4.985687,-41.532188,-26.278021,17.741476,-23.066370
6.875000,91.852249,-4.987961,-42.236378,-26.011862,7.435538,-23.066719
6.881250,82.674225,-4.989748,-41.061714,-25.747162,-2.422262,-23.088026
6.887500,71.188286,-4.992118,-39.950241,-25.499493,-13.486394,-23.188488
6.893750,57.631447,-4.995262,-38.926479,-25.276787,-23.693645,-23.378059
6.900000,42.351093,-4.998398,-37.999195,-25.080494,-32.939919,-23.647255
6.906250,25.777857,-5.000819,-37.174637,-24.893724,-41.150505,-23.971807
6.912500,8.399340,-5.002842,-36.432953,-24.631325,-48.283016,-24.319653
6.918750,-9.257053,-5.005178,-36.490971,-24.465830,-54.370953,-24.663336
6.925000,-26.645178,-5.008056,-37.074898,-24.324724,-59.514019,-24.982203
6.931250,-43.229504,-5.011697,-35.974045,-24.207621,-63.803104,-25.252283
6.937500,-58.516338,-5.015999,-34.631039,-24.103849,-67.323250,-25.444363
6.943750,-72.075981,-5.020606,-34.302605,-23.980194,-70.208321,-25.536283
6.950000,-83.564209,-5.024822,-33.124523,-23.855820,-72.683380,-25.520296
6.956250,-92.746384,-5.028729,-31.353323,-23.736073,-74.985748,-25.394924
6.962500,-99.505089,-5.032849,-29.134794,-23.613932,-77.336906,-25.164829
6.968750,-103.841179,-5.037526,-26.679890,-23.490143,-79.981277,-24.850027
6.975000,-105.872200,-5.042226,-24.268612,-23.371069,-83.196159,-24.494183
6.981250,-105.832298,-5.046417,-22.113752,-23.254110,-85.084793,-24.127058
6.987500,-104.064674,-5.050486,-20.390867,-23.130486,-87.747337,-23.706076
6.993750,-100.998405,-5.054604,-17.122751,-22.993345,-88.635704,-23.301662
7.000000,-97.124176,-5.058205,-13.878992,-22.842451,-89.163437,-22.953344
7.006250,-92.972229,-5.060894,-12.243963,-22.680347,-88.775429,-22.685343
7.012500,-86.925209,-5.063052,-10.281725,-22.509758,-86.997505,-22.510927
7.018750,-80.882805,-5.065598,-8.238513,-22.332014,-83.455925,-22.431372
7.025000,-74.844147,-5.068676,-6.355163,-22.142904,-77.912285,-22.433619
7.031250,-68.804680,-5.071889,-4.889736,-21.938965,-70.357155,-22.531736
7.037500,-62.761948,-5.074817,-4.161524,-21.734671,-61.060337,-22.735306
7.043750,-56.716919,-5.077490,-4.525450,-21.562109,-50.140125,-23.015600
7.050000,-50.672188,-5.080133,-6.188452,-21.523130,-37.899406,-23.338343
7.056250,-44.628376,-5.083049,-6.975358,-21.420389,-24.769732,-23.644403
7.062500,-38.585167,-5.086351,-9.785236,-21.373819,-11.771686,-24.014042
7.068750,-32.540272,-5.089704,-13.195647,-21.419012,2.762938,-24.402069
7.075000,-26.490480,-5.092493,-17.129314,-21.572323,16.859489,-24.796354
7.081250,-20.436686,-5.094546,-21.486004,-21.842594,30.326578,-25.190329
7.087500,-14.383302,-5.096306,-26.147547,-22.230156,43.031975,-25.578138
7.093750,-8.331608,-5.098018,-30.956020,-22.724497,54.903252,-25.955187
7.100000,-2.279444,-5.099215,-35.735790,-23.303102,64.043747,-26.311474
7.106250,3.775234,-5.099529,-40.320786,-23.935654,72.155235,-26.626352
7.112500,9.828931,-5.099101,-44.580059,-24.582432,78.791481,-26.888618
7.118750,15.877679,-5.098464,-48.441277,-25.219885,83.495323,-27.101145
7.125000,21.921026,-5.097877,-49.885082,-25.854218,85.952652,-27.266996
7.131250,27.961061,-5.097259,-51.996334,-26.447651,86.041672,-27.382145
7.137500,33.998779,-5.096465,-52.553120,-26.972975,83.780693,-27.440235
7.143750,40.033859,-5.095515,-51.703060,-27.420221,79.309669,-27.432966
7.150000,46.065407,-5.094435,-49.703716,-27.821722,72.883881,-27.345606
7.156250,52.091541,-5.093719,-46.988781,-28.083380,64.892708,-27.146221
7.162500,58.111401,-5.094160,-42.664837,-28.226440,55.844433,-26.823477
7.168750,64.127632,-5.095561,-38.236538,-28.282391,46.911537,-26.455053
7.175000,70.146484,-5.096925,-33.840260,-28.270584,36.295624,-26.018866
7.181250,76.170792,-5.097643,-29.663589,-28.204618,26.059977,-25.522600
7.187500,82.194801,-5.098469,-25.607889,-28.094122,16.518372,-24.985781
7.193750,88.213257,-5.100279,-21.591923,-27.949310,7.988406,-24.437027
7.200000,94.229691,-5.102782,-17.818594,-27.780361,0.753640,-23.916569
7.206250,98.355316,-5.105226,-14.482307,-27.597004,-4.945646,-23.531429
7.212500,102.211945,-5.107446,-11.754705,-27.408268,-9.597083,-23.107916
7.218750,105.262650,-5.110102,-9.760520,-27.216745,-12.688428,-22.769957
7.225000,107.013664,-5.113435,-8.562170,-27.010588,-14.142335,-22.549141
7.231250,107.041878,-5.117043,-8.175132,-26.683384,-14.205156,-22.452236
7.237500,105.007828,-5.120697,-8.740660,-26.447353,-13.226584,-22.480352
7.243750,100.673958,-5.124515,-8.595675,-26.216558,-11.650494,-22.626112
7.250000,93.918808,-5.128109,-10.316379,-25.975784,-9.821835,-22.864931
7.256250,84.743484,-5.131049,-11.782001,-25.728786,-8.115688,-23.173841
7.262500,73.267067,-5.133544,-13.044841,-25.481907,-6.913419,-23.526850
7.268750,59.721951,-5.136190,-14.109095,-25.235882,-6.542257,-23.892172
7.275000,44.447456,-5.139640,-14.996324,-24.993595,-7.290761,-24.235014
7.281250,27.874664,-5.143449,-15.772912,-24.762627,-7.262564,-24.526899
7.287500,10.499922,-5.146877,-16.495523,-24.547575,-8.067163,-24.754892
7.293750,-7.143461,-5.149592,-17.210590,-24.351933,-9.376707,-24.909168
7.300000,-24.512712,-5.151644,-17.980009,-24.179247,-10.750396,-24.971577
7.306250,-41.076950,-5.153096,-18.833118,-24.021946,-11.730738,-24.924646
7.312500,-56.348660,-5.154557,-17.610235,-23.868555,-12.000957,-24.772429
7.318750,-69.901840,-5.156720,-17.663206,-23.717884,-11.298850,-24.528042
7.325000,-81.395088,-5.159905,-16.929798,-23.558411,-9.377553,-24.207821
7.331250,-90.585762,-5.163856,-15.470694,-23.332479,-6.047455,-23.834827
7.337500,-97.348503,-5.167990,-13.222727,-23.122677,-1.223109,-23.440115
7.343750,-101.682297,-5.171882,-11.701641,-22.917278,5.096094,-23.055492
7.350000,-103.709808,-5.175451,-10.087100,-22.699947,12.801567,-22.709690
7.356250,-103.670303,-5.178867,-8.784749,-22.474211,21.641733,-22.425293
7.362500,-101.906487,-5.182650,-8.117860,-22.248526,31.316877,-22.237484
7.368750,-98.846184,-5.186975,-6.153344,-22.024580,41.512089,-22.207714
7.375000,-94.977654,-5.191505,-4.449882,-21.812147,51.934792,-22.272675
7.381250,-90.830788,-5.195715,-4.613659,-21.628811,60.727463,-22.432476
7.387500,-84.783249,-5.199238,-4.681488,-21.487938,68.605110,-22.607687
7.393750,-78.733032,-5.202302,-4.833025,-21.397232,75.544067,-22.987495
7.400000,-72.683449,-5.205113,-5.229327,-21.359184,80.639099,-23.461483
7.406250,-66.634003,-5.207718,-6.044111,-21.374414,83.378708,-23.985325
7.412500,-60.584873,-5.210147,-7.455266,-21.439854,83.566315,-24.518484
7.418750,-54.534622,-5.212180,-9.658476,-21.557970,81.104355,-25.025051
7.425000,-48.483646,-5.213482,-12.910446,-21.742657,75.993484,-25.483866
7.431250,-42.433811,-5.214438,-15.392079,-21.968834,68.347649,-25.874212
7.437500,-36.389359,-5.215863,-18.806456,-22.234030,58.471508,-26.174965
7.443750,-30.350624,-5.218221,-22.664261,-22.552315,46.752148,-26.371214
7.450000,-24.312088,-5.221109,-26.697567,-22.929926,33.648907,-26.457491
7.456250,-18.268099,-5.223361,-30.753771,-23.369581,19.692753,-26.435112
7.462500,-12.218975,-5.224919,-34.704216,-23.867420,5.485296,-26.309505
7.468750,-6.170596,-5.226282,-38.442772,-24.418779,-8.332657,-26.085773
7.475000,-0.124575,-5.227724,-41.859764,-25.009768,-21.117723,-25.768120
7.481250,5.921576,-5.228766,-44.819283,-25.607246,-32.329124,-25.378237
7.487500,11.968420,-5.229404,-47.312599,-26.205889,-41.571404,-24.955305
7.493750,18.014820,-5.229733,-49.436962,-26.809771,-48.422218,-24.527342
7.500000,24.059654,-5.229726,-50.870472,-27.410288,-52.514004,-24.119631
7.506250,30.104216,-5.229047,-51.261452,-27.989147,-53.624992,-23.753948
7.512500,36.146336,-5.227746,-50.565922,-28.523251,-51.641811,-23.439440
7.518750,42.182579,-5.226663,-48.828140,-28.997009,-48.486313,-23.182940
7.525000,48.211575,-5.226070,-46.163250,-29.397114,-42.737797,-22.989550
7.531250,54.236942,-5.225543,-42.682434,-29.708330,-35.176960,-22.859854
7.537500,60.261108,-5.224842,-38.528446,-29.914551,-26.563482,-22.795105
7.543750,66.280373,-5.224590,-33.884724,-30.001410,-17.688118,-22.772835
7.550000,72.292542,-5.225470,-29.012064,-29.971882,-9.378574,-22.729868
7.556250,78.300972,-5.227273,-24.207495,-29.833185,-2.525713,-22.724794
7.562500,84.310867,-5.229558,-17.505501,-29.588243,3.825264,-22.742565
7.568750,90.321373,-5.232421,-12.388815,-29.249365,8.223385,-22.748934
7.575000,94.437157,-5.236011,-6.949669,-28.828869,10.737923,-22.721821
7.581250,98.282196,-5.239993,-1.442790,-28.337164,11.416435,-22.666084
7.587500,101.326469,-5.243762,3.831591,-27.797743,10.405075,-22.594326
7.593750,103.077293,-5.247251,8.587749,-27.233072,8.023968,-22.519569
7.600000,103.103287,-5.250810,12.653458,-26.657026,4.701987,-22.459017
7.606250,101.063156,-5.254471,15.977468,-26.073057,0.936390,-22.432013
7.612500,96.721924,-5.258212,18.728703,-25.523182,-2.659756,-22.424355
7.618750,89.957695,-5.262082,21.247499,-25.025787,-7.340813,-22.437191
7.625000,80.769745,-5.266108,21.733858,-24.575813,-11.125755,-22.487125
7.631250,69.281776,-5.269909,22.074055,-24.175524,-14.098443,-22.578587
7.637500,55.731945,-5.273036,22.070974,-23.826431,-16.333311,-22.707354
7.643750,40.457855,-5.275565,21.604158,-23.525663,-17.954679,-22.863234
7.650000,23.882181,-5.278542,20.593742,-23.263340,-19.161707,-23.040195
7.656250,6.495423,-5.282418,18.951706,-23.029617,-20.239124,-23.239956
7.662500,-11.164894,-5.286940,16.563162,-22.830288,-21.478067,-23.466232
7.668750,-28.547947,-5.291349,13.368789,-22.658043,-23.196575,-23.742945
7.675000,-45.120792,-5.295734,9.397875,-22.500275,-23.983215,-24.007133
7.681250,-60.395088,-5.300262,6.855995,-22.338072,-26.288517,-24.256510
7.687500,-73.942589,-5.304891,4.393444,-22.163219,-29.587454,-24.517290
7.693750,-85.420547,-5.309230,0.566850,-21.981853,-33.946426,-24.805464
7.700000,-94.592705,-5.312982,-2.568799,-21.801960,-37.338421,-25.129646
7.706250,-101.340134,-5.316521,-5.099108,-21.629929,-41.216228,-25.486069
7.712500,-105.665138,-5.320232,-7.147372,-21.474434,-45.162025,-25.868565
7.718750,-107.688499,-5.324163,-8.868557,-21.346842,-48.830353,-26.270279
7.725000,-107.643967,-5.327809,-10.440146,-21.262224,-51.931976,-26.681635
7.731250,-105.870972,-5.330845,-12.041947,-21.242151,-54.239105,-27.090115
7.737500,-102.799583,-5.333370,-13.783181,-21.284313,-55.578491,-27.474394
7.743750,-98.924225,-5.335587,-15.651275,-21.369886,-55.845425,-27.808784
7.750000,-94.778572,-5.337989,-15.711884,-21.510799,-55.052834,-28.078438
7.756250,-88.740646,-5.340602,-17.418856,-21.714123,-53.348354,-28.280537
7.762500,-82.703384,-5.343290,-18.759998,-21.986408,-50.818752,-28.400362
7.768750,-76.664726,-5.345798,-19.869432,-22.318911,-47.556381,-28.421965
7.775000,-70.624550,-5.347751,-20.863861,-22.694517,-43.725670,-28.330759
7.781250,-64.584000,-5.349397,-21.938566,-23.095631,-39.539478,-28.112446
7.787500,-58.546753,-5.351522,-23.358505,-23.502077,-35.252277,-27.752684
7.793750,-52.513905,-5.354469,-25.453197,-23.890512,-31.232559,-27.280941
7.800000,-46.479771,-5.357702,-28.576454,-24.244482,-25.745060,-26.721889
7.806250,-40.439575,-5.360232,-30.841433,-24.558889,-20.282753,-26.087044
7.812500,-34.394932,-5.361858,-33.870373,-24.832108,-14.570357,-25.401470
7.818750,-28.352341,-5.363557,-37.406212,-25.062916,-8.391364,-24.699463
7.825000,-22.315702,-5.366210,-41.209984,-25.252115,-1.528354,-24.020130
7.831250,-16.280884,-5.369390,-45.070259,-25.404301,4.359118,-23.390028
7.837500,-10.241201,-5.372305,-48.761398,-25.520884,11.212064,-22.810001
7.843750,-4.196252,-5.374768,-52.056152,-25.598497,18.633202,-22.298559
7.850000,1.848986,-5.377243,-54.793167,-25.644579,26.243528,-21.838980
7.856250,7.894030,-5.379766,-56.865078,-25.666615,31.794394,-21.496782
7.862500,13.942658,-5.381816,-58.194420,-25.678755,37.051914,-21.281614
7.868750,19.994829,-5.383070,-58.748398,-25.695423,41.135578,-21.171543
7.875000,26.048315,-5.383734,-58.219093,-25.724764,43.765217,-21.153114
7.881250,32.100788,-5.383855,-56.312851,-25.766609,44.872078,-21.205299
7.887500,38.152843,-5.383046,-53.084011,-25.814589,44.515797,-21.313576
7.893750,44.204239,-5.381252,-48.683640,-25.865799,42.811699,-21.469034
7.900000,50.249981,-5.379248,-43.345276,-25.917881,40.015858,-21.658300
7.906250,56.285919,-5.377892,-37.311974,-25.961435,36.511169,-21.865719
7.912500,62.315136,-5.377081,-30.840004,-25.977480,32.736553,-22.074505
7.918750,68.342514,-5.377081,-24.266018,-25.977480,29.164469,-22.074505
7.925000,68.342514,-5.377081,-24.266018,-25.977480,29.164469,-22.074505
7.931250,68.342514,-5.377081,-24.266018,-25.977480,29.164469,-22.074505
7.937500,68.342514,-5.377081,-24.266018,-25.977480,29.164469,-22.074505
7.943750,68.342514,-5.377081,-24.266018,-25.977480,29.164469,-22.074505
7.950000,68.342514,-5.377081,-24.266018,-25.977480,29.164469,-22.074505
7.956250,68.342514,-5.377081,-24.266018,-25.977480,29.164469,-22.074505
7.962500,68.342514,-5.377081,-24.266018,-25.977480,29.164469,-22.074505
7.968750,68.342514,-5.377081,-24.266018,-25.977480,29.164469,-22.074505
7.975000,68.342514,-5.377081,-24.266018,-25.977480,29.164469,-22.074505
7.981250,68.342514,-5.377081,-24.266018,-25.977480,29.164469,-22.074505
7.987500,68.342514,-5.377081,-24.266018,-25.977480,29.164469,-22.074505
7.993750,68.342514,-5.377081,-24.266018,-25.977480,29.164469,-22.074505
8.000000,68.342514,-5.377081,-24.266018,-25.977480,29.164469,-22.074505
