Anritsu VNA Frequency[GHz],S21[deg],S21[dB],S11[deg],S11[dB],S22[deg],S22[dB]
1338091315.16,2012_05_27_05:01:55,+40.564,+10.266,+54.931,+10.276,+13.910,+13.721,+14.016,+13.767,10.365537,-16.280
3.006250,33.235947,-1.744374,58.453236,-26.683706,-81.079720,-27.440023
3.012500,33.235947,-1.744374,58.453236,-26.683706,-81.079720,-27.440023
3.018750,33.235947,-1.744374,58.453236,-26.683706,-81.079720,-27.440023
3.025000,33.235947,-1.744374,58.453236,-26.683706,-81.079720,-27.440023
3.031250,33.235947,-1.744374,58.453236,-26.683706,-81.079720,-27.440023
3.037500,33.235947,-1.744374,58.453236,-26.683706,-81.079720,-27.440023
3.043750,33.235947,-1.744374,58.453236,-26.683706,-81.079720,-27.440023
3.050000,33.235947,-1.744374,58.453236,-26.683706,-81.079720,-27.440023
3.056250,33.235947,-1.744374,58.453236,-26.683706,-81.079720,-27.440023
3.062500,33.235947,-1.744374,58.453236,-26.683706,-81.079720,-27.440023
3.068750,33.235947,-1.744374,58.453236,-26.683706,-81.079720,-27.440023
3.075000,33.235947,-1.744374,58.453236,-26.683706,-81.079720,-27.440023
3.081250,33.235947,-1.744374,58.453236,-26.683706,-81.079720,-27.440023
3.087500,33.235947,-1.744374,58.453236,-26.683706,-81.079720,-27.440023
3.093750,33.235947,-1.746267,58.453236,-26.485838,-81.079720,-27.187508
3.100000,39.140579,-1.748492,55.793968,-26.339724,-83.040558,-26.952585
3.106250,45.045235,-1.750737,52.256435,-26.266096,-83.392220,-26.737209
3.112500,50.950542,-1.753014,48.194687,-26.285349,-81.785110,-26.513056
3.118750,56.854782,-1.755441,42.210011,-26.334677,-80.057938,-26.209089
3.125000,62.758247,-1.757986,37.424843,-26.384777,-75.975243,-25.946447
3.131250,68.661278,-1.760620,33.055916,-26.461390,-69.805176,-25.656258
3.137500,74.563324,-1.763573,29.360649,-26.565725,-61.918530,-25.329767
3.143750,80.464188,-1.767020,26.541082,-26.688442,-52.499458,-24.975574
3.150000,86.365486,-1.770747,24.778223,-26.814474,-41.701698,-24.605999
3.156250,92.270348,-1.774186,24.192005,-26.929743,-29.696611,-24.239523
3.162500,96.282791,-1.777352,24.847120,-27.020666,-16.684004,-23.899746
3.168750,100.022430,-1.780635,26.766428,-27.079927,-2.871488,-23.637049
3.175000,102.955238,-1.784156,29.992668,-27.086601,9.683524,-23.392420
3.181250,104.590912,-1.787785,32.770359,-27.027920,23.011227,-23.171488
3.187500,104.504501,-1.791243,36.558025,-26.921236,35.789169,-23.005470
3.193750,102.354698,-1.794429,40.652992,-26.778591,47.527050,-22.910646
3.200000,97.903755,-1.797315,44.487232,-26.608377,57.814541,-22.888926
3.206250,91.029686,-1.799844,47.578892,-26.421770,66.260048,-22.941164
3.212500,81.730843,-1.802226,49.510811,-26.233116,72.550552,-23.074680
3.218750,70.127548,-1.804762,49.969257,-26.052732,76.457901,-23.272573
3.225000,56.458191,-1.807210,50.955627,-25.875032,77.612457,-23.479151
3.231250,41.065689,-1.809137,51.006187,-25.699778,76.187576,-23.703093
3.237500,24.375629,-1.810745,48.628609,-25.527220,74.183357,-23.935907
3.243750,6.875704,-1.812676,45.937626,-25.333006,70.015160,-24.155163
3.250000,-10.901072,-1.815178,42.797836,-25.158554,64.286499,-24.341669
3.256250,-28.404175,-1.817803,38.853374,-25.017521,57.552296,-24.494184
3.262500,-45.098869,-1.820058,34.348709,-24.891403,50.443874,-24.601995
3.268750,-60.494450,-1.822004,29.221905,-24.777143,43.657513,-24.656349
3.275000,-74.166718,-1.824079,23.352905,-24.673210,37.778313,-24.657047
3.281250,-85.775932,-1.826568,16.630602,-24.570938,33.311832,-24.612154
3.287500,-95.083092,-1.829382,8.962808,-24.457102,30.640631,-24.535673
3.293750,-101.964363,-1.832285,0.315570,-24.292072,30.020950,-24.427553
3.300000,-106.419022,-1.835109,-7.134819,-24.124039,31.624010,-24.288872
3.306250,-108.568794,-1.837688,-15.810474,-23.988962,35.423302,-24.146984
3.312500,-108.651260,-1.840024,-24.486120,-23.867428,41.232658,-24.033937
3.318750,-107.007744,-1.842234,-32.871586,-23.767822,48.793186,-23.969986
3.325000,-104.066010,-1.844237,-40.705875,-23.706518,57.765404,-23.965477
3.331250,-100.317291,-1.845925,-47.728027,-23.709515,67.714699,-24.023232
3.337500,-96.294846,-1.847219,-53.758785,-23.838854,78.126511,-24.141695
3.343750,-90.377525,-1.848155,-58.800571,-24.001469,88.459328,-24.306635
3.350000,-84.461105,-1.848736,-63.239258,-24.222723,98.209854,-24.460312
3.356250,-78.545303,-1.848991,-66.678375,-24.547091,107.095459,-24.659166
3.362500,-72.631310,-1.849064,-67.403755,-24.996134,114.166405,-24.908548
3.368750,-66.719589,-1.848891,-67.055214,-25.551243,119.508423,-25.198057
3.375000,-60.808327,-1.848117,-65.511536,-26.185524,122.663460,-25.574594
3.381250,-54.899204,-1.846970,-62.788593,-26.865423,123.387787,-25.908291
3.387500,-48.996288,-1.846204,-58.980160,-27.552092,122.170425,-26.229815
3.393750,-43.099957,-1.846181,-54.246677,-28.200756,118.368393,-26.531427
3.400000,-37.205929,-1.846565,-48.807323,-28.769239,112.421104,-26.805412
3.406250,-31.310516,-1.846708,-43.000175,-29.236460,105.205597,-27.083200
3.412500,-25.415756,-1.846988,-37.150486,-29.577240,97.268394,-27.330372
3.418750,-19.525820,-1.848190,-29.320412,-29.770134,87.149315,-27.526094
3.425000,-13.638877,-1.850311,-23.054140,-29.811373,77.047668,-27.663998
3.431250,-7.749154,-1.852546,-16.497412,-29.716009,67.331741,-27.750357
3.437500,-1.855392,-1.854708,-9.902835,-29.468092,58.410332,-27.788774
3.443750,4.037940,-1.857521,-3.298791,-29.066635,50.958157,-27.727308
3.450000,9.929867,-1.861294,2.798214,-28.556158,43.258999,-27.595331
3.456250,15.825882,-1.865238,8.225934,-27.975817,37.133995,-27.406199
3.462500,21.730318,-1.868518,12.979467,-27.368895,32.355984,-27.161837
3.468750,27.639874,-1.871203,17.145470,-26.781948,28.698448,-26.858961
3.475000,33.549900,-1.873667,20.830332,-26.279564,25.917868,-26.513855
3.481250,39.459324,-1.876052,24.290924,-25.815233,23.723307,-26.142202
3.487500,45.368328,-1.878461,26.261791,-25.418066,21.878368,-25.737612
3.493750,51.276241,-1.881252,28.129131,-25.123835,20.075113,-25.306919
3.500000,57.183258,-1.884497,29.714880,-24.937288,17.992115,-24.862526
3.506250,63.093513,-1.887523,30.917971,-24.844667,15.399820,-24.414968
3.512500,69.008156,-1.889672,31.643364,-24.811790,12.117190,-23.973740
3.518750,74.923065,-1.891655,31.865139,-24.751415,8.008908,-23.543596
3.525000,80.831810,-1.894562,31.744297,-24.733408,2.966196,-23.130501
3.531250,86.736351,-1.898530,31.854969,-24.720257,-3.139413,-22.749058
3.537500,92.643295,-1.902740,31.844910,-24.674486,-8.255835,-22.416147
3.543750,96.661278,-1.906670,31.963959,-24.586531,-13.848880,-22.128399
3.550000,100.408928,-1.910742,32.550426,-24.429123,-19.629103,-21.847496
3.556250,103.349480,-1.915578,32.046730,-24.203884,-25.129263,-21.519058
3.562500,104.994965,-1.920662,32.158974,-23.940144,-30.078859,-21.278414
3.568750,104.924431,-1.924949,32.550762,-23.664850,-33.221149,-21.108599
3.575000,102.797508,-1.927858,32.942589,-23.404684,-35.590622,-21.011053
3.581250,98.371338,-1.929705,33.053020,-23.193850,-36.916019,-20.999157
3.587500,91.519279,-1.931147,32.623650,-23.068586,-37.218727,-21.032873
3.593750,82.241905,-1.932176,31.540533,-23.018816,-36.363041,-21.134972
3.600000,70.664612,-1.932113,29.751091,-23.055130,-34.197445,-21.319984
3.606250,57.024963,-1.930704,29.099037,-23.192608,-30.881557,-21.582088
3.612500,41.658165,-1.928436,28.128967,-23.416674,-26.691656,-21.894691
3.618750,24.988394,-1.925742,27.235596,-23.744125,-22.019327,-22.233114
3.625000,7.509517,-1.922409,26.534115,-24.184864,-17.653915,-22.639702
3.631250,-10.244814,-1.918218,26.633415,-24.702137,-11.784388,-23.076097
3.637500,-27.731167,-1.913702,27.840944,-25.260918,-6.132197,-23.513695
3.643750,-44.421085,-1.909573,30.296522,-25.824223,-0.727458,-23.933098
3.650000,-59.821510,-1.906108,32.135033,-26.347034,4.341751,-24.317205
3.656250,-73.502029,-1.903229,34.916626,-26.754843,8.991721,-24.649097
3.662500,-85.120964,-1.901074,37.821110,-27.091934,13.127810,-24.923519
3.668750,-94.441307,-1.899837,41.770443,-27.337566,16.608517,-25.146666
3.675000,-101.339066,-1.899256,45.086819,-27.463682,19.348156,-25.317532
3.681250,-105.811630,-1.898811,47.504162,-27.467178,21.286425,-25.434540
3.687500,-107.982811,-1.898825,48.783878,-27.361092,22.348124,-25.500597
3.693750,-108.092621,-1.900136,48.777691,-27.172453,22.481384,-25.524834
3.700000,-106.479935,-1.902588,47.494282,-26.905552,21.689613,-25.518091
3.706250,-103.565277,-1.905190,45.088165,-26.579025,20.105549,-25.473089
3.712500,-99.839302,-1.907499,41.540104,-26.231775,17.944124,-25.383625
3.718750,-95.839394,-1.910172,35.146484,-25.890558,15.354898,-25.255043
3.725000,-89.946732,-1.913476,27.829832,-25.571383,12.669860,-25.102934
3.731250,-84.052063,-1.916859,19.313866,-25.318901,10.491658,-24.966654
3.737500,-78.152084,-1.919728,11.537309,-25.155893,9.234756,-24.858242
3.743750,-72.250092,-1.922379,3.248719,-25.068325,9.313417,-24.800701
3.750000,-66.349121,-1.925051,-5.004736,-25.043449,9.325957,-24.707123
3.756250,-60.449326,-1.927701,-12.828696,-25.077139,9.245347,-24.599115
3.762500,-54.548546,-1.930152,-19.802673,-25.148571,10.403532,-24.477432
3.768750,-48.647648,-1.932622,-25.489840,-25.221598,12.547371,-24.390818
3.775000,-42.748188,-1.935393,-29.652573,-25.307060,15.210260,-24.328175
3.781250,-36.848965,-1.938215,-32.195343,-25.393389,17.794640,-24.273783
3.787500,-30.948528,-1.940737,-32.759720,-25.458668,19.940655,-24.220585
3.793750,-25.047693,-1.943355,-31.265976,-25.516872,21.340902,-24.172106
3.800000,-19.148867,-1.946408,-27.736471,-25.515818,21.798046,-24.120220
3.806250,-13.250651,-1.949746,-23.327635,-25.427303,21.328880,-24.028517
3.812500,-7.350960,-1.953250,-17.403210,-25.292051,19.792973,-23.906042
3.818750,-1.450626,-1.957080,-10.552480,-25.127062,17.074650,-23.763466
3.825000,4.450416,-1.961211,-3.377576,-24.946426,13.309693,-23.607054
3.831250,10.355852,-1.965028,5.690779,-24.764957,8.768466,-23.447630
3.837500,16.265053,-1.968275,14.735989,-24.596756,3.768653,-23.322680
3.843750,22.173578,-1.971636,23.801933,-24.437414,-1.344396,-23.184681
3.850000,28.079672,-1.975503,31.082443,-24.281076,-7.270283,-23.018127
3.856250,33.986824,-1.979161,38.135235,-24.137253,-12.809075,-22.861917
3.862500,39.897999,-1.982074,44.423981,-24.004633,-17.939381,-22.724419
3.868750,45.808727,-1.984903,49.515831,-23.870173,-22.640657,-22.602547
3.875000,51.712502,-1.988838,53.006401,-23.711111,-26.939161,-22.485268
3.881250,57.612244,-1.993950,54.473427,-23.533798,-30.903585,-22.357136
3.887500,63.515560,-1.999213,53.479340,-23.339752,-34.721519,-22.222754
3.893750,69.425461,-2.004025,49.941628,-23.110666,-38.647297,-22.087395
3.900000,75.336601,-2.009142,45.948551,-22.836679,-42.810783,-21.943413
3.906250,81.244713,-2.015332,40.089767,-22.517591,-45.516029,-21.788830
3.912500,87.152817,-2.022499,32.900776,-22.155228,-48.630428,-21.619043
3.918750,93.067299,-2.030072,24.932955,-21.756618,-51.863537,-21.421131
3.925000,97.095924,-2.037411,16.649864,-21.348635,-54.974529,-21.167358
3.931250,100.859077,-2.044364,8.507537,-20.956453,-58.033943,-20.948490
3.937500,103.823257,-2.050894,1.058968,-20.600195,-58.832821,-20.760422
3.943750,105.495941,-2.056684,-5.248864,-20.303049,-58.449051,-20.610455
3.950000,105.450867,-2.061317,-10.078115,-20.086821,-56.420135,-20.512999
3.956250,103.347000,-2.064214,-13.203092,-19.969751,-52.388359,-20.483339
3.962500,98.944550,-2.065385,-14.480080,-19.962029,-46.104641,-20.533470
3.968750,92.118095,-2.065103,-13.842749,-20.060631,-37.429295,-20.671881
3.975000,82.864960,-2.063474,-13.196431,-20.233585,-26.369619,-20.909760
3.981250,71.305893,-2.060525,-11.002872,-20.528543,-13.087865,-21.270197
3.987500,57.676338,-2.056456,-6.659353,-20.930677,0.812175,-21.675428
3.993750,42.315010,-2.051565,-1.380784,-21.396402,15.979322,-22.182623
4.000000,25.648130,-2.046021,4.188479,-21.921734,31.610281,-22.799189
4.006250,8.168298,-2.039903,9.696427,-22.490173,46.845306,-23.556789
4.012500,-9.594313,-2.033608,14.877149,-23.074142,60.600674,-24.311123
4.018750,-27.095648,-2.028092,19.480135,-23.640959,73.575813,-25.038937
4.025000,-43.801804,-2.023481,23.217731,-24.174791,83.801659,-25.778328
4.031250,-59.215637,-2.019394,27.954695,-24.665541,92.194191,-26.531874
4.037500,-72.908669,-2.015890,30.320372,-25.091984,97.874992,-27.246046
4.043750,-84.543098,-2.013728,32.359314,-25.441425,101.128342,-27.891523
4.050000,-93.880249,-2.012950,33.923569,-25.713360,102.350769,-28.451366
4.056250,-100.792099,-2.012557,34.946667,-25.897972,102.071884,-28.916336
4.062500,-105.276321,-2.011954,35.504391,-25.977680,99.092812,-29.252764
4.068750,-107.460770,-2.012093,35.545567,-25.969307,95.814163,-29.447586
4.075000,-107.587585,-2.014270,35.089844,-25.890244,92.294930,-29.508038
4.081250,-105.990425,-2.017693,34.316322,-25.754082,88.764542,-29.438288
4.087500,-103.086617,-2.020916,33.481068,-25.569651,83.386360,-29.239315
4.093750,-99.368454,-2.023502,32.885189,-25.345213,77.888596,-28.917450
4.100000,-95.377785,-2.026321,30.945919,-25.096230,72.128944,-28.493155
4.106250,-89.496513,-2.030043,29.662895,-24.827419,66.009445,-28.005041
4.112500,-83.615021,-2.034315,28.938734,-24.531490,59.617321,-27.411495
4.118750,-77.730171,-2.038854,28.517218,-24.224607,53.117653,-26.747362
4.125000,-71.843803,-2.044009,28.102703,-23.922300,46.246193,-26.054234
4.131250,-65.956139,-2.049754,27.522432,-23.633993,39.155365,-25.361618
4.137500,-60.063492,-2.055580,26.661472,-23.363264,32.041130,-24.692636
4.143750,-54.164654,-2.061081,25.435123,-23.108986,25.115858,-24.064806
4.150000,-48.262669,-2.066597,23.757509,-22.870852,18.569025,-23.490921
4.156250,-42.360710,-2.072492,23.723595,-22.644438,12.573343,-22.971020
4.162500,-36.457333,-2.078720,23.925081,-22.418074,7.274744,-22.523502
4.168750,-30.550346,-2.085074,22.945822,-22.182196,4.376771,-22.142912
4.175000,-24.639627,-2.091495,22.645592,-21.954967,1.308198,-21.831699
4.181250,-18.725037,-2.097866,22.830860,-21.741236,-0.208603,-21.582693
4.187500,-12.806045,-2.103839,23.307949,-21.545801,-0.295020,-21.334784
4.193750,-6.882631,-2.109468,23.850485,-21.374592,1.114140,-21.199162
4.200000,-0.955519,-2.114456,24.229704,-21.234858,2.087631,-21.147392
4.206250,4.974897,-2.118501,24.230045,-21.134007,3.311971,-21.157379
4.212500,10.907622,-2.121456,23.686399,-21.068712,5.815702,-21.185883
4.218750,16.839376,-2.123689,24.664680,-21.028131,7.369565,-21.237701
4.225000,22.767103,-2.125628,23.753756,-21.007771,7.965295,-21.312906
4.231250,28.690649,-2.127413,22.934931,-20.996323,7.457189,-21.397642
4.237500,34.611927,-2.128922,21.998663,-20.993279,5.673695,-21.468876
4.243750,40.530781,-2.130160,20.611702,-21.015024,4.531356,-21.536692
4.250000,46.448452,-2.131087,18.612619,-21.046785,2.412960,-21.599672
4.256250,52.364128,-2.131551,15.855573,-21.071121,-0.156700,-21.641830
4.262500,58.275112,-2.132058,12.107973,-21.073124,-2.764400,-21.651936
4.268750,64.179131,-2.133383,7.169650,-21.042206,-5.054610,-21.619390
4.275000,70.076561,-2.135847,0.860735,-20.971647,-6.712164,-21.537659
4.281250,75.973419,-2.138945,-4.813125,-20.848639,-7.466893,-21.394279
4.287500,81.872581,-2.142482,-11.382359,-20.670916,-7.117225,-21.160892
4.293750,87.771019,-2.147140,-18.588463,-20.461403,-5.764050,-20.907433
4.300000,93.668945,-2.153183,-26.063135,-20.222069,-3.673001,-20.636248
4.306250,97.679039,-2.159421,-33.363266,-19.956150,-0.649926,-20.344730
4.312500,101.427925,-2.164799,-40.170361,-19.674553,3.097238,-20.042641
4.318750,104.377640,-2.169709,-46.213726,-19.391859,7.305115,-19.743303
4.325000,106.028526,-2.175170,-51.290604,-19.129589,11.669926,-19.464466
4.331250,105.955605,-2.180985,-55.254074,-18.910715,15.881962,-19.220789
4.337500,103.825378,-2.186113,-58.004627,-18.786121,19.670252,-19.014490
4.343750,99.401344,-2.190082,-59.566471,-18.657236,22.812845,-18.789127
4.350000,92.557823,-2.193127,-58.926678,-18.602163,24.825232,-18.668274
4.356250,83.292290,-2.195092,-56.988701,-18.655451,27.388622,-18.632305
4.362500,71.727013,-2.195491,-53.547535,-18.815722,29.253771,-18.692017
4.368750,58.096470,-2.194693,-48.693089,-19.074619,30.777279,-18.874741
4.375000,42.735046,-2.193456,-42.625858,-19.418623,32.197723,-19.117781
4.381250,26.070272,-2.191758,-35.620327,-19.826269,33.574432,-19.405579
4.387500,8.598982,-2.188945,-28.000685,-20.270960,35.708870,-19.745375
4.393750,-9.148361,-2.185250,-20.181456,-20.736362,36.922737,-20.164661
4.400000,-26.632238,-2.181887,-12.622966,-21.209942,38.771309,-20.639236
4.406250,-43.319378,-2.178987,-3.527571,-21.673439,40.837803,-21.142895
4.412500,-58.711555,-2.175669,3.518347,-22.113277,42.829571,-21.656998
4.418750,-72.381424,-2.172074,10.357955,-22.523901,44.533016,-22.167751
4.425000,-83.993156,-2.169180,16.819864,-22.843225,45.867966,-22.626724
4.431250,-93.310966,-2.167315,22.730509,-23.070795,46.839184,-23.006929
4.437500,-100.207413,-2.165792,27.699100,-23.218557,47.217789,-23.304567
4.443750,-104.679893,-2.164482,31.680059,-23.294191,47.003342,-23.512690
4.450000,-106.854851,-2.164195,34.739719,-23.299677,46.326859,-23.624220
4.456250,-106.969772,-2.165452,37.006535,-23.239674,45.355873,-23.637484
4.462500,-105.359184,-2.167436,38.682079,-23.124557,44.274666,-23.558651
4.468750,-102.446068,-2.169677,40.055538,-22.973869,43.304989,-23.410067
4.475000,-98.725945,-2.172719,39.610859,-22.786341,42.744492,-23.176369
4.481250,-94.732773,-2.176568,39.517311,-22.555405,41.319122,-22.845644
4.487500,-88.839584,-2.180386,39.432129,-22.313478,40.556610,-22.463865
4.493750,-82.941132,-2.183921,39.166111,-22.082138,40.160866,-22.060635
4.500000,-77.043823,-2.188384,38.653477,-21.872684,39.913429,-21.657444
4.506250,-71.149734,-2.194350,37.868786,-21.685482,39.604504,-21.269001
4.512500,-65.250221,-2.200767,36.805973,-21.507517,39.014069,-20.904678
4.518750,-59.337891,-2.206083,35.463169,-21.280512,37.894829,-20.574265
4.525000,-53.416920,-2.210484,33.873329,-21.099157,35.926949,-20.314363
4.531250,-47.497025,-2.215152,33.110218,-20.965611,32.659222,-20.110498
4.537500,-41.579109,-2.220464,32.678219,-20.834930,29.455814,-19.942654
4.543750,-35.655575,-2.225521,31.168961,-20.697891,24.818344,-19.820812
4.550000,-29.723534,-2.229586,30.299480,-20.581602,19.068048,-19.720242
4.556250,-23.785980,-2.232774,29.780273,-20.508078,12.614308,-19.703588
4.562500,-17.847000,-2.235497,29.397478,-20.496855,6.160023,-19.785290
4.568750,-11.906994,-2.237688,28.926519,-20.573458,-0.317667,-19.962576
4.575000,-5.964365,-2.239127,28.141859,-20.797365,-6.643471,-20.182728
4.581250,-0.018197,-2.239361,26.869579,-21.082808,-12.481319,-20.457571
4.587500,5.928749,-2.238310,23.816040,-21.453276,-17.331211,-20.799339
4.593750,11.873920,-2.236361,21.869963,-21.928406,-21.010962,-21.200329
4.600000,17.815512,-2.233643,19.165707,-22.511318,-23.472624,-21.640192
4.606250,23.753376,-2.229868,15.573236,-23.260828,-24.860674,-22.130848
4.612500,29.686493,-2.225160,11.998274,-24.050030,-25.437567,-22.662193
4.618750,35.610092,-2.220489,7.827870,-24.908667,-25.273460,-23.212011
4.625000,41.521614,-2.216575,3.390937,-25.816906,-24.649338,-23.764721
4.631250,47.427212,-2.212873,-1.025396,-26.740917,-23.884060,-24.306765
4.637500,53.331673,-2.208266,-5.158513,-27.638233,-23.340876,-24.821224
4.643750,59.231144,-2.203377,-8.761698,-28.456518,-23.381504,-25.272478
4.650000,65.116814,-2.199801,-13.529072,-29.135416,-24.358662,-25.613037
4.656250,70.988106,-2.198266,-15.596292,-29.647871,-26.652534,-25.851158
4.662500,76.853561,-2.198350,-17.014111,-29.986462,-28.836153,-26.007652
4.668750,82.718163,-2.199675,-17.646275,-30.121544,-32.289543,-26.056078
4.675000,88.582199,-2.202570,-17.517008,-30.041313,-36.781067,-25.988583
4.681250,94.446732,-2.206734,-16.756508,-29.748890,-42.104893,-25.805998
4.687500,98.420959,-2.211673,-15.566058,-29.268499,-48.038727,-25.519571
4.693750,102.125397,-2.217587,-14.189619,-28.639015,-54.315460,-25.140955
4.700000,105.024040,-2.225485,-12.919787,-27.888599,-60.590660,-24.672617
4.706250,106.628052,-2.235080,-12.247877,-27.019981,-66.500008,-24.106510
4.712500,106.521072,-2.244568,-12.415595,-26.074627,-71.600708,-23.497934
4.718750,104.365974,-2.252718,-13.765305,-25.130547,-77.304840,-22.901522
4.725000,99.916557,-2.260281,-14.728691,-24.246881,-82.139702,-22.337753
4.731250,93.043892,-2.268137,-16.848789,-23.445627,-86.258904,-21.842218
4.737500,83.751862,-2.275507,-19.871975,-22.745596,-89.887100,-21.378149
4.743750,72.167618,-2.281252,-23.582085,-22.159178,-93.295395,-20.953859
4.750000,58.523438,-2.285762,-27.726967,-21.682615,-94.421211,-20.576818
4.756250,43.152302,-2.289872,-32.009544,-21.257053,-94.803055,-20.304867
4.762500,26.481401,-2.293380,-36.159225,-20.966961,-94.003021,-20.130802
4.768750,9.008384,-2.295640,-38.617683,-20.789518,-91.870186,-20.034817
4.775000,-8.737214,-2.296839,-39.825336,-20.686651,-88.103195,-20.004080
4.781250,-26.214426,-2.297589,-39.191437,-20.621660,-82.451889,-20.037935
4.787500,-42.892414,-2.298337,-38.045238,-20.533411,-74.714058,-20.109579
4.793750,-58.276867,-2.299111,-35.222260,-20.481792,-66.394844,-20.171661
4.800000,-71.939644,-2.300113,-30.407394,-20.428122,-56.191822,-20.240053
4.806250,-83.538750,-2.301249,-24.234898,-20.365118,-44.739590,-20.307602
4.812500,-92.836746,-2.302301,-17.260084,-20.291454,-32.641861,-20.361427
4.818750,-99.711845,-2.303674,-10.038873,-20.206860,-20.483387,-20.387821
4.825000,-104.166382,-2.306045,-3.135097,-20.117989,-8.816342,-20.392809
4.831250,-106.319176,-2.309035,5.063627,-20.041372,1.838509,-20.399698
4.837500,-106.399811,-2.311312,12.734776,-19.988974,11.073209,-20.383814
4.843750,-104.749069,-2.312440,18.256971,-19.927486,18.973047,-20.312605
4.850000,-101.803772,-2.313960,23.366772,-19.875916,24.934010,-20.223251
4.856250,-98.061104,-2.316979,27.565029,-19.849003,28.924358,-20.130489
4.862500,-94.046059,-2.320655,30.590252,-19.850538,31.101971,-20.042063
4.868750,-88.127068,-2.323426,32.308807,-19.867096,31.735918,-19.955568
4.875000,-82.201530,-2.325339,32.674965,-19.876114,31.146147,-19.870127
4.881250,-76.278770,-2.327430,31.753748,-19.869093,29.635588,-19.791441
4.887500,-70.360336,-2.330039,29.921944,-19.869684,27.546320,-19.723763
4.893750,-64.442055,-2.332843,27.344051,-19.868484,25.239929,-19.669994
4.900000,-58.521908,-2.335736,24.185184,-19.865404,23.058350,-19.627111
4.906250,-52.600525,-2.338737,20.737659,-19.858730,21.316866,-19.582451
4.912500,-46.676857,-2.341575,17.190086,-19.833025,20.300438,-19.512245
4.918750,-40.750725,-2.344140,13.883204,-19.806683,20.464626,-19.464066
4.925000,-34.824478,-2.347009,11.173859,-19.802803,22.292128,-19.445360
4.931250,-28.897579,-2.349984,9.239445,-19.836748,23.553747,-19.453524
4.937500,-22.965216,-2.352084,8.189451,-19.918615,25.761318,-19.492531
4.943750,-17.024961,-2.352609,8.065388,-20.054764,28.558887,-19.570280
4.950000,-11.085596,-2.352480,8.872252,-20.242926,31.593927,-19.692440
4.956250,-5.152363,-2.352519,10.571601,-20.475071,34.523418,-19.869473
4.962500,0.778424,-2.352193,11.172929,-20.730019,36.981934,-20.151005
4.968750,6.711839,-2.350796,14.314344,-21.001110,37.788189,-20.360531
4.975000,12.643394,-2.349003,17.671980,-21.307610,38.903595,-20.641638
4.981250,18.568907,-2.347311,21.168392,-21.625248,38.733505,-20.984158
4.987500,24.491745,-2.345025,24.604147,-21.943487,37.305111,-21.377132
4.993750,30.415754,-2.341503,27.717827,-22.255274,34.559837,-21.812098
5.000000,36.334126,-2.337727,30.300486,-22.549021,30.469593,-22.278206
5.006250,42.239281,-2.335093,32.200195,-22.808270,26.920885,-22.753672
5.012500,48.135342,-2.333504,33.295143,-23.008162,22.204294,-23.170788
5.018750,54.032139,-2.331797,33.481113,-23.124649,16.801163,-23.526896
5.025000,59.929745,-2.329944,32.753712,-23.197763,10.859398,-23.858747
5.031250,65.822525,-2.328632,31.298035,-23.223623,5.170378,-24.135944
5.037500,71.709602,-2.327943,29.248407,-23.206333,0.114720,-24.344318
5.043750,77.594917,-2.327661,26.581013,-23.191702,-4.058122,-24.479404
5.050000,83.477661,-2.328369,23.248415,-23.132700,-7.118450,-24.535213
5.056250,89.356720,-2.330374,20.398220,-23.038883,-8.816517,-24.499235
5.062500,95.238312,-2.332697,17.133652,-22.956430,-9.015656,-24.375864
5.068750,99.233238,-2.334116,13.858459,-22.901882,-7.664021,-24.175495
5.075000,102.956291,-2.335439,10.965052,-22.874861,-4.691415,-23.907339
5.081250,105.865181,-2.338444,6.948107,-22.860716,-0.051632,-23.579878
5.087500,107.471031,-2.343143,3.836015,-22.849123,6.249442,-23.209242
5.093750,107.359032,-2.347685,1.595612,-22.853159,14.098902,-22.820539
5.100000,105.191093,-2.351578,0.031027,-22.856348,23.206070,-22.419569
5.106250,100.720688,-2.356037,-1.141535,-22.838707,33.003365,-21.997793
5.112500,93.822601,-2.361734,-2.104955,-22.784948,43.266994,-21.588881
5.118750,84.504784,-2.367537,-3.025052,-22.686619,53.612003,-21.214764
5.125000,72.893387,-2.372648,-4.061126,-22.540483,63.473225,-20.888006
5.131250,59.220173,-2.377677,-5.337183,-22.343782,72.266724,-20.611008
5.137500,43.820110,-2.383437,-6.952695,-22.098015,79.442406,-20.372702
5.143750,27.123945,-2.389512,-6.834863,-21.809774,84.530258,-20.105968
5.150000,9.629343,-2.395177,-6.421453,-21.493387,88.096512,-19.990372
5.156250,-8.131763,-2.400357,-7.122837,-21.141943,90.178558,-19.872360
5.162500,-25.616358,-2.405257,-6.854600,-20.770473,90.261398,-19.788568
5.168750,-42.290981,-2.409603,-5.932912,-20.405363,88.751762,-19.744804
5.175000,-57.663017,-2.412970,-4.571929,-20.066605,86.229668,-19.736818
5.181250,-71.307213,-2.415411,-2.977883,-19.769659,83.356056,-19.752190
5.187500,-82.885033,-2.416980,-1.385735,-19.530554,78.688248,-19.783247
5.193750,-92.160477,-2.417783,-0.046180,-19.366386,74.435814,-19.866447
5.200000,-99.014046,-2.418114,0.812205,-19.295994,70.867447,-20.027723
5.206250,-103.446861,-2.418378,3.214331,-19.308508,67.256981,-20.147310
5.212500,-105.579613,-2.418546,3.928656,-19.376919,64.416985,-20.283514
5.218750,-105.646187,-2.418126,4.807346,-19.503071,62.318886,-20.442997
5.225000,-103.986038,-2.416762,5.652461,-19.640156,60.823292,-20.620510
5.231250,-101.029449,-2.414584,6.419284,-19.837603,59.708611,-20.814070
5.237500,-97.272034,-2.412016,5.760845,-20.100103,58.634090,-21.034380
5.243750,-93.249565,-2.409713,4.418556,-20.392128,57.288086,-21.278849
5.250000,-87.341377,-2.408525,2.027453,-20.695776,55.396084,-21.539440
5.256250,-81.438126,-2.408152,-1.746131,-20.997511,52.665630,-21.811199
5.262500,-75.531685,-2.407196,-5.014042,-21.286150,48.843769,-22.083082
5.268750,-69.623016,-2.405263,-9.334831,-21.554966,43.712166,-22.340796
5.275000,-63.722313,-2.404249,-14.364037,-21.798553,37.064110,-22.565424
5.281250,-57.835388,-2.405603,-19.789362,-22.011354,28.866514,-22.760433
5.287500,-51.951504,-2.408083,-25.325319,-22.188652,19.441750,-22.947983
5.293750,-46.058437,-2.409815,-30.713198,-22.327106,8.850263,-23.106140
5.300000,-40.160881,-2.411112,-35.703529,-22.419802,-2.701271,-23.218620
5.306250,-34.272213,-2.414084,-40.061176,-22.458345,-14.828694,-23.274069
5.312500,-28.391731,-2.419184,-43.620476,-22.439917,-27.104002,-23.266768
5.318750,-22.506849,-2.425030,-46.267067,-22.361000,-39.081566,-23.190401
5.325000,-16.612425,-2.431114,-47.930595,-22.220629,-50.315952,-23.032877
5.331250,-10.712873,-2.438037,-48.645241,-22.041103,-60.434578,-22.859201
5.337500,-4.808174,-2.445488,-46.427708,-21.833702,-69.487930,-22.604702
5.343750,1.109286,-2.451945,-44.113827,-21.585678,-76.744713,-22.330692
5.350000,7.037906,-2.457239,-40.254246,-21.346077,-82.378845,-22.073177
5.356250,12.969267,-2.462507,-35.015217,-21.139391,-86.276443,-21.862690
5.362500,18.901970,-2.467812,-28.645348,-20.985704,-88.442574,-21.725855
5.368750,24.844103,-2.471671,-21.452507,-20.896212,-89.087906,-21.646147
5.375000,30.796728,-2.473334,-13.767052,-20.870146,-88.483078,-21.605942
5.381250,36.750557,-2.473805,-5.962997,-20.895979,-86.790062,-21.586845
5.387500,42.699257,-2.473578,1.511099,-20.979277,-83.464539,-21.707541
5.393750,48.647388,-2.471815,8.330864,-21.141180,-79.507973,-21.916035
5.400000,54.596088,-2.468199,14.503975,-21.364498,-75.277397,-22.205366
5.406250,60.536327,-2.464065,19.797504,-21.626894,-71.064644,-22.582178
5.412500,66.462654,-2.460400,23.999611,-21.898977,-66.876862,-22.944559
5.418750,72.381203,-2.456473,26.938307,-22.160187,-62.899712,-23.298168
5.425000,78.296516,-2.451891,28.519249,-22.391388,-59.530506,-23.630362
5.431250,84.202568,-2.447663,28.805353,-22.575426,-56.770802,-23.919050
5.437500,90.094810,-2.444947,28.020983,-22.695559,-54.570221,-24.135674
5.443750,95.976692,-2.443834,26.496996,-22.739561,-52.872776,-24.261097
5.450000,99.961319,-2.444091,24.591419,-22.698051,-51.609493,-24.283575
5.456250,103.672447,-2.445536,22.711996,-22.568726,-50.614044,-24.199671
5.462500,106.579208,-2.447869,21.298082,-22.363688,-49.720112,-24.038992
5.468750,108.192825,-2.450471,18.930611,-22.095661,-48.733917,-23.772846
5.475000,108.084267,-2.453530,17.794096,-21.756880,-46.770756,-23.393188
5.481250,105.907982,-2.458404,17.741837,-21.374046,-44.327366,-22.963955
5.487500,101.430176,-2.464941,18.497803,-20.979969,-41.101009,-22.522459
5.493750,94.540031,-2.471242,19.890354,-20.601185,-36.792400,-22.099745
5.500000,85.242836,-2.476000,21.768208,-20.254221,-31.169901,-21.718365
5.506250,73.651115,-2.480090,23.984211,-19.945370,-24.084326,-21.384651
5.512500,59.992073,-2.484668,26.369518,-19.655504,-15.570239,-21.021347
5.518750,44.611149,-2.489005,28.754848,-19.411266,-6.271813,-20.779463
5.525000,27.942225,-2.491922,30.512312,-19.252623,3.641650,-20.611038
5.531250,10.474306,-2.493518,32.242558,-19.155643,14.113467,-20.510525
5.537500,-7.267741,-2.494729,33.622482,-19.119627,24.617136,-20.468307
5.543750,-24.737993,-2.495368,34.333328,-19.151836,34.621998,-20.478952
5.550000,-41.401154,-2.495016,34.116837,-19.258360,43.745750,-20.590759
5.556250,-56.765785,-2.493755,32.791420,-19.446379,51.711914,-20.776621
5.562500,-70.408356,-2.491834,30.232386,-19.723644,58.861290,-20.986841
5.568750,-81.988319,-2.489225,26.495155,-20.055706,64.335136,-21.250298
5.575000,-91.268806,-2.485906,23.799107,-20.441599,68.256805,-21.565649
5.581250,-98.131409,-2.482402,18.821556,-20.881689,70.896080,-21.915218
5.587500,-102.576653,-2.478921,13.812548,-21.374496,72.592659,-22.262980
5.593750,-104.724266,-2.475110,8.856740,-21.920242,73.475304,-22.667028
5.600000,-104.812149,-2.471449,4.157145,-22.485834,72.120964,-23.067583
5.606250,-103.184143,-2.468895,-0.092618,-23.051167,70.641350,-23.459469
5.612500,-100.265182,-2.467240,-3.859143,-23.603798,68.781822,-23.839855
5.618750,-96.538528,-2.465089,-7.030068,-24.127754,66.413528,-24.204321
5.625000,-92.536537,-2.462224,-9.490951,-24.605597,63.430618,-24.550173
5.631250,-86.650101,-2.460634,-11.131745,-25.015566,59.720245,-24.857540
5.637500,-80.777725,-2.461564,-11.873220,-25.334414,55.127819,-25.089472
5.643750,-74.905853,-2.463549,-13.583289,-25.533808,51.538826,-25.204311
5.650000,-69.024826,-2.464858,-12.514721,-25.591890,47.329754,-25.230337
5.656250,-63.140831,-2.466467,-10.809455,-25.531292,42.134235,-25.201469
5.662500,-57.264587,-2.469820,-8.670403,-25.354889,36.904877,-25.086697
5.668750,-51.393280,-2.475052,-6.303640,-25.057516,31.904116,-24.877710
5.675000,-45.516075,-2.481039,-3.696063,-24.657703,27.314903,-24.579281
5.681250,-39.628876,-2.487252,-1.258043,-24.179203,23.316124,-24.198933
5.687500,-33.736092,-2.493765,0.730944,-23.657965,20.118210,-23.748032
5.693750,-27.836798,-2.500257,1.896584,-23.101177,18.020082,-23.255306
5.700000,-21.930988,-2.506399,1.618721,-22.509153,17.459711,-22.743319
5.706250,-16.022312,-2.513014,1.937379,-21.943417,16.599342,-22.243698
5.712500,-10.112602,-2.520659,1.224701,-21.442469,17.097437,-21.791742
5.718750,-4.194901,-2.527956,-0.307624,-21.026995,18.558569,-21.414305
5.725000,1.737723,-2.533491,-2.455916,-20.706753,22.389587,-21.100548
5.731250,7.680461,-2.537351,-5.026647,-20.481157,26.458677,-20.821236
5.737500,13.622057,-2.540790,-7.827044,-20.337296,30.950001,-20.616402
5.743750,19.561428,-2.543800,-10.699022,-20.254690,35.007671,-20.537014
5.750000,25.505400,-2.545196,-13.640526,-20.254152,39.105396,-20.548889
5.756250,31.452051,-2.545003,-16.622278,-20.321335,42.951572,-20.635368
5.762500,37.393982,-2.544242,-17.243040,-20.431274,46.199764,-20.782864
5.768750,43.327515,-2.543235,-18.672052,-20.554459,48.501778,-20.994226
5.775000,49.256390,-2.541613,-18.773108,-20.665308,49.388920,-21.199532
5.781250,55.181290,-2.539457,-17.748768,-20.761244,49.818584,-21.406097
5.787500,61.097164,-2.537736,-15.848654,-20.833054,48.839664,-21.617102
5.793750,67.003227,-2.537114,-13.280850,-20.869133,46.606022,-21.817333
5.800000,72.903702,-2.537235,-10.326355,-20.861073,43.200947,-21.985250
5.806250,78.802971,-2.537758,-7.310730,-20.806602,38.752144,-22.098190
5.812500,84.702026,-2.538471,-4.571584,-20.708565,33.489590,-22.151827
5.818750,90.599388,-2.539580,-2.433543,-20.576794,27.811388,-22.167116
5.825000,96.491837,-2.541799,0.955930,-20.437115,19.885309,-22.165846
5.831250,100.484138,-2.546220,3.962144,-20.352047,11.603479,-22.086498
5.837500,104.202919,-2.552502,5.295037,-20.218107,3.035086,-21.955959
5.843750,107.127182,-2.558987,6.980537,-20.106100,-6.056887,-21.807579
5.850000,108.771065,-2.563994,8.462075,-20.048437,-15.525709,-21.663895
5.856250,108.701065,-2.567633,9.675848,-20.053102,-25.140448,-21.538727
5.862500,106.564491,-2.571086,10.573332,-20.117905,-34.685993,-21.444088
5.868750,102.123833,-2.574710,11.129613,-20.220819,-44.021912,-21.379448
5.875000,95.260765,-2.577811,11.477331,-20.364510,-53.117031,-21.335276
5.881250,85.978485,-2.580181,12.070403,-20.573988,-62.081909,-21.329206
5.887500,74.395897,-2.581872,12.885444,-20.822409,-68.680481,-21.359318
5.893750,60.749218,-2.582440,14.101403,-21.096296,-74.233940,-21.412060
5.900000,45.378448,-2.581890,14.067519,-21.400555,-78.357414,-21.477642
5.906250,28.704985,-2.581215,14.668930,-21.770842,-82.791115,-21.568298
5.912500,11.218272,-2.581038,15.701930,-22.131721,-85.723572,-21.674353
5.918750,-6.542353,-2.580296,17.447638,-22.495007,-87.538040,-21.783403
5.925000,-24.026197,-2.578174,19.077694,-22.881613,-88.612770,-21.893351
5.931250,-40.708763,-2.575907,20.486170,-23.295900,-89.228676,-22.007942
5.937500,-56.104816,-2.574747,21.604816,-23.727198,-89.615074,-22.128868
5.943750,-69.782440,-2.574160,22.391376,-24.155949,-89.960648,-22.255951
5.950000,-81.391579,-2.573004,23.045357,-24.564333,-90.506279,-22.343548
5.956250,-90.698059,-2.571771,23.748981,-24.933086,-91.742615,-22.395609
5.962500,-97.588806,-2.571926,24.404413,-25.246433,-90.951637,-22.455385
5.968750,-102.059196,-2.572761,24.882517,-25.493986,-90.373917,-22.513233
5.975000,-104.220253,-2.572443,25.097122,-25.664183,-89.559013,-22.565388
5.981250,-104.312370,-2.571175,24.972931,-25.750887,-88.076340,-22.611937
5.987500,-102.689484,-2.571096,24.450329,-25.748486,-85.541595,-22.650997
5.993750,-99.780548,-2.572986,23.507128,-25.653677,-81.621758,-22.679251
6.000000,-96.065247,-2.575480,22.136810,-25.465240,-76.099525,-22.688721
6.006250,-92.069695,-2.577861,20.375504,-25.174009,-68.920555,-22.635580
6.012500,-86.178558,-2.580891,18.277958,-24.738693,-60.482124,-22.564058
6.018750,-80.288376,-2.584867,17.755152,-24.292015,-51.045162,-22.478889
6.025000,-74.392410,-2.588789,15.495755,-23.808989,-40.579975,-22.382124
6.031250,-68.489319,-2.592317,13.930122,-23.315769,-29.544962,-22.287516
6.037500,-62.584007,-2.596165,12.909245,-22.856295,-18.473257,-22.211962
6.043750,-56.677975,-2.600522,12.355238,-22.476118,-7.813598,-22.139439
6.050000,-50.765747,-2.604174,12.336030,-22.165583,2.177258,-22.055201
6.056250,-44.844723,-2.606789,12.845683,-21.952803,11.042170,-21.995928
6.062500,-38.923641,-2.609390,13.599408,-21.866997,18.542065,-21.982365
6.068750,-33.004349,-2.612084,12.639243,-21.915075,24.531595,-22.015728
6.075000,-27.079973,-2.613590,11.569901,-22.084528,29.011887,-22.092936
6.081250,-21.148825,-2.613220,12.016526,-22.342718,32.055653,-22.209177
6.087500,-15.222010,-2.612340,12.103250,-22.609381,33.730362,-22.341900
6.093750,-9.307060,-2.612355,11.771295,-22.920994,34.009579,-22.478506
6.100000,-3.399136,-2.612966,10.349943,-23.243324,33.078197,-22.622890
6.106250,2.510493,-2.613298,8.334975,-23.526501,31.221458,-22.766006
6.112500,8.420379,-2.613375,5.634933,-23.738899,28.609697,-22.893333
6.118750,14.325445,-2.613967,2.160792,-23.862440,25.372759,-22.987602
6.125000,20.225607,-2.615366,-2.132041,-23.891989,21.657558,-23.026470
6.131250,26.122818,-2.617825,-5.072694,-23.833227,17.721382,-23.010027
6.137500,32.019600,-2.621305,-7.922962,-23.684896,14.396201,-22.948772
6.143750,37.920227,-2.625136,-11.878446,-23.446585,9.785124,-22.828060
6.150000,43.829807,-2.628299,-14.818706,-23.145914,5.334098,-22.661764
6.156250,49.744740,-2.630694,-16.793112,-22.810751,1.007840,-22.463768
6.162500,55.658157,-2.633460,-17.816395,-22.464775,-3.156356,-22.247549
6.168750,61.568508,-2.636941,-17.913977,-22.126991,-7.086999,-22.023705
6.175000,67.482834,-2.640062,-17.171839,-21.816692,-10.718300,-21.804083
6.181250,73.404755,-2.642035,-15.729726,-21.549549,-13.976720,-21.603781
6.187500,79.328430,-2.643388,-13.751211,-21.340252,-16.721231,-21.498468
6.193750,85.249039,-2.644741,-11.451393,-21.212606,-19.261320,-21.370665
6.200000,91.168915,-2.645655,-9.020624,-21.146141,-21.342119,-21.305124
6.206250,95.194771,-2.645861,-6.165639,-21.135035,-22.880356,-21.319862
6.212500,98.945984,-2.645792,-3.162034,-21.198782,-24.047976,-21.426208
6.218750,101.885925,-2.646050,-0.186303,-21.324022,-25.018948,-21.668236
6.225000,103.525139,-2.646451,2.586169,-21.485907,-24.417002,-21.906778
6.231250,103.438759,-2.646828,4.784876,-21.713121,-24.697365,-22.227495
6.237500,101.286270,-2.647151,6.107294,-21.989460,-25.005756,-22.626348
6.243750,96.831192,-2.647120,6.533816,-22.296537,-25.266342,-23.088299
6.250000,89.952202,-2.646526,8.064879,-22.621563,-25.508209,-23.593700
6.256250,80.646149,-2.645946,9.223341,-22.957159,-25.751802,-24.122234
6.262500,69.030457,-2.646265,8.550447,-23.298395,-25.974604,-24.653870
6.268750,55.348225,-2.646829,8.162267,-23.627602,-25.916838,-25.129660
6.275000,39.946533,-2.646145,8.044845,-23.925421,-25.257299,-25.555166
6.281250,23.250402,-2.644337,8.059779,-24.186857,-24.106499,-25.920614
6.287500,5.739833,-2.643293,8.099808,-24.407604,-22.312424,-26.208696
6.293750,-12.055929,-2.644055,8.114313,-24.577738,-19.623257,-26.402197
6.300000,-29.578764,-2.645457,8.089972,-24.682301,-15.778809,-26.483376
6.306250,-46.287888,-2.646372,7.994997,-24.704990,-10.582718,-26.435446
6.312500,-61.696407,-2.647436,7.774605,-24.627857,-3.949223,-26.243259
6.318750,-75.383652,-2.649754,7.301092,-24.459675,3.946371,-25.963110
6.325000,-87.005539,-2.652930,8.496061,-24.235556,12.726597,-25.600241
6.331250,-96.319710,-2.656262,8.126507,-23.946207,22.160372,-25.146339
6.337500,-103.205452,-2.660186,8.436405,-23.587643,31.998909,-24.642265
6.343750,-107.666031,-2.665163,9.129700,-23.192417,41.803490,-24.127604
6.350000,-109.818993,-2.670381,9.972700,-22.791109,51.003445,-23.637228
6.356250,-109.896683,-2.674903,10.809202,-22.410681,58.996693,-23.199392
6.362500,-108.241844,-2.678648,11.510875,-22.073439,65.208618,-22.824879
6.368750,-105.287788,-2.682095,11.960773,-21.793993,69.118843,-22.457842
6.375000,-101.527786,-2.684988,12.036753,-21.582850,70.904655,-22.258556
6.381250,-97.493042,-2.687183,11.475006,-21.457157,70.185471,-22.178900
6.387500,-91.564713,-2.689022,11.411204,-21.401230,66.844894,-22.219368
6.393750,-85.639618,-2.690664,10.976909,-21.432356,61.203472,-22.333767
6.400000,-79.714401,-2.691456,10.443264,-21.550797,53.647163,-22.433887
6.406250,-73.789810,-2.691280,9.870228,-21.748825,42.575573,-22.665649
6.412500,-67.870865,-2.691185,9.292515,-22.011332,30.388220,-22.959810
6.418750,-61.960754,-2.691899,8.699404,-22.324280,16.905357,-23.281107
6.425000,-56.053169,-2.692734,8.094428,-22.661312,2.610317,-23.598129
6.431250,-50.143021,-2.692921,7.472576,-22.996019,-11.950043,-23.881214
6.437500,-44.234585,-2.693070,6.773694,-23.301363,-26.248787,-24.101316
6.443750,-38.332546,-2.694210,8.105751,-23.546560,-39.792736,-24.226690
6.450000,-32.434784,-2.696212,9.987477,-23.720657,-52.332680,-24.305962
6.456250,-26.534174,-2.698315,10.814761,-23.827728,-63.763767,-24.326820
6.462500,-20.630219,-2.700470,12.588224,-23.862843,-72.129074,-24.248726
6.468750,-14.726552,-2.702936,15.112363,-23.823858,-78.785034,-24.107836
6.475000,-8.819964,-2.705305,18.111355,-23.720398,-83.264557,-23.933933
6.481250,-2.909075,-2.707129,21.255358,-23.577131,-85.349045,-23.754251
6.487500,3.001492,-2.709133,24.244146,-23.423571,-84.933128,-23.585104
6.493750,8.909849,-2.711733,26.923906,-23.260260,-81.893585,-23.405897
6.500000,14.820222,-2.714015,29.185377,-23.095989,-78.215004,-23.218676
6.506250,20.737104,-2.715214,28.878271,-22.944521,-72.457115,-23.049753
6.512500,26.653967,-2.716191,29.629055,-22.832579,-65.128113,-22.929241
6.518750,32.564590,-2.718023,29.347345,-22.787317,-56.996120,-22.849245
6.525000,38.473232,-2.720238,28.141972,-22.802181,-48.773232,-22.801769
6.531250,44.387917,-2.721704,26.107319,-22.869226,-41.068787,-22.781057
6.537500,50.307465,-2.722296,23.301693,-22.979187,-34.423714,-22.783363
6.543750,56.222885,-2.723091,19.806971,-23.120304,-29.308441,-22.809547
6.550000,62.133076,-2.724406,15.739280,-23.278454,-24.260963,-22.834654
6.556250,68.044403,-2.725573,11.281941,-23.418283,-21.285152,-22.849432
6.562500,73.957878,-2.726400,6.767273,-23.536459,-19.836245,-22.863907
6.568750,79.870438,-2.727182,3.141059,-23.665215,-19.548502,-22.877270
6.575000,85.781540,-2.727751,-1.454779,-23.769464,-20.115248,-22.910055
6.581250,91.691856,-2.728081,-5.018699,-23.843508,-21.078545,-22.941820
6.587500,97.599304,-2.728828,-7.617599,-23.890482,-21.920982,-22.973417
6.593750,101.607574,-2.730478,-9.286479,-23.916422,-24.162001,-23.010365
6.600000,105.343643,-2.732177,-10.054531,-23.926105,-25.744884,-23.055140
6.606250,108.279716,-2.732819,-9.954732,-23.920326,-26.776724,-23.105644
6.612500,109.918427,-2.733113,-9.062308,-23.901142,-27.384499,-23.160158
6.618750,109.824585,-2.734427,-7.491794,-23.868282,-25.815836,-23.214401
6.625000,107.659828,-2.736813,-5.384506,-23.822113,-23.832096,-23.265427
6.631250,103.194397,-2.739192,-2.932234,-23.765602,-21.057344,-23.325060
6.637500,96.309250,-2.741364,1.846783,-23.695242,-17.230377,-23.310928
6.643750,86.998459,-2.744220,5.546247,-23.592058,-14.212721,-23.279999
6.650000,75.383095,-2.748036,10.059804,-23.451530,-10.145534,-23.232788
6.656250,61.706558,-2.751666,14.965948,-23.277229,-5.528012,-23.159430
6.662500,46.312187,-2.754472,19.897966,-23.063808,-0.844362,-23.048834
6.668750,29.622156,-2.756986,24.506769,-22.799639,3.372446,-22.896318
6.675000,12.123480,-2.759724,28.340944,-22.503767,6.456334,-22.733761
6.681250,-5.649152,-2.762737,30.922049,-22.192902,10.026859,-22.572817
6.687500,-23.147518,-2.765960,34.154793,-21.876635,12.325269,-22.421337
6.693750,-39.837902,-2.769249,36.358562,-21.588760,13.394976,-22.295528
6.700000,-55.225555,-2.772073,37.624340,-21.312763,13.313838,-22.232462
6.706250,-68.881271,-2.773723,37.834213,-21.055069,12.381219,-22.208803
6.712500,-80.470314,-2.774545,37.462223,-20.861662,11.103647,-22.235895
6.718750,-89.760803,-2.775519,36.641846,-20.755957,9.357800,-22.338968
6.725000,-96.630630,-2.776862,35.442413,-20.746601,7.501295,-22.507446
6.731250,-101.073914,-2.777624,33.890778,-20.833282,3.876766,-22.754974
6.737500,-103.210617,-2.777395,32.002293,-21.004572,0.538473,-23.083424
6.743750,-103.283249,-2.776550,29.743010,-21.264565,-2.689095,-23.457375
6.750000,-101.635902,-2.775586,26.985395,-21.642864,-5.840890,-23.838800
6.756250,-98.695091,-2.774570,24.449068,-22.013636,-8.876457,-24.191916
6.762500,-94.952614,-2.773706,22.111713,-22.421461,-11.880738,-24.514723
6.768750,-90.941193,-2.773145,19.821228,-22.859905,-14.864015,-24.788700
6.775000,-85.036026,-2.772278,17.659950,-23.310255,-15.587651,-24.997875
6.781250,-79.130310,-2.770635,15.659923,-23.753119,-15.403731,-25.131472
6.787500,-73.228729,-2.769015,13.831144,-24.168743,-13.812097,-25.182650
6.793750,-67.335602,-2.768273,12.170024,-24.538937,-10.371706,-25.147318
6.800000,-61.448414,-2.768433,10.658711,-24.847277,-6.891853,-25.024084
6.806250,-55.561264,-2.768803,9.267435,-25.080750,-1.744210,-24.811285
6.812500,-49.672806,-2.769550,7.950130,-25.230930,4.758759,-24.488173
6.818750,-43.786457,-2.771410,6.624822,-25.306961,12.331310,-24.136152
6.825000,-37.899849,-2.773921,7.316723,-25.351267,19.818722,-23.750875
6.831250,-32.005863,-2.775983,7.078725,-25.284851,27.760269,-23.368317
6.837500,-26.107016,-2.777815,7.783095,-25.170860,35.370712,-23.037109
6.843750,-20.210829,-2.780828,9.212474,-25.036655,41.958504,-22.773420
6.850000,-14.315617,-2.784872,11.329201,-24.897600,48.665550,-22.576187
6.856250,-8.411708,-2.788305,14.073371,-24.764755,53.544476,-22.475580
6.862500,-2.496503,-2.790285,17.357178,-24.641624,56.777763,-22.478960
6.868750,3.420434,-2.791831,21.102783,-24.519876,58.552917,-22.575848
6.875000,9.331677,-2.793972,25.233175,-24.374619,59.130676,-22.746237
6.881250,15.240592,-2.796427,29.790342,-24.237207,58.828815,-22.939936
6.887500,21.151821,-2.798630,33.230190,-24.130997,57.833641,-23.171564
6.893750,27.066046,-2.800577,36.902817,-24.051222,56.088211,-23.425179
6.900000,32.980598,-2.802220,40.297871,-24.043516,54.297199,-23.651731
6.906250,38.895527,-2.803273,42.914558,-24.004896,52.866261,-23.816107
6.912500,44.809189,-2.804029,45.518787,-23.964678,50.181343,-23.901108
6.918750,50.716713,-2.805433,46.837780,-23.941774,48.126328,-23.900047
6.925000,56.618778,-2.807850,46.894920,-23.918327,46.420586,-23.808323
6.931250,62.522152,-2.810490,45.761536,-23.840902,44.785950,-23.626316
6.937500,68.429726,-2.813030,45.120052,-23.817720,42.877079,-23.379316
6.943750,74.338737,-2.815825,41.992481,-23.795330,42.168045,-23.106621
6.950000,80.248962,-2.818655,38.769943,-23.754847,40.544285,-22.771059
6.956250,86.163635,-2.820583,35.470070,-23.683805,38.157871,-22.407177
6.962500,92.082054,-2.821439,32.099907,-23.578112,35.388519,-22.050726
6.968750,96.100693,-2.822794,28.641153,-23.444086,32.315094,-21.727715
6.975000,99.837532,-2.825563,25.107515,-23.288191,28.947210,-21.455269
6.981250,102.769318,-2.828679,21.575827,-23.112415,25.293432,-21.240419
6.987500,104.412285,-2.830662,18.124640,-22.917496,21.330532,-21.082876
6.993750,104.336235,-2.831519,14.829634,-22.698292,17.017883,-20.964661
7.000000,102.190315,-2.832379,11.764412,-22.436499,12.227880,-20.897036
7.006250,97.734634,-2.834108,8.942409,-22.107145,8.766690,-20.900822
7.012500,90.852226,-2.836428,8.005270,-21.833305,5.298020,-20.953428
7.018750,81.547874,-2.839033,7.727004,-21.599545,2.251981,-21.034904
7.025000,69.944740,-2.841546,7.208768,-21.335411,0.019413,-21.183218
7.031250,56.279461,-2.843758,8.025179,-21.104944,-2.937772,-21.376640
7.037500,40.891762,-2.845866,9.781237,-20.948462,-4.618434,-21.599300
7.043750,24.206394,-2.848307,12.220723,-20.900341,-5.857335,-21.880543
7.050000,6.716680,-2.850956,15.106007,-20.986012,-6.797609,-22.231676
7.056250,-11.039875,-2.852803,18.267570,-21.194447,-7.532893,-22.658155
7.062500,-28.515814,-2.853246,19.647495,-21.521870,-8.158118,-23.169445
7.068750,-45.184830,-2.852894,22.660343,-21.972702,-8.773499,-23.794838
7.075000,-60.559925,-2.852404,25.223318,-22.522228,-8.846953,-24.384350
7.081250,-74.212234,-2.851538,27.256632,-23.083385,-10.851655,-24.995779
7.087500,-85.798172,-2.849702,28.790176,-23.729628,-13.338651,-25.632463
7.093750,-95.082596,-2.847028,28.519804,-24.411003,-14.590881,-26.273952
7.100000,-101.947876,-2.843979,27.285721,-25.078512,-16.353065,-26.890841
7.106250,-106.395592,-2.840784,24.862806,-25.705738,-18.479298,-27.450891
7.112500,-108.547867,-2.837845,21.079033,-26.279665,-20.805738,-27.919489
7.118750,-108.642265,-2.835552,15.704942,-26.748106,-23.141882,-28.254192
7.125000,-107.017281,-2.833906,10.674760,-27.085615,-27.396679,-28.407078
7.131250,-104.095802,-2.832276,4.767317,-27.300270,-31.735186,-28.417402
7.137500,-100.370277,-2.830645,-1.607232,-27.403418,-36.238300,-28.275053
7.143750,-96.378990,-2.830352,-8.077483,-27.400036,-41.199139,-27.973337
7.150000,-90.501060,-2.832049,-14.275947,-27.295252,-46.619102,-27.524050
7.156250,-84.622330,-2.834723,-19.880848,-27.096235,-52.403999,-26.949793
7.162500,-78.733635,-2.837022,-24.625643,-26.815739,-58.410851,-26.286184
7.168750,-72.838837,-2.839118,-28.318491,-26.473162,-64.487907,-25.585972
7.175000,-66.945045,-2.841911,-30.814110,-26.090376,-70.534302,-24.864832
7.181250,-61.051029,-2.845306,-32.017654,-25.689800,-76.673828,-24.138090
7.187500,-55.150131,-2.848331,-31.886986,-25.290722,-80.596970,-23.464865
7.193750,-49.242359,-2.850792,-30.418541,-24.895876,-83.762215,-22.888401
7.200000,-43.332832,-2.853121,-29.567459,-24.507206,-85.571617,-22.433996
7.206250,-37.422409,-2.855252,-26.128138,-24.196304,-85.419411,-22.064030
7.212500,-31.508879,-2.856815,-21.902731,-23.944187,-84.738518,-21.819216
7.218750,-25.594130,-2.858145,-17.179813,-23.757597,-82.285210,-21.728649
7.225000,-19.682924,-2.860154,-12.234692,-23.625183,-77.962769,-21.764036
7.231250,-13.773289,-2.862586,-7.351683,-23.533493,-72.201431,-21.903414
7.237500,-7.858428,-2.864405,-2.928362,-23.494061,-65.519608,-22.116201
7.243750,-1.938842,-2.865385,2.817470,-23.503315,-58.459866,-22.354685
7.250000,3.978829,-2.866275,8.373755,-23.540848,-51.604065,-22.540821
7.256250,9.891251,-2.867545,14.005315,-23.595304,-46.246426,-22.789728
7.262500,15.801322,-2.869015,18.020929,-23.671558,-40.371006,-23.020588
7.268750,21.710409,-2.870740,22.260582,-23.767824,-35.643005,-23.174911
7.275000,27.617790,-2.873271,26.696367,-23.815750,-32.112038,-23.250631
7.281250,33.523746,-2.876565,30.845194,-23.837570,-29.823244,-23.253185
7.287500,39.435047,-2.879494,34.327614,-23.827610,-28.610250,-23.185015
7.293750,45.354885,-2.881057,37.049385,-23.762051,-28.230387,-23.051836
7.300000,51.277756,-2.881626,39.104179,-23.665649,-28.451305,-22.868986
7.306250,57.196133,-2.881939,40.758110,-23.547743,-29.038893,-22.657665
7.312500,63.106590,-2.882900,41.977276,-23.400284,-29.758892,-22.441811
7.318750,69.012154,-2.884760,42.955090,-23.233976,-30.454014,-22.236946
7.325000,74.917847,-2.887171,42.124435,-23.049492,-31.082531,-22.051765
7.331250,80.829239,-2.889031,41.617802,-22.832975,-31.527756,-21.911070
7.337500,86.747070,-2.889826,41.133018,-22.611946,-31.738743,-21.836132
7.343750,92.664795,-2.890089,40.417088,-22.410109,-31.816540,-21.831367
7.350000,96.682312,-2.890808,39.376236,-22.239067,-30.014378,-21.872849
7.356250,100.421417,-2.892280,37.962925,-22.101360,-28.024729,-21.971132
7.362500,103.354973,-2.893995,36.125946,-21.995686,-25.099722,-22.144489
7.368750,104.993546,-2.895434,33.816914,-21.913088,-23.240110,-22.358101
7.375000,104.908218,-2.896664,30.968540,-21.844141,-20.768864,-22.579651
7.381250,102.756294,-2.898041,29.619282,-21.785065,-17.889944,-22.777475
7.387500,98.299690,-2.899920,28.169865,-21.769032,-14.901051,-22.945858
7.393750,91.417152,-2.902583,26.799120,-21.770451,-10.021950,-23.084919
7.400000,82.110992,-2.905751,25.720787,-21.776031,-4.776256,-23.175390
7.406250,70.508911,-2.908389,25.323307,-21.806211,-0.770509,-23.209349
7.412500,56.848373,-2.909890,25.659277,-21.875517,3.803044,-23.187954
7.418750,41.463554,-2.911035,26.661488,-21.994553,8.574760,-23.118204
7.425000,24.776552,-2.912610,28.186268,-22.172625,13.181873,-23.011463
7.431250,7.282093,-2.914468,30.072689,-22.412148,17.304684,-22.875336
7.437500,-10.481142,-2.915844,32.149292,-22.707886,20.694820,-22.701916
7.443750,-27.968359,-2.916926,36.413078,-23.039318,23.117765,-22.492792
7.450000,-44.649185,-2.918042,39.411167,-23.389130,24.146524,-22.300079
7.456250,-60.030407,-2.918730,42.720715,-23.817261,23.630220,-22.139530
7.462500,-73.680176,-2.918169,46.126900,-24.310463,21.648691,-22.022840
7.468750,-85.262451,-2.916690,49.460117,-24.876354,18.305941,-21.959824
7.475000,-94.546761,-2.915289,52.601917,-25.446951,13.814742,-21.944288
7.481250,-101.411049,-2.913870,55.390282,-26.026730,8.477548,-21.970552
7.487500,-105.850182,-2.911682,55.487064,-26.616173,2.598017,-22.037109
7.493750,-107.986664,-2.908735,54.430229,-27.195637,-3.394650,-22.132338
7.500000,-108.064049,-2.906248,51.714314,-27.724630,-8.893068,-22.245256
7.506250,-106.425423,-2.904670,49.014206,-28.182079,-13.180996,-22.375273
7.512500,-103.491898,-2.903319,44.381531,-28.570026,-15.670732,-22.502335
7.518750,-99.752480,-2.901838,38.123520,-28.860249,-15.814702,-22.607571
7.525000,-95.744797,-2.901029,30.589411,-29.037830,-13.067593,-22.686838
7.531250,-89.850128,-2.901579,22.095133,-29.104937,-9.062389,-22.734024
7.537500,-83.957779,-2.902900,13.016227,-29.075144,-3.779169,-22.720533
7.543750,-78.063408,-2.904297,3.924675,-28.919514,4.074570,-22.661663
7.550000,-72.169395,-2.906351,-4.718919,-28.662457,13.513950,-22.574894
7.556250,-66.278526,-2.909585,-12.640182,-28.338230,23.639711,-22.479206
7.562500,-60.386436,-2.913393,-21.256365,-27.964859,33.580685,-22.397890
7.568750,-54.488724,-2.917037,-28.400820,-27.547853,42.537991,-22.347965
7.575000,-48.585209,-2.920204,-33.986713,-27.128916,50.004490,-22.287092
7.581250,-42.678677,-2.922886,-37.812786,-26.723898,55.205570,-22.251204
7.587500,-36.770329,-2.924861,-40.151264,-26.336069,59.640530,-22.259329
7.593750,-30.861609,-2.926120,-41.192974,-25.976280,61.642517,-22.315130
7.600000,-24.956129,-2.927296,-41.035446,-25.649305,61.577206,-22.410988
7.606250,-19.056370,-2.929100,-39.780933,-25.356487,59.881535,-22.533573
7.612500,-13.158010,-2.930935,-37.575298,-25.093456,57.032345,-22.666729
7.618750,-7.257968,-2.932324,-34.601128,-24.853672,53.478699,-22.811607
7.625000,-1.358219,-2.933563,-31.123703,-24.633116,49.613808,-22.992603
7.631250,4.536232,-2.935518,-25.277170,-24.427389,45.844463,-23.168455
7.637500,10.427077,-2.938099,-20.613197,-24.229053,42.054379,-23.296211
7.643750,16.318127,-2.940838,-15.237244,-23.998201,38.951351,-23.399181
7.650000,22.210806,-2.943801,-9.503650,-23.697475,36.584011,-23.482576
7.656250,28.100960,-2.947736,-4.198842,-23.396439,34.737572,-23.560888
7.662500,33.989246,-2.952963,0.037604,-23.093306,33.108482,-23.637808
7.668750,39.882191,-2.958673,5.190465,-22.783592,31.428030,-23.710804
7.675000,45.786407,-2.963737,9.505954,-22.477055,31.276379,-23.786472
7.681250,51.699245,-2.967837,13.129911,-22.192806,30.633907,-23.875399
7.687500,57.615871,-2.971322,16.267374,-21.954710,29.610912,-23.985744
7.693750,63.533218,-2.974349,19.204351,-21.770842,28.287176,-24.129938
7.700000,69.451813,-2.976848,20.454372,-21.633251,26.713987,-24.339722
7.706250,75.372009,-2.978744,21.856604,-21.556171,24.902014,-24.557205
7.712500,81.292526,-2.980013,23.109131,-21.536444,21.980181,-24.752071
7.718750,87.212067,-2.980739,23.990463,-21.559069,20.603184,-24.986710
7.725000,93.131126,-2.980856,24.105841,-21.655764,19.121342,-25.253551
7.731250,97.153175,-2.980439,23.206337,-21.809351,17.821035,-25.529539
7.737500,100.896706,-2.980149,21.271725,-21.990194,16.834879,-25.784065
7.743750,103.827179,-2.980725,20.309206,-22.172466,16.242666,-25.975138
7.750000,105.455696,-2.982163,18.755301,-22.336754,16.029379,-26.069113
7.756250,105.359718,-2.983827,16.899916,-22.470848,15.850510,-26.104259
7.762500,103.201218,-2.985480,14.955819,-22.576147,15.698150,-26.051405
7.768750,98.739769,-2.987551,13.113765,-22.650120,15.606254,-25.899378
7.775000,91.852188,-2.990723,11.618976,-22.688200,15.440489,-25.650097
7.781250,82.541786,-2.994760,10.626157,-22.699114,15.058347,-25.319578
7.787500,70.937271,-2.998380,10.192592,-22.695684,14.344457,-24.932699
7.793750,57.276596,-3.001147,10.340672,-22.690889,13.262133,-24.514400
7.800000,41.895203,-3.003437,11.052785,-22.696072,11.912475,-24.054705
7.806250,25.216522,-3.005479,12.305223,-22.711758,10.437741,-23.543224
7.812500,7.735083,-3.006811,12.146202,-22.738939,8.896628,-23.039783
7.818750,-10.015945,-3.007157,14.169003,-22.791891,6.210143,-22.609615
7.825000,-27.494268,-3.007027,16.251747,-22.898275,3.978931,-22.246008
7.831250,-44.170639,-3.006876,18.185741,-23.081482,2.134500,-21.953518
7.837500,-59.549061,-3.006115,19.899994,-23.368055,0.761019,-21.730663
7.843750,-73.200119,-3.004121,21.313547,-23.708603,0.009432,-21.579494
7.850000,-84.788788,-3.001769,22.981533,-24.082418,-0.026552,-21.509886
7.856250,-94.084587,-3.000196,24.091749,-24.510290,-1.420233,-21.519064
7.862500,-100.961708,-2.999158,24.706484,-24.977785,-2.647044,-21.595039
7.868750,-105.412766,-2.997490,22.986511,-25.454372,-4.026025,-21.722399
7.875000,-107.558113,-2.994973,20.564684,-25.918991,-5.810059,-21.875216
7.881250,-107.642448,-2.992498,18.962915,-26.368958,-8.190068,-21.999039
7.887500,-106.010178,-2.990657,16.412638,-26.778751,-11.268338,-22.129902
7.893750,-103.083359,-2.989019,13.102313,-27.129766,-14.077929,-22.273348
7.900000,-99.351944,-2.987447,9.229673,-27.392931,-16.990013,-22.366762
7.906250,-95.351891,-2.986927,5.095183,-27.542850,-19.874325,-22.418711
7.912500,-89.461586,-2.987654,0.814099,-27.588554,-22.453272,-22.440905
7.918750,-83.567795,-2.987654,-3.406555,-27.588554,-24.328472,-22.440905
7.925000,-83.567795,-2.987654,-3.406555,-27.588554,-24.328472,-22.440905
7.931250,-83.567795,-2.987654,-3.406555,-27.588554,-24.328472,-22.440905
7.937500,-83.567795,-2.987654,-3.406555,-27.588554,-24.328472,-22.440905
7.943750,-83.567795,-2.987654,-3.406555,-27.588554,-24.328472,-22.440905
7.950000,-83.567795,-2.987654,-3.406555,-27.588554,-24.328472,-22.440905
7.956250,-83.567795,-2.987654,-3.406555,-27.588554,-24.328472,-22.440905
7.962500,-83.567795,-2.987654,-3.406555,-27.588554,-24.328472,-22.440905
7.968750,-83.567795,-2.987654,-3.406555,-27.588554,-24.328472,-22.440905
7.975000,-83.567795,-2.987654,-3.406555,-27.588554,-24.328472,-22.440905
7.981250,-83.567795,-2.987654,-3.406555,-27.588554,-24.328472,-22.440905
7.987500,-83.567795,-2.987654,-3.406555,-27.588554,-24.328472,-22.440905
7.993750,-83.567795,-2.987654,-3.406555,-27.588554,-24.328472,-22.440905
8.000000,-83.567795,-2.987654,-3.406555,-27.588554,-24.328472,-22.440905
