Anritsu VNA Frequency[GHz],S21[deg],S21[dB],S11[deg],S11[dB],S22[deg],S22[dB]
1338070718.77,2012_05_26_23:18:38,+42.531,+24.511,+59.284,+24.583,+33.160,+33.912,+34.874,+34.543,31.045401,-15.384
3.006250,36.039013,-1.887434,61.384434,-26.773123,-77.715088,-27.772182
3.012500,36.039013,-1.887434,61.384434,-26.773123,-77.715088,-27.772182
3.018750,36.039013,-1.887434,61.384434,-26.773123,-77.715088,-27.772182
3.025000,36.039013,-1.887434,61.384434,-26.773123,-77.715088,-27.772182
3.031250,36.039013,-1.887434,61.384434,-26.773123,-77.715088,-27.772182
3.037500,36.039013,-1.887434,61.384434,-26.773123,-77.715088,-27.772182
3.043750,36.039013,-1.887434,61.384434,-26.773123,-77.715088,-27.772182
3.050000,36.039013,-1.887434,61.384434,-26.773123,-77.715088,-27.772182
3.056250,36.039013,-1.887434,61.384434,-26.773123,-77.715088,-27.772182
3.062500,36.039013,-1.887434,61.384434,-26.773123,-77.715088,-27.772182
3.068750,36.039013,-1.887434,61.384434,-26.773123,-77.715088,-27.772182
3.075000,36.039013,-1.887434,61.384434,-26.773123,-77.715088,-27.772182
3.081250,36.039013,-1.887434,61.384434,-26.773123,-77.715088,-27.772182
3.087500,36.039013,-1.887434,61.384434,-26.773123,-77.715088,-27.772182
3.093750,36.039013,-1.889410,61.384434,-26.572227,-77.715088,-27.474363
3.100000,41.950336,-1.891749,58.512695,-26.415619,-79.924675,-27.203539
3.106250,47.861652,-1.894133,54.775017,-26.329479,-80.494751,-26.962427
3.112500,53.773518,-1.896587,50.559013,-26.331141,-79.068527,-26.729126
3.118750,59.684490,-1.899252,44.469353,-26.376625,-77.508324,-26.366936
3.125000,65.594452,-1.902069,39.543694,-26.416637,-73.723816,-26.094114
3.131250,71.503853,-1.904999,35.080162,-26.482269,-67.656349,-25.795811
3.137500,77.412262,-1.908268,31.314238,-26.576042,-59.895138,-25.461340
3.143750,83.319000,-1.912074,28.453802,-26.690474,-50.600567,-25.098421
3.150000,89.226418,-1.916181,26.674156,-26.810900,-39.918682,-24.719229
3.156250,95.137016,-1.920050,26.091963,-26.923498,-28.022057,-24.342699
3.162500,99.155045,-1.923633,26.768753,-27.014072,-15.104103,-23.992102
3.168750,102.900253,-1.927283,28.719046,-27.073599,-3.265773,-23.711670
3.175000,105.839172,-1.931153,31.968502,-27.082172,8.942338,-23.464455
3.181250,107.480713,-1.935115,34.742088,-27.026855,21.408504,-23.236525
3.187500,107.400169,-1.938865,38.551556,-26.922878,32.864136,-23.061874
3.193750,105.256409,-1.942322,42.670135,-26.781582,42.869179,-22.957180
3.200000,100.811714,-1.945472,46.511456,-26.611017,51.100727,-22.927250
3.206250,93.944290,-1.948230,49.589550,-26.421329,57.271553,-22.972109
3.212500,84.652748,-1.950779,51.484165,-26.226425,61.189007,-23.098667
3.218750,73.056816,-1.953459,51.881084,-26.037970,62.759449,-23.297729
3.225000,59.394993,-1.956072,52.778957,-25.851339,61.716606,-23.504519
3.231250,44.010288,-1.958131,52.726677,-25.666525,58.321449,-23.730190
3.237500,27.328259,-1.959897,50.239136,-25.484373,54.712017,-23.968149
3.243750,9.836861,-1.961897,47.428074,-25.285063,49.386425,-24.196936
3.250000,-7.931629,-1.964481,44.181671,-25.101772,43.011604,-24.396833
3.256250,-25.426800,-1.967226,40.144455,-24.953876,36.186367,-24.564346
3.262500,-42.113522,-1.969651,35.542316,-24.824387,29.540148,-24.688337
3.268750,-57.501026,-1.971743,30.336287,-24.708773,23.744333,-24.759899
3.275000,-71.165474,-1.973884,24.413277,-24.605864,19.338137,-24.777767
3.281250,-82.767151,-1.976458,17.669458,-24.507362,16.760849,-24.746990
3.287500,-92.067146,-1.979364,10.015136,-24.400261,16.304293,-24.679718
3.293750,-98.941513,-1.982424,1.409798,-24.250208,18.110712,-24.577106
3.300000,-103.389481,-1.985355,-5.991439,-24.084200,22.214424,-24.440651
3.306250,-105.532463,-1.988050,-14.524563,-23.954920,28.488178,-24.294249
3.312500,-105.608322,-1.990489,-23.045574,-23.838440,36.622761,-24.168011
3.318750,-103.958405,-1.992809,-31.251654,-23.740696,46.234272,-24.083414
3.325000,-101.010284,-1.994933,-38.884354,-23.677801,56.871906,-24.052702
3.331250,-97.255127,-1.996721,-45.685219,-23.672987,68.018555,-24.080639
3.337500,-93.226120,-1.998116,-51.473888,-23.790297,79.099709,-24.166685
3.343750,-87.302071,-1.999133,-56.160889,-23.944057,89.542213,-24.298986
3.350000,-81.378593,-1.999777,-60.399609,-24.151451,99.105095,-24.430035
3.356250,-75.455780,-2.000107,-63.590519,-24.457333,107.528534,-24.595219
3.362500,-69.534714,-2.000236,-64.039543,-24.885660,113.614700,-24.818396
3.368750,-63.615601,-2.000118,-63.438679,-25.421154,117.488022,-25.084581
3.375000,-57.696964,-1.999453,-61.670803,-26.038568,118.766373,-25.423052
3.381250,-51.780579,-1.998338,-58.754955,-26.704908,117.298340,-25.751558
3.387500,-45.869797,-1.997565,-54.797379,-27.383142,113.653831,-26.064758
3.393750,-39.965759,-1.997558,-49.964005,-28.029570,107.350891,-26.360722
3.400000,-34.064060,-1.997977,-44.476032,-28.601480,98.914177,-26.623857
3.406250,-28.161268,-1.998217,-38.663483,-29.076450,89.352493,-26.895538
3.412500,-22.259054,-1.998594,-32.860142,-29.430883,79.351814,-27.140688
3.418750,-16.361387,-1.999823,-27.022022,-29.641949,67.522072,-27.336802
3.425000,-10.467109,-2.002035,-21.163849,-29.703760,56.147892,-27.477497
3.431250,-4.570024,-2.004436,-15.579848,-29.627882,45.658897,-27.567642
3.437500,1.331110,-2.006758,-10.483319,-29.404842,36.502708,-27.614202
3.443750,7.232108,-2.009648,-5.848886,-29.026836,29.328773,-27.564373
3.450000,13.131230,-2.013515,-2.044543,-28.536987,22.468748,-27.444855
3.456250,19.034079,-2.017660,0.857489,-27.973217,17.673712,-27.269386
3.462500,24.945143,-2.021156,2.965043,-27.384281,14.638910,-27.041786
3.468750,30.861647,-2.024067,4.473831,-26.800423,13.046563,-26.759216
3.475000,36.778503,-2.026700,5.654633,-26.287947,12.553348,-26.435585
3.481250,42.694420,-2.029213,6.834605,-25.822990,12.766928,-26.085630
3.487500,48.609806,-2.031756,6.887395,-25.416006,13.308149,-25.704052
3.493750,54.523964,-2.034641,7.306664,-25.106775,13.762384,-25.296692
3.500000,60.437168,-2.037946,7.964224,-24.903439,13.695354,-24.875069
3.506250,66.353188,-2.041071,8.798508,-24.794342,12.775858,-24.448530
3.512500,72.273125,-2.043340,9.723042,-24.749186,10.736310,-24.025780
3.518750,78.193481,-2.045370,10.693151,-24.680107,7.381188,-23.611496
3.525000,84.108231,-2.048216,11.704133,-24.651752,2.563768,-23.211483
3.531250,90.018402,-2.052121,13.534697,-24.635813,-1.681685,-22.839252
3.537500,95.930580,-2.056292,15.566098,-24.591328,-6.805980,-22.511171
3.543750,99.954117,-2.060161,17.966856,-24.507233,-12.374117,-22.227806
3.550000,103.707703,-2.064126,20.950903,-24.361265,-18.105127,-21.950878
3.556250,106.654381,-2.068760,22.853914,-24.148870,-23.548208,-21.647394
3.562500,108.306015,-2.073733,25.277647,-23.897875,-28.399948,-21.404135
3.568750,108.241348,-2.077930,27.753040,-23.635185,-33.265751,-21.237661
3.575000,106.120918,-2.080792,29.896416,-23.386822,-35.705368,-21.144701
3.581250,101.701401,-2.082572,31.332916,-23.185869,-37.588161,-21.144049
3.587500,94.856476,-2.083894,31.731829,-23.069933,-38.873043,-21.190624
3.593750,85.586075,-2.084856,30.929869,-23.032248,-39.446758,-21.304411
3.600000,74.015823,-2.084808,31.036076,-23.078791,-39.026413,-21.501831
3.606250,60.383068,-2.083412,30.383533,-23.225756,-37.673206,-21.777039
3.612500,45.023586,-2.081194,29.392494,-23.463520,-35.564911,-22.104792
3.618750,28.360889,-2.078582,28.480436,-23.802088,-32.983139,-22.455927
3.625000,10.888403,-2.075421,27.790733,-24.256699,-30.567194,-22.872372
3.631250,-6.859385,-2.071439,27.878761,-24.790958,-26.472256,-23.318174
3.637500,-24.339220,-2.067121,29.065861,-25.369493,-22.309822,-23.764439
3.643750,-41.022701,-2.063183,31.501116,-25.955048,-18.017191,-24.190182
3.650000,-56.416981,-2.059948,33.324764,-26.503553,-13.617581,-24.577917
3.656250,-70.091560,-2.057328,36.097004,-26.946751,-9.160021,-24.910646
3.662500,-81.704536,-2.055461,39.036873,-27.304293,-4.723650,-25.181736
3.668750,-91.018875,-2.054522,43.041420,-27.571495,-0.454922,-25.397223
3.675000,-97.910965,-2.054235,46.411617,-27.716093,3.513437,-25.556705
3.681250,-102.377930,-2.054189,48.896870,-27.732302,7.068605,-25.658798
3.687500,-104.543106,-2.054553,50.250446,-27.630854,10.058198,-25.706314
3.693750,-104.646332,-2.056173,50.317245,-27.437580,12.335486,-25.708109
3.700000,-103.027031,-2.058922,49.069008,-27.164600,13.793313,-25.676744
3.706250,-100.105927,-2.061895,46.692867,-26.821390,14.434317,-25.608837
3.712500,-96.373100,-2.064570,43.172112,-26.448967,14.371219,-25.496668
3.718750,-92.366035,-2.067570,36.769886,-26.078291,13.649899,-25.345098
3.725000,-86.465675,-2.071172,29.403679,-25.728586,12.478966,-25.166861
3.731250,-80.563622,-2.074858,20.819376,-25.440006,11.378717,-25.005428
3.737500,-74.656158,-2.078050,12.948700,-25.242435,10.727920,-24.872568
3.743750,-68.746025,-2.080903,4.518897,-25.126108,10.879473,-24.790541
3.750000,-62.836601,-2.083757,-3.897906,-25.078491,12.509173,-24.688017
3.756250,-56.928806,-2.086562,-11.886060,-25.095514,12.205444,-24.572920
3.762500,-51.019798,-2.089104,-19.023407,-25.158373,13.133948,-24.441931
3.768750,-45.110912,-2.091568,-24.863729,-25.229702,14.998960,-24.348343
3.775000,-39.203236,-2.094293,-29.152151,-25.315954,17.423525,-24.283546
3.781250,-33.296379,-2.097047,-31.794142,-25.409695,19.769930,-24.230618
3.787500,-27.388197,-2.099553,-32.437435,-25.488527,21.680590,-24.181709
3.793750,-21.479862,-2.102018,-30.970049,-25.559818,22.858576,-24.139000
3.800000,-15.573652,-2.104908,-29.302553,-25.584446,23.108377,-24.096922
3.806250,-9.668441,-2.108048,-25.151218,-25.516775,22.436882,-24.019049
3.812500,-3.761986,-2.111389,-19.939911,-25.400320,20.749189,-23.910568
3.818750,2.144874,-2.115054,-14.247154,-25.252131,17.933228,-23.781151
3.825000,8.052176,-2.119096,-8.620649,-25.085653,14.112430,-23.637133
3.831250,13.963056,-2.122892,-1.417279,-24.914894,9.550838,-23.488691
3.837500,19.877518,-2.126187,5.536105,-24.753736,4.571998,-23.366484
3.843750,25.791843,-2.129569,12.380084,-24.600119,-0.464608,-23.246290
3.850000,31.703539,-2.133451,17.420700,-24.446934,-6.343674,-23.088707
3.856250,37.616142,-2.137274,22.343241,-24.303385,-11.766761,-22.938351
3.862500,43.532703,-2.140342,26.710770,-24.169573,-16.758484,-22.805685
3.868750,49.449093,-2.143336,30.188452,-24.034101,-21.310884,-22.689140
3.875000,55.358910,-2.147330,32.460995,-23.875229,-25.457325,-22.579020
3.881250,61.264843,-2.152554,33.205513,-23.690634,-29.270887,-22.459431
3.887500,67.173996,-2.157971,31.992514,-23.490940,-32.925274,-22.331327
3.893750,73.090103,-2.162972,28.742336,-23.258074,-36.690285,-22.201809
3.900000,79.008186,-2.168138,25.554981,-22.980598,-40.713497,-22.063538
3.906250,84.923363,-2.174345,20.991344,-22.657619,-45.186821,-21.914629
3.912500,90.838493,-2.181553,15.524255,-22.290972,-48.459999,-21.750706
3.918750,96.759872,-2.189168,9.627589,-21.887051,-52.397758,-21.560949
3.925000,100.795135,-2.196638,3.682441,-21.471281,-56.717888,-21.319113
3.931250,104.565132,-2.203698,-1.973336,-21.069893,-61.332726,-21.100109
3.937500,107.536148,-2.210302,-6.924868,-20.703806,-64.073502,-20.911924
3.943750,109.215393,-2.216264,-10.840846,-20.395231,-65.868645,-20.760881
3.950000,109.176537,-2.221162,-13.500458,-20.166288,-66.129585,-20.660511
3.956250,107.078621,-2.224413,-14.781939,-20.035307,-64.378021,-20.625816
3.962500,102.682442,-2.225942,-14.635692,-20.012985,-60.245754,-20.668892
3.968750,95.862373,-2.225986,-13.067900,-20.097448,-53.484798,-20.798313
3.975000,86.615273,-2.224741,-12.039758,-20.260012,-43.997852,-21.023947
3.981250,75.062347,-2.222153,-7.878581,-20.529301,-31.858965,-21.385279
3.987500,61.439156,-2.218448,-3.447104,-20.916460,-18.727404,-21.780348
3.993750,46.084110,-2.213912,1.837077,-21.367723,-3.720237,-22.276926
4.000000,29.423582,-2.208697,7.399077,-21.877811,12.252811,-22.881428
4.006250,11.949946,-2.202818,12.865256,-22.431417,28.317242,-23.615377
4.012500,-5.805872,-2.196739,17.962372,-23.002220,43.476105,-24.376135
4.018750,-23.299791,-2.191272,22.444803,-23.558689,56.218380,-25.111591
4.025000,-39.998531,-2.186672,26.039742,-24.083538,68.142609,-25.840714
4.031250,-55.405434,-2.182581,28.723337,-24.568499,78.012474,-26.589823
4.037500,-69.091278,-2.179059,30.638132,-24.993906,84.779930,-27.302061
4.043750,-80.718315,-2.176742,31.684502,-25.346300,88.706062,-27.946817
4.050000,-90.047729,-2.175790,31.770596,-25.624554,90.160782,-28.506512
4.056250,-96.952164,-2.175267,30.892906,-25.821217,89.660049,-28.970882
4.062500,-101.428986,-2.174529,29.218634,-25.916822,86.003136,-29.311705
4.068750,-103.605492,-2.174529,26.822239,-25.925961,81.627151,-29.511786
4.075000,-103.724327,-2.176470,23.832804,-25.865498,76.664200,-29.577497
4.081250,-102.119492,-2.179726,20.551582,-25.748510,71.398994,-29.513670
4.087500,-99.208969,-2.182879,17.355257,-25.583372,66.239609,-29.321655
4.093750,-95.483856,-2.185400,14.665831,-25.377792,59.474464,-29.006641
4.100000,-91.485794,-2.188138,11.003382,-25.144983,52.914112,-28.587353
4.106250,-85.597252,-2.191706,8.440058,-24.890774,46.493446,-28.101803
4.112500,-79.709206,-2.195871,6.927549,-24.608032,40.265026,-27.518623
4.118750,-73.818176,-2.200360,6.275405,-24.309105,34.455067,-26.861298
4.125000,-67.925713,-2.205410,6.199013,-24.009285,28.734669,-26.172262
4.131250,-62.031967,-2.211069,6.502018,-23.718172,23.179100,-25.482029
4.137500,-56.133675,-2.216844,7.018706,-23.439871,17.900789,-24.814312
4.143750,-50.229465,-2.222350,7.592549,-23.174170,13.017828,-24.186905
4.150000,-44.322178,-2.227847,8.048600,-22.920630,8.617541,-23.612965
4.156250,-38.414490,-2.233698,10.374341,-22.676794,4.761322,-23.094122
4.162500,-32.505615,-2.239904,13.036925,-22.435244,1.482082,-22.619743
4.168750,-26.593241,-2.246277,14.484202,-22.184647,0.422766,-22.235712
4.175000,-20.676985,-2.252787,16.515776,-21.940706,-1.113882,-21.913427
4.181250,-14.756899,-2.259248,18.780277,-21.710079,-1.473460,-21.651617
4.187500,-8.832253,-2.265425,20.974884,-21.498745,-0.848794,-21.404457
4.193750,-2.902792,-2.271232,22.795483,-21.313150,0.638790,-21.241667
4.200000,3.030336,-2.276473,23.949123,-21.161007,3.467234,-21.169170
4.206250,8.966932,-2.280828,24.181618,-21.049675,4.691823,-21.166967
4.212500,14.906197,-2.284116,25.480911,-20.977938,7.235428,-21.185047
4.218750,20.844770,-2.286615,26.393433,-20.934711,8.824147,-21.227922
4.225000,26.779787,-2.288874,25.420959,-20.915138,9.488877,-21.298536
4.231250,32.710621,-2.290938,24.542387,-20.907951,9.085560,-21.384562
4.237500,38.639179,-2.292789,23.556164,-20.910124,7.442841,-21.464823
4.243750,44.565407,-2.294356,22.135340,-20.938288,6.490480,-21.543320
4.250000,50.490284,-2.295555,20.103451,-20.979239,4.602911,-21.621531
4.256250,56.413319,-2.296306,17.325916,-21.014755,2.275545,-21.683424
4.262500,62.331635,-2.297067,13.575608,-21.030008,-0.076826,-21.716942
4.268750,68.243156,-2.298578,8.654469,-21.014196,-2.105651,-21.710558
4.275000,74.147774,-2.301199,2.382319,-20.960184,-3.506153,-21.656372
4.281250,80.051514,-2.304464,-3.236560,-20.856636,-4.017013,-21.542055
4.287500,85.957100,-2.308112,-9.725197,-20.698498,-3.443389,-21.339602
4.293750,91.862007,-2.312888,-16.804899,-20.505470,-1.837800,-21.105328
4.300000,95.871162,-2.318986,-24.132963,-20.281864,0.449934,-20.851820
4.306250,99.613480,-2.325392,-31.271605,-20.030401,3.625041,-20.573664
4.312500,102.561615,-2.330998,-37.901726,-19.761032,7.488330,-20.279217
4.318750,104.218765,-2.336072,-43.758526,-19.487356,11.771892,-19.980919
4.325000,104.150322,-2.341602,-48.644207,-19.229290,16.167675,-19.696159
4.331250,102.017059,-2.347512,-52.420731,-19.008825,20.362465,-19.440443
4.337500,97.588951,-2.352831,-54.996754,-18.863255,24.078892,-19.219130
4.343750,90.746132,-2.357023,-56.371887,-18.745108,27.088440,-18.990374
4.350000,81.484024,-2.360250,-55.592079,-18.675600,29.048037,-18.845438
4.356250,69.921844,-2.362408,-53.517452,-18.707684,31.476784,-18.786556
4.362500,56.297012,-2.363060,-49.979610,-18.843863,33.199238,-18.823181
4.368750,40.948341,-2.362436,-45.058159,-19.077427,34.582165,-18.981119
4.375000,24.296534,-2.361335,-38.959839,-19.396778,35.925079,-19.217051
4.381250,6.833566,-2.359742,-31.959387,-19.782606,37.180149,-19.495726
4.387500,-10.903528,-2.357064,-24.379385,-20.209721,39.196190,-19.823751
4.393750,-28.370062,-2.353438,-16.623859,-20.660549,40.308598,-20.236002
4.400000,-45.040100,-2.350043,-9.144683,-21.122900,42.121586,-20.709684
4.406250,-60.421333,-2.347067,-2.044499,-21.579420,44.185314,-21.216597
4.412500,-74.081329,-2.343804,4.613588,-22.016048,46.202450,-21.736910
4.418750,-85.678169,-2.340173,10.528296,-22.424694,47.950470,-22.255800
4.425000,-94.979858,-2.337113,15.538467,-22.753893,49.323402,-22.731365
4.431250,-101.866615,-2.335113,19.579187,-22.992485,50.343922,-23.128752
4.437500,-106.332733,-2.333505,22.357567,-23.151752,50.792233,-23.443380
4.443750,-108.496986,-2.332118,23.913277,-23.238781,50.642998,-23.668119
4.450000,-108.600304,-2.331738,24.426006,-23.254999,50.014854,-23.794863
4.456250,-106.984749,-2.332911,24.148935,-23.204313,49.075562,-23.821159
4.462500,-104.071938,-2.334933,23.407089,-23.095669,48.004677,-23.751741
4.468750,-100.348526,-2.337308,22.606415,-22.946260,47.021877,-23.604923
4.475000,-96.350189,-2.340410,20.320971,-22.762150,46.403370,-23.381239
4.481250,-90.457085,-2.344380,18.789400,-22.531912,44.856632,-23.052490
4.487500,-84.559387,-2.348501,17.796965,-22.285442,43.992054,-22.666540
4.493750,-78.656395,-2.352365,17.164820,-22.045660,43.464088,-22.255035
4.500000,-72.753426,-2.357045,16.833693,-21.825249,43.053680,-21.841187
4.506250,-66.853287,-2.363280,16.762806,-21.626900,42.559147,-21.441200
4.512500,-60.948185,-2.370017,16.905762,-21.440971,41.773293,-21.065432
4.518750,-55.030163,-2.375803,17.198385,-21.227217,40.467728,-20.723894
4.525000,-49.102936,-2.380539,17.555004,-21.027107,38.354523,-20.448442
4.531250,-43.175468,-2.385421,19.051922,-20.884247,35.027889,-20.242458
4.537500,-37.250145,-2.390860,20.967203,-20.757132,31.792734,-20.070164
4.543750,-31.319590,-2.396075,21.804464,-20.624022,27.159176,-19.947325
4.550000,-25.380566,-2.400308,23.206196,-20.510118,21.486553,-19.853703
4.556250,-19.435953,-2.403581,24.739712,-20.437962,15.125528,-19.832170
4.562500,-13.489669,-2.406297,26.079956,-20.426895,8.883999,-19.915297
4.568750,-7.542720,-2.408450,26.915245,-20.501144,2.698353,-20.102539
4.575000,-1.593123,-2.409809,26.953484,-20.708605,-3.241457,-20.336021
4.581250,4.359772,-2.409966,25.956877,-21.000370,-8.727858,-20.621317
4.587500,10.313339,-2.408839,24.840525,-21.368586,-13.198774,-20.973631
4.593750,16.265022,-2.406721,22.950714,-21.839874,-16.484106,-21.387350
4.600000,22.212847,-2.403845,20.314821,-22.419264,-18.547445,-21.843319
4.606250,28.156525,-2.400010,16.871019,-23.181072,-19.532089,-22.345549
4.612500,34.095486,-2.395224,13.170900,-23.974874,-19.733379,-22.889250
4.618750,40.025124,-2.390488,9.077954,-24.843924,-19.248735,-23.450994
4.625000,45.943016,-2.386482,4.683308,-25.770102,-18.359304,-24.014793
4.631250,51.854195,-2.382728,0.259332,-26.720306,-17.395733,-24.567274
4.637500,57.764168,-2.378231,-3.937735,-27.652046,-16.721899,-25.092554
4.643750,63.670078,-2.373387,-7.660967,-28.513088,-16.707466,-25.557190
4.650000,69.562927,-2.369735,-12.598655,-29.243862,-17.707518,-25.916039
4.656250,75.441460,-2.368177,-14.858710,-29.806911,-20.076229,-26.160225
4.662500,81.313515,-2.368272,-16.454525,-30.195786,-22.341967,-26.324823
4.668750,87.184837,-2.369627,-17.296179,-30.380226,-25.952467,-26.382376
4.675000,93.056091,-2.372459,-17.368513,-30.345362,-30.620977,-26.323568
4.681250,97.033119,-2.376668,-16.782017,-30.091478,-36.126923,-26.148104
4.687500,100.741066,-2.381697,-15.720385,-29.639864,-42.239170,-25.866543
4.693750,103.647064,-2.387681,-14.414801,-29.027554,-48.688927,-25.491100
4.700000,105.255547,-2.395491,-13.137734,-28.289099,-55.134369,-25.026110
4.706250,105.141541,-2.405107,-12.363151,-27.423746,-61.205181,-24.464605
4.712500,102.974831,-2.414814,-12.381666,-26.474339,-66.492409,-23.844332
4.718750,98.522926,-2.423260,-13.467968,-25.508783,-72.363678,-23.236637
4.725000,91.655556,-2.431072,-14.057629,-24.597601,-77.336700,-22.658669
4.731250,82.365334,-2.439152,-15.755416,-23.765774,-81.583763,-22.147619
4.737500,70.776657,-2.446824,-18.300978,-23.033314,-85.291916,-21.673681
4.743750,57.132568,-2.452982,-21.495604,-22.414223,-88.816330,-21.237429
4.750000,41.769512,-2.457809,-25.111876,-21.907789,-90.057373,-20.842596
4.756250,25.106583,-2.462215,-28.879925,-21.470501,-90.593117,-20.551060
4.762500,7.636249,-2.466061,-32.526787,-21.149790,-89.862411,-20.362139
4.768750,-10.104444,-2.468755,-34.575668,-20.952879,-87.777512,-20.254547
4.775000,-27.571033,-2.470296,-35.468403,-20.837578,-84.038727,-20.213978
4.781250,-44.236259,-2.471354,-34.632599,-20.767368,-78.394798,-20.235657
4.787500,-59.609871,-2.472409,-33.451073,-20.660885,-70.645615,-20.305040
4.793750,-73.263153,-2.473505,-30.444489,-20.604464,-62.356354,-20.365746
4.800000,-84.854362,-2.474783,-25.696836,-20.544388,-52.114166,-20.432102
4.806250,-94.144981,-2.476210,-19.663963,-20.473049,-40.619957,-20.497889
4.812500,-101.012764,-2.477664,-12.891479,-20.388775,-28.488132,-20.550091
4.818750,-105.457443,-2.479380,-5.923993,-20.291365,-16.318716,-20.573980
4.825000,-107.602982,-2.482006,0.691591,-20.186985,-4.666078,-20.572777
4.831250,-107.683678,-2.485339,8.582812,-20.091125,5.953091,-20.566589
4.837500,-106.033478,-2.488031,15.934232,-20.019501,15.115661,-20.550619
4.843750,-103.078476,-2.489609,21.090754,-19.945137,22.845316,-20.473366
4.850000,-99.319885,-2.491336,25.889994,-19.878559,28.670454,-20.373686
4.856250,-95.296181,-2.494535,29.813011,-19.837084,32.487411,-20.268867
4.862500,-89.379074,-2.498450,32.590778,-19.826786,34.452057,-20.168787
4.868750,-83.452919,-2.501435,34.090260,-19.836788,34.842979,-20.072786
4.875000,-77.519470,-2.503455,34.271793,-19.845652,34.000153,-19.980406
4.881250,-71.588402,-2.505497,33.191574,-19.838114,32.252682,-19.896765
4.887500,-65.661644,-2.507983,31.210873,-19.841368,29.951624,-19.826826
4.893750,-59.735550,-2.510633,28.559479,-19.846588,27.473192,-19.774313
4.900000,-53.807915,-2.513296,25.378120,-19.851612,25.170229,-19.736418
4.906250,-47.878685,-2.516047,21.964899,-19.857771,23.368752,-19.701059
4.912500,-41.948509,-2.518573,18.526459,-19.847450,22.346931,-19.642498
4.918750,-36.015926,-2.520837,15.349395,-19.834242,22.512438,-19.600979
4.925000,-30.083628,-2.523334,12.817922,-19.841249,24.437737,-19.591404
4.931250,-24.150944,-2.526046,11.110603,-19.885044,25.851347,-19.608105
4.937500,-18.213703,-2.528010,10.330178,-19.975142,28.242100,-19.653522
4.943750,-12.268887,-2.528467,10.505384,-20.118147,31.241980,-19.734850
4.950000,-6.324168,-2.528156,11.624115,-20.311985,34.483200,-19.857040
4.956250,-0.385489,-2.528053,13.631026,-20.548967,37.613129,-20.027752
4.962500,5.549883,-2.527755,14.517587,-20.811066,40.259075,-20.314001
4.968750,11.487704,-2.526447,17.912556,-21.082750,41.989994,-20.522530
4.975000,17.424467,-2.524691,21.515680,-21.387516,43.430454,-20.793892
4.981250,23.355734,-2.522996,25.171438,-21.702435,43.731686,-21.125912
4.987500,29.283796,-2.520905,28.706173,-22.015213,42.948875,-21.508535
4.993750,35.212997,-2.517595,31.850491,-22.319292,41.004971,-21.933855
5.000000,41.137703,-2.513895,34.389778,-22.604200,37.836464,-22.391960
5.006250,47.050179,-2.511216,36.168919,-22.855074,33.399887,-22.865925
5.012500,52.952724,-2.509628,37.070381,-23.050432,29.473242,-23.295580
5.018750,58.855511,-2.508033,37.009472,-23.163572,24.315266,-23.652269
5.025000,64.759354,-2.506211,36.054878,-23.227018,18.153147,-23.990044
5.031250,70.659134,-2.504855,34.319717,-23.245838,11.679710,-24.278198
5.037500,76.553055,-2.504167,31.973780,-23.220638,5.381366,-24.500460
5.043750,82.445129,-2.503900,29.029215,-23.187361,-0.418885,-24.650600
5.050000,88.334846,-2.504512,25.481592,-23.138952,-5.417438,-24.723827
5.056250,94.220970,-2.506431,22.422256,-23.041126,-9.280429,-24.707008
5.062500,98.214233,-2.508769,19.007017,-22.952841,-11.744891,-24.600864
5.068750,101.942238,-2.510325,15.649310,-22.894119,-12.650620,-24.415014
5.075000,104.866600,-2.511665,10.844760,-22.866716,-11.832339,-24.158258
5.081250,106.485252,-2.514586,6.597093,-22.857540,-9.140820,-23.839127
5.087500,106.372726,-2.519208,2.758704,-22.851444,-4.485987,-23.472137
5.093750,104.201401,-2.523906,-0.690674,-22.861246,2.113834,-23.081617
5.100000,99.737320,-2.527905,-3.838957,-22.873779,10.454543,-22.682894
5.106250,92.850288,-2.532330,-6.916173,-22.868334,20.007156,-22.257551
5.112500,83.535164,-2.537968,-10.017830,-22.827684,30.508112,-21.840694
5.118750,71.921135,-2.543847,-13.203890,-22.742319,41.613319,-21.456694
5.125000,58.249977,-2.549068,-16.520647,-22.608007,52.733685,-21.119867
5.131250,42.858513,-2.554135,-19.981384,-22.421566,63.225124,-20.834909
5.137500,26.167601,-2.559880,-23.575525,-22.183796,72.452133,-20.594856
5.143750,8.672315,-2.566017,-25.129501,-21.900150,79.839539,-20.315016
5.150000,-9.089639,-2.571790,-25.991713,-21.583761,84.982635,-20.207104
5.156250,-26.571537,-2.577089,-27.525646,-21.233757,89.072235,-20.090361
5.162500,-43.244133,-2.582134,-27.586855,-20.858061,90.955498,-20.009577
5.168750,-58.614712,-2.586626,-26.460758,-20.483948,90.817871,-19.972370
5.175000,-72.255867,-2.590225,-24.389847,-20.132296,89.162621,-19.974743
5.181250,-83.828476,-2.592923,-21.616457,-19.819689,86.599792,-20.004128
5.187500,-93.097702,-2.594784,-18.432383,-19.562513,83.829422,-20.048220
5.193750,-99.942642,-2.595930,-15.165329,-19.377737,79.520927,-20.137537
5.200000,-104.365860,-2.596556,-12.143828,-19.284174,75.886612,-20.360834
5.206250,-106.489555,-2.597104,-7.464720,-19.279970,72.168121,-20.502258
5.212500,-106.550087,-2.597586,-4.483479,-19.334850,69.182884,-20.667322
5.218750,-104.884987,-2.597539,-1.410017,-19.451660,66.921555,-20.864828
5.225000,-101.920311,-2.596545,1.412318,-19.596539,65.249847,-21.088793
5.231250,-98.151154,-2.594738,3.801666,-19.776339,63.966019,-21.333000
5.237500,-94.113693,-2.592526,4.399019,-20.037796,62.756363,-21.604862
5.243750,-88.188850,-2.590569,3.851182,-20.336329,61.297707,-21.902161
5.250000,-82.272980,-2.589622,1.759873,-20.653296,59.320679,-22.214388
5.256250,-76.362183,-2.589490,-0.058655,-20.973133,56.539951,-22.533787
5.262500,-70.449005,-2.588860,-3.241884,-21.282269,52.707832,-22.848476
5.268750,-64.532974,-2.587230,-7.441342,-21.574444,47.611694,-23.142311
5.275000,-58.624119,-2.586260,-12.303152,-21.845016,41.039898,-23.396122
5.281250,-52.728725,-2.587518,-17.516706,-22.087893,32.922306,-23.601665
5.287500,-46.837845,-2.590036,-22.804979,-22.296982,23.560310,-23.790789
5.293750,-40.938744,-2.591861,-27.918797,-22.467644,13.062642,-23.941658
5.300000,-35.034576,-2.593107,-32.624874,-22.592512,1.588087,-24.037756
5.306250,-29.138523,-2.595807,-36.702415,-22.661831,-10.494746,-24.068024
5.312500,-23.251518,-2.600587,-39.993484,-22.671152,-22.759026,-24.027817
5.318750,-17.361427,-2.606276,-42.396660,-22.616604,-34.763073,-23.913204
5.325000,-11.462101,-2.612150,-43.849129,-22.495483,-46.061348,-23.716629
5.331250,-5.557364,-2.618761,-44.386597,-22.322523,-56.276077,-23.456324
5.337500,0.351791,-2.625982,-41.998493,-22.134321,-65.569183,-23.150267
5.343750,6.272481,-2.632445,-39.644375,-21.886326,-72.955879,-22.812529
5.350000,12.204540,-2.637784,-35.731640,-21.638504,-78.764351,-22.483873
5.356250,18.140112,-2.643070,-30.493914,-21.417791,-82.879845,-22.199255
5.362500,24.076677,-2.648432,-24.184217,-21.245764,-85.286957,-21.992519
5.368750,30.022179,-2.652649,-17.109221,-21.135382,-86.164612,-21.854202
5.375000,35.978447,-2.654695,-9.592469,-21.088341,-85.821510,-21.767969
5.381250,41.937084,-2.655466,-1.998179,-21.095568,-84.391701,-21.652468
5.387500,47.891518,-2.655654,5.252225,-21.156221,-81.271614,-21.723286
5.393750,53.844757,-2.654476,11.863542,-21.294907,-77.461708,-21.888092
5.400000,59.799118,-2.651418,17.802866,-21.497576,-73.320030,-22.137304
5.406250,65.746407,-2.647670,22.861225,-21.743246,-69.134514,-22.478378
5.412500,71.680565,-2.644336,26.835880,-22.003555,-65.023048,-22.828598
5.418750,77.606789,-2.640840,29.570549,-22.256048,-60.992817,-23.174053
5.425000,83.529709,-2.636637,30.969707,-22.480337,-57.527603,-23.505081
5.431250,89.444565,-2.632617,31.082870,-22.657488,-54.655170,-23.800930
5.437500,95.345741,-2.629987,30.140303,-22.771875,-52.327488,-24.033360
5.443750,99.341522,-2.628976,28.489195,-22.813007,-50.490852,-24.180536
5.450000,103.061394,-2.629253,26.485193,-22.770048,-49.085915,-24.229805
5.456250,105.975060,-2.630684,24.530220,-22.638493,-47.958839,-24.173679
5.462500,107.591385,-2.633035,23.065395,-22.428295,-46.940525,-24.032421
5.468750,107.486374,-2.635709,20.666573,-22.153221,-45.846848,-23.809429
5.475000,105.319168,-2.638804,19.489334,-21.809879,-43.844261,-23.455927
5.481250,100.847252,-2.643525,19.431196,-21.418694,-41.329586,-23.045057
5.487500,93.951805,-2.650022,20.214933,-21.012709,-38.058754,-22.616095
5.493750,84.642517,-2.656538,21.643848,-20.620186,-33.737457,-22.200401
5.500000,73.047417,-2.661551,23.556427,-20.259737,-28.132660,-21.822271
5.506250,59.396099,-2.665683,25.799253,-19.940516,-21.088463,-21.493050
5.512500,44.018642,-2.670280,28.197327,-19.652460,-12.617723,-21.158037
5.518750,27.345375,-2.674791,30.575907,-19.385691,-3.073399,-20.915726
5.525000,9.876183,-2.677916,32.409683,-19.217196,6.890977,-20.754005
5.531250,-7.858535,-2.679698,34.142544,-19.113310,17.482220,-20.664616
5.537500,-25.320457,-2.680880,35.526531,-19.070652,28.179245,-20.637051
5.543750,-41.977917,-2.681600,36.244759,-19.095289,38.437382,-20.659822
5.550000,-57.336292,-2.681330,36.035198,-19.192987,47.835403,-20.770582
5.556250,-70.968674,-2.680090,34.712967,-19.370182,56.133892,-20.981321
5.562500,-82.537910,-2.678225,32.152271,-19.636574,63.540268,-21.201380
5.568750,-91.807854,-2.675565,28.392635,-19.959736,69.313057,-21.469431
5.575000,-98.656471,-2.672175,25.683935,-20.335556,73.485847,-21.786572
5.581250,-103.086975,-2.668532,20.699118,-20.764078,76.305847,-22.137684
5.587500,-105.221916,-2.664938,15.688334,-21.242201,78.097832,-22.487597
5.593750,-105.296700,-2.661092,10.737932,-21.770702,79.090401,-22.885090
5.600000,-103.651962,-2.657332,6.019582,-22.322445,77.667244,-23.280771
5.606250,-100.717880,-2.654572,1.751040,-22.873060,76.082115,-23.665382
5.612500,-96.985695,-2.652794,-2.016753,-23.410238,74.049133,-24.037327
5.618750,-92.979309,-2.650705,-5.191130,-23.919096,71.445602,-24.392782
5.625000,-87.075325,-2.647843,-7.662709,-24.383539,68.183228,-24.730812
5.631250,-81.180305,-2.646050,-9.327638,-24.783924,64.177887,-25.038439
5.637500,-75.299217,-2.646756,-10.110333,-25.098379,59.291306,-25.277205
5.643750,-69.420044,-2.648670,-11.877187,-25.301661,55.391140,-25.412563
5.650000,-63.532104,-2.650052,-10.871651,-25.370653,50.908325,-25.437403
5.656250,-57.640720,-2.651552,-9.192993,-25.321075,45.563953,-25.421608
5.662500,-51.755985,-2.654741,-7.082789,-25.159039,40.221386,-25.325890
5.668750,-45.876987,-2.659787,-4.620805,-24.882835,35.196522,-25.138845
5.675000,-39.993374,-2.665696,-2.031425,-24.506630,30.679546,-24.863302
5.681250,-34.100044,-2.671823,0.408731,-24.052206,26.837214,-24.505264
5.687500,-28.200994,-2.678231,2.428996,-23.553553,23.860163,-24.072910
5.693750,-22.296160,-2.684727,3.687578,-23.033045,22.003757,-23.592381
5.700000,-16.385160,-2.690888,3.548405,-22.469673,21.694559,-23.088621
5.706250,-10.471301,-2.697425,4.016404,-21.926489,21.130339,-22.588131
5.712500,-4.556705,-2.704974,3.509329,-21.444494,21.916967,-22.126249
5.718750,1.365188,-2.712444,2.229230,-21.045948,23.629974,-21.732838
5.725000,7.301353,-2.718302,0.369725,-20.740797,25.792322,-21.405886
5.731250,13.248689,-2.722386,-1.885152,-20.529114,29.742773,-21.118912
5.737500,19.195793,-2.725980,-4.357929,-20.398518,33.490189,-20.875889
5.743750,25.140556,-2.729183,-6.904373,-20.327559,36.357529,-20.767492
5.750000,31.089363,-2.730970,-9.518247,-20.333139,38.743881,-20.752413
5.756250,37.041073,-2.731121,-12.209426,-20.404795,40.516293,-20.814379
5.762500,42.989468,-2.730630,-12.600564,-20.517828,41.442322,-20.940483
5.768750,48.929630,-2.729938,-13.862311,-20.644739,41.307518,-21.128916
5.775000,54.865143,-2.728695,-13.868135,-20.759344,39.844036,-21.333431
5.781250,60.796776,-2.726853,-12.798438,-20.854074,38.042267,-21.531038
5.787500,66.720016,-2.725344,-10.923050,-20.922852,35.075615,-21.737913
5.793750,72.633369,-2.724890,-8.457342,-20.954332,31.242037,-21.940090
5.800000,78.541008,-2.725259,-5.668499,-20.939877,26.706947,-22.116592
5.806250,84.447487,-2.726014,-2.868107,-20.876925,21.650316,-22.243319
5.812500,90.353683,-2.726937,-0.382172,-20.767971,16.312948,-22.308117
5.818750,94.363281,-2.728184,1.482552,-20.622152,11.089561,-22.331417
5.825000,98.095146,-2.730526,4.597026,-20.461914,4.155703,-22.332621
5.831250,101.015800,-2.734926,7.342367,-20.338903,-2.751759,-22.268721
5.837500,102.638191,-2.741236,8.297010,-20.190512,-9.530184,-22.143164
5.843750,102.545441,-2.747889,9.732742,-20.052551,-16.536903,-21.990969
5.850000,100.404282,-2.753142,11.002679,-19.963606,-23.765585,-21.836645
5.856250,95.972603,-2.756889,12.025517,-19.935555,-31.104239,-21.695978
5.862500,89.116219,-2.760326,12.757316,-19.969204,-38.444424,-21.582642
5.868750,79.833725,-2.763975,13.170771,-20.046364,-45.743267,-21.501226
5.875000,68.250084,-2.767093,13.365656,-20.153191,-53.052898,-21.438681
5.881250,54.605721,-2.769438,13.817260,-20.333540,-60.571465,-21.412062
5.887500,39.238930,-2.771065,14.555040,-20.558535,-66.158966,-21.425882
5.893750,22.575300,-2.771655,15.713717,-20.811905,-71.168831,-21.468311
5.900000,5.106812,-2.771094,15.649148,-21.096504,-75.233841,-21.527637
5.906250,-12.638799,-2.770214,16.253874,-21.435160,-77.975479,-21.611614
5.912500,-30.118847,-2.769819,17.320499,-21.789839,-81.075974,-21.719017
5.918750,-46.795116,-2.769034,19.050211,-22.140705,-82.980766,-21.833284
5.925000,-62.169983,-2.766910,20.749424,-22.513405,-84.093620,-21.950731
5.931250,-75.822960,-2.764388,22.256193,-22.913851,-84.711418,-22.074196
5.937500,-87.420868,-2.762974,23.481155,-23.334209,-85.077866,-22.204966
5.943750,-96.723991,-2.762318,24.380327,-23.756521,-85.383362,-22.342310
5.950000,-103.600677,-2.761182,25.146568,-24.163811,-85.847031,-22.472612
5.956250,-108.052147,-2.759864,25.961023,-24.537228,-86.984955,-22.532982
5.962500,-110.208061,-2.759810,26.721842,-24.860203,-86.109650,-22.608692
5.968750,-110.302841,-2.760650,27.297489,-25.122011,-85.417465,-22.684401
5.975000,-108.666862,-2.760509,27.589863,-25.310762,-84.459961,-22.755316
5.981250,-105.728447,-2.759354,27.517845,-25.419401,-82.808357,-22.820435
5.987500,-101.992966,-2.759223,27.018320,-25.441580,-80.087440,-22.877876
5.993750,-97.996696,-2.761127,26.067465,-25.373503,-75.971199,-22.923780
6.000000,-92.105713,-2.763837,24.655994,-25.213409,-70.242615,-22.952951
6.006250,-86.207916,-2.766444,22.818764,-24.954382,-62.832977,-22.932335
6.012500,-80.307884,-2.769624,20.613274,-24.566561,-54.056103,-22.875683
6.018750,-74.409630,-2.773813,20.114502,-24.140928,-44.339752,-22.805004
6.025000,-68.506721,-2.778100,17.785826,-23.682339,-33.607220,-22.720793
6.031250,-62.596561,-2.781940,16.164442,-23.208784,-22.289278,-22.634586
6.037500,-56.683971,-2.786087,15.117138,-22.759472,-10.938180,-22.561712
6.043750,-50.770832,-2.790743,14.565563,-22.379122,-0.045710,-22.497044
6.050000,-44.852551,-2.794884,14.512846,-22.069103,10.110620,-22.413502
6.056250,-38.926109,-2.797922,15.021030,-21.845762,19.104506,-22.345678
6.062500,-32.998741,-2.800842,15.802906,-21.739990,26.665794,-22.318773
6.068750,-27.073864,-2.803932,14.867626,-21.762209,32.626732,-22.335619
6.075000,-21.145166,-2.805912,13.805676,-21.904121,36.981472,-22.394110
6.081250,-15.209395,-2.806015,14.232174,-22.137575,39.816982,-22.491728
6.087500,-9.276942,-2.805397,14.261953,-22.399534,41.237453,-22.610031
6.093750,-3.355978,-2.805523,13.842505,-22.688946,41.244221,-22.729738
6.100000,2.556952,-2.806285,12.399245,-23.000786,39.998829,-22.858839
6.106250,8.470763,-2.806789,10.303719,-23.282431,37.828938,-22.991167
6.112500,14.385296,-2.807051,7.513463,-23.501171,34.938389,-23.113405
6.118750,20.295576,-2.807625,3.957322,-23.636906,31.479164,-23.208963
6.125000,26.201153,-2.808945,-0.405436,-23.682693,27.604382,-23.256037
6.131250,32.103642,-2.811197,-3.395387,-23.641394,23.535816,-23.227312
6.137500,38.005985,-2.814498,-6.286784,-23.516258,20.016180,-23.172810
6.143750,43.911472,-2.818186,-10.279645,-23.301805,15.350399,-23.056814
6.150000,49.824947,-2.821266,-13.215300,-23.022182,10.890851,-22.890860
6.156250,55.744762,-2.823605,-15.162447,-22.705000,6.562932,-22.688541
6.162500,61.663860,-2.826142,-16.149630,-22.374060,2.393285,-22.464069
6.168750,67.579018,-2.829421,-16.209208,-22.048063,-1.552647,-22.228226
6.175000,73.497185,-2.832495,-15.427375,-21.745527,-5.209045,-21.993309
6.181250,79.421974,-2.834475,-13.945117,-21.482454,-8.511333,-21.772314
6.187500,85.349846,-2.835790,-11.928450,-21.272470,-11.332574,-21.647448
6.193750,91.274185,-2.837057,-9.591438,-21.137251,-13.570035,-21.499895
6.200000,95.302391,-2.837981,-7.144945,-21.071915,-15.716038,-21.410936
6.206250,99.057922,-2.838206,-4.303354,-21.054260,-17.209900,-21.402592
6.212500,102.006088,-2.838196,-1.280212,-21.108137,-18.230259,-21.486588
6.218750,103.651489,-2.838395,1.698525,-21.224989,-18.955761,-21.690668
6.225000,103.569016,-2.838820,4.449615,-21.381655,-19.725840,-21.919069
6.231250,101.420868,-2.839171,6.672427,-21.594584,-19.783283,-22.220198
6.237500,96.970284,-2.839498,8.000348,-21.859362,-20.332510,-22.598000
6.243750,90.096413,-2.839483,8.417373,-22.155632,-21.241238,-23.038567
6.250000,80.799500,-2.838905,9.943805,-22.469521,-22.497446,-23.522690
6.256250,69.199043,-2.838282,11.103974,-22.793056,-24.071924,-24.029486
6.262500,55.527103,-2.838471,10.439038,-23.121073,-25.887148,-24.538525
6.268750,40.128761,-2.839040,10.049126,-23.440643,-27.679119,-24.999525
6.275000,23.437717,-2.838556,9.913469,-23.730236,-28.970488,-25.407404
6.281250,5.945527,-2.836844,9.919809,-23.983967,-29.750175,-25.755373
6.287500,-11.827253,-2.835752,9.942122,-24.198307,-29.829615,-26.027353
6.293750,-29.339605,-2.836488,9.919534,-24.365280,-28.878952,-26.208029
6.300000,-46.047813,-2.838065,9.836875,-24.471514,-26.557949,-26.281097
6.306250,-61.451481,-2.839172,9.668503,-24.501654,-22.591141,-26.232468
6.312500,-75.127754,-2.840428,9.366574,-24.439436,-16.819738,-26.047915
6.318750,-86.742691,-2.842762,8.831830,-24.284485,-9.306585,-25.769547
6.325000,-96.057541,-2.846101,10.007470,-24.071871,-0.418095,-25.425905
6.331250,-102.943954,-2.849705,11.496411,-23.802402,9.565845,-24.992634
6.337500,-107.402245,-2.853813,12.039937,-23.464983,20.366982,-24.510801
6.343750,-109.556992,-2.858882,13.556896,-23.087648,31.571966,-24.021898
6.350000,-109.641197,-2.864255,15.747648,-22.701128,42.548759,-23.560452
6.356250,-107.990372,-2.868989,18.376434,-22.332136,52.611355,-23.155018
6.362500,-105.032791,-2.872889,21.223129,-22.003092,61.082817,-22.819426
6.368750,-101.267441,-2.876369,24.065325,-21.729679,67.327637,-22.483381
6.375000,-97.227577,-2.879368,26.665821,-21.522163,70.936775,-22.309704
6.381250,-91.290611,-2.881650,28.694763,-21.414299,72.195633,-22.252670
6.387500,-85.352913,-2.883450,31.188162,-21.361507,70.455795,-22.311676
6.393750,-79.417343,-2.885038,32.997143,-21.397154,65.928932,-22.448994
6.400000,-73.481255,-2.885859,34.403126,-21.524282,58.995560,-22.590563
6.406250,-67.544846,-2.885696,35.384556,-21.735394,50.006207,-22.825462
6.412500,-61.613457,-2.885486,35.902519,-22.016008,38.088158,-23.126926
6.418750,-55.690601,-2.886120,35.895973,-22.351080,24.786337,-23.456129
6.425000,-49.771473,-2.886986,35.332195,-22.715347,10.563817,-23.780985
6.431250,-43.850304,-2.887287,34.210171,-23.081455,-4.035753,-24.072039
6.437500,-37.930790,-2.887399,32.502392,-23.421217,-18.480204,-24.301254
6.443750,-32.018806,-2.888423,32.369179,-23.703110,-32.261658,-24.437487
6.450000,-26.111828,-2.890461,32.421471,-23.909357,-45.043354,-24.512051
6.456250,-20.203667,-2.892680,31.159220,-24.043024,-56.728161,-24.544481
6.462500,-14.292314,-2.894965,30.660622,-24.099249,-65.370834,-24.468594
6.468750,-8.381061,-2.897557,30.849213,-24.075048,-72.338470,-24.325769
6.475000,-2.467857,-2.900029,31.576036,-23.976286,-77.064522,-24.147799
6.481250,3.448962,-2.902000,32.634655,-23.825035,-79.317245,-23.962543
6.487500,9.365759,-2.904025,33.813324,-23.650715,-78.996307,-23.791277
6.493750,15.280920,-2.906576,35.023647,-23.461882,-76.010208,-23.617586
6.500000,21.196888,-2.908939,36.234848,-23.264372,-72.305939,-23.436264
6.506250,27.119579,-2.910304,35.373070,-23.075205,-66.505394,-23.261654
6.512500,33.043163,-2.911242,33.922745,-22.915190,-59.119587,-23.138723
6.518750,38.961472,-2.912918,33.332283,-22.818636,-50.884361,-23.058825
6.525000,44.877010,-2.915129,31.779169,-22.784796,-42.576694,-23.011908
6.531250,50.797974,-2.916653,29.396580,-22.807646,-34.814880,-22.991768
6.537500,56.724346,-2.917243,26.270971,-22.880243,-28.146502,-22.993948
6.543750,62.647640,-2.917954,22.500765,-22.992607,-23.040325,-23.019234
6.550000,68.565147,-2.919256,18.213713,-23.131947,-19.913549,-23.048792
6.556250,74.483353,-2.920477,13.595298,-23.268698,-17.298748,-23.061937
6.562500,80.403793,-2.921365,8.943941,-23.362734,-16.772997,-23.074095
6.568750,86.323898,-2.922165,5.185921,-23.488400,-17.897312,-23.082924
6.575000,92.241928,-2.922921,0.546790,-23.597391,-20.278490,-23.108002
6.581250,96.263908,-2.923476,-3.026808,-23.678232,-23.433777,-23.135756
6.587500,100.010216,-2.924298,-5.608995,-23.732037,-26.673420,-23.160957
6.593750,102.946732,-2.926002,-7.248534,-23.764038,-31.410761,-23.190111
6.600000,104.585052,-2.927863,-7.988092,-23.779095,-35.480629,-23.226690
6.606250,104.503716,-2.928781,-7.873288,-23.778728,-38.870167,-23.269875
6.612500,102.357841,-2.929222,-6.979586,-23.764877,-41.588806,-23.318161
6.618750,97.902534,-2.930494,-5.422121,-23.737532,-43.673595,-23.368048
6.625000,91.017387,-2.932966,-3.342506,-23.696638,-45.178852,-23.415075
6.631250,81.708778,-2.935549,-0.927996,-23.644777,-44.297192,-23.465639
6.637500,70.102402,-2.937895,1.904821,-23.580475,-42.771412,-23.454777
6.643750,56.429832,-2.940836,5.257665,-23.487612,-42.569168,-23.420113
6.650000,41.030197,-2.944657,8.900681,-23.357092,-41.468842,-23.368290
6.656250,24.336592,-2.948469,12.466354,-23.193048,-39.877930,-23.291048
6.662500,6.844393,-2.951464,15.634355,-22.992628,-38.125072,-23.178982
6.668750,-10.918317,-2.954154,18.148825,-22.745077,-36.582031,-23.023842
6.675000,-28.410086,-2.957047,19.691591,-22.461746,-35.738209,-22.853031
6.681250,-45.097420,-2.960323,19.901356,-22.162922,-33.907372,-22.683868
6.687500,-60.485611,-2.963700,20.783375,-21.857792,-32.742710,-22.524319
6.693750,-74.146072,-2.967246,20.808372,-21.576982,-32.115143,-22.390100
6.700000,-85.736710,-2.970286,20.232491,-21.322491,-31.929586,-22.317181
6.706250,-95.017700,-2.972202,18.959366,-21.074907,-31.961607,-22.295872
6.712500,-101.872841,-2.973262,17.564457,-20.887589,-31.638842,-22.319019
6.718750,-106.307388,-2.974336,16.274702,-20.786573,-31.208738,-22.420431
6.725000,-108.443298,-2.975736,15.185001,-20.782068,-30.446779,-22.592142
6.731250,-108.511566,-2.976617,14.319881,-20.874678,-29.009977,-22.838932
6.737500,-106.851036,-2.976469,13.663228,-21.054380,-28.486076,-23.175001
6.743750,-103.893257,-2.975643,13.130513,-21.319714,-27.341928,-23.564205
6.750000,-100.134972,-2.974607,12.537076,-21.701956,-25.865683,-23.968615
6.756250,-96.108047,-2.973425,14.160346,-22.088320,-24.237848,-24.347267
6.762500,-90.190338,-2.972363,14.730146,-22.503813,-22.739603,-24.693916
6.768750,-84.276924,-2.971628,15.908792,-22.946970,-21.660515,-24.992714
6.775000,-78.365044,-2.970644,17.593693,-23.399963,-18.955460,-25.225315
6.781250,-72.452606,-2.968901,19.629856,-23.844004,-16.140785,-25.379791
6.787500,-66.543716,-2.967020,21.830719,-24.259054,-12.849895,-25.448103
6.793750,-60.642925,-2.965998,23.991938,-24.627146,-8.729902,-25.425970
6.800000,-54.749214,-2.966102,25.903990,-24.932611,-3.459869,-25.311838
6.806250,-48.855824,-2.966476,27.369665,-25.162352,3.240677,-25.105556
6.812500,-42.960636,-2.967161,28.202456,-25.308262,9.434410,-24.792971
6.818750,-37.067001,-2.968923,30.390997,-25.374771,16.784389,-24.425339
6.825000,-31.174072,-2.971438,32.387539,-25.405416,23.970850,-24.026520
6.831250,-25.274525,-2.973737,32.882935,-25.333801,31.695553,-23.621508
6.837500,-19.369503,-2.975795,34.000717,-25.208687,39.124378,-23.257948
6.843750,-13.466561,-2.978866,35.346424,-25.060558,45.600704,-22.970762
6.850000,-7.564564,-2.983067,36.876820,-24.907389,52.260628,-22.742987
6.856250,-1.655323,-2.986897,38.553883,-24.761066,57.082336,-22.609125
6.862500,4.265364,-2.989209,40.337936,-24.627438,60.322258,-22.582212
6.868750,10.189124,-2.990990,42.217529,-24.499914,62.169819,-22.655363
6.875000,16.107563,-2.993213,44.196846,-24.355816,62.871651,-22.810389
6.881250,22.022703,-2.995916,46.362640,-24.205013,62.742790,-23.000528
6.887500,27.939814,-2.998307,47.369049,-24.092930,62.023701,-23.222769
6.893750,33.859993,-3.000346,48.679913,-24.006474,60.545715,-23.481073
6.900000,39.780312,-3.002096,49.873672,-23.971464,59.017433,-23.721418
6.906250,45.700977,-3.003285,50.652294,-23.939957,57.833168,-23.905693
6.912500,51.620411,-3.004088,51.633213,-23.891191,55.382168,-24.013338
6.918750,57.534061,-3.005439,51.832264,-23.854351,53.530380,-24.035885
6.925000,63.441746,-3.007788,51.296291,-23.820349,51.980595,-23.967997
6.931250,69.350044,-3.010543,50.111126,-23.735205,50.450386,-23.807541
6.937500,75.262726,-3.013159,48.063000,-23.690340,48.605736,-23.573557
6.943750,81.177780,-3.015932,45.282970,-23.652040,46.046017,-23.310553
6.950000,87.093758,-3.018836,42.422642,-23.599449,44.231407,-22.989491
6.956250,93.013451,-3.021020,39.491745,-23.520775,41.012444,-22.628315
6.962500,97.043129,-3.022167,36.488266,-23.409855,36.918587,-22.267515
6.968750,100.796066,-3.023627,33.382416,-23.271915,32.126007,-21.934952
6.975000,103.734932,-3.026454,30.159285,-23.114244,26.736839,-21.650003
6.981250,105.375633,-3.029814,26.871754,-22.939255,20.863018,-21.421843
6.987500,105.299858,-3.032171,23.583670,-22.748827,14.602962,-21.252361
6.993750,103.165527,-3.033308,20.358185,-22.539059,8.038648,-21.128481
7.000000,98.725243,-3.034332,17.264479,-22.295618,1.185875,-21.049206
7.006250,91.853760,-3.036142,14.319069,-21.987230,-4.000509,-21.045950
7.012500,82.554726,-3.038521,13.377496,-21.720638,-8.847003,-21.100288
7.018750,70.954933,-3.041157,12.912792,-21.510242,-12.822515,-21.191233
7.025000,57.292938,-3.043715,12.033834,-21.268843,-15.520892,-21.331450
7.031250,41.909245,-3.045944,12.612069,-21.055029,-18.501831,-21.539268
7.037500,25.230185,-3.047919,14.117999,-20.910038,-19.588207,-21.771544
7.043750,7.745809,-3.050184,16.296097,-20.866856,-19.742041,-22.061985
7.050000,-10.010895,-3.052671,18.916616,-20.948750,-19.192270,-22.422348
7.056250,-27.489107,-3.054497,21.798553,-21.153969,-18.105312,-22.856586
7.062500,-44.153870,-3.054821,22.902060,-21.472321,-16.666393,-23.370579
7.068750,-59.518730,-3.054305,25.685076,-21.908831,-15.083390,-24.015404
7.075000,-73.162460,-3.053661,28.045952,-22.442627,-13.302444,-24.623297
7.081250,-84.743187,-3.052708,29.891516,-23.010029,-13.205860,-25.246639
7.087500,-94.020798,-3.050894,31.153780,-23.626667,-13.857478,-25.893097
7.093750,-100.874481,-3.048246,30.790464,-24.290342,-13.655802,-26.545341
7.100000,-105.308792,-3.045227,29.458517,-24.945139,-14.418746,-27.174351
7.106250,-107.447021,-3.042138,26.974335,-25.562799,-16.048882,-27.748602
7.112500,-107.526466,-3.039258,23.188099,-26.134966,-18.412214,-28.234093
7.118750,-105.888565,-3.037025,17.920172,-26.614077,-21.321148,-28.590727
7.125000,-102.959160,-3.035546,12.988648,-26.961262,-24.517073,-28.764406
7.131250,-99.225662,-3.034156,7.263046,-27.190115,-29.728756,-28.783163
7.137500,-95.220451,-3.032779,1.175873,-27.311443,-34.947712,-28.650797
7.143750,-89.327194,-3.032545,-4.920347,-27.331472,-40.521908,-28.356457
7.150000,-83.442604,-3.034359,-10.681618,-27.255138,-46.448856,-27.909695
7.156250,-77.558578,-3.037303,-15.799831,-27.088173,-52.616261,-27.331974
7.162500,-71.665291,-3.039927,-20.027142,-26.841337,-58.861988,-26.657022
7.168750,-65.764961,-3.042246,-23.190504,-26.531885,-65.021835,-25.936182
7.175000,-59.865494,-3.045190,-25.168058,-26.179783,-70.958954,-25.205238
7.181250,-53.966263,-3.048713,-25.890076,-25.806385,-76.834412,-24.456499
7.187500,-48.060825,-3.052003,-25.337584,-25.430395,-80.408585,-23.754530
7.193750,-42.148262,-3.054663,-23.530479,-25.057178,-83.100182,-23.144592
7.200000,-36.233326,-3.057100,-22.433868,-24.668463,-84.331161,-22.657562
7.206250,-30.317371,-3.059370,-18.709249,-24.354797,-83.552345,-22.271627
7.212500,-24.398422,-3.061057,-14.420057,-24.094326,-82.156288,-21.994650
7.218750,-18.477674,-3.062406,-9.708687,-23.891449,-78.995911,-21.879776
7.225000,-12.559706,-3.064254,-4.866351,-23.738178,-74.023094,-21.896952
7.231250,-6.643341,-3.066612,-0.175278,-23.624832,-67.692337,-22.024168
7.237500,-0.722423,-3.068384,3.998836,-23.555918,-60.556602,-22.233566
7.243750,5.204063,-3.069287,9.449726,-23.535305,-53.183731,-22.481960
7.250000,11.129432,-3.069980,14.646649,-23.544889,-46.162102,-22.666634
7.256250,17.050327,-3.070987,19.893490,-23.573828,-40.372585,-22.915325
7.262500,22.968243,-3.072261,23.526958,-23.624311,-34.499245,-23.155098
7.268750,28.885321,-3.073718,27.394003,-23.704620,-29.881199,-23.324358
7.275000,34.801067,-3.075971,31.383863,-23.748238,-26.484585,-23.410963
7.281250,40.715393,-3.079008,35.219353,-23.768147,-24.370914,-23.420801
7.287500,46.634396,-3.081753,38.425968,-23.763035,-23.380154,-23.356199
7.293750,52.561428,-3.083311,40.885578,-23.704779,-23.254662,-23.222435
7.300000,58.491879,-3.083790,42.646679,-23.611866,-23.738611,-23.033478
7.306250,64.419060,-3.083978,44.106930,-23.506609,-24.575468,-22.810703
7.312500,70.337875,-3.084780,45.165512,-23.373756,-25.506346,-22.579863
7.318750,76.251480,-3.086542,46.008575,-23.219677,-26.333904,-22.363855
7.325000,82.164162,-3.088909,45.054714,-23.052418,-27.001940,-22.164593
7.331250,88.082169,-3.090897,44.420982,-22.852131,-27.430853,-22.007013
7.337500,94.006638,-3.091890,43.879295,-22.641922,-27.510590,-21.917324
7.343750,98.037148,-3.092221,43.140873,-22.447268,-27.328588,-21.905350
7.350000,101.789185,-3.092973,42.093376,-22.281139,-25.156668,-21.951962
7.356250,104.729874,-3.094477,40.686306,-22.147631,-22.758228,-22.045519
7.362500,106.371933,-3.096369,38.868931,-22.046080,-19.379534,-22.226452
7.368750,106.291840,-3.098035,36.592106,-21.968845,-16.985155,-22.457121
7.375000,104.147751,-3.099505,33.790329,-21.907108,-13.976566,-22.705009
7.381250,99.699867,-3.101087,32.508148,-21.858400,-10.578950,-22.936008
7.387500,92.825951,-3.103088,31.184986,-21.846317,-7.081114,-23.133959
7.393750,83.525887,-3.105920,30.004915,-21.857317,-1.738527,-23.303743
7.400000,71.923126,-3.109311,29.139896,-21.871147,3.868535,-23.425488
7.406250,58.260487,-3.112355,28.978539,-21.907488,8.140579,-23.487728
7.412500,42.880154,-3.114305,29.594707,-21.981010,12.881425,-23.489229
7.418750,26.203459,-3.115751,30.917755,-22.101871,17.711374,-23.434891
7.425000,8.716894,-3.117619,32.798428,-22.278351,22.259718,-23.335552
7.431250,-9.045095,-3.119811,35.052933,-22.514513,26.201588,-23.200041
7.437500,-26.531363,-3.121669,37.495026,-22.806427,29.288950,-23.025421
7.443750,-43.208374,-3.123149,42.098801,-23.138735,31.314234,-22.806463
7.450000,-58.586720,-3.124682,45.414974,-23.483294,31.928581,-22.589830
7.456250,-72.239594,-3.125759,49.121342,-23.898853,30.915071,-22.399570
7.462500,-83.821266,-3.125687,52.814468,-24.378017,28.378569,-22.248407
7.468750,-93.098526,-3.124604,56.386829,-24.923307,24.447111,-22.149757
7.475000,-99.956367,-3.123423,59.656609,-25.486586,19.345688,-22.101788
7.481250,-104.394936,-3.122250,62.525028,-26.056728,13.419412,-22.097168
7.487500,-106.532120,-3.120411,62.649742,-26.636555,6.994492,-22.135839
7.493750,-106.603432,-3.117682,61.543831,-27.210506,0.485763,-22.208382
7.500000,-104.956154,-3.115186,58.690533,-27.742113,-5.517724,-22.298216
7.506250,-102.020378,-3.113616,55.797287,-28.201092,-10.283760,-22.412010
7.512500,-98.283272,-3.112288,50.952248,-28.593410,-13.158664,-22.532492
7.518750,-94.272911,-3.110726,44.404922,-28.893423,-13.627727,-22.636856
7.525000,-88.371834,-3.109764,36.549976,-29.083160,-11.153702,-22.717037
7.531250,-82.478531,-3.110063,27.730015,-29.161415,-7.382641,-22.769962
7.537500,-76.587830,-3.111234,18.327394,-29.143686,-2.317538,-22.768414
7.543750,-70.694405,-3.112551,8.869056,-29.005878,5.421188,-22.718721
7.550000,-64.800789,-3.114447,-0.064072,-28.759968,14.807495,-22.637653
7.556250,-58.908890,-3.117484,-8.226892,-28.441555,24.920738,-22.542950
7.562500,-53.015396,-3.121209,-17.050987,-28.070507,34.882427,-22.454885
7.568750,-47.115902,-3.124897,-24.385277,-27.653280,43.869740,-22.399027
7.575000,-41.209225,-3.128101,-30.164957,-27.225636,51.278221,-22.335712
7.581250,-35.298412,-3.130906,-34.186409,-26.812466,56.518478,-22.288416
7.587500,-29.384964,-3.133020,-36.679695,-26.414165,60.996078,-22.280148
7.593750,-23.469868,-3.134434,-37.849438,-26.041023,63.017090,-22.317915
7.600000,-17.556931,-3.135732,-37.806957,-25.699478,62.945900,-22.396839
7.606250,-11.649175,-3.137576,-36.664349,-25.392756,61.227268,-22.504923
7.612500,-5.742935,-3.139658,-34.562988,-25.117275,58.349174,-22.627092
7.618750,0.166304,-3.141303,-31.687246,-24.867395,54.786156,-22.759687
7.625000,6.076274,-3.142617,-28.288996,-24.637337,50.950607,-22.922945
7.631250,11.982669,-3.144472,-22.505445,-24.424250,47.279388,-23.122904
7.637500,17.885670,-3.147112,-17.892042,-24.219612,43.635349,-23.261106
7.643750,23.788605,-3.149910,-12.584948,-23.993614,40.690601,-23.379765
7.650000,29.694405,-3.152853,-6.913015,-23.707056,38.590996,-23.484858
7.656250,35.599155,-3.156630,-1.565218,-23.406513,37.145958,-23.589203
7.662500,41.502087,-3.161675,2.732801,-23.106010,36.016510,-23.699951
7.668750,47.409569,-3.167277,7.946743,-22.800184,34.909828,-23.813101
7.675000,53.327652,-3.172400,12.342429,-22.496525,33.497902,-23.931602
7.681250,59.254810,-3.176481,16.066471,-22.212112,33.267944,-24.062851
7.687500,65.186768,-3.179839,19.314695,-21.969313,32.152500,-24.213942
7.693750,71.119171,-3.182746,22.355892,-21.782299,30.251999,-24.394808
7.700000,77.051605,-3.185207,23.665756,-21.642218,27.658726,-24.628036
7.706250,82.984978,-3.187036,25.149113,-21.559650,24.473524,-24.896379
7.712500,88.918327,-3.188266,26.467321,-21.535856,19.793242,-25.119564
7.718750,94.849869,-3.189007,27.391857,-21.553310,16.547752,-25.368828
7.725000,98.884804,-3.189154,27.599304,-21.637714,13.070008,-25.647043
7.731250,102.644478,-3.188773,26.731070,-21.783394,9.765646,-25.932491
7.737500,105.591766,-3.188483,24.804768,-21.960831,6.885000,-26.196226
7.743750,107.233566,-3.188945,23.848324,-22.144440,4.608633,-26.400225
7.750000,107.145378,-3.190373,22.318462,-22.315056,3.028927,-26.501659
7.756250,104.990623,-3.192202,20.516687,-22.457781,1.985585,-26.533710
7.762500,100.535973,-3.193957,18.680779,-22.571739,1.329432,-26.478868
7.768750,93.657372,-3.196130,16.991365,-22.655844,1.197238,-26.323071
7.775000,84.351730,-3.199325,15.683581,-22.705639,1.473576,-26.066631
7.781250,72.744202,-3.203505,14.924400,-22.727581,1.995255,-25.724157
7.787500,59.078857,-3.207506,14.768881,-22.734200,2.594538,-25.320429
7.793750,43.697983,-3.210596,15.228900,-22.737122,3.151437,-24.883865
7.800000,27.024460,-3.213063,16.271412,-22.748304,3.645984,-24.412516
7.806250,9.546340,-3.215319,17.854750,-22.771069,4.161414,-23.896194
7.812500,-8.203010,-3.217017,18.016493,-22.803459,4.595043,-23.346912
7.818750,-25.675293,-3.217597,20.358772,-22.857788,3.758769,-22.884848
7.825000,-42.341022,-3.217554,22.757719,-22.955759,3.201024,-22.489914
7.831250,-57.712601,-3.217387,24.979776,-23.123190,2.684472,-22.165974
7.837500,-71.359840,-3.216711,26.927116,-23.380787,2.195439,-21.914190
7.843750,-82.939323,-3.214852,28.526117,-23.715664,1.838619,-21.734035
7.850000,-92.218193,-3.212399,30.203705,-24.070255,1.694282,-21.634556
7.856250,-99.081467,-3.210492,31.360674,-24.475407,1.844977,-21.616488
7.862500,-103.526611,-3.209178,31.970644,-24.921986,0.295645,-21.670313
7.868750,-105.668526,-3.207340,30.188414,-25.383991,-1.374447,-21.781914
7.875000,-105.741402,-3.204666,27.663378,-25.835646,-3.419368,-21.927158
7.881250,-104.093315,-3.201867,25.964058,-26.275011,-6.031276,-22.061493
7.887500,-101.156265,-3.199774,23.257055,-26.680368,-9.344041,-22.176168
7.893750,-97.417740,-3.198010,19.762508,-27.031002,-12.274031,-22.327608
7.900000,-93.407394,-3.196352,15.680903,-27.303959,-15.333521,-22.434071
7.906250,-87.507263,-3.195689,11.300657,-27.469889,-18.272398,-22.497074
7.912500,-81.612770,-3.196340,6.813731,-27.532070,-20.852732,-22.528372
7.918750,-75.716591,-3.196340,2.397683,-27.532070,-22.692926,-22.528372
7.925000,-75.716591,-3.196340,2.397683,-27.532070,-22.692926,-22.528372
7.931250,-75.716591,-3.196340,2.397683,-27.532070,-22.692926,-22.528372
7.937500,-75.716591,-3.196340,2.397683,-27.532070,-22.692926,-22.528372
7.943750,-75.716591,-3.196340,2.397683,-27.532070,-22.692926,-22.528372
7.950000,-75.716591,-3.196340,2.397683,-27.532070,-22.692926,-22.528372
7.956250,-75.716591,-3.196340,2.397683,-27.532070,-22.692926,-22.528372
7.962500,-75.716591,-3.196340,2.397683,-27.532070,-22.692926,-22.528372
7.968750,-75.716591,-3.196340,2.397683,-27.532070,-22.692926,-22.528372
7.975000,-75.716591,-3.196340,2.397683,-27.532070,-22.692926,-22.528372
7.981250,-75.716591,-3.196340,2.397683,-27.532070,-22.692926,-22.528372
7.987500,-75.716591,-3.196340,2.397683,-27.532070,-22.692926,-22.528372
7.993750,-75.716591,-3.196340,2.397683,-27.532070,-22.692926,-22.528372
8.000000,-75.716591,-3.196340,2.397683,-27.532070,-22.692926,-22.528372
