Anritsu VNA Frequency[GHz],S21[deg],S21[dB],S11[deg],S11[dB],S22[deg],S22[dB]
1338057289.6,2012_05_26_19:34:49,+58.320,+154.03,+134.87,+154.34,+160.05,+162.24,+157.41,+159.22,148.566727,-6.213
3.006250,43.514103,-2.390502,67.962242,-27.286167,-78.062851,-28.217247
3.012500,43.514103,-2.390502,67.962242,-27.286167,-78.062851,-28.217247
3.018750,43.514103,-2.390502,67.962242,-27.286167,-78.062851,-28.217247
3.025000,43.514103,-2.390502,67.962242,-27.286167,-78.062851,-28.217247
3.031250,43.514103,-2.390502,67.962242,-27.286167,-78.062851,-28.217247
3.037500,43.514103,-2.390502,67.962242,-27.286167,-78.062851,-28.217247
3.043750,43.514103,-2.390502,67.962242,-27.286167,-78.062851,-28.217247
3.050000,43.514103,-2.390502,67.962242,-27.286167,-78.062851,-28.217247
3.056250,43.514103,-2.390502,67.962242,-27.286167,-78.062851,-28.217247
3.062500,43.514103,-2.390502,67.962242,-27.286167,-78.062851,-28.217247
3.068750,43.514103,-2.390502,67.962242,-27.286167,-78.062851,-28.217247
3.075000,43.514103,-2.390502,67.962242,-27.286167,-78.062851,-28.217247
3.081250,43.514103,-2.390502,67.962242,-27.286167,-78.062851,-28.217247
3.087500,43.514103,-2.390502,67.962242,-27.286167,-78.062851,-28.217247
3.093750,43.514103,-2.392853,67.962242,-27.098160,-78.062851,-28.034014
3.100000,49.444138,-2.395612,64.323921,-26.935881,-78.312851,-27.835989
3.106250,55.373890,-2.398515,59.798901,-26.825100,-77.723343,-27.624498
3.112500,61.304192,-2.401469,53.008888,-26.781023,-76.028786,-27.383318
3.118750,67.234543,-2.404521,46.091087,-26.815145,-73.013878,-27.078638
3.125000,73.163589,-2.407713,39.561096,-26.828375,-68.656769,-26.757135
3.131250,79.091942,-2.411011,33.297169,-26.864277,-63.035587,-26.407488
3.137500,85.019341,-2.414583,27.369989,-26.931192,-55.820305,-26.018112
3.143750,90.945038,-2.418650,22.056589,-27.025681,-47.066177,-25.597874
3.150000,96.870682,-2.423036,17.636730,-27.136480,-38.786545,-25.160975
3.156250,100.904343,-2.427249,14.345490,-27.250471,-29.506750,-24.728563
3.162500,104.666985,-2.431175,12.363964,-27.352077,-19.933531,-24.324442
3.168750,107.624428,-2.435099,11.831592,-27.427670,-10.749668,-23.981184
3.175000,109.282974,-2.439198,12.861001,-27.458654,-2.557991,-23.714846
3.181250,109.217026,-2.443399,13.753472,-27.429102,4.537446,-23.462967
3.187500,107.087364,-2.447475,16.218094,-27.349602,9.830200,-23.262529
3.193750,102.657112,-2.451351,19.559441,-27.227415,13.035867,-23.135639
3.200000,95.804131,-2.454961,23.188530,-27.067053,14.180430,-23.090557
3.206250,86.528450,-2.458201,26.618488,-26.876425,13.317965,-23.124680
3.212500,74.950394,-2.461232,29.411737,-26.667330,10.597441,-23.241289
3.218750,61.305748,-2.464421,31.200338,-26.452547,6.292583,-23.459450
3.225000,45.935135,-2.467581,33.889763,-26.234411,0.548817,-23.683952
3.231250,29.268431,-2.470332,35.945915,-26.012045,-6.433931,-23.927830
3.237500,11.797189,-2.472742,35.807762,-25.790310,-13.984382,-24.192831
3.243750,-5.949793,-2.475348,35.453079,-25.560875,-19.971626,-24.461996
3.250000,-23.427252,-2.478477,34.697746,-25.323273,-25.848530,-24.713564
3.256250,-40.099407,-2.481867,33.127293,-25.123678,-31.001057,-24.935663
3.262500,-55.470989,-2.485016,30.655323,-24.950323,-34.885544,-25.118662
3.268750,-69.115578,-2.487767,27.246994,-24.797169,-36.990391,-25.251629
3.275000,-80.695465,-2.490501,22.725054,-24.663351,-36.935642,-25.328297
3.281250,-89.975990,-2.493650,16.924343,-24.542564,-34.491158,-25.348852
3.287500,-96.833221,-2.497205,9.713698,-24.424614,-29.599749,-25.319473
3.293750,-101.265053,-2.500882,3.187048,-24.288773,-22.382013,-25.241285
3.300000,-103.392082,-2.504429,-4.045190,-24.104017,-13.076862,-25.114450
3.306250,-103.450775,-2.507727,-12.019896,-23.967928,-2.061227,-24.956291
3.312500,-101.783005,-2.510796,-20.126390,-23.847059,10.152960,-24.791849
3.318750,-98.816826,-2.513796,-27.857996,-23.739122,22.953257,-24.644817
3.325000,-95.044640,-2.516613,-34.953773,-23.654966,35.714684,-24.530643
3.331250,-90.997650,-2.519101,-41.177536,-23.610107,49.979870,-24.457857
3.337500,-85.054619,-2.521168,-46.354008,-23.633215,63.764359,-24.431061
3.343750,-79.110970,-2.522821,-50.373474,-23.832575,76.989868,-24.445906
3.350000,-73.167679,-2.524089,-53.476791,-23.989904,87.731483,-24.479149
3.356250,-67.224876,-2.525037,-56.023323,-24.235346,97.562347,-24.515257
3.362500,-61.283752,-2.525775,-55.689476,-24.607311,105.436920,-24.624411
3.368750,-55.343967,-2.526203,-54.255917,-25.103468,111.090538,-24.785292
3.375000,-49.404762,-2.526123,-51.640110,-25.703171,114.175896,-25.009394
3.381250,-43.467140,-2.525548,-47.890564,-26.376305,114.425133,-25.288567
3.387500,-37.534458,-2.525128,-43.147720,-27.087032,112.126579,-25.562422
3.393750,-31.607956,-2.525287,-37.616467,-27.792774,107.038544,-25.840967
3.400000,-25.684620,-2.525870,-31.546642,-28.448162,99.415962,-26.082451
3.406250,-19.760983,-2.526340,-25.267210,-29.021833,90.064377,-26.358027
3.412500,-13.837800,-2.526832,-19.138306,-29.487906,79.955643,-26.633135
3.418750,-7.918811,-2.528013,-13.160013,-29.819498,69.656517,-26.878086
3.425000,-2.003521,-2.530077,-7.335327,-30.002390,57.947910,-27.080376
3.431250,3.913028,-2.532422,-1.946192,-30.036024,47.166954,-27.237652
3.437500,9.833282,-2.534664,2.784019,-29.921759,37.771317,-27.355295
3.443750,15.753589,-2.537309,6.817795,-29.638702,30.297527,-27.391947
3.450000,21.671663,-2.540909,9.975687,-29.217363,23.267586,-27.352524
3.456250,27.591789,-2.544969,12.131400,-28.693508,18.377544,-27.249777
3.462500,33.519573,-2.548541,13.395779,-28.106703,15.291015,-27.087170
3.468750,39.452808,-2.551471,14.001467,-27.499088,13.674340,-26.862932
3.475000,45.386925,-2.554161,14.231954,-26.918678,13.179303,-26.586126
3.481250,51.319839,-2.556909,14.430054,-26.396698,13.409261,-26.271412
3.487500,57.251678,-2.559813,13.376795,-25.906040,13.972187,-25.917435
3.493750,63.183048,-2.563073,12.895818,-25.495544,14.460325,-25.527092
3.500000,69.113976,-2.566697,12.741671,-25.187939,14.451083,-25.111452
3.506250,75.047417,-2.570326,12.861839,-24.984406,13.589708,-24.681961
3.512500,80.984558,-2.573317,13.205227,-24.870920,11.605371,-24.249344
3.518750,86.922707,-2.575973,13.729506,-24.808392,8.300166,-23.820700
3.525000,92.856377,-2.579296,14.397819,-24.654064,3.538373,-23.403198
3.531250,96.890572,-2.583722,15.482133,-24.609360,-0.625311,-23.008617
3.537500,100.652695,-2.588598,17.338831,-24.555630,-5.614821,-22.653503
3.543750,103.614594,-2.593178,19.603996,-24.469452,-10.965515,-22.356197
3.550000,105.282372,-2.597747,22.437511,-24.339170,-16.342588,-22.082970
3.556250,105.224663,-2.602827,24.187820,-24.147339,-21.486948,-21.811714
3.562500,103.102966,-2.608272,26.562120,-23.912378,-25.934275,-21.561010
3.568750,98.685852,-2.613166,29.034157,-23.660181,-30.031605,-21.402325
3.575000,91.853638,-2.616868,31.190168,-23.416655,-33.568775,-21.327221
3.581250,82.601883,-2.619429,32.646782,-23.212639,-36.654556,-21.359259
3.587500,71.047607,-2.621368,33.064144,-23.082630,-37.790642,-21.458015
3.593750,57.426064,-2.622908,32.214378,-23.041718,-39.300468,-21.617750
3.600000,42.081753,-2.623583,32.209747,-23.082464,-40.645859,-21.863356
3.606250,25.442614,-2.622963,31.474031,-23.221735,-41.774235,-22.192116
3.612500,7.997650,-2.621360,30.362675,-23.460661,-42.732010,-22.582554
3.618750,-9.725204,-2.619302,29.298656,-23.794302,-43.637314,-23.000965
3.625000,-27.178743,-2.616714,28.529642,-24.245657,-44.807167,-23.469509
3.631250,-43.828732,-2.613355,28.447611,-24.787882,-44.383282,-23.966654
3.637500,-59.185307,-2.609510,29.436726,-25.385809,-43.742531,-24.461050
3.643750,-72.825325,-2.605903,31.672421,-26.002335,-42.601456,-24.928699
3.650000,-84.408562,-2.602978,33.311981,-26.596550,-40.796825,-25.350075
3.656250,-93.694893,-2.600694,35.923489,-27.115044,-38.230515,-25.706625
3.662500,-100.561333,-2.599070,38.784412,-27.519453,-34.867714,-25.987221
3.668750,-105.007401,-2.598291,42.954113,-27.839275,-30.768938,-26.193325
3.675000,-107.153893,-2.598301,46.447079,-28.036627,-26.063677,-26.328554
3.681250,-107.234756,-2.598715,49.136799,-28.096970,-20.902449,-26.393251
3.687500,-105.591255,-2.599550,50.781952,-28.023319,-15.492599,-26.390266
3.693750,-102.652931,-2.601491,51.196770,-27.836149,-10.093411,-26.328564
3.700000,-98.911652,-2.604621,50.282883,-27.569326,-4.975498,-26.222029
3.706250,-94.894333,-2.608189,48.158188,-27.215466,-0.354060,-26.079708
3.712500,-88.976219,-2.611569,44.984863,-26.808395,3.654359,-25.896225
3.718750,-83.055580,-2.615070,38.858173,-26.390905,6.932103,-25.675119
3.725000,-77.135880,-2.619135,31.651438,-25.991398,9.401331,-25.416916
3.731250,-71.214890,-2.623389,23.156239,-25.636909,11.270724,-25.167793
3.737500,-65.288445,-2.627231,15.313259,-25.368090,12.937185,-24.952692
3.743750,-59.358097,-2.630607,6.728918,-25.191362,14.507067,-24.783575
3.750000,-53.427246,-2.633875,-1.979516,-25.096464,16.397259,-24.643463
3.756250,-47.497334,-2.636962,-10.313162,-25.076332,17.438410,-24.493446
3.762500,-41.566593,-2.639730,-17.841850,-25.116953,19.500244,-24.326948
3.768750,-35.635674,-2.642355,-24.115950,-25.187735,20.435402,-24.191969
3.775000,-29.705927,-2.645145,-28.793427,-25.272587,22.064581,-24.105627
3.781250,-23.777452,-2.648008,-31.751120,-25.376583,23.606773,-24.044601
3.787500,-17.847939,-2.650536,-32.707119,-25.476109,24.713766,-23.998220
3.793750,-11.918783,-2.652997,-33.362778,-25.563366,25.121973,-23.965296
3.800000,-5.991372,-2.655734,-32.060432,-25.643118,24.654556,-23.944784
3.806250,-0.066144,-2.658813,-29.032930,-25.623947,23.296080,-23.906733
3.812500,5.859436,-2.662087,-25.076773,-25.547926,21.075613,-23.841623
3.818750,11.784969,-2.665663,-20.975880,-25.434212,17.886826,-23.756657
3.825000,17.709780,-2.669672,-17.230183,-25.296083,13.833586,-23.656008
3.831250,23.637199,-2.673717,-12.118923,-25.145874,9.171371,-23.545013
3.837500,29.567406,-2.677366,-7.378699,-24.996260,4.234184,-23.437946
3.843750,35.498474,-2.680971,-2.794340,-24.854101,-0.607523,-23.360762
3.850000,41.427639,-2.684989,1.929898,-24.711359,-4.722551,-23.238424
3.856250,47.356689,-2.689076,5.134859,-24.572346,-9.588213,-23.105328
3.862500,53.288929,-2.692634,8.607303,-24.442196,-13.462147,-22.980419
3.868750,59.221844,-2.695977,12.036488,-24.315737,-16.444000,-22.867279
3.875000,65.149857,-2.700125,15.125838,-24.176739,-18.656025,-22.761370
3.881250,71.073807,-2.705453,17.577551,-23.998064,-20.262363,-22.650539
3.887500,77.000000,-2.711145,18.952227,-23.803865,-21.507175,-22.527462
3.893750,82.932930,-2.716353,18.842827,-23.586208,-22.745104,-22.400406
3.900000,88.868973,-2.721515,19.322292,-23.327911,-24.302668,-22.267441
3.906250,94.802902,-2.727565,18.811216,-23.023972,-26.461464,-22.125576
3.912500,98.840477,-2.734668,17.595743,-22.675528,-29.546732,-21.971930
3.918750,102.609589,-2.742353,15.959996,-22.287451,-31.988720,-21.799549
3.925000,105.580833,-2.749988,14.125960,-21.876259,-35.720242,-21.593554
3.931250,107.262489,-2.757243,12.253325,-21.466629,-40.521313,-21.369600
3.937500,107.225731,-2.764147,10.527132,-21.081154,-44.280766,-21.176781
3.943750,105.128632,-2.770597,9.135471,-20.741421,-47.942825,-21.016525
3.950000,100.735054,-2.776255,8.201272,-20.468517,-50.714043,-20.897356
3.956250,93.924210,-2.780503,7.778568,-20.281517,-51.960484,-20.831797
3.962500,84.694519,-2.783086,7.873914,-20.192369,-51.153717,-20.831957
3.968750,73.163834,-2.784264,8.475375,-20.203972,-47.870003,-20.906891
3.975000,59.565895,-2.784173,9.823702,-20.303062,-43.724018,-21.065165
3.981250,44.240078,-2.782867,12.114123,-20.463095,-36.972446,-21.342060
3.987500,27.612741,-2.780445,14.847784,-20.759760,-28.115198,-21.663843
3.993750,10.174306,-2.777119,18.073298,-21.129919,-17.566875,-22.070015
4.000000,-7.543516,-2.773088,21.699160,-21.560184,-6.414474,-22.573921
4.006250,-24.994663,-2.768371,25.385351,-22.040947,4.707762,-23.183498
4.012500,-41.648090,-2.763127,28.916046,-22.553146,15.122307,-23.926205
4.018750,-57.013111,-2.758116,32.117077,-23.070644,23.591661,-24.629690
4.025000,-70.663651,-2.753829,34.805321,-23.570646,31.662479,-25.311165
4.031250,-82.256363,-2.750113,34.854805,-24.046066,36.886700,-26.036190
4.037500,-91.550850,-2.746808,35.897060,-24.482700,41.164688,-26.762032
4.043750,-98.427330,-2.744459,35.993401,-24.864653,43.303501,-27.452169
4.050000,-102.885101,-2.743295,35.109459,-25.185860,43.805527,-28.082569
4.056250,-105.041435,-2.742630,33.266964,-25.443413,43.238106,-28.636028
4.062500,-105.130028,-2.741893,30.634480,-25.616272,40.366608,-29.091877
4.068750,-103.495705,-2.741600,27.420668,-25.704346,37.569580,-29.421930
4.075000,-100.571022,-2.743062,23.749865,-25.722481,34.974720,-29.619350
4.081250,-96.844193,-2.746029,19.915257,-25.681858,32.701775,-29.683992
4.087500,-92.839005,-2.749233,16.302288,-25.589859,30.962358,-29.614025
4.093750,-86.930054,-2.751840,11.441216,-25.450911,30.011421,-29.409094
4.100000,-81.019775,-2.754413,7.371590,-25.273916,27.925835,-29.079857
4.106250,-75.113411,-2.757862,3.981074,-25.065710,26.291372,-28.650749
4.112500,-69.209442,-2.762161,1.207224,-24.825924,24.828773,-28.137388
4.118750,-63.302719,-2.766889,-1.029385,-24.556229,23.518606,-27.516344
4.125000,-57.393192,-2.772097,-2.910887,-24.269217,21.958214,-26.833466
4.131250,-51.482006,-2.777878,-4.592596,-23.976458,19.861300,-26.125507
4.137500,-45.566856,-2.783931,-6.170979,-23.685024,17.139538,-25.421322
4.143750,-39.646179,-2.789858,-7.709236,-23.397947,13.769051,-24.743349
4.150000,-33.721535,-2.795767,-9.274508,-23.117588,9.760928,-24.109449
4.156250,-27.795530,-2.801958,-8.777100,-22.843369,7.323615,-23.527988
4.162500,-21.868267,-2.808557,-7.659064,-22.574619,5.161513,-22.976891
4.168750,-15.937602,-2.815340,-7.408513,-22.305738,3.711581,-22.544804
4.175000,-10.003357,-2.822255,-6.055631,-22.037098,1.542051,-22.174046
4.181250,-4.065295,-2.829195,-3.953769,-21.781399,0.791502,-21.876778
4.187500,1.877515,-2.835850,-1.415355,-21.547092,1.190438,-21.637615
4.193750,7.825173,-2.842158,1.245159,-21.341145,2.534481,-21.396002
4.200000,13.776369,-2.847986,3.703009,-21.171310,5.241258,-21.292267
4.206250,19.730759,-2.853017,5.640022,-21.044886,6.684734,-21.280956
4.212500,25.688177,-2.856962,8.949793,-20.965174,7.823061,-21.317680
4.218750,31.645782,-2.860120,12.067692,-20.924484,9.547093,-21.370512
4.225000,37.600388,-2.862848,15.312568,-20.914434,9.925201,-21.456629
4.231250,43.550838,-2.865389,17.041464,-20.925856,8.878871,-21.572353
4.237500,49.498806,-2.867699,19.102663,-20.947666,6.280794,-21.701721
4.243750,55.444878,-2.869651,21.066088,-20.992704,4.162014,-21.834507
4.250000,61.389877,-2.871219,22.497114,-21.058355,0.991445,-21.973732
4.256250,67.332794,-2.872275,23.119438,-21.125914,-2.744581,-22.107315
4.262500,73.271523,-2.873186,22.569149,-21.179508,-6.526209,-22.220978
4.268750,79.204124,-2.874583,20.492094,-21.206537,-9.906228,-22.299812
4.275000,85.129494,-2.876988,18.751667,-21.200243,-12.497252,-22.332947
4.281250,91.052238,-2.880141,15.717363,-21.151592,-13.970259,-22.308859
4.287500,95.081017,-2.883669,11.665177,-21.051409,-14.067064,-22.207535
4.293750,98.836517,-2.888041,6.822007,-20.906204,-12.691675,-22.028257
4.300000,101.784233,-2.893775,1.395266,-20.726517,-10.156271,-21.821491
4.306250,103.437149,-2.900184,-4.299024,-20.514544,-6.440655,-21.576880
4.312500,103.374870,-2.906135,-9.974044,-20.276924,-1.647370,-21.296768
4.318750,101.255058,-2.911526,-15.391395,-20.023243,3.924372,-20.990742
4.325000,96.833061,-2.917251,-20.359228,-19.769258,9.911492,-20.674263
4.331250,89.986290,-2.923640,-24.731049,-19.533583,15.914679,-20.363672
4.337500,80.721230,-2.929879,-28.380957,-19.338467,21.554794,-20.070997
4.343750,69.163292,-2.935153,-31.239494,-19.258234,26.471188,-19.791433
4.350000,55.546421,-2.939518,-32.796940,-19.145676,30.330185,-19.537443
4.356250,40.207821,-2.943057,-32.728783,-19.121433,34.581059,-19.367809
4.362500,23.574873,-2.945297,-31.522352,-19.204609,37.823368,-19.285877
4.368750,6.139446,-2.946212,-29.089846,-19.393742,40.403194,-19.313465
4.375000,-11.571419,-2.946396,-25.495079,-19.680738,42.642204,-19.498734
4.381250,-29.013227,-2.946079,-20.882235,-20.050127,44.422375,-19.707005
4.387500,-45.650581,-2.944718,-15.446640,-20.478546,46.285313,-19.972466
4.393750,-60.990692,-2.942236,-9.461739,-20.944143,48.821262,-20.324202
4.400000,-74.612732,-2.939488,-3.273597,-21.430634,50.464836,-20.777058
4.406250,-86.177528,-2.936996,0.889101,-21.921207,52.495373,-21.292625
4.412500,-95.444618,-2.934226,6.527410,-22.397804,54.572582,-21.843769
4.418750,-102.289864,-2.930903,11.498098,-22.845242,56.461601,-22.408300
4.425000,-106.717178,-2.927722,15.626941,-23.233469,58.004200,-22.957220
4.431250,-108.851646,-2.925335,18.908278,-23.525282,59.173885,-23.443476
4.437500,-108.926048,-2.923432,21.169920,-23.724482,59.863586,-23.849112
4.443750,-107.277992,-2.921731,22.393232,-23.837051,59.966366,-24.162510
4.450000,-104.337135,-2.920853,22.746458,-23.864523,59.551064,-24.371756
4.456250,-100.597916,-2.921599,22.478283,-23.808622,58.763870,-24.468803
4.462500,-96.588470,-2.923521,21.898668,-23.675730,57.770947,-24.451990
4.468750,-90.680321,-2.925878,21.388300,-23.478628,56.776005,-24.328047
4.475000,-84.769135,-2.928787,19.469017,-23.236996,56.019047,-24.119268
4.481250,-78.858185,-2.932605,18.241234,-22.949944,53.977596,-23.799097
4.487500,-72.944679,-2.936982,17.654352,-22.629889,52.699318,-23.386930
4.493750,-67.026314,-2.941292,17.447762,-22.306448,51.649040,-22.924231
4.500000,-61.106232,-2.946245,17.470060,-22.001863,50.570580,-22.442215
4.506250,-55.187531,-2.952655,17.635113,-21.728708,49.280884,-21.965099
4.512500,-49.264771,-2.959770,17.872810,-21.488565,47.613632,-21.511488
4.518750,-43.330154,-2.966202,18.106567,-21.267773,45.400360,-21.096935
4.525000,-37.384426,-2.971422,18.252085,-20.981226,42.458168,-20.741943
4.531250,-31.435863,-2.976392,20.087503,-20.799019,38.534466,-20.497044
4.537500,-25.489264,-2.981770,21.768923,-20.663254,33.145645,-20.297815
4.543750,-19.539825,-2.987159,22.290012,-20.538218,27.955900,-20.168863
4.550000,-13.583190,-2.991730,23.523731,-20.428951,21.501455,-20.108280
4.556250,-7.620183,-2.995314,24.964886,-20.359060,14.111296,-20.065847
4.562500,-1.655140,-2.998218,26.243587,-20.347626,6.648214,-20.173855
4.568750,4.310655,-3.000621,27.045483,-20.416872,-0.605298,-20.399265
4.575000,10.277809,-3.002330,27.076490,-20.598591,-7.449976,-20.719971
4.581250,16.248146,-3.003030,26.103298,-20.935154,-14.013389,-21.069813
4.587500,22.219286,-3.002490,25.005117,-21.311525,-19.408552,-21.486019
4.593750,28.189211,-3.000885,23.228231,-21.795309,-23.385601,-21.969553
4.600000,34.155502,-2.998550,20.766676,-22.392284,-25.882025,-22.505369
4.606250,40.116837,-2.995445,17.667824,-23.118547,-26.977024,-23.080730
4.612500,46.073505,-2.991532,13.963067,-23.946447,-26.915607,-23.695158
4.618750,52.022369,-2.987459,10.064284,-24.837343,-25.905714,-24.325773
4.625000,57.960812,-2.983987,5.910975,-25.775894,-24.197914,-24.953939
4.631250,63.892265,-2.980819,1.669568,-26.732550,-22.144081,-25.565384
4.637500,69.822151,-2.976994,-2.445796,-27.668951,-20.144669,-26.148499
4.643750,75.749046,-2.972579,-8.104130,-28.538698,-18.617537,-26.677235
4.650000,81.665001,-2.968896,-13.477563,-29.290171,-18.011889,-27.110035
4.656250,87.566200,-2.967171,-16.780907,-29.874018,-18.709404,-27.411983
4.662500,93.458557,-2.967235,-19.841881,-30.271849,-19.005085,-27.612665
4.668750,97.454987,-2.968479,-22.665859,-30.470270,-20.830578,-27.710737
4.675000,101.178543,-2.971026,-25.099791,-30.452297,-23.811760,-27.690157
4.681250,104.096222,-2.974957,-27.082924,-30.214621,-27.763866,-27.546007
4.687500,105.718460,-2.979799,-28.639439,-29.773500,-32.521332,-27.284634
4.693750,105.618988,-2.985592,-29.848846,-29.162760,-37.890949,-26.918173
4.700000,103.454903,-2.992962,-30.816133,-28.431269,-43.609653,-26.455614
4.706250,98.989639,-3.002243,-31.786839,-27.587696,-49.371708,-25.898413
4.712500,92.109329,-3.012153,-33.186634,-26.656643,-54.841885,-25.231522
4.718750,82.821121,-3.021219,-35.011543,-25.694145,-59.400700,-24.562492
4.725000,71.241302,-3.029525,-35.497383,-24.776278,-64.673592,-23.908686
4.731250,57.598732,-3.037944,-36.436272,-23.945591,-69.179520,-23.301516
4.737500,42.234058,-3.046261,-37.540157,-23.221210,-73.034561,-22.763712
4.743750,25.580456,-3.053432,-38.641243,-22.616911,-76.707695,-22.245369
4.750000,8.128639,-3.059247,-39.610062,-22.133612,-80.094101,-21.768927
4.756250,-9.595890,-3.064441,-40.309299,-21.746679,-83.200546,-21.355556
4.762500,-27.049328,-3.069126,-40.625416,-21.402817,-85.574684,-21.076473
4.768750,-43.694698,-3.072852,-39.210552,-21.210840,-85.954071,-20.893347
4.775000,-59.040150,-3.075369,-36.788246,-21.094986,-86.091576,-20.789099
4.781250,-72.662766,-3.077174,-34.821365,-21.020473,-85.531647,-20.752966
4.787500,-84.225349,-3.078778,-31.397654,-20.952799,-85.719337,-20.778913
4.793750,-93.490150,-3.080363,-26.893202,-20.884977,-84.575645,-20.826393
4.800000,-100.334320,-3.082029,-21.858452,-20.809000,-82.210854,-20.881033
4.806250,-104.756332,-3.083842,-16.667955,-20.716976,-79.055710,-20.940544
4.812500,-106.877586,-3.085769,-11.800385,-20.607105,-75.376968,-20.992081
4.818750,-106.934029,-3.087833,-7.695991,-20.479692,-71.384712,-21.015673
4.825000,-105.267609,-3.090505,-2.580746,-20.339388,-67.250023,-21.004204
4.831250,-102.304688,-3.093987,1.833222,-20.198284,-63.086117,-20.972883
4.837500,-98.532402,-3.097164,5.781478,-20.072618,-59.023296,-20.933828
4.843750,-94.480034,-3.099344,9.572045,-19.968430,-55.089558,-20.851906
4.850000,-88.532852,-3.101334,11.757159,-19.868746,-51.127346,-20.724138
4.856250,-82.592171,-3.104525,14.203684,-19.792130,-47.352448,-20.577221
4.862500,-76.655174,-3.108657,16.600718,-19.752382,-43.683201,-20.428698
4.868750,-70.711014,-3.112244,18.785397,-19.747562,-39.946110,-20.285854
4.875000,-64.758232,-3.114678,20.659729,-19.762302,-35.958618,-20.152081
4.881250,-58.805241,-3.116832,22.146217,-19.768631,-31.605932,-20.033808
4.887500,-52.857025,-3.119325,23.339443,-19.783443,-26.817980,-19.937597
4.893750,-46.910675,-3.122053,24.557543,-19.818203,-21.572367,-19.870491
4.900000,-40.963245,-3.124733,25.640617,-19.860510,-15.895858,-19.834349
4.906250,-35.014023,-3.127327,26.656353,-19.910894,-9.851255,-19.820345
4.912500,-29.064421,-3.129759,27.650879,-19.955336,-3.556700,-19.806515
4.918750,-23.113884,-3.132002,28.600437,-19.987785,2.908766,-19.778656
4.925000,-17.163982,-3.134377,29.716068,-20.030046,9.900451,-19.801655
4.931250,-11.214630,-3.137088,31.052561,-20.099434,17.161791,-19.854084
4.937500,-5.262666,-3.139421,32.573586,-20.204821,24.515692,-19.930408
4.943750,0.696507,-3.140474,34.203053,-20.352940,31.971899,-20.033487
4.950000,6.657418,-3.140531,35.851242,-20.543108,37.399582,-20.165203
4.956250,12.613274,-3.140720,37.438499,-20.769154,42.224449,-20.328390
4.962500,18.563639,-3.141086,39.142792,-21.019495,45.993717,-20.534922
4.968750,24.515800,-3.140805,41.136429,-21.272490,50.470638,-20.785490
4.975000,30.469110,-3.139863,43.225536,-21.537388,52.776623,-21.004473
4.981250,36.418861,-3.138923,45.134911,-21.812649,53.811924,-21.266167
4.987500,42.364887,-3.137827,46.838203,-22.081011,53.626774,-21.569256
4.993750,48.312088,-3.135746,48.182251,-22.336828,52.182087,-21.911121
5.000000,54.257572,-3.132975,49.020760,-22.573673,49.414219,-22.288240
5.006250,60.194092,-3.130796,49.269218,-22.782017,45.293606,-22.698139
5.012500,66.120766,-3.129665,48.880199,-22.948948,39.769283,-23.113598
5.018750,72.045609,-3.128755,47.845741,-23.053129,34.525753,-23.466038
5.025000,77.972176,-3.127458,44.243229,-23.091070,27.975891,-23.790558
5.031250,83.896416,-3.126331,41.689480,-23.093006,20.488176,-24.099693
5.037500,89.814392,-3.125808,38.387756,-23.058233,12.767345,-24.371031
5.043750,95.729317,-3.125753,34.500237,-23.002501,5.268753,-24.591948
5.050000,99.747276,-3.126299,30.111763,-22.991737,-1.623749,-24.755283
5.056250,103.489067,-3.127858,25.425674,-22.922771,-7.519322,-24.849106
5.062500,106.424301,-3.130012,21.264309,-22.853958,-12.035184,-24.861166
5.068750,108.066643,-3.131719,17.130280,-22.820192,-14.897386,-24.792227
5.075000,107.986595,-3.132983,11.528284,-22.829794,-15.889974,-24.646523
5.081250,105.835167,-3.135403,6.481477,-22.873524,-14.809899,-24.427650
5.087500,101.372963,-3.139576,1.844297,-22.930298,-11.499112,-24.144262
5.093750,94.489487,-3.144412,-2.444994,-23.000017,-5.897243,-23.814238
5.100000,85.191711,-3.148614,-6.351671,-23.081570,1.903669,-23.469532
5.106250,73.595329,-3.152835,-10.087452,-23.150434,11.557285,-23.089663
5.112500,59.929996,-3.158072,-13.767202,-23.184278,22.433670,-22.682592
5.118750,44.540600,-3.164032,-17.428019,-23.167444,34.402145,-22.286064
5.125000,27.859926,-3.169685,-21.101847,-23.091829,46.895985,-21.921173
5.131250,10.380013,-3.175104,-24.797724,-22.952168,59.217514,-21.599937
5.137500,-7.372509,-3.181035,-28.501480,-22.747368,70.651131,-21.324368
5.143750,-24.851225,-3.187545,-30.032639,-22.480709,80.511696,-21.079397
5.150000,-41.519085,-3.193963,-30.736805,-22.161497,88.196419,-20.855743
5.156250,-56.881241,-3.199951,-32.009052,-21.803680,94.491653,-20.725763
5.162500,-70.513206,-3.205574,-31.746780,-21.406555,98.694084,-20.618639
5.168750,-82.075508,-3.210720,-30.119919,-20.990923,100.574013,-20.550009
5.175000,-91.331345,-3.215122,-27.474422,-20.583572,100.433418,-20.520926
5.181250,-98.159576,-3.218634,-24.104601,-20.206062,98.774887,-20.522217
5.187500,-102.562080,-3.221337,-20.326372,-19.877710,96.216537,-20.535042
5.193750,-104.661972,-3.223298,-16.490843,-19.617577,93.497353,-20.562643
5.200000,-104.697433,-3.224689,-12.957451,-19.444466,89.453300,-20.662378
5.206250,-103.010277,-3.225832,-7.880508,-19.375662,86.166168,-20.782549
5.212500,-100.027222,-3.226752,-2.835723,-19.392206,82.549545,-20.884773
5.218750,-96.238205,-3.227128,0.637593,-19.483545,79.887291,-21.000557
5.225000,-92.174423,-3.226492,4.262723,-19.641867,78.001945,-21.135294
5.231250,-86.216675,-3.224980,7.737267,-19.796535,76.717361,-21.286959
5.237500,-80.264168,-3.223098,10.708570,-20.056305,75.770020,-21.461718
5.243750,-74.318489,-3.221350,12.142447,-20.382299,74.815041,-21.670231
5.250000,-68.380615,-3.220294,12.384277,-20.747797,73.531242,-21.910347
5.256250,-62.447987,-3.220038,13.172595,-21.135818,71.601166,-22.178045
5.262500,-56.514999,-3.219574,12.713674,-21.520983,68.733116,-22.469213
5.268750,-50.579163,-3.218253,11.234465,-21.896971,64.682350,-22.772356
5.275000,-44.647732,-3.216985,9.019742,-22.260572,59.199272,-23.071730
5.281250,-38.728687,-3.217542,6.272930,-22.604839,52.076309,-23.337271
5.287500,-32.817673,-3.219731,3.163489,-22.919434,43.348232,-23.595394
5.293750,-26.902185,-3.221813,-0.160137,-23.195246,33.427380,-23.848984
5.300000,-20.980392,-3.223159,-3.561563,-23.422987,22.244781,-24.068842
5.306250,-15.063515,-3.225394,-6.883924,-23.589117,10.099729,-24.235098
5.312500,-9.156836,-3.229702,-9.991032,-23.684330,-2.585784,-24.334711
5.318750,-3.251470,-3.235441,-12.782245,-23.701639,-15.356635,-24.358364
5.325000,2.661898,-3.241457,-15.167128,-23.635370,-27.733521,-24.295891
5.331250,8.582451,-3.247943,-17.103395,-23.487736,-39.276196,-24.136290
5.337500,14.506330,-3.255218,-16.446150,-23.287622,-49.664783,-23.942125
5.343750,20.438202,-3.262351,-16.533909,-23.036375,-58.633190,-23.666130
5.350000,26.380743,-3.268632,-14.912114,-22.735857,-65.802177,-23.358362
5.356250,32.329945,-3.274609,-12.098936,-22.431080,-71.172760,-23.056536
5.362500,38.281242,-3.280854,-8.265610,-22.151646,-74.656837,-22.798885
5.368750,44.239277,-3.286381,-3.600431,-21.919882,-76.316429,-22.608669
5.375000,50.209026,-3.289974,1.688650,-21.747618,-76.472328,-22.456839
5.381250,56.184776,-3.291976,7.357099,-21.637831,-75.334793,-22.336658
5.387500,62.158527,-3.293221,13.114404,-21.581526,-73.217140,-22.299723
5.393750,68.130348,-3.293470,16.691000,-21.597317,-69.219162,-22.387753
5.400000,74.103951,-3.291902,21.430538,-21.693920,-64.818077,-22.574791
5.406250,80.074844,-3.289110,25.305933,-21.854898,-60.260628,-22.854044
5.412500,86.035179,-3.286262,28.179831,-22.058535,-55.799061,-23.205553
5.418750,91.986595,-3.283276,29.957840,-22.277420,-51.457165,-23.561176
5.425000,96.039070,-3.279548,30.582844,-22.486992,-47.528946,-23.908878
5.431250,99.812057,-3.275566,30.078993,-22.664221,-44.237835,-24.231045
5.437500,102.766953,-3.272564,28.648849,-22.788601,-41.563694,-24.500914
5.443750,104.411804,-3.271041,26.686695,-22.856260,-39.451588,-24.690182
5.450000,104.326874,-3.270697,24.566181,-22.852570,-37.858467,-24.781092
5.456250,102.175217,-3.271327,22.645370,-22.764769,-36.664433,-24.761286
5.462500,97.719658,-3.272918,19.459120,-22.592987,-35.683125,-24.632280
5.468750,90.841248,-3.275147,17.070654,-22.348162,-34.718548,-24.424925
5.475000,81.540886,-3.277825,15.404403,-22.038994,-33.449604,-24.093964
5.481250,69.936592,-3.281856,14.408685,-21.671097,-31.324299,-23.667301
5.487500,56.266197,-3.287788,13.925900,-21.269796,-28.561478,-23.198292
5.493750,40.876926,-3.294466,13.756351,-20.866209,-24.896145,-22.725727
5.500000,24.204979,-3.300095,13.772002,-20.484625,-20.068312,-22.281912
5.506250,6.739545,-3.304685,13.896419,-20.141233,-13.869956,-21.892303
5.512500,-10.997622,-3.309479,14.048553,-19.843962,-6.207351,-21.568575
5.518750,-28.461498,-3.314495,14.164333,-19.570475,2.778935,-21.261232
5.525000,-45.112118,-3.318681,14.415162,-19.353830,12.407570,-21.066517
5.531250,-60.455479,-3.321446,14.456580,-19.223831,22.692400,-20.967962
5.537500,-74.071327,-3.323355,14.533530,-19.160389,33.391136,-20.954792
5.543750,-85.622559,-3.324722,14.454529,-19.164131,43.963619,-21.010590
5.550000,-94.870682,-3.325255,13.986819,-19.239960,53.902660,-21.131527
5.556250,-101.693008,-3.324782,12.951599,-19.391577,62.961857,-21.377480
5.562500,-106.092560,-3.323494,11.209739,-19.626959,70.917519,-21.659277
5.568750,-108.192299,-3.321434,8.695929,-19.933931,77.721199,-21.976404
5.575000,-108.228958,-3.318480,7.640670,-20.293015,82.881416,-22.335640
5.581250,-106.545700,-3.315021,4.700852,-20.702749,86.532822,-22.727541
5.587500,-103.571754,-3.311589,1.996254,-21.157042,88.943169,-23.129925
5.593750,-99.798576,-3.308126,-0.496389,-21.651690,90.413528,-23.533554
5.600000,-95.757660,-3.304632,-2.791615,-22.175730,89.224068,-23.947748
5.606250,-89.828636,-3.301766,-4.815680,-22.702051,87.583557,-24.336378
5.612500,-83.907372,-3.300004,-6.553889,-23.213165,85.294189,-24.697577
5.618750,-77.987915,-3.298453,-8.039927,-23.695131,82.206261,-25.028866
5.625000,-72.065292,-3.296220,-9.277482,-24.134716,78.268707,-25.330799
5.631250,-66.147194,-3.294400,-10.248450,-24.516129,73.467690,-25.605686
5.637500,-60.241539,-3.294680,-12.818864,-24.822657,67.782104,-25.834822
5.643750,-54.341671,-3.296729,-13.186201,-25.036068,61.094574,-25.979933
5.650000,-48.435951,-3.298716,-13.241673,-25.134539,55.433846,-26.008486
5.656250,-42.524044,-3.300500,-13.052880,-25.113457,49.138268,-25.981611
5.662500,-36.615276,-3.303455,-12.798926,-24.988064,42.250309,-25.905882
5.668750,-30.713856,-3.308207,-12.559171,-24.760565,35.571926,-25.761015
5.675000,-24.810472,-3.314146,-12.386495,-24.439548,29.434679,-25.544746
5.681250,-18.898655,-3.320272,-12.408178,-24.041910,24.081348,-25.259604
5.687500,-12.980540,-3.326547,-12.750684,-23.591810,19.745619,-24.906902
5.693750,-7.058076,-3.332999,-13.569748,-23.133526,16.650486,-24.490606
5.700000,-1.131039,-3.339441,-15.147423,-22.645943,15.167877,-24.047678
5.706250,4.799287,-3.346062,-15.837237,-22.150158,13.805697,-23.595909
5.712500,10.730884,-3.353516,-16.867844,-21.699116,14.104422,-23.159769
5.718750,16.667049,-3.361308,-17.970659,-21.322765,15.570974,-22.768095
5.725000,22.615116,-3.367960,-18.943800,-21.034184,17.763342,-22.440950
5.731250,28.575529,-3.372854,-19.628239,-20.835630,22.000122,-22.152060
5.737500,34.538853,-3.376867,-19.918840,-20.719412,26.183155,-21.876070
5.743750,40.499710,-3.380623,-19.769564,-20.666893,30.281040,-21.700497
5.750000,46.462593,-3.383365,-19.226992,-20.673161,33.852333,-21.621521
5.756250,52.429302,-3.384513,-18.482372,-20.740864,37.107155,-21.619791
5.762500,58.395725,-3.384689,-15.403107,-20.849476,39.798885,-21.682762
5.768750,64.354744,-3.384632,-13.309536,-20.974089,41.660164,-21.798876
5.775000,70.308029,-3.384227,-10.225548,-21.090183,42.428230,-21.986275
5.781250,76.258316,-3.383238,-6.444684,-21.180300,44.032402,-22.153622
5.787500,82.202957,-3.382198,-2.350392,-21.238422,43.464195,-22.329601
5.793750,88.138611,-3.381965,1.683788,-21.256409,42.222870,-22.515364
5.800000,94.067955,-3.382518,5.316272,-21.225990,40.353359,-22.695192
5.806250,98.099319,-3.383558,8.205399,-21.144115,37.886150,-22.846914
5.812500,101.857140,-3.384745,10.029974,-21.013224,34.882725,-22.944164
5.818750,104.807526,-3.386252,12.692147,-20.839533,31.512697,-22.983297
5.825000,106.455818,-3.388562,14.620307,-20.638582,28.144264,-22.989746
5.831250,106.373245,-3.392617,16.155518,-20.439547,22.805250,-22.965124
5.837500,104.222435,-3.398613,17.701040,-20.270353,17.238493,-22.871410
5.843750,99.775208,-3.405260,17.996012,-20.092930,11.320336,-22.726387
5.850000,92.918709,-3.410890,19.012747,-19.949665,4.801473,-22.559895
5.856250,83.650002,-3.414847,20.401966,-19.866014,-2.304088,-22.393267
5.862500,72.079765,-3.418230,22.059994,-19.851818,-9.900066,-22.245039
5.868750,58.440430,-3.421901,23.885536,-19.903126,-17.905014,-22.132185
5.875000,43.074905,-3.425368,25.832430,-19.983837,-26.268404,-22.047857
5.881250,26.416178,-3.427989,28.009676,-20.127563,-35.090969,-21.988111
5.887500,8.954707,-3.429841,30.821331,-20.339615,-42.249241,-21.973492
5.893750,-8.779108,-3.430860,32.148384,-20.591515,-48.987831,-22.000757
5.900000,-26.239302,-3.430839,33.723991,-20.874725,-54.800350,-22.058016
5.906250,-42.896088,-3.430263,35.171940,-21.195120,-59.278522,-22.133251
5.912500,-58.260464,-3.429959,36.189762,-21.568630,-64.064735,-22.243988
5.918750,-71.903465,-3.429710,36.710373,-21.934473,-67.410049,-22.372948
5.925000,-83.477951,-3.428385,36.614655,-22.308992,-69.683311,-22.505970
5.931250,-92.749176,-3.426314,35.538174,-22.705999,-71.186913,-22.641178
5.937500,-99.603798,-3.424916,33.469509,-23.124689,-72.160591,-22.779732
5.943750,-104.043007,-3.424580,30.517855,-23.550688,-72.788872,-22.918781
5.950000,-106.179054,-3.424242,27.080729,-23.968472,-73.257820,-23.061073
5.956250,-106.245834,-3.423447,23.555941,-24.359543,-73.801399,-23.156988
5.962500,-104.590576,-3.423280,20.070002,-24.705360,-75.330231,-23.217312
5.968750,-101.643112,-3.424208,16.716242,-24.993320,-74.322838,-23.278223
5.975000,-97.887726,-3.424736,13.581171,-25.210752,-73.527985,-23.334085
5.981250,-93.854408,-3.424200,10.753693,-25.349249,-72.461548,-23.384409
5.987500,-87.929749,-3.423985,8.301992,-25.402670,-70.705048,-23.429907
5.993750,-82.017540,-3.425663,6.293632,-25.366713,-67.876579,-23.469446
6.000000,-76.109138,-3.428587,4.770732,-25.241013,-63.668106,-23.503490
6.006250,-70.195099,-3.431488,3.761307,-25.024231,-57.880920,-23.529493
6.012500,-64.276413,-3.434491,3.279267,-24.710896,-50.521626,-23.511694
6.018750,-58.358738,-3.438352,3.273692,-24.298923,-42.023521,-23.473404
6.025000,-52.439735,-3.442707,3.716996,-23.857607,-32.447369,-23.431761
6.031250,-46.514690,-3.446791,4.756975,-23.394745,-21.924381,-23.393192
6.037500,-40.584858,-3.450832,6.355181,-22.935720,-10.924920,-23.366501
6.043750,-34.653904,-3.455383,8.287684,-22.516726,0.034368,-23.360426
6.050000,-28.720016,-3.459812,10.348410,-22.168879,10.522409,-23.350000
6.056250,-22.777901,-3.463325,12.433388,-21.896282,20.290676,-23.327753
6.062500,-16.832291,-3.466350,14.376444,-21.719414,28.974466,-23.332739
6.068750,-10.887686,-3.469458,14.017594,-21.657310,36.289089,-23.373323
6.075000,-4.941690,-3.472017,15.026054,-21.712967,42.103451,-23.446421
6.081250,1.010784,-3.472974,15.461407,-21.872400,46.437683,-23.551487
6.087500,6.964378,-3.472768,15.325140,-22.098593,49.377808,-23.686132
6.093750,12.909194,-3.472872,14.621067,-22.334965,50.948605,-23.818352
6.100000,18.844574,-3.473693,13.118825,-22.611294,51.100262,-23.945103
6.106250,24.778172,-3.474594,10.677272,-22.886229,50.150764,-24.074022
6.112500,30.712780,-3.475167,7.521084,-23.120296,48.322586,-24.197947
6.118750,36.645195,-3.475875,3.638405,-23.287846,45.747505,-24.303541
6.125000,42.572987,-3.477218,-0.983249,-23.376228,42.535503,-24.374792
6.131250,48.496696,-3.479337,-4.145748,-23.381428,38.823997,-24.383867
6.137500,54.420063,-3.482372,-7.133813,-23.308964,34.850769,-24.307869
6.143750,60.344952,-3.486027,-11.203089,-23.159203,31.644928,-24.205833
6.150000,66.275604,-3.489446,-14.087878,-22.934620,27.029583,-24.042257
6.156250,72.213036,-3.492178,-15.861859,-22.659908,22.604527,-23.826012
6.162500,78.152039,-3.494882,-16.625315,-22.361017,18.325171,-23.572508
6.168750,84.088280,-3.498252,-16.444521,-22.057505,14.228781,-23.294760
6.175000,90.025963,-3.501857,-15.412731,-21.767658,10.375423,-23.006443
6.181250,95.969971,-3.504672,-13.683151,-21.508039,6.815847,-22.720089
6.187500,100.025002,-3.506654,-11.429714,-21.291292,3.640774,-22.450163
6.193750,103.806549,-3.508427,-8.869433,-21.133055,1.033579,-22.258806
6.200000,106.780960,-3.510001,-6.239684,-21.050987,-1.761879,-22.067476
6.206250,108.457985,-3.511031,-3.425894,-21.023314,-3.786415,-21.944298
6.212500,108.410103,-3.511699,-0.305885,-21.053875,-5.345936,-21.910583
6.218750,106.293167,-3.512504,2.704628,-21.150116,-6.596180,-21.983561
6.225000,101.871094,-3.513539,5.389284,-21.301857,-7.703221,-22.172121
6.231250,95.024574,-3.514426,7.538014,-21.497583,-7.938801,-22.384010
6.237500,85.754341,-3.515148,8.866250,-21.744232,-8.593709,-22.693890
6.243750,74.181610,-3.515674,9.170418,-22.031017,-9.452765,-23.092552
6.250000,60.543224,-3.515705,10.559828,-22.341595,-10.446147,-23.560871
6.256250,45.179077,-3.515444,11.601758,-22.661591,-11.561377,-24.074606
6.262500,28.512444,-3.515594,10.846675,-22.983105,-12.772444,-24.605230
6.268750,11.036327,-3.516212,10.366782,-23.299074,-13.994375,-25.116829
6.275000,-6.711861,-3.516285,10.107183,-23.592445,-14.904107,-25.581856
6.281250,-24.182968,-3.515151,10.022732,-23.846815,-15.141972,-25.989798
6.287500,-40.852844,-3.514046,9.990129,-24.058117,-14.769942,-26.320633
6.293750,-56.236946,-3.514477,9.899815,-24.223301,-13.586604,-26.557446
6.300000,-69.902794,-3.516201,9.712380,-24.334028,-11.300182,-26.684372
6.306250,-81.498825,-3.517802,9.410263,-24.379644,-7.634834,-26.688490
6.312500,-90.787567,-3.519055,8.961078,-24.348341,-2.396591,-26.559807
6.318750,-97.655670,-3.521057,8.326539,-24.227880,4.491378,-26.299236
6.325000,-102.105415,-3.524276,9.559473,-24.030621,12.877443,-25.958164
6.331250,-104.252266,-3.528267,11.122952,-23.783386,22.479704,-25.559193
6.337500,-104.329865,-3.532761,11.649416,-23.485092,32.799633,-25.077335
6.343750,-102.680176,-3.537968,13.261300,-23.138016,43.639084,-24.569923
6.350000,-99.729752,-3.543702,15.667868,-22.768076,54.569313,-24.082335
6.356250,-95.966187,-3.549056,18.554237,-22.404020,64.940933,-23.651636
6.362500,-91.920677,-3.553609,21.655924,-22.071213,74.079292,-23.304945
6.368750,-85.977608,-3.557702,24.729546,-21.789484,81.325722,-23.045605
6.375000,-80.033775,-3.561491,27.544683,-21.573072,86.031845,-22.835360
6.381250,-74.087563,-3.564639,29.851295,-21.447565,88.883766,-22.792305
6.387500,-68.138908,-3.567106,33.461418,-21.405535,88.752129,-22.877768
6.393750,-62.190777,-3.569163,35.651421,-21.433205,85.819626,-23.077223
6.400000,-56.242390,-3.570599,37.663086,-21.556404,80.347458,-23.333254
6.406250,-50.293438,-3.570959,39.477924,-21.774139,72.667549,-23.592085
6.412500,-44.346455,-3.570887,41.021076,-22.073950,61.954456,-23.950586
6.418750,-38.406460,-3.571340,42.190311,-22.441561,49.504852,-24.337149
6.425000,-32.471127,-3.572138,42.885277,-22.855181,35.704563,-24.716454
6.431250,-26.534172,-3.572485,43.042305,-23.286634,21.074116,-25.057358
6.437500,-20.596363,-3.572217,42.581997,-23.708786,6.160802,-25.334078
6.443750,-14.664076,-3.572411,43.612507,-24.089613,-8.486151,-25.521034
6.450000,-8.739059,-3.573721,42.836586,-24.398050,-22.356459,-25.604383
6.456250,-2.815635,-3.575638,42.281124,-24.622774,-35.143482,-25.636806
6.462500,3.110562,-3.577657,41.760735,-24.761774,-46.616455,-25.579866
6.468750,9.037906,-3.579864,41.174347,-24.809841,-55.250977,-25.418633
6.475000,14.965693,-3.582279,40.441223,-24.764893,-61.927372,-25.204130
6.481250,20.896549,-3.584422,39.458534,-24.637684,-66.305244,-24.967285
6.487500,26.827936,-3.586503,38.101051,-24.454475,-68.203697,-24.736361
6.493750,32.757797,-3.589232,36.321426,-24.241678,-67.527130,-24.525503
6.500000,38.687004,-3.592268,34.196182,-24.005926,-66.104141,-24.323284
6.506250,44.621613,-3.594733,29.933807,-23.762346,-62.437645,-24.123163
6.512500,50.560211,-3.596540,25.159117,-23.529158,-57.271751,-23.933945
6.518750,56.496429,-3.598692,21.549675,-23.334148,-50.946785,-23.810143
6.525000,62.428864,-3.601563,17.287874,-23.202305,-44.249798,-23.731537
6.531250,68.364990,-3.604164,12.625534,-23.136017,-37.868198,-23.685854
6.537500,74.308014,-3.605761,7.819303,-23.131569,-32.303452,-23.664814
6.543750,80.251228,-3.607012,3.076502,-23.181822,-27.974886,-23.664070
6.550000,86.189697,-3.608666,-1.425628,-23.277090,-25.221819,-23.689253
6.556250,92.126968,-3.610415,-5.515708,-23.398676,-24.372015,-23.698345
6.562500,96.171692,-3.611698,-9.002592,-23.494646,-23.770571,-23.702234
6.568750,99.943840,-3.612675,-11.695199,-23.588636,-24.885633,-23.707745
6.575000,102.908188,-3.613662,-14.228300,-23.699844,-27.264498,-23.715500
6.581250,104.572388,-3.614506,-15.517277,-23.794312,-30.438351,-23.738630
6.587500,104.510223,-3.615410,-15.728959,-23.860748,-33.813644,-23.763252
6.593750,102.379219,-3.616925,-15.050835,-23.900286,-38.664848,-23.788805
6.600000,97.943542,-3.618834,-13.678638,-23.917919,-42.864422,-23.820747
6.606250,91.086777,-3.620214,-11.793280,-23.916719,-46.417107,-23.859606
6.612500,81.808159,-3.620960,-9.566975,-23.899351,-49.332287,-23.904049
6.618750,70.222641,-3.622135,-7.188435,-23.867393,-51.643974,-23.950693
6.625000,56.564892,-3.624542,-4.840799,-23.820267,-53.402405,-23.993422
6.631250,41.179817,-3.627587,-0.552589,-23.759943,-54.685444,-24.026258
6.637500,24.501127,-3.630518,2.230069,-23.687275,-55.585499,-24.043503
6.643750,7.019300,-3.633681,5.470941,-23.598917,-56.108536,-24.007799
6.650000,-10.736927,-3.637607,8.952154,-23.482409,-56.930901,-23.949762
6.656250,-28.217983,-3.641769,12.416115,-23.332047,-57.994343,-23.868088
6.662500,-44.887928,-3.645288,15.510591,-23.151773,-59.522827,-23.760851
6.668750,-60.256168,-3.648442,17.948483,-22.936161,-61.700439,-23.622362
6.675000,-73.900558,-3.651740,19.493223,-22.678425,-64.720070,-23.454269
6.681250,-85.481392,-3.655530,19.846983,-22.397272,-66.695473,-23.283607
6.687500,-94.758270,-3.659448,20.907745,-22.106199,-69.171799,-23.121391
6.693750,-101.607407,-3.663323,21.221453,-21.819216,-71.733360,-22.975655
6.700000,-106.028130,-3.666811,21.158890,-21.576286,-74.073540,-22.862745
6.706250,-108.140602,-3.669358,21.012655,-21.362614,-75.880035,-22.805271
6.712500,-108.184517,-3.671062,20.472105,-21.167685,-76.787338,-22.798830
6.718750,-106.505478,-3.672576,20.309523,-21.045708,-76.499489,-22.847403
6.725000,-103.531830,-3.674387,20.623505,-21.018040,-74.972206,-22.954876
6.731250,-99.751282,-3.675950,21.388851,-21.092846,-72.074188,-23.099360
6.737500,-95.693047,-3.676506,22.525177,-21.265390,-67.492981,-23.320475
6.743750,-89.738045,-3.676213,23.907219,-21.525673,-62.989857,-23.603231
6.750000,-83.786263,-3.675595,25.320528,-21.875719,-57.364044,-23.913168
6.756250,-77.838348,-3.674845,28.732725,-22.301819,-51.048573,-24.215643
6.762500,-71.893326,-3.674092,30.899990,-22.744741,-44.492924,-24.485548
6.768750,-65.951309,-3.673557,33.657574,-23.205307,-38.250229,-24.719156
6.775000,-60.010418,-3.672779,36.612480,-23.673927,-30.611593,-24.902433
6.781250,-54.068745,-3.671373,39.534649,-24.133926,-23.319380,-25.024397
6.787500,-48.129166,-3.669527,42.201023,-24.565809,-16.238234,-25.078625
6.793750,-42.196445,-3.668261,44.393959,-24.951771,-9.217313,-25.062494
6.800000,-36.272053,-3.668146,45.906574,-25.276073,-2.091967,-24.976389
6.806250,-30.350536,-3.668560,46.570026,-25.525753,5.307052,-24.822474
6.812500,-24.426765,-3.669103,46.250957,-25.692078,13.145969,-24.602583
6.818750,-18.503325,-3.670236,47.022877,-25.771938,21.591940,-24.290037
6.825000,-12.582609,-3.672194,47.464924,-25.777351,30.819992,-23.958128
6.831250,-6.660243,-3.674447,46.156326,-25.721741,38.329750,-23.619137
6.837500,-0.733991,-3.676535,45.427105,-25.585911,46.287106,-23.299822
6.843750,5.192271,-3.679255,45.087734,-25.407482,53.988182,-23.048342
6.850000,11.116475,-3.683081,45.033863,-25.211872,60.792305,-22.874691
6.856250,17.043762,-3.687117,45.276363,-25.017033,67.659676,-22.758768
6.862500,22.980808,-3.689972,45.830158,-24.835970,72.813774,-22.738588
6.868750,28.923613,-3.691912,46.715740,-24.672819,76.413811,-22.821192
6.875000,34.862553,-3.694154,47.957081,-24.522448,78.598541,-22.998146
6.881250,40.796192,-3.697058,47.680603,-24.352173,79.576683,-23.245901
6.887500,46.730629,-3.699969,47.604668,-24.187805,79.579887,-23.526756
6.893750,52.668781,-3.702399,47.942360,-24.070961,78.757240,-23.831665
6.900000,58.608795,-3.704426,47.819225,-23.983902,77.292603,-24.140106
6.906250,64.548256,-3.706026,46.967594,-23.955378,75.661270,-24.412127
6.912500,70.486237,-3.707274,45.345200,-23.910406,74.271561,-24.614227
6.918750,76.419632,-3.708848,43.288132,-23.859734,71.557098,-24.727057
6.925000,82.347267,-3.711394,40.297440,-23.821392,69.414101,-24.742880
6.931250,88.273201,-3.714612,36.515804,-23.779655,67.581711,-24.656494
6.937500,94.202927,-3.717738,30.206009,-23.723028,65.787704,-24.470982
6.943750,98.242043,-3.720708,25.091299,-23.686783,63.705151,-24.212898
6.950000,102.008789,-3.723778,19.486511,-23.652813,60.980072,-23.934401
6.956250,104.970474,-3.726753,13.705586,-23.605438,58.999550,-23.577606
6.962500,106.638268,-3.728879,7.922138,-23.532133,55.686985,-23.190573
6.968750,106.581261,-3.730791,2.280832,-23.428431,51.599606,-22.815237
6.975000,104.452408,-3.733610,-3.119045,-23.298508,46.859844,-22.479980
6.981250,100.017876,-3.737295,-8.152516,-23.145382,41.565731,-22.202078
6.987500,93.164909,-3.740537,-12.689157,-22.972044,35.816502,-21.992147
6.993750,83.895912,-3.742494,-16.621243,-22.778732,29.694380,-21.849768
7.000000,72.325203,-3.743826,-19.854748,-22.559666,23.274775,-21.761953
7.006250,58.682957,-3.745665,-22.354273,-22.302168,16.527348,-21.740335
7.012500,43.310810,-3.748116,-22.019373,-22.014784,11.425419,-21.803156
7.018750,26.641222,-3.750938,-20.619625,-21.766369,6.677419,-21.928616
7.025000,9.168871,-3.753778,-19.565819,-21.558651,2.766894,-22.091578
7.031250,-8.573174,-3.756367,-16.465736,-21.333139,0.141871,-22.314518
7.037500,-26.039276,-3.758713,-12.055994,-21.150085,-2.273250,-22.570335
7.043750,-42.698662,-3.761145,-6.890241,-21.046041,-3.148990,-22.871990
7.050000,-58.060009,-3.763922,-1.368761,-21.047819,-2.973825,-23.227335
7.056250,-71.692657,-3.766428,4.122753,-21.173986,-1.922228,-23.638948
7.062500,-83.252838,-3.767783,11.422398,-21.420494,-0.170051,-24.105566
7.068750,-92.505913,-3.768074,16.975866,-21.782421,2.085895,-24.629850
7.075000,-99.337044,-3.767993,22.535404,-22.253881,4.657192,-25.199453
7.081250,-103.747421,-3.767826,27.767326,-22.807350,7.578269,-25.746807
7.087500,-105.855499,-3.766980,32.392105,-23.376171,8.593374,-26.281086
7.093750,-105.897400,-3.765203,36.020336,-24.004601,8.948408,-26.802715
7.100000,-104.217117,-3.762863,37.919811,-24.659531,10.161085,-27.297201
7.106250,-101.245308,-3.760355,38.315788,-25.297318,10.330319,-27.742449
7.112500,-97.474182,-3.757889,36.991024,-25.896364,9.494508,-28.114330
7.118750,-93.436462,-3.755738,35.930134,-26.468382,7.734399,-28.387726
7.125000,-87.510483,-3.754135,33.553310,-26.923824,5.203823,-28.526810
7.131250,-81.587952,-3.752712,29.887312,-27.258528,2.140800,-28.476147
7.137500,-75.667336,-3.751211,25.828436,-27.491695,-3.103908,-28.308695
7.143750,-69.751465,-3.750368,21.670620,-27.631300,-8.575855,-28.010693
7.150000,-63.844433,-3.751221,17.652845,-27.682961,-14.638716,-27.580784
7.156250,-57.941395,-3.753601,14.006096,-27.649538,-21.228153,-27.034927
7.162500,-52.032177,-3.756115,10.934221,-27.534941,-28.182304,-26.399439
7.168750,-46.114681,-3.758080,8.578329,-27.348293,-35.308575,-25.713230
7.175000,-40.195320,-3.760270,7.029833,-27.102863,-42.395859,-25.031757
7.181250,-34.277843,-3.763172,6.339937,-26.814369,-49.296246,-24.365040
7.187500,-28.358147,-3.766402,6.523965,-26.499001,-56.165356,-23.721239
7.193750,-22.431534,-3.769209,7.565499,-26.167498,-60.594067,-23.154272
7.200000,-16.500294,-3.771617,7.538921,-25.815798,-64.050323,-22.697298
7.206250,-10.567882,-3.774032,10.135343,-25.447409,-65.929375,-22.360447
7.212500,-4.633650,-3.776186,12.891341,-25.132229,-67.571114,-22.113926
7.218750,1.303177,-3.778003,15.906300,-24.850597,-67.223099,-22.018841
7.225000,7.239604,-3.780058,19.014355,-24.603498,-65.238113,-22.048590
7.231250,13.174599,-3.782741,21.991764,-24.389769,-61.816772,-22.182730
7.237500,19.112038,-3.785259,24.607342,-24.206106,-57.386845,-22.397448
7.243750,25.055876,-3.786879,26.628046,-24.058510,-52.405670,-22.660318
7.250000,31.001530,-3.787935,29.983358,-23.948858,-47.365490,-22.928282
7.256250,36.943291,-3.789175,31.318312,-23.868052,-42.808006,-23.167164
7.262500,42.880234,-3.790934,32.643730,-23.812490,-39.524189,-23.407431
7.268750,48.815304,-3.793025,33.754234,-23.787279,-35.742889,-23.613688
7.275000,54.750744,-3.795624,34.492702,-23.786398,-33.008137,-23.739698
7.281250,60.685589,-3.798761,34.878487,-23.773550,-31.186884,-23.779497
7.287500,66.623131,-3.801853,34.731930,-23.751545,-30.203156,-23.738361
7.293750,72.566490,-3.804029,33.885685,-23.710333,-29.824453,-23.621376
7.300000,78.513382,-3.805119,32.380589,-23.603374,-29.773443,-23.438093
7.306250,84.458282,-3.805836,30.473347,-23.494001,-29.789740,-23.205851
7.312500,90.395172,-3.807076,28.884167,-23.377909,-29.633514,-22.948641
7.318750,96.326591,-3.809188,27.473358,-23.238171,-29.094675,-22.697079
7.325000,100.361046,-3.812010,24.710543,-23.081539,-28.042244,-22.481159
7.331250,104.126877,-3.814738,22.654289,-22.912050,-26.523119,-22.299128
7.337500,107.093445,-3.816571,21.276621,-22.719185,-24.580429,-22.177170
7.343750,108.764938,-3.817525,20.388977,-22.523041,-22.220156,-22.144939
7.350000,108.708290,-3.818514,19.749449,-22.345959,-19.656242,-22.204319
7.356250,106.580452,-3.820171,19.233929,-22.199718,-15.303129,-22.324224
7.362500,102.148438,-3.822392,18.741722,-22.089823,-10.978705,-22.519821
7.368750,95.294777,-3.824389,18.158100,-22.015223,-5.979293,-22.809853
7.375000,86.020180,-3.825971,17.364010,-21.970451,-2.480726,-23.152515
7.381250,74.443283,-3.827469,18.355757,-21.950966,1.099003,-23.511883
7.387500,60.799603,-3.829040,19.567944,-21.956387,4.494323,-23.852036
7.393750,45.428726,-3.831254,21.193729,-22.011417,9.557837,-24.156971
7.400000,28.758842,-3.834022,23.253260,-22.080940,14.582019,-24.416117
7.406250,11.286585,-3.836771,25.795391,-22.165421,18.000450,-24.609116
7.412500,-6.452888,-3.838631,29.021803,-22.282547,21.716715,-24.723373
7.418750,-23.916193,-3.839766,32.816654,-22.442600,25.409546,-24.755507
7.425000,-40.577133,-3.841120,36.938400,-22.653206,28.757010,-24.709770
7.431250,-55.945087,-3.843163,41.103390,-22.918518,31.472923,-24.595444
7.437500,-69.587593,-3.845360,47.196175,-23.237783,33.339275,-24.419176
7.443750,-81.160316,-3.847095,51.688107,-23.606724,34.201447,-24.180170
7.450000,-90.427841,-3.848714,56.465813,-24.005487,33.948135,-23.885223
7.456250,-97.271698,-3.850191,61.209106,-24.422243,32.357800,-23.578238
7.462500,-101.688072,-3.851052,65.379410,-24.885244,29.382820,-23.283802
7.468750,-103.798813,-3.850894,68.655014,-25.392477,25.215227,-23.019751
7.475000,-103.845016,-3.850291,70.882500,-25.939816,20.061354,-22.803297
7.481250,-102.170860,-3.849741,71.969757,-26.491619,14.222879,-22.637268
7.487500,-99.201477,-3.848841,71.866089,-27.032881,8.077131,-22.521509
7.493750,-95.425026,-3.847045,68.512932,-27.561375,1.959123,-22.460367
7.500000,-91.378601,-3.844954,63.591141,-28.058735,-3.713399,-22.443003
7.506250,-85.445671,-3.843463,58.933903,-28.493849,-8.409717,-22.451021
7.512500,-79.519669,-3.842545,52.883221,-28.844879,-11.467016,-22.496008
7.518750,-73.594643,-3.841502,45.635262,-29.112595,-12.287565,-22.560114
7.525000,-67.671364,-3.840591,37.546928,-29.282080,-10.475121,-22.619522
7.531250,-61.754738,-3.840698,29.070129,-29.341959,-7.476318,-22.666267
7.537500,-55.843456,-3.841869,20.598021,-29.296425,-3.370042,-22.695406
7.543750,-49.932568,-3.843468,12.504952,-29.160048,3.041742,-22.684513
7.550000,-44.019989,-3.845442,5.260713,-28.918131,10.869741,-22.636583
7.556250,-38.108429,-3.848358,-0.721626,-28.588610,19.142719,-22.565773
7.562500,-32.197441,-3.852223,-7.182511,-28.203087,27.018204,-22.487789
7.568750,-26.282722,-3.856410,-12.196620,-27.776051,33.748470,-22.420937
7.575000,-20.360443,-3.860126,-15.967745,-27.311012,38.678333,-22.386337
7.581250,-14.433035,-3.863384,-18.572632,-26.860189,41.423012,-22.350134
7.587500,-8.502992,-3.866051,-20.039898,-26.433821,43.744316,-22.334972
7.593750,-2.571484,-3.868088,-20.759192,-26.032160,43.824474,-22.360577
7.600000,3.359313,-3.869790,-20.959776,-25.660475,42.087364,-22.430681
7.606250,9.286178,-3.871799,-20.796373,-25.323828,39.079502,-22.540127
7.612500,15.210438,-3.874241,-20.400801,-25.022861,35.380020,-22.676237
7.618750,21.136374,-3.876416,-19.885220,-24.752907,31.566015,-22.827095
7.625000,27.065260,-3.878018,-17.210241,-24.505966,28.145777,-22.994085
7.631250,32.992588,-3.879682,-15.793104,-24.277140,25.551205,-23.195704
7.637500,38.916088,-3.882040,-13.687299,-24.062601,24.210968,-23.434315
7.643750,44.836758,-3.884907,-11.136237,-23.856302,23.535587,-23.612289
7.650000,50.759560,-3.887995,-8.349658,-23.628712,24.453844,-23.778803
7.656250,56.682884,-3.891624,-5.608947,-23.358854,26.731174,-23.943413
7.662500,62.605484,-3.896325,-3.430337,-23.076052,29.925413,-24.114595
7.668750,68.529686,-3.901934,-2.265801,-22.792772,33.474499,-24.295950
7.675000,74.462166,-3.907574,-0.122449,-22.509722,36.845177,-24.485794
7.681250,80.404060,-3.912257,1.418317,-22.235451,39.480270,-24.685968
7.687500,86.353119,-3.916120,2.661096,-21.986448,40.762718,-24.899025
7.693750,92.303574,-3.919495,3.931898,-21.781687,41.975983,-25.128094
7.700000,96.358162,-3.922645,3.697838,-21.636047,40.939800,-25.378065
7.706250,100.139900,-3.925393,4.016022,-21.540363,37.740814,-25.656364
7.712500,103.117027,-3.927539,4.677836,-21.500736,32.913727,-25.926428
7.718750,104.795990,-3.929044,5.385315,-21.517815,27.171276,-26.162506
7.725000,104.748810,-3.929922,5.912678,-21.580839,20.453875,-26.396973
7.731250,102.633545,-3.930268,5.955407,-21.708477,13.058801,-26.625917
7.737500,98.209961,-3.930545,5.225610,-21.892864,5.487570,-26.829672
7.743750,91.355896,-3.931207,5.847580,-22.106060,-1.828277,-26.981684
7.750000,82.072273,-3.932714,6.284926,-22.327837,-8.512214,-27.051483
7.756250,70.483772,-3.934609,6.806798,-22.539774,-14.272174,-27.007580
7.762500,56.831886,-3.936451,7.633772,-22.727942,-19.068743,-26.883032
7.768750,41.455784,-3.938408,8.866760,-22.888641,-22.813183,-26.668768
7.775000,24.778904,-3.941236,10.562310,-23.016216,-25.259699,-26.358747
7.781250,7.294791,-3.945180,12.783878,-23.109371,-26.406807,-25.961649
7.787500,-10.457919,-3.949552,15.508927,-23.174900,-26.355331,-25.499100
7.793750,-27.927860,-3.953130,18.646593,-23.219965,-25.237820,-24.998768
7.800000,-44.584015,-3.955915,22.046583,-23.255573,-23.200043,-24.492393
7.806250,-59.941216,-3.958506,25.537397,-23.290838,-20.334587,-23.975082
7.812500,-73.572624,-3.960956,29.243086,-23.324755,-16.716513,-23.438639
7.818750,-85.135391,-3.962724,33.250446,-23.362043,-14.549029,-22.897455
7.825000,-94.392128,-3.963654,37.281425,-23.411566,-11.311640,-22.467838
7.831250,-101.226036,-3.964209,41.063606,-23.493408,-8.217925,-22.119305
7.837500,-105.636894,-3.964596,44.320965,-23.628523,-5.535067,-21.851414
7.843750,-107.744232,-3.964150,46.912739,-23.830437,-3.396302,-21.661804
7.850000,-107.784744,-3.962757,48.773170,-24.087694,-1.827132,-21.549782
7.856250,-106.104752,-3.961164,50.001976,-24.371645,-0.839436,-21.516356
7.862500,-103.133156,-3.960083,50.374882,-24.691513,-0.392830,-21.555387
7.868750,-99.358337,-3.958741,47.921448,-25.040184,-0.331223,-21.656609
7.875000,-95.307472,-3.956484,44.327751,-25.397329,-2.578761,-21.802673
7.881250,-89.362915,-3.953471,41.329426,-25.740257,-5.475314,-21.969337
7.887500,-83.426392,-3.950792,37.094490,-26.069803,-9.213120,-22.123325
7.893750,-77.497879,-3.948601,31.812471,-26.370186,-11.852933,-22.275343
7.900000,-71.573189,-3.946721,25.824608,-26.623871,-15.086871,-22.428383
7.906250,-65.652565,-3.945431,19.474445,-26.810860,-18.161005,-22.538149
7.912500,-59.737179,-3.945350,13.146655,-26.910418,-20.680721,-22.606400
7.918750,-53.823517,-3.945350,7.126735,-26.910418,-22.350922,-22.606400
7.925000,-53.823517,-3.945350,7.126735,-26.910418,-22.350922,-22.606400
7.931250,-53.823517,-3.945350,7.126735,-26.910418,-22.350922,-22.606400
7.937500,-53.823517,-3.945350,7.126735,-26.910418,-22.350922,-22.606400
7.943750,-53.823517,-3.945350,7.126735,-26.910418,-22.350922,-22.606400
7.950000,-53.823517,-3.945350,7.126735,-26.910418,-22.350922,-22.606400
7.956250,-53.823517,-3.945350,7.126735,-26.910418,-22.350922,-22.606400
7.962500,-53.823517,-3.945350,7.126735,-26.910418,-22.350922,-22.606400
7.968750,-53.823517,-3.945350,7.126735,-26.910418,-22.350922,-22.606400
7.975000,-53.823517,-3.945350,7.126735,-26.910418,-22.350922,-22.606400
7.981250,-53.823517,-3.945350,7.126735,-26.910418,-22.350922,-22.606400
7.987500,-53.823517,-3.945350,7.126735,-26.910418,-22.350922,-22.606400
7.993750,-53.823517,-3.945350,7.126735,-26.910418,-22.350922,-22.606400
8.000000,-53.823517,-3.945350,7.126735,-26.910418,-22.350922,-22.606400
