Anritsu VNA Frequency[GHz],S21[deg],S21[dB],S11[deg],S11[dB],S22[deg],S22[dB]
1338060897.41,2012_05_26_20:34:57,+54.303,+127.71,+106.23,+127.97,+133.51,+135.61,+131.18,+132.82,130.021927,-7.782
3.006250,41.374577,-2.290214,65.866867,-27.145229,-80.001968,-28.075380
3.012500,41.374577,-2.290214,65.866867,-27.145229,-80.001968,-28.075380
3.018750,41.374577,-2.290214,65.866867,-27.145229,-80.001968,-28.075380
3.025000,41.374577,-2.290214,65.866867,-27.145229,-80.001968,-28.075380
3.031250,41.374577,-2.290214,65.866867,-27.145229,-80.001968,-28.075380
3.037500,41.374577,-2.290214,65.866867,-27.145229,-80.001968,-28.075380
3.043750,41.374577,-2.290214,65.866867,-27.145229,-80.001968,-28.075380
3.050000,41.374577,-2.290214,65.866867,-27.145229,-80.001968,-28.075380
3.056250,41.374577,-2.290214,65.866867,-27.145229,-80.001968,-28.075380
3.062500,41.374577,-2.290214,65.866867,-27.145229,-80.001968,-28.075380
3.068750,41.374577,-2.290214,65.866867,-27.145229,-80.001968,-28.075380
3.075000,41.374577,-2.290214,65.866867,-27.145229,-80.001968,-28.075380
3.081250,41.374577,-2.290214,65.866867,-27.145229,-80.001968,-28.075380
3.087500,41.374577,-2.290214,65.866867,-27.145229,-80.001968,-28.075380
3.093750,41.374577,-2.292421,65.866867,-26.953663,-80.001968,-27.867359
3.100000,47.299244,-2.294985,62.466797,-26.792124,-80.178101,-27.653435
3.106250,53.223434,-2.297693,58.192539,-26.688120,-79.486748,-27.434811
3.112500,59.148682,-2.300440,51.636391,-26.657280,-77.656380,-27.193821
3.118750,65.073524,-2.303334,44.929707,-26.696655,-74.469437,-26.883106
3.125000,70.997253,-2.306375,38.697289,-26.718100,-69.971222,-26.571823
3.131250,76.920425,-2.309542,32.630421,-26.763262,-64.205490,-26.234028
3.137500,82.842766,-2.313022,26.891930,-26.839224,-56.820351,-25.857864
3.143750,88.763649,-2.317072,21.760124,-26.940947,-47.901588,-25.451599
3.150000,94.684853,-2.321462,17.511047,-27.056484,-37.573677,-25.029705
3.156250,98.714241,-2.325681,14.377141,-27.172094,-27.886248,-24.612032
3.162500,102.472580,-2.329643,12.537363,-27.272808,-17.397429,-24.222498
3.168750,105.425674,-2.333630,12.124276,-27.345247,-6.835457,-23.897015
3.175000,107.079971,-2.337875,13.265006,-27.371033,3.138640,-23.636620
3.181250,107.009560,-2.342195,14.261051,-27.335333,12.394897,-23.392242
3.187500,104.876007,-2.346383,16.784634,-27.249817,20.012264,-23.201000
3.193750,100.441719,-2.350375,20.152607,-27.122318,25.655682,-23.082043
3.200000,93.584488,-2.354067,23.786894,-26.958519,29.221199,-23.043140
3.206250,84.304405,-2.357397,27.206682,-26.766821,30.651247,-23.082573
3.212500,72.721893,-2.360505,29.971888,-26.559620,29.979362,-23.203787
3.218750,59.072216,-2.363740,31.718420,-26.349546,27.377523,-23.422722
3.225000,43.697033,-2.366928,34.357685,-26.137661,22.858049,-23.644468
3.231250,27.025408,-2.369613,36.360680,-25.922878,16.651842,-23.886513
3.237500,9.549035,-2.371952,36.156967,-25.709312,9.323567,-24.148136
3.243750,-8.203215,-2.374444,35.732323,-25.486612,2.983152,-24.410954
3.250000,-25.686047,-2.377430,34.895935,-25.261555,-3.808306,-24.654034
3.256250,-42.363434,-2.380596,33.196934,-25.076189,-10.399431,-24.867363
3.262500,-57.740059,-2.383420,30.632318,-24.915808,-16.178934,-25.040995
3.268750,-71.390038,-2.385878,27.132826,-24.774782,-20.535240,-25.164000
3.275000,-82.975525,-2.388313,22.515209,-24.652817,-22.981504,-25.231739
3.281250,-92.261093,-2.391101,16.616793,-24.542603,-23.165499,-25.245459
3.287500,-99.123550,-2.394267,9.309669,-24.433060,-20.907150,-25.212614
3.293750,-103.560555,-2.397572,2.694064,-24.300646,-16.191519,-25.135237
3.300000,-105.692551,-2.400756,-4.617546,-24.127142,-9.137829,-25.012449
3.306250,-105.756386,-2.403696,-12.787528,-24.001326,-0.011096,-24.863514
3.312500,-104.093613,-2.406423,-21.020578,-23.890158,10.761943,-24.715273
3.318750,-101.132324,-2.409149,-28.890301,-23.793457,22.651335,-24.590490
3.325000,-97.364960,-2.411726,-36.135551,-23.723095,35.078457,-24.503508
3.331250,-93.323067,-2.414038,-42.515907,-23.696571,47.435585,-24.461517
3.337500,-87.385223,-2.415955,-47.856735,-23.748037,61.257587,-24.467581
3.343750,-81.447121,-2.417554,-52.041382,-23.914164,74.572876,-24.516111
3.350000,-75.509354,-2.418812,-55.800602,-24.081034,85.455467,-24.576050
3.356250,-69.572060,-2.419764,-58.571548,-24.331085,95.470428,-24.646637
3.362500,-63.636101,-2.420571,-58.590916,-24.697451,103.483833,-24.784832
3.368750,-57.702309,-2.421093,-57.614429,-25.174694,109.338142,-24.971277
3.375000,-51.769077,-2.421112,-55.542328,-25.742443,112.631111,-25.221340
3.381250,-45.837231,-2.420651,-52.398026,-26.371532,113.091545,-25.511051
3.387500,-39.910713,-2.420342,-48.294113,-27.027798,111.040398,-25.790005
3.393750,-33.990067,-2.420674,-43.402931,-27.670885,106.140701,-26.067459
3.400000,-28.072479,-2.421411,-37.944050,-28.258102,98.697060,-26.304529
3.406250,-22.154797,-2.421934,-32.219028,-28.762625,89.565384,-26.571836
3.412500,-16.237154,-2.422475,-26.566179,-29.161470,79.614143,-26.830669
3.418750,-10.323555,-2.423709,-20.949724,-29.430790,69.461243,-27.053881
3.425000,-4.413616,-2.425813,-15.359034,-29.559694,57.883785,-27.230965
3.431250,1.497930,-2.428188,-10.068468,-29.551228,47.214703,-27.361517
3.437500,7.413360,-2.430378,-5.287772,-29.406124,37.905144,-27.452374
3.443750,13.328650,-2.433022,-1.042032,-29.104805,30.524406,-27.458452
3.450000,19.242100,-2.436579,2.442411,-28.681543,23.543285,-27.391312
3.456250,25.157999,-2.440520,5.045344,-28.171688,18.668758,-27.264206
3.462500,31.081387,-2.443961,6.862765,-27.613960,15.578807,-27.080372
3.468750,37.010281,-2.446762,8.107265,-27.049820,13.944814,-26.838037
3.475000,42.939690,-2.449300,9.030129,-26.526581,13.415890,-26.546389
3.481250,48.867966,-2.451861,9.954148,-26.060595,13.605340,-26.221205
3.487500,54.795383,-2.454560,9.672465,-25.630865,14.124636,-25.859480
3.493750,60.721710,-2.457659,9.876724,-25.282598,14.567565,-25.464468
3.500000,66.647408,-2.461146,10.343603,-25.032274,14.503534,-25.047157
3.506250,72.575439,-2.464575,10.999793,-24.875990,13.592196,-24.618534
3.512500,78.507355,-2.467308,11.767292,-24.794024,11.563770,-24.188641
3.518750,84.440025,-2.469781,12.592724,-24.737589,8.220395,-23.763781
3.525000,90.367935,-2.472987,13.424813,-24.642143,3.422959,-23.349894
3.531250,96.291214,-2.477304,15.095886,-24.606104,-0.777006,-22.960070
3.537500,100.320778,-2.482089,17.033590,-24.553301,-5.815377,-22.610516
3.543750,104.083008,-2.486548,19.359608,-24.465054,-11.228392,-22.316858
3.550000,107.043427,-2.491076,22.253244,-24.328413,-16.709249,-22.040813
3.556250,108.705505,-2.496130,24.060822,-24.128391,-21.940367,-21.761204
3.562500,108.644493,-2.501582,26.460663,-23.886845,-26.505842,-21.510513
3.568750,106.525581,-2.506435,28.938177,-23.629820,-30.819323,-21.350452
3.575000,102.113350,-2.510073,31.086155,-23.383707,-34.576168,-21.272202
3.581250,95.281441,-2.512543,32.526806,-23.180824,-37.923561,-21.302107
3.587500,86.025345,-2.514469,32.921944,-23.056339,-39.390530,-21.390007
3.593750,74.465233,-2.515979,32.061737,-23.019077,-41.232971,-21.542587
3.600000,60.841305,-2.516565,32.078617,-23.064856,-42.927048,-21.782413
3.606250,45.495865,-2.515878,31.341496,-23.211708,-44.414528,-22.105413
3.612500,28.851660,-2.514169,30.245127,-23.458130,-45.729092,-22.489376
3.618750,11.396786,-2.511974,29.210386,-23.801235,-46.976913,-22.900513
3.625000,-6.335037,-2.509238,28.467052,-24.263792,-48.498920,-23.366001
3.631250,-23.796093,-2.505714,28.445587,-24.814972,-48.376766,-23.860590
3.637500,-40.456093,-2.501736,29.516863,-25.418776,-47.986050,-24.352352
3.643750,-55.827042,-2.497997,31.850569,-26.037497,-47.049717,-24.818398
3.650000,-69.481567,-2.494934,33.596317,-26.629145,-45.400330,-25.238783
3.656250,-81.076324,-2.492513,36.319481,-27.136951,-42.942379,-25.595636
3.662500,-90.372337,-2.490780,39.276115,-27.536003,-39.637913,-25.878305
3.668750,-97.248421,-2.489968,43.465591,-27.848038,-35.558605,-26.089804
3.675000,-101.702507,-2.489862,46.999493,-28.035482,-30.832268,-26.232828
3.681250,-103.853668,-2.490111,49.701542,-28.086210,-25.610527,-26.306927
3.687500,-103.939819,-2.490827,51.325626,-28.005592,-20.111853,-26.315115
3.693750,-102.304092,-2.492695,51.689545,-27.815758,-14.604618,-26.266392
3.700000,-99.373016,-2.495783,50.708813,-27.545820,-9.361292,-26.174782
3.706250,-95.632828,-2.499261,48.539421,-27.189306,-4.595942,-26.046207
3.712500,-91.613655,-2.502541,45.269188,-26.785973,-0.419583,-25.874908
3.718750,-85.697357,-2.505913,39.047783,-26.375507,3.027440,-25.664959
3.725000,-79.782196,-2.509939,31.765762,-25.983850,5.677594,-25.419628
3.731250,-73.865639,-2.514124,23.207832,-25.640253,7.781340,-25.187319
3.737500,-67.943916,-2.517907,15.310324,-25.384251,9.664794,-24.987722
3.743750,-62.018444,-2.521232,6.715718,-25.217916,11.458460,-24.835905
3.750000,-56.093109,-2.524474,-1.964932,-25.130178,13.610275,-24.701328
3.756250,-50.168968,-2.527580,-10.250710,-25.114681,14.949105,-24.556189
3.762500,-44.243961,-2.530385,-17.714878,-25.155622,17.278795,-24.390917
3.768750,-38.319035,-2.533063,-23.906181,-25.220732,18.525095,-24.263767
3.775000,-32.395302,-2.535956,-28.504578,-25.300737,20.448811,-24.180050
3.781250,-26.472321,-2.538928,-31.415112,-25.398056,22.280212,-24.118080
3.787500,-20.548885,-2.541543,-32.307858,-25.488230,23.669825,-24.068071
3.793750,-14.625515,-2.544104,-31.026646,-25.567720,24.346689,-24.029455
3.800000,-8.704062,-2.546995,-29.435444,-25.635422,24.129021,-24.000240
3.806250,-2.784402,-2.550220,-25.503004,-25.601009,23.004642,-23.949286
3.812500,3.135756,-2.553628,-20.266197,-25.514391,20.969549,-23.870234
3.818750,9.055879,-2.557321,-14.474989,-25.393854,17.916714,-23.771599
3.825000,14.975694,-2.561450,-8.702090,-25.252657,13.957486,-23.657749
3.831250,20.898104,-2.565483,-1.324975,-25.102917,9.347832,-23.535570
3.837500,26.823994,-2.569117,5.809749,-24.957310,4.424563,-23.422338
3.843750,32.749947,-2.572708,12.806890,-24.819820,-0.445894,-23.341845
3.850000,38.674129,-2.576729,17.954067,-24.681768,-4.495437,-23.209885
3.856250,44.598221,-2.580784,22.972820,-24.548943,-9.416293,-23.074614
3.862500,50.525749,-2.584225,27.398968,-24.424566,-13.352036,-22.952337
3.868750,56.453819,-2.587507,30.880743,-24.301071,-16.382336,-22.844707
3.875000,62.376602,-2.591588,33.116272,-24.159903,-18.620771,-22.745642
3.881250,68.295364,-2.596914,33.835220,-23.979433,-20.232153,-22.641241
3.887500,74.216652,-2.602551,32.642517,-23.784159,-21.468374,-22.526054
3.893750,80.144890,-2.607679,29.335428,-23.560072,-22.699358,-22.407549
3.900000,86.075989,-2.612854,26.105698,-23.292189,-24.234760,-22.282051
3.906250,92.004890,-2.618930,21.541828,-22.977011,-26.364050,-22.146332
3.912500,96.037910,-2.626050,16.130066,-22.616722,-29.426146,-21.997017
3.918750,99.802757,-2.633694,10.359394,-22.216642,-31.855038,-21.825575
3.925000,102.770081,-2.641253,4.641492,-21.796112,-35.591049,-21.614544
3.931250,104.447815,-2.648461,-0.675242,-21.381273,-40.446117,-21.393976
3.937500,104.407051,-2.655252,-5.227925,-20.994278,-44.320423,-21.203854
3.943750,102.306168,-2.661579,-8.686004,-20.657564,-48.105606,-21.045906
3.950000,97.909218,-2.667023,-10.833937,-20.392645,-51.035316,-20.930407
3.956250,91.094475,-2.670988,-11.562146,-20.218517,-52.478386,-20.870577
3.962500,81.860542,-2.673268,-10.849334,-20.146967,-51.898724,-20.878975
3.968750,70.325233,-2.674132,-8.736050,-20.179937,-48.862770,-20.964779
3.975000,56.722488,-2.673733,-7.221848,-20.299902,-43.081356,-21.136971
3.981250,41.391537,-2.672138,-2.690658,-20.487648,-36.316113,-21.434418
3.987500,24.758837,-2.669401,2.222394,-20.813757,-26.834692,-21.772196
3.993750,7.314481,-2.665717,7.672292,-21.209599,-15.210442,-22.200342
4.000000,-10.409653,-2.661403,13.325911,-21.664854,-2.500791,-22.729712
4.006250,-27.867119,-2.656364,18.756317,-22.168129,10.580532,-23.370441
4.012500,-44.526955,-2.650917,23.672024,-22.698095,23.245840,-24.110056
4.018750,-59.899208,-2.645823,27.830839,-23.226980,34.043007,-24.822170
4.025000,-73.556572,-2.641452,30.996931,-23.733614,44.611855,-25.504511
4.031250,-85.155525,-2.637609,33.178646,-24.210863,52.083336,-26.229662
4.037500,-94.456032,-2.634243,34.497562,-24.642916,58.447701,-26.941204
4.043750,-101.338554,-2.631907,34.895100,-25.014551,62.316528,-27.605499
4.050000,-105.802109,-2.630807,34.317814,-25.321529,64.092186,-28.200649
4.056250,-107.963531,-2.630263,32.779533,-25.560280,64.276093,-28.712370
4.062500,-108.056953,-2.629534,30.448797,-25.708696,61.603783,-29.119261
4.068750,-106.427208,-2.629331,27.493708,-25.772284,58.451672,-29.395638
4.075000,-103.507462,-2.630961,24.037729,-25.766323,54.943657,-29.540342
4.081250,-99.785049,-2.634067,20.377617,-25.702442,51.257492,-29.555128
4.087500,-95.783760,-2.637351,16.896963,-25.588091,47.688988,-29.439085
4.093750,-89.878616,-2.640038,12.124806,-25.428894,44.592896,-29.193989
4.100000,-83.972626,-2.642751,8.100462,-25.234497,40.156708,-28.832935
4.106250,-78.071075,-2.646349,4.718836,-25.011866,36.089390,-28.383457
4.112500,-72.171333,-2.650727,1.924988,-24.759056,32.251637,-27.851652
4.118750,-66.268883,-2.655520,-0.357183,-24.479866,28.763136,-27.222601
4.125000,-60.364025,-2.660776,-2.322626,-24.187838,25.271286,-26.542887
4.131250,-54.457684,-2.666619,-4.108130,-23.894245,21.630039,-25.846836
4.137500,-48.547409,-2.672708,-5.797172,-23.605471,17.835855,-25.161737
4.143750,-42.631252,-2.678593,-7.442899,-23.323814,13.924490,-24.508057
4.150000,-36.711349,-2.684440,-9.107103,-23.050320,9.930722,-23.901913
4.156250,-30.790194,-2.690577,-8.697152,-22.784386,5.895616,-23.349596
4.162500,-24.867798,-2.697068,-7.650857,-22.523867,4.022589,-22.827148
4.168750,-18.941992,-2.703687,-7.450302,-22.260939,2.765847,-22.416979
4.175000,-13.012372,-2.710482,-6.147673,-22.000307,0.840614,-22.066200
4.181250,-7.078950,-2.717201,-4.093279,-21.753139,0.239085,-21.783148
4.187500,-1.140872,-2.723631,-1.585774,-21.526972,0.726053,-21.545218
4.193750,4.801861,-2.729730,1.059337,-21.328346,2.110674,-21.333330
4.200000,10.748516,-2.735271,3.514602,-21.164965,4.929083,-21.239002
4.206250,16.698212,-2.740006,5.459443,-21.043959,6.328711,-21.234524
4.212500,22.650677,-2.743695,8.790781,-20.967813,7.348570,-21.265070
4.218750,28.602972,-2.746568,11.944370,-20.926836,8.971567,-21.316301
4.225000,34.552197,-2.749122,15.230908,-20.914024,9.230348,-21.400291
4.231250,40.497066,-2.751468,16.998287,-20.919594,8.027521,-21.511019
4.237500,46.439552,-2.753600,19.088627,-20.934153,5.239782,-21.630814
4.243750,52.379814,-2.755411,21.054335,-20.973505,2.893388,-21.752611
4.250000,58.318672,-2.756849,22.486021,-21.030628,-0.544201,-21.880119
4.256250,64.255836,-2.757840,23.098799,-21.087639,-4.552709,-21.999325
4.262500,70.188866,-2.758745,22.518774,-21.126158,-8.608459,-22.096201
4.268750,76.115540,-2.760180,20.387012,-21.140278,-12.259361,-22.157015
4.275000,82.034935,-2.762611,18.575138,-21.120258,-15.109502,-22.171766
4.281250,87.952133,-2.765769,15.444342,-21.057318,-16.818623,-22.128685
4.287500,93.870682,-2.769309,11.269038,-20.942513,-17.122637,-22.006151
4.293750,97.894295,-2.773732,6.268353,-20.785789,-15.934949,-21.815590
4.300000,101.642792,-2.779495,0.653565,-20.596689,-13.592542,-21.600716
4.306250,104.589706,-2.785841,-5.238224,-20.377331,-9.996161,-21.350843
4.312500,106.248741,-2.791583,-11.118782,-20.134932,-5.282233,-21.069874
4.318750,106.190468,-2.796768,-16.745274,-19.879738,0.248938,-20.768036
4.325000,104.066658,-2.802349,-21.920105,-19.628548,6.231513,-20.461103
4.331250,99.639931,-2.808501,-26.488380,-19.400475,12.269578,-20.165100
4.337500,92.795105,-2.814368,-30.312754,-19.219433,17.982267,-19.890448
4.343750,83.535667,-2.819207,-33.318680,-19.141266,23.012379,-19.625336
4.350000,71.979324,-2.823177,-34.659267,-19.041950,27.009026,-19.400301
4.356250,58.360706,-2.826242,-34.667187,-19.037260,31.376740,-19.259583
4.362500,43.020294,-2.827965,-33.384850,-19.139835,34.770462,-19.209126
4.368750,26.384468,-2.828409,-30.744459,-19.346758,37.506046,-19.272020
4.375000,8.939958,-2.828170,-26.827805,-19.649218,39.891598,-19.468796
4.381250,-8.782186,-2.827444,-21.796675,-20.030237,41.703751,-19.696175
4.387500,-26.232412,-2.825718,-15.870872,-20.465807,43.697723,-19.973751
4.393750,-42.877602,-2.822904,-9.353591,-20.934435,46.374008,-20.341717
4.400000,-58.232224,-2.820017,-2.619737,-21.421389,48.075008,-20.797949
4.406250,-71.870453,-2.817398,2.078837,-21.909340,50.109032,-21.307621
4.412500,-83.447357,-2.814523,8.221054,-22.380262,52.153793,-21.845646
4.418750,-92.723793,-2.811172,13.639580,-22.820778,53.979092,-22.392250
4.425000,-99.582085,-2.808098,18.149918,-23.195503,55.441189,-22.916149
4.431250,-104.025696,-2.805931,21.731510,-23.473427,56.534084,-23.372124
4.437500,-106.171577,-2.804218,24.167734,-23.660252,57.119942,-23.746811
4.443750,-106.253731,-2.802699,25.458897,-23.762657,57.114307,-24.030497
4.450000,-104.615486,-2.802042,25.777576,-23.781769,56.604256,-24.212412
4.456250,-101.686623,-2.803060,25.376945,-23.720314,55.745220,-24.285851
4.462500,-97.953911,-2.805171,24.579170,-23.585447,54.709976,-24.251003
4.468750,-93.944199,-2.807657,23.778532,-23.391258,53.708164,-24.117277
4.475000,-88.037125,-2.810752,21.520283,-23.156265,52.987434,-23.906202
4.481250,-82.130196,-2.814718,19.952469,-22.874470,51.084743,-23.582289
4.487500,-76.220535,-2.819126,19.007242,-22.564249,49.948204,-23.177687
4.493750,-70.305771,-2.823452,18.441462,-22.254530,49.072609,-22.730797
4.500000,-64.389915,-2.828424,18.144381,-21.965343,48.217087,-22.270145
4.506250,-58.476299,-2.834841,18.055162,-21.706989,47.192234,-21.817698
4.512500,-52.558186,-2.841910,18.119804,-21.478403,45.818180,-21.389511
4.518750,-46.628330,-2.848188,18.271555,-21.261488,43.909012,-20.999296
4.525000,-40.687805,-2.853319,18.425266,-20.989382,41.252399,-20.669277
4.531250,-34.745258,-2.858240,19.958166,-20.819431,37.550255,-20.443558
4.537500,-28.804962,-2.863624,21.687979,-20.689028,34.134457,-20.254337
4.543750,-22.861166,-2.868924,22.284143,-20.563095,29.319851,-20.130735
4.550000,-16.909729,-2.873348,23.555727,-20.454575,23.670662,-20.065367
4.556250,-10.952197,-2.876788,25.014875,-20.386129,17.467793,-20.035515
4.562500,-4.992594,-2.879615,26.304441,-20.376812,11.626502,-20.142786
4.568750,0.967637,-2.881927,27.115204,-20.449526,6.134807,-20.367842
4.575000,6.929695,-2.883500,27.154325,-20.639612,1.180307,-20.667110
4.581250,12.894822,-2.884020,26.187260,-20.956718,-3.387490,-21.005173
4.587500,18.860777,-2.883339,25.094177,-21.328936,-6.811883,-21.409903
4.593750,24.825680,-2.881651,23.294117,-21.805143,-8.967336,-21.879772
4.600000,30.786697,-2.879222,20.798153,-22.390051,-9.883484,-22.398380
4.606250,36.742916,-2.875984,17.620564,-23.113976,-9.727575,-22.956255
4.612500,42.694767,-2.871940,13.847253,-23.922531,-8.831831,-23.552687
4.618750,48.638470,-2.867788,9.906460,-24.792969,-7.410980,-24.164501
4.625000,54.571316,-2.864308,5.668278,-25.712173,-5.756878,-24.773470
4.631250,60.497383,-2.861127,1.334294,-26.650690,-4.226213,-25.365946
4.637500,66.422028,-2.857244,-2.863410,-27.569675,-3.201427,-25.929626
4.643750,72.343330,-2.852809,-8.583622,-28.422152,-3.063966,-26.436132
4.650000,78.253510,-2.849226,-13.993288,-29.155453,-4.188159,-26.845009
4.656250,84.148804,-2.847636,-17.313551,-29.721384,-6.876712,-27.123159
4.662500,90.036209,-2.847818,-20.404428,-30.108286,-9.410181,-27.310202
4.668750,95.922447,-2.849159,-23.239017,-30.297981,-13.526971,-27.393261
4.675000,99.914009,-2.851824,-25.658737,-30.273642,-18.768867,-27.358530
4.681250,103.632759,-2.855867,-27.620893,-30.033056,-24.856056,-27.202641
4.687500,106.548775,-2.860815,-29.159771,-29.593618,-31.521246,-26.933163
4.693750,108.169846,-2.866667,-30.362589,-28.989807,-38.473640,-26.562567
4.700000,108.066933,-2.874181,-31.342728,-28.268795,-45.365135,-26.098501
4.706250,105.899788,-2.883551,-32.382359,-27.431166,-51.824730,-25.540489
4.712500,101.440582,-2.893430,-33.842472,-26.509935,-57.469929,-24.881453
4.718750,94.573441,-2.902368,-35.762741,-25.560484,-63.742546,-24.230076
4.725000,85.292732,-2.910550,-36.427197,-24.660469,-68.923042,-23.596964
4.731250,73.711510,-2.918914,-37.571724,-23.844675,-73.335518,-23.016165
4.737500,60.067875,-2.927082,-38.911221,-23.131754,-77.107460,-22.494061
4.743750,44.708469,-2.933980,-40.276455,-22.534863,-80.718979,-21.996122
4.750000,28.058620,-2.939574,-41.530209,-22.053782,-83.989517,-21.535360
4.756250,10.602372,-2.944596,-42.522675,-21.658936,-85.051323,-21.156094
4.762500,-7.128916,-2.949128,-43.126244,-21.332956,-85.153381,-20.898876
4.768750,-24.584517,-2.952610,-41.979599,-21.143112,-84.373436,-20.733763
4.775000,-41.232887,-2.954888,-39.764072,-21.029596,-82.348442,-20.644718
4.781250,-56.586082,-2.956509,-37.948536,-20.958031,-78.724358,-20.621698
4.787500,-70.219978,-2.958042,-34.589626,-20.884151,-75.098045,-20.659014
4.793750,-81.793030,-2.959531,-30.090193,-20.817533,-69.539703,-20.708429
4.800000,-91.067047,-2.961113,-25.033195,-20.745893,-62.437019,-20.764977
4.806250,-97.918831,-2.962823,-19.744061,-20.659410,-54.441628,-20.825388
4.812500,-102.348274,-2.964603,-14.711611,-20.556162,-46.036201,-20.876328
4.818750,-104.475784,-2.966568,-10.387912,-20.436314,-37.656006,-20.898825
4.825000,-104.540031,-2.969261,-5.015595,-20.304617,-29.676172,-20.889320
4.831250,-102.880669,-2.972714,-0.320127,-20.173948,-22.408989,-20.862619
4.837500,-99.918823,-2.975773,3.923053,-20.061131,-16.138664,-20.831402
4.843750,-96.144402,-2.977759,8.023780,-19.964508,-10.941916,-20.748812
4.850000,-92.097145,-2.979677,10.529946,-19.871622,-6.786257,-20.626936
4.856250,-86.161926,-2.982898,13.241934,-19.802603,-3.880999,-20.490242
4.862500,-80.229797,-2.986974,15.871487,-19.769354,-2.074864,-20.354298
4.868750,-74.289986,-2.990389,18.259258,-19.767649,-1.093789,-20.224388
4.875000,-68.341805,-2.992721,20.304342,-19.780586,-0.619170,-20.102840
4.881250,-62.394161,-2.994828,21.930557,-19.780909,-0.367677,-19.995682
4.887500,-56.451012,-2.997322,23.269186,-19.793562,-0.070909,-19.908937
4.893750,-50.509716,-3.000009,24.564184,-19.821188,0.516977,-19.848986
4.900000,-44.567245,-3.002601,25.676413,-19.854771,1.600523,-19.816198
4.906250,-38.623440,-3.005166,26.682653,-19.896976,3.342888,-19.800652
4.912500,-32.678959,-3.007546,27.612169,-19.930506,5.839285,-19.778625
4.918750,-26.733370,-3.009718,28.457609,-19.955425,9.225677,-19.753498
4.925000,-20.788425,-3.012027,29.439976,-19.994047,14.030330,-19.773846
4.931250,-14.844034,-3.014627,30.602427,-20.063705,20.024122,-19.822472
4.937500,-8.896806,-3.016742,31.914885,-20.173286,24.977951,-19.896557
4.943750,-2.942272,-3.017501,33.306404,-20.329187,30.279303,-19.999624
4.950000,3.013096,-3.017322,34.699036,-20.530035,35.436367,-20.134428
4.956250,8.963339,-3.017350,36.028412,-20.768642,39.995239,-20.304348
4.962500,14.908625,-3.017470,37.482746,-21.031479,43.516987,-20.525709
4.968750,20.855907,-3.016818,39.247120,-21.296556,47.770397,-20.756641
4.975000,26.803713,-3.015593,41.106598,-21.579916,49.867512,-20.985603
4.981250,32.747616,-3.014405,42.833626,-21.871630,50.713169,-21.255611
4.987500,38.687885,-3.013008,44.412441,-22.155703,50.400181,-21.563356
4.993750,44.629482,-3.010619,45.683537,-22.426497,48.871948,-21.905750
5.000000,50.569202,-3.007621,46.508537,-22.676441,46.061241,-22.279428
5.006250,56.498833,-3.005316,46.810070,-22.894875,41.931892,-22.680347
5.012500,62.418900,-3.004076,46.539410,-23.066917,38.298191,-23.071854
5.018750,68.337883,-3.003018,45.681770,-23.169344,33.339043,-23.393728
5.025000,74.258324,-3.001665,42.283375,-23.207254,27.583845,-23.695932
5.031250,80.176170,-3.000577,39.933735,-23.207163,21.382595,-23.976906
5.037500,86.087685,-3.000090,36.882553,-23.167233,15.362631,-24.216736
5.043750,91.996452,-3.000108,33.248718,-23.107311,9.873436,-24.405302
5.050000,97.902908,-3.000750,29.096422,-23.136562,5.195328,-24.536850
5.056250,101.911377,-3.002476,24.774574,-23.058098,1.619577,-24.599642
5.062500,105.646294,-3.004794,20.815081,-22.999136,-0.588230,-24.584267
5.068750,108.581055,-3.006563,16.872364,-22.988873,-1.276347,-24.493589
5.075000,110.220139,-3.007921,11.450762,-23.032272,-0.324877,-24.332911
5.081250,110.127846,-3.010565,6.566843,-23.116457,2.382599,-24.106310
5.087500,107.962326,-3.014942,2.073745,-23.217159,6.928780,-23.823051
5.093750,103.498055,-3.019768,-2.076171,-23.336626,13.312970,-23.501637
5.100000,96.619354,-3.023926,-5.863110,-23.466473,21.391380,-23.173090
5.106250,87.319901,-3.028214,-9.513724,-23.579697,30.745621,-22.804903
5.112500,75.714134,-3.033536,-13.130523,-23.651596,40.864662,-22.419811
5.118750,62.044811,-3.039455,-16.751040,-23.665087,51.607121,-22.049379
5.125000,46.657494,-3.044930,-20.407179,-23.610630,62.442028,-21.711758
5.131250,29.978792,-3.050222,-24.104143,-23.481663,72.748070,-21.415543
5.137500,12.494144,-3.056044,-27.826176,-23.276161,81.907333,-21.160055
5.143750,-5.262402,-3.062438,-29.390532,-22.997822,89.344795,-20.922575
5.150000,-22.740257,-3.068664,-30.143305,-22.656597,94.580582,-20.746824
5.156250,-39.404682,-3.074435,-31.474001,-22.265203,98.540672,-20.624170
5.162500,-54.766350,-3.079892,-31.258394,-21.824333,100.647240,-20.528255
5.168750,-68.398567,-3.084925,-29.710297,-21.360703,100.726746,-20.471767
5.175000,-79.961296,-3.089151,-27.149305,-20.902279,99.215431,-20.454063
5.181250,-89.217934,-3.092480,-23.858383,-20.472204,96.694855,-20.463923
5.187500,-96.049042,-3.095050,-20.150337,-20.092695,93.835983,-20.483114
5.193750,-100.455826,-3.096922,-16.375732,-19.785364,89.257576,-20.524698
5.200000,-102.561630,-3.098237,-12.891256,-19.572689,85.295769,-20.648012
5.206250,-102.604141,-3.099380,-7.843757,-19.471880,82.122841,-20.765038
5.212500,-100.923943,-3.100339,-2.780536,-19.459799,78.683701,-20.873659
5.218750,-97.945297,-3.100752,0.715989,-19.533808,76.218819,-20.997753
5.225000,-94.159210,-3.100147,4.370667,-19.682775,74.570107,-21.140337
5.231250,-90.101295,-3.098706,7.901218,-19.786177,73.546440,-21.298828
5.237500,-84.153740,-3.096904,10.772882,-20.048447,72.857864,-21.480274
5.243750,-78.212967,-3.095211,12.225899,-20.369106,72.141884,-21.693403
5.250000,-72.280266,-3.094270,12.455490,-20.724993,71.072029,-21.934563
5.256250,-66.352966,-3.094112,13.188658,-21.097624,69.323654,-22.199827
5.262500,-60.424885,-3.093627,12.637527,-21.465855,66.594749,-22.483978
5.268750,-54.494003,-3.092233,11.037688,-21.823551,62.627010,-22.773741
5.275000,-48.568344,-3.091023,8.659117,-22.166912,57.160698,-23.053410
5.281250,-42.655277,-3.091714,5.702113,-22.488783,49.999992,-23.293467
5.287500,-36.749603,-3.093955,2.342075,-22.779680,41.257820,-23.533649
5.293750,-30.838470,-3.095856,-1.263176,-23.031563,31.254333,-23.762266
5.300000,-24.921524,-3.097064,-4.962935,-23.235321,19.964855,-23.954062
5.306250,-19.010086,-3.099348,-8.584517,-23.378374,7.716976,-24.091476
5.312500,-13.108746,-3.103731,-11.981175,-23.452215,-5.058182,-24.163486
5.318750,-7.207716,-3.109387,-15.041708,-23.451185,-17.899836,-24.161749
5.325000,-1.298310,-3.115275,-17.663809,-23.370022,-30.322895,-24.076616
5.331250,4.617665,-3.121777,-19.801363,-23.213514,-41.887943,-23.894226
5.337500,10.537264,-3.129028,-19.311920,-23.024652,-52.320080,-23.682228
5.343750,16.465841,-3.136034,-19.487581,-22.769451,-61.201279,-23.398153
5.350000,22.405222,-3.142076,-17.906677,-22.482357,-68.351624,-23.090628
5.356250,28.350536,-3.147918,-15.092507,-22.200766,-73.672340,-22.795450
5.362500,34.297325,-3.154029,-11.188443,-21.952026,-77.080544,-22.550783
5.368750,40.251614,-3.159243,-6.384074,-21.755514,-78.660805,-22.369020
5.375000,46.217403,-3.162537,-0.892619,-21.620062,-78.749802,-22.225632
5.381250,52.188362,-3.164332,5.030546,-21.545322,-77.500183,-22.102512
5.387500,58.156548,-3.165404,11.076533,-21.521803,-75.307587,-22.086222
5.393750,64.123138,-3.165346,14.927890,-21.572945,-71.291855,-22.185028
5.400000,70.091423,-3.163491,19.952055,-21.699848,-66.894325,-22.379351
5.406250,76.055664,-3.160547,24.121805,-21.884407,-62.385803,-22.664991
5.412500,82.009216,-3.157648,27.277403,-22.102993,-57.998650,-23.018003
5.418750,87.954071,-3.154625,29.311939,-22.328598,-53.653297,-23.365711
5.425000,93.895020,-3.150840,30.151213,-22.538414,-49.835709,-23.705507
5.431250,97.934387,-3.146890,29.828337,-22.709751,-46.661186,-24.018991
5.437500,101.688026,-3.144072,28.554350,-22.825550,-44.098137,-24.279125
5.443750,104.624474,-3.142756,26.715868,-22.879606,-42.092403,-24.458124
5.450000,106.258842,-3.142600,24.671564,-22.858208,-40.589355,-24.541063
5.456250,106.167458,-3.143476,22.793196,-22.751099,-39.463341,-24.515959
5.462500,104.009743,-3.145316,19.618242,-22.561449,-38.522202,-24.387892
5.468750,99.551239,-3.147668,17.215193,-22.301619,-37.570118,-24.196070
5.475000,92.671310,-3.150490,15.523653,-21.977884,-36.189091,-23.865505
5.481250,83.365715,-3.154735,14.496674,-21.598633,-33.993355,-23.454195
5.487500,71.756744,-3.160808,13.951109,-21.192276,-31.137434,-23.009829
5.493750,58.089638,-3.167435,13.707576,-20.789738,-27.335209,-22.568302
5.500000,42.713356,-3.172900,13.657170,-20.413588,-22.332462,-22.159082
5.506250,26.050385,-3.177339,13.730627,-20.078154,-15.930771,-21.803904
5.512500,8.582531,-3.182062,13.853765,-19.787905,-8.062543,-21.502176
5.518750,-9.158088,-3.186989,13.963613,-19.507809,1.074573,-21.229458
5.525000,-26.617435,-3.190864,14.161206,-19.309498,10.728819,-21.061739
5.531250,-43.262234,-3.193351,14.183799,-19.188473,21.090328,-20.982899
5.537500,-58.607471,-3.195092,14.269610,-19.131519,31.777788,-20.980904
5.543750,-72.228745,-3.196301,14.195798,-19.141167,42.250122,-21.039078
5.550000,-83.783798,-3.196681,13.728871,-19.222620,52.017303,-21.164989
5.556250,-93.034988,-3.196019,12.695071,-19.380758,60.871826,-21.416834
5.562500,-99.863777,-3.194605,10.949465,-19.624004,68.633301,-21.683640
5.568750,-104.271309,-3.192432,8.443921,-19.935442,75.138153,-21.987938
5.575000,-106.378937,-3.189409,7.411466,-20.298208,80.008125,-22.334442
5.581250,-106.426483,-3.185926,4.475935,-20.712704,83.409218,-22.712938
5.587500,-104.756264,-3.182502,1.768672,-21.172796,85.626465,-23.099346
5.593750,-101.794754,-3.179014,-0.735825,-21.675739,86.957497,-23.496494
5.600000,-98.033051,-3.175433,-3.036735,-22.207523,85.667908,-23.900597
5.606250,-94.005402,-3.172602,-5.048413,-22.740225,84.029793,-24.282682
5.612500,-88.091164,-3.170849,-6.776375,-23.257919,81.791145,-24.641918
5.618750,-82.178032,-3.169116,-8.248652,-23.746649,78.818352,-24.975641
5.625000,-76.261795,-3.166687,-9.464115,-24.192207,75.053787,-25.284735
5.631250,-70.351280,-3.164831,-10.397701,-24.577822,70.465034,-25.569273
5.637500,-64.453575,-3.165157,-12.916251,-24.885414,64.996475,-25.801645
5.643750,-58.561047,-3.167104,-13.217183,-25.095270,58.533592,-25.947023
5.650000,-52.661449,-3.168862,-13.196217,-25.184853,53.116947,-25.963678
5.656250,-46.756424,-3.170450,-12.943273,-25.154310,46.910728,-25.943077
5.662500,-40.855400,-3.173353,-12.650909,-25.018078,40.097458,-25.862843
5.668750,-34.961044,-3.178098,-12.366858,-24.776745,33.422161,-25.706446
5.675000,-29.064013,-3.183917,-12.161174,-24.440250,27.189674,-25.472574
5.681250,-23.158150,-3.189891,-12.173050,-24.026733,21.648682,-25.164953
5.687500,-17.245771,-3.196100,-12.532612,-23.563147,17.046291,-24.786304
5.693750,-11.328916,-3.202431,-13.408752,-23.096035,13.641768,-24.346058
5.700000,-5.406871,-3.208637,-15.147486,-22.587587,11.877327,-23.881954
5.706250,0.518351,-3.215096,-16.003441,-22.081741,10.196583,-23.410715
5.712500,6.445027,-3.222454,-17.245390,-21.627264,10.173142,-22.960794
5.718750,12.377005,-3.229986,-18.612925,-21.251055,11.365687,-22.563417
5.725000,18.321472,-3.236287,-19.896921,-20.965115,13.339913,-22.232204
5.731250,24.277987,-3.240802,-20.928154,-20.770687,17.417686,-21.940926
5.737500,30.236828,-3.244584,-21.589188,-20.658306,21.544725,-21.661516
5.743750,36.192966,-3.248075,-21.812168,-20.607935,25.549107,-21.501772
5.750000,42.151882,-3.250462,-21.646811,-20.619600,29.146706,-21.437407
5.756250,48.114864,-3.251331,-21.276810,-20.693956,32.464451,-21.450439
5.762500,54.076664,-3.251300,-18.514914,-20.807747,35.239124,-21.528120
5.768750,60.030975,-3.251103,-16.678181,-20.935673,37.187576,-21.660343
5.775000,65.979820,-3.250507,-13.781331,-21.052851,38.028160,-21.903782
5.781250,71.925842,-3.249367,-10.120031,-21.143482,39.808861,-22.083055
5.787500,77.865166,-3.248323,-6.077473,-21.202509,39.292065,-22.287830
5.793750,83.795891,-3.248182,-2.013846,-21.220928,38.113213,-22.511883
5.800000,89.720512,-3.248799,1.724329,-21.190477,36.312275,-22.736237
5.806250,95.642212,-3.249859,4.791376,-21.108601,33.915920,-22.935181
5.812500,99.668816,-3.251122,6.852408,-20.978018,30.994375,-23.081284
5.818750,103.420288,-3.252655,9.797352,-20.806002,27.746504,-23.177788
5.825000,106.361732,-3.255046,12.037068,-20.609793,24.524710,-23.244213
5.831250,107.999344,-3.259234,13.896047,-20.422176,19.335951,-23.271076
5.837500,107.909485,-3.265332,15.776499,-20.257093,14.008760,-23.219166
5.843750,105.760750,-3.271955,16.491598,-20.084116,8.303180,-23.114395
5.850000,101.324539,-3.277413,17.809326,-19.950779,2.017088,-22.982565
5.856250,94.475861,-3.281229,19.470797,-19.878765,-4.823884,-22.841949
5.862500,85.203247,-3.284549,21.376774,-19.875326,-12.133165,-22.708933
5.868750,73.624023,-3.288117,23.418669,-19.932869,-19.848837,-22.597385
5.875000,59.978947,-3.291395,25.554317,-20.012018,-27.950407,-22.497080
5.881250,44.613155,-3.293853,27.957104,-20.165665,-36.571621,-22.411573
5.887500,27.952225,-3.295611,30.923193,-20.379658,-43.575222,-22.360193
5.893750,10.485956,-3.296453,32.363911,-20.629862,-50.215660,-22.338877
5.900000,-7.251925,-3.296319,34.024292,-20.910997,-56.009171,-22.337160
5.906250,-24.719242,-3.295650,35.531849,-21.232193,-60.537781,-22.351803
5.912500,-41.386536,-3.295393,36.589714,-21.605453,-65.416374,-22.400162
5.918750,-56.758507,-3.295051,37.228485,-21.964712,-68.928627,-22.466230
5.925000,-70.401138,-3.293621,37.154881,-22.338343,-71.425064,-22.542118
5.931250,-81.977524,-3.291555,36.095970,-22.737610,-73.178024,-22.629801
5.937500,-91.258453,-3.290271,34.055996,-23.159565,-74.404114,-22.732788
5.943750,-98.122604,-3.290025,31.145456,-23.588587,-75.266586,-22.850101
5.950000,-102.560387,-3.289607,27.759315,-24.008896,-75.939415,-22.990007
5.956250,-104.691086,-3.288786,24.292730,-24.401056,-76.677254,-23.014257
5.962500,-104.759552,-3.288752,20.866228,-24.747047,-76.656914,-23.078569
5.968750,-103.107391,-3.289778,17.564722,-25.034157,-75.543442,-23.141626
5.975000,-100.153641,-3.290239,14.475600,-25.249794,-74.106369,-23.197845
5.981250,-96.389038,-3.289640,11.688250,-25.385628,-71.916016,-23.246820
5.987500,-92.355629,-3.289513,9.267992,-25.435154,-68.614067,-23.288879
5.993750,-86.440132,-3.291265,7.284305,-25.393652,-63.898277,-23.322487
6.000000,-80.527672,-3.294158,5.778019,-25.260443,-57.563698,-23.347754
6.006250,-74.609512,-3.296963,4.778993,-25.032919,-49.527618,-23.357439
6.012500,-68.688049,-3.299994,4.297285,-24.702181,-39.967628,-23.317358
6.018750,-62.768600,-3.303879,4.270496,-24.280952,-29.446264,-23.264317
6.025000,-56.847527,-3.308166,4.569984,-23.833073,-18.030521,-23.206326
6.031250,-50.920856,-3.312088,5.519086,-23.364014,-6.018838,-23.151625
6.037500,-44.991009,-3.316058,7.000698,-22.902731,6.023522,-23.110989
6.043750,-39.061092,-3.320597,8.792111,-22.487919,17.532160,-23.092527
6.050000,-33.128197,-3.324884,10.706704,-22.148418,28.091795,-23.063578
6.056250,-27.187895,-3.328215,12.685102,-21.884247,37.412140,-23.032400
6.062500,-21.245075,-3.331172,14.505781,-21.722179,45.149872,-23.035046
6.068750,-15.304404,-3.334238,14.035706,-21.679825,51.085022,-23.076817
6.075000,-9.361512,-3.336696,14.969709,-21.757261,55.174183,-23.154657
6.081250,-3.412860,-3.337487,15.381094,-21.937006,57.524307,-23.267614
6.087500,2.535582,-3.337246,15.273317,-22.176521,58.307510,-23.409361
6.093750,8.474410,-3.337474,14.644811,-22.422384,57.619144,-23.546194
6.100000,14.403784,-3.338424,13.143748,-22.711340,55.567627,-23.682354
6.106250,20.332163,-3.339372,10.794785,-22.990467,52.567902,-23.820440
6.112500,26.261784,-3.340017,7.740218,-23.222174,48.916779,-23.950947
6.118750,32.187981,-3.340853,3.951709,-23.382763,44.827374,-24.059410
6.125000,38.109459,-3.342345,-0.592593,-23.460712,40.481873,-24.128098
6.131250,44.026287,-3.344625,-3.700787,-23.453279,36.082329,-24.121269
6.137500,49.942986,-3.347895,-6.658191,-23.366993,31.953573,-24.059582
6.143750,55.861378,-3.351712,-10.708748,-23.199295,27.007370,-23.952501
6.150000,61.785614,-3.355147,-13.597880,-22.958347,22.438688,-23.784986
6.156250,67.715889,-3.357829,-15.416673,-22.670382,18.035463,-23.569332
6.162500,73.646439,-3.360512,-16.243845,-22.360590,13.780752,-23.320498
6.168750,79.573204,-3.363888,-16.132790,-22.048532,9.723268,-23.051069
6.175000,85.501045,-3.367366,-15.175961,-21.752598,5.923565,-22.774359
6.181250,91.434631,-3.369931,-13.522999,-21.489517,2.440340,-22.502256
6.187500,95.478065,-3.371690,-11.345793,-21.272120,-0.630946,-22.257010
6.193750,99.246346,-3.373235,-8.857972,-21.117483,-3.069058,-22.062571
6.200000,102.207100,-3.374584,-6.296226,-21.042534,-5.626551,-21.889790
6.206250,103.869926,-3.375331,-3.489612,-21.015553,-7.454676,-21.783573
6.212500,103.807404,-3.375748,-0.394186,-21.052279,-8.787672,-21.762552
6.218750,101.675385,-3.376321,2.596443,-21.155724,-9.789919,-21.845688
6.225000,97.238167,-3.377074,5.289982,-21.313242,-10.662905,-22.007170
6.231250,90.376793,-3.377790,7.466522,-21.514183,-10.693545,-22.211992
6.237500,81.092041,-3.378355,8.796957,-21.769182,-11.175368,-22.505537
6.243750,69.505501,-3.378703,9.136527,-22.062798,-11.889833,-22.878342
6.250000,55.854702,-3.378624,10.574405,-22.377579,-12.801134,-23.313133
6.256250,40.478535,-3.378313,11.664332,-22.701138,-13.898025,-23.787739
6.262500,23.800255,-3.378473,10.949901,-23.026413,-15.149900,-24.277136
6.268750,6.313799,-3.379167,10.509274,-23.345850,-16.439398,-24.745041
6.275000,-11.442637,-3.379175,10.294286,-23.639280,-17.369946,-25.170090
6.281250,-28.920784,-3.377999,10.251643,-23.893213,-17.700592,-25.543907
6.287500,-45.598228,-3.377007,10.242448,-24.104614,-17.439440,-25.848463
6.293750,-60.989754,-3.377656,10.173995,-24.269281,-16.339237,-26.067980
6.300000,-74.661530,-3.379439,10.014781,-24.377378,-14.091066,-26.186357
6.306250,-86.262283,-3.381021,9.745917,-24.417187,-10.415186,-26.190575
6.312500,-95.555328,-3.382380,9.332153,-24.375942,-5.123874,-26.068790
6.318750,-102.428360,-3.384523,8.721799,-24.242651,1.841103,-25.827011
6.325000,-106.882347,-3.387857,9.943498,-24.037123,10.266467,-25.522903
6.331250,-109.032433,-3.391805,11.473215,-23.782047,19.879356,-25.149115
6.337500,-109.113213,-3.396215,11.986712,-23.471336,30.186176,-24.703476
6.343750,-107.466995,-3.401436,13.573321,-23.113167,41.032310,-24.238426
6.350000,-104.519875,-3.407101,15.917653,-22.736250,51.895531,-23.794035
6.356250,-100.759132,-3.412294,18.726818,-22.369474,62.119556,-23.403067
6.362500,-96.716812,-3.416669,21.752693,-22.037130,71.027878,-23.088156
6.368750,-90.777298,-3.420617,24.759356,-21.757759,77.967598,-22.840305
6.375000,-84.837074,-3.424187,27.516138,-21.545280,82.292236,-22.670132
6.381250,-78.894783,-3.427116,29.766188,-21.441841,84.653603,-22.641048
6.387500,-72.950630,-3.429379,33.219143,-21.396757,84.050674,-22.733732
6.393750,-67.007942,-3.431267,35.330490,-21.435236,80.633743,-22.930128
6.400000,-61.064991,-3.432533,37.250004,-21.572735,74.715981,-23.164968
6.406250,-55.121590,-3.432746,38.954998,-21.804827,66.620216,-23.430357
6.412500,-49.181019,-3.432577,40.369495,-22.117832,55.506584,-23.777781
6.418750,-43.247910,-3.433027,41.397770,-22.496681,42.751228,-24.152134
6.425000,-37.319294,-3.433817,41.945404,-22.917143,28.758789,-24.518764
6.431250,-31.388855,-3.434072,41.959564,-23.350998,14.061478,-24.847034
6.437500,-25.458164,-3.433838,41.363274,-23.769377,-0.796603,-25.111160
6.443750,-19.533318,-3.434208,42.271656,-24.139355,-15.274280,-25.284117
6.450000,-13.615153,-3.435663,41.381527,-24.431150,-28.891832,-25.360836
6.456250,-7.697579,-3.437602,40.708561,-24.638559,-41.411892,-25.403824
6.462500,-1.777026,-3.439643,40.078163,-24.758505,-52.637115,-25.336739
6.468750,4.144518,-3.441905,39.414516,-24.785543,-60.888615,-25.181190
6.475000,10.067135,-3.444283,38.626820,-24.720095,-67.226906,-24.979559
6.481250,15.993112,-3.446375,37.609795,-24.575773,-71.328857,-24.761240
6.487500,21.919683,-3.448381,36.236725,-24.381208,-73.021675,-24.553589
6.493750,27.844631,-3.451018,34.485703,-24.159798,-72.196365,-24.362206
6.500000,33.769360,-3.453858,32.454754,-23.915482,-70.671333,-24.174814
6.506250,39.700066,-3.456009,28.308567,-23.667908,-66.983238,-23.983658
6.512500,45.634182,-3.457533,23.670259,-23.435040,-61.796116,-23.819948
6.518750,51.564938,-3.459533,20.207825,-23.248180,-55.441284,-23.714199
6.525000,57.492153,-3.462187,16.114378,-23.127663,-48.772537,-23.647703
6.531250,63.423637,-3.464473,11.656232,-23.073025,-42.399094,-23.609823
6.537500,69.361656,-3.465764,7.064320,-23.079817,-36.814201,-23.593479
6.543750,75.299217,-3.466869,2.526530,-23.140575,-32.435070,-23.595558
6.550000,81.231598,-3.468419,-1.793149,-23.245575,-29.605076,-23.621016
6.556250,87.163307,-3.470028,-5.727974,-23.373096,-26.806679,-23.623470
6.562500,93.097450,-3.471183,-9.083204,-23.450449,-25.801237,-23.622467
6.568750,97.137230,-3.472146,-11.623663,-23.558807,-25.987091,-23.622261
6.575000,100.901848,-3.473153,-14.086659,-23.670279,-26.965687,-23.626947
6.581250,103.859077,-3.473946,-15.314816,-23.760317,-28.359182,-23.646999
6.587500,105.516846,-3.474869,-15.493915,-23.821932,-29.610579,-23.667206
6.593750,105.446388,-3.476499,-14.802021,-23.857567,-32.147430,-23.691137
6.600000,103.308479,-3.478491,-13.424457,-23.872047,-33.948399,-23.723614
6.606250,98.871605,-3.479844,-11.534691,-23.868097,-35.129738,-23.764622
6.612500,92.012939,-3.480602,-9.302810,-23.848015,-35.814434,-23.812822
6.618750,82.725098,-3.481839,-6.916215,-23.813318,-36.144768,-23.864519
6.625000,71.128014,-3.484318,-4.559051,-23.763777,-36.266495,-23.913525
6.631250,57.464096,-3.487332,-0.261004,-23.701702,-36.338547,-23.954887
6.637500,42.079258,-3.490165,2.533175,-23.628033,-36.502068,-24.023140
6.643750,25.398306,-3.493311,5.794924,-23.537077,-36.628204,-23.996887
6.650000,7.910167,-3.497270,9.312172,-23.414904,-37.710262,-23.964949
6.656250,-9.848949,-3.501380,12.800757,-23.259171,-39.516567,-23.922518
6.662500,-27.328821,-3.504836,15.902568,-23.073265,-42.221725,-23.863592
6.668750,-43.999325,-3.507900,18.352087,-22.849154,-45.955166,-23.777763
6.675000,-59.373447,-3.511143,19.891735,-22.583580,-50.857964,-23.670467
6.681250,-73.024597,-3.514863,20.195335,-22.299301,-54.970528,-23.565105
6.687500,-84.608528,-3.518719,21.195515,-22.005888,-59.695007,-23.466999
6.693750,-93.886490,-3.522568,21.430534,-21.720415,-64.525032,-23.382799
6.700000,-100.735802,-3.526042,21.244953,-21.492609,-69.053337,-23.328411
6.706250,-105.155113,-3.528546,20.832735,-21.267784,-72.853233,-23.323378
6.712500,-107.269051,-3.530212,20.068090,-21.079910,-75.411980,-23.352327
6.718750,-107.319473,-3.531724,19.632814,-20.971819,-76.413857,-23.427326
6.725000,-105.648468,-3.533541,19.611372,-20.960512,-75.744164,-23.549089
6.731250,-102.678070,-3.535041,19.991806,-21.051502,-73.183830,-23.696003
6.737500,-98.897392,-3.535506,20.707075,-21.237410,-70.480995,-23.913137
6.743750,-94.842010,-3.535132,21.645369,-21.509533,-65.996727,-24.175058
6.750000,-88.895813,-3.534446,22.591557,-21.873266,-60.358429,-24.448385
6.756250,-82.953293,-3.533625,25.560118,-22.300396,-53.986958,-24.699324
6.762500,-77.013977,-3.532856,27.372631,-22.740780,-47.343739,-24.911417
6.768750,-71.077522,-3.532234,29.755604,-23.199480,-41.003582,-25.083075
6.775000,-65.142578,-3.531365,32.405739,-23.663578,-33.225800,-25.201880
6.781250,-59.206383,-3.529838,35.113174,-24.116043,-25.769291,-25.260494
6.787500,-53.272350,-3.527904,37.662968,-24.537653,-18.508335,-25.256144
6.793750,-47.345539,-3.526601,39.840294,-24.910904,-11.298977,-25.189068
6.800000,-41.426868,-3.526485,41.439835,-25.220541,-3.984366,-25.061647
6.806250,-35.510136,-3.526817,42.285622,-25.454142,3.598883,-24.877403
6.812500,-29.591377,-3.527293,42.231098,-25.603712,11.611547,-24.636473
6.818750,-23.673365,-3.528490,43.333939,-25.668066,20.226906,-24.256414
6.825000,-17.757801,-3.530542,44.143650,-25.665506,27.670162,-23.922220
6.831250,-11.839803,-3.532735,43.231262,-25.595827,35.011753,-23.578339
6.837500,-5.917533,-3.534740,42.954308,-25.452915,42.210930,-23.259802
6.843750,0.004045,-3.537419,43.009823,-25.274315,48.619812,-23.018997
6.850000,5.922746,-3.541287,43.326027,-25.083616,53.615120,-22.841497
6.856250,11.845370,-3.545215,43.906334,-24.897581,58.333122,-22.733265
6.862500,17.778027,-3.547824,44.754936,-24.727346,61.092396,-22.723940
6.868750,23.715130,-3.549627,45.884468,-24.575006,62.132584,-22.815859
6.875000,29.647484,-3.551811,47.311996,-24.431364,61.717834,-22.997440
6.881250,35.574505,-3.554584,47.169224,-24.252979,60.189400,-23.241812
6.887500,41.502815,-3.557289,47.284401,-24.109739,57.895065,-23.511267
6.893750,47.434490,-3.559510,47.684208,-24.003269,55.040936,-23.807766
6.900000,53.367344,-3.561405,47.575947,-23.928148,51.975868,-24.101303
6.906250,59.299797,-3.562871,46.718063,-23.927446,49.272678,-24.350746
6.912500,65.230995,-3.563948,45.254375,-23.881142,45.471031,-24.526083
6.918750,71.157501,-3.565441,43.211189,-23.842083,42.527481,-24.611689
6.925000,77.078255,-3.567939,40.245911,-23.819180,40.186035,-24.600674
6.931250,82.998360,-3.571062,36.528786,-23.790648,38.200565,-24.489155
6.937500,88.922798,-3.574049,32.186333,-23.757824,36.300064,-24.283628
6.943750,94.851082,-3.576922,27.359879,-23.749060,34.146755,-24.017130
6.950000,98.885414,-3.580010,22.650803,-23.739305,31.372511,-23.727713
6.956250,102.648605,-3.582836,18.269325,-23.713692,29.227663,-23.361576
6.962500,105.610321,-3.584741,14.308880,-23.658949,25.921520,-22.976822
6.968750,107.273689,-3.586581,10.815937,-23.571732,21.813339,-22.610327
6.975000,107.205208,-3.589475,7.782439,-23.456123,17.003849,-22.287710
6.981250,105.069054,-3.593140,5.222466,-23.313793,11.588976,-22.024240
6.987500,100.636444,-3.596265,3.149122,-23.146538,5.664076,-21.827639
6.993750,93.787766,-3.598094,1.554213,-22.953161,-0.686023,-21.694448
7.000000,84.514740,-3.599432,0.413869,-22.725525,-7.392444,-21.610424
7.006250,72.932907,-3.601322,-0.346146,-22.447641,-12.354581,-21.599354
7.012500,59.281010,-3.603849,1.253569,-22.149509,-17.089306,-21.666361
7.018750,43.904808,-3.606694,3.341278,-21.893181,-20.992825,-21.790321
7.025000,27.233818,-3.609552,4.600770,-21.650213,-23.656561,-21.946739
7.031250,9.760472,-3.612144,7.374465,-21.400587,-24.633774,-22.176184
7.037500,-7.983130,-3.614453,10.818283,-21.198309,-25.075785,-22.431278
7.043750,-25.452839,-3.616907,14.513389,-21.080244,-23.915398,-22.735933
7.050000,-42.116322,-3.619643,18.140232,-21.073959,-21.639994,-23.099445
7.056250,-57.477940,-3.622003,21.418470,-21.196062,-18.511444,-23.524952
7.062500,-71.107086,-3.623080,26.317438,-21.438538,-14.808759,-24.011429
7.068750,-82.667168,-3.623145,29.377647,-21.801285,-10.833638,-24.567055
7.075000,-91.927322,-3.622922,32.475140,-22.276920,-6.841472,-25.157642
7.081250,-98.766716,-3.622530,35.427631,-22.831709,-2.777516,-25.726685
7.087500,-103.181931,-3.621403,38.071350,-23.382618,-1.159200,-26.290508
7.093750,-105.294273,-3.619359,39.911274,-24.021086,1.497532,-26.844103
7.100000,-105.344315,-3.616789,40.609219,-24.675579,3.205131,-27.369097
7.106250,-103.676086,-3.614080,40.315155,-25.307907,3.937345,-27.840656
7.112500,-100.716583,-3.611433,38.817810,-25.900362,3.703946,-28.232431
7.118750,-96.958244,-3.609196,35.929924,-26.463020,2.561568,-28.516039
7.125000,-92.933212,-3.607575,33.424679,-26.890680,0.643189,-28.650820
7.131250,-87.016571,-3.606157,29.723431,-27.204453,-1.821108,-28.595921
7.137500,-81.101654,-3.604656,25.528984,-27.418634,-6.338635,-28.423326
7.143750,-75.192047,-3.603942,21.117105,-27.540028,-11.270866,-28.110325
7.150000,-69.291161,-3.605072,16.739088,-27.573280,-16.838886,-27.660469
7.156250,-63.393677,-3.607671,12.644917,-27.521261,-22.980745,-27.092392
7.162500,-57.488850,-3.610278,9.052344,-27.388565,-29.551588,-26.435120
7.168750,-51.575943,-3.612385,6.122439,-27.185835,-36.373848,-25.732000
7.175000,-45.661922,-3.614847,3.970293,-26.927589,-43.252678,-25.044245
7.181250,-39.749458,-3.618056,2.678508,-26.629799,-50.116302,-24.353729
7.187500,-33.833885,-3.621438,2.295026,-26.309513,-57.027508,-23.699722
7.193750,-27.911091,-3.624320,2.834677,-25.975632,-61.569637,-23.132223
7.200000,-21.984190,-3.626876,2.403134,-25.617676,-65.243378,-22.680914
7.206250,-16.056337,-3.629392,4.682298,-25.269333,-67.424210,-22.349035
7.212500,-10.126394,-3.631535,7.220747,-24.968168,-69.417999,-22.110476
7.218750,-4.193910,-3.633328,10.206319,-24.704279,-69.580452,-22.027487
7.225000,1.737566,-3.635434,13.420136,-24.477318,-68.093498,-22.069721
7.231250,7.667141,-3.638108,16.643343,-24.283098,-65.160789,-22.215363
7.237500,13.600053,-3.640486,19.628641,-24.118578,-61.185131,-22.438145
7.243750,19.538988,-3.641982,22.100430,-23.993168,-56.596333,-22.703699
7.250000,25.478945,-3.642977,25.988956,-23.903187,-51.860100,-22.961172
7.256250,31.414732,-3.644177,27.918365,-23.838625,-47.525284,-23.198271
7.262500,37.346329,-3.645852,29.848682,-23.797626,-44.486877,-23.437996
7.268750,43.276508,-3.647789,31.542856,-23.787745,-40.754013,-23.632103
7.275000,49.206738,-3.650297,32.834843,-23.791161,-37.934990,-23.740805
7.281250,55.135876,-3.653407,33.749348,-23.777033,-35.977268,-23.764534
7.287500,61.068306,-3.656448,33.985458,-23.752731,-34.787506,-23.708122
7.293750,67.007111,-3.658428,33.422417,-23.703751,-34.128143,-23.577511
7.300000,72.949738,-3.659328,32.112797,-23.584379,-33.743790,-23.383472
7.306250,78.889786,-3.659875,30.495268,-23.477066,-33.399178,-23.144642
7.312500,84.821892,-3.658428,28.986362,-23.355423,-32.878441,-22.886847
7.318750,90.760391,-3.660315,27.603954,-23.210081,-31.997774,-22.642221
7.325000,96.684860,-3.662923,24.836248,-23.051582,-30.677694,-22.429998
7.331250,100.719330,-3.665318,22.774912,-22.875893,-29.024408,-22.252304
7.337500,104.487366,-3.666805,21.398190,-22.678217,-27.014277,-22.141233
7.343750,107.451698,-3.667489,20.464067,-22.484118,-24.710392,-22.119942
7.350000,109.114502,-3.668307,19.772354,-22.312725,-22.363525,-22.184156
7.356250,109.046387,-3.669867,19.223133,-22.172853,-18.364771,-22.295195
7.362500,106.911354,-3.671898,18.720253,-22.068615,-14.445234,-22.498205
7.368750,102.476463,-3.673710,18.148525,-21.996664,-9.967489,-22.781416
7.375000,95.619804,-3.675195,17.380276,-21.950884,-7.093753,-23.105953
7.381250,86.338440,-3.676626,18.395182,-21.926849,-4.168385,-23.436691
7.387500,74.753136,-3.678272,19.608038,-21.929876,-1.421738,-23.740501
7.393750,61.100292,-3.680571,21.161051,-21.980221,3.005334,-24.009001
7.400000,45.721001,-3.683482,23.054012,-22.036289,7.454429,-24.230719
7.406250,29.047789,-3.686247,25.433577,-22.110146,10.408720,-24.385788
7.412500,11.575209,-3.688071,28.432444,-22.219219,13.775772,-24.465075
7.418750,-6.167825,-3.689236,31.915279,-22.372936,17.249914,-24.467764
7.425000,-23.641243,-3.690683,35.643639,-22.578678,20.522572,-24.400497
7.431250,-40.313175,-3.692753,39.345043,-22.840530,23.315359,-24.272669
7.437500,-55.685898,-3.694844,44.933296,-23.157024,25.412216,-24.090527
7.443750,-69.329483,-3.696477,48.901741,-23.521601,26.660322,-23.849411
7.450000,-80.905037,-3.698067,53.168011,-23.909945,26.893486,-23.566002
7.456250,-90.178520,-3.699485,57.400593,-24.325104,25.837994,-23.284250
7.462500,-97.023468,-3.700155,61.031376,-24.793776,23.493191,-23.022911
7.468750,-101.440956,-3.699756,63.873692,-25.310535,20.010027,-22.799536
7.475000,-103.557968,-3.699112,65.769531,-25.865936,15.560206,-22.626873
7.481250,-103.613861,-3.698521,66.693451,-26.419687,10.429367,-22.503515
7.487500,-101.946991,-3.697481,64.605530,-26.967575,4.946824,-22.429396
7.493750,-98.980820,-3.695569,60.995277,-27.504930,-0.579038,-22.405701
7.500000,-95.212860,-3.693497,55.416676,-28.008682,-5.726516,-22.415485
7.506250,-91.180267,-3.692149,49.741856,-28.445042,-9.946535,-22.450020
7.512500,-85.259460,-3.691314,42.329372,-28.801174,-12.537106,-22.517233
7.518750,-79.339058,-3.690283,33.430393,-29.074305,-13.000118,-22.592436
7.525000,-73.421005,-3.689535,23.541143,-29.245308,-10.913302,-22.656837
7.531250,-67.510086,-3.689822,13.175463,-29.305784,-7.688910,-22.705128
7.537500,-61.603840,-3.691106,2.807545,-29.263752,-3.401522,-22.726557
7.543750,-55.696842,-3.692733,-7.080644,-29.128464,3.164033,-22.702616
7.550000,-49.788734,-3.694779,-15.880525,-28.882484,11.061867,-22.643816
7.556250,-43.882092,-3.697753,-23.192368,-28.554718,19.359003,-22.565142
7.562500,-37.975212,-3.701602,-30.644373,-28.173491,27.231550,-22.482506
7.568750,-32.064209,-3.705637,-36.225422,-27.749763,33.941414,-22.417234
7.575000,-26.145962,-3.709200,-40.076614,-27.291355,38.853039,-22.377544
7.581250,-20.222607,-3.712255,-42.185127,-26.853436,41.644367,-22.335299
7.587500,-14.296690,-3.714704,-42.699100,-26.435865,43.925144,-22.320297
7.593750,-8.369472,-3.716501,-42.019211,-26.041780,43.968369,-22.347666
7.600000,-2.443203,-3.717973,-40.422604,-25.677385,42.221359,-22.418657
7.606250,3.478642,-3.719819,-38.132961,-25.347792,39.223068,-22.525751
7.612500,9.397896,-3.722089,-35.374233,-25.052551,35.547539,-22.655947
7.618750,15.319351,-3.724010,-32.377499,-24.786528,31.758179,-22.797859
7.625000,21.243574,-3.725456,-27.225254,-24.541842,28.333424,-22.958406
7.631250,27.165394,-3.727109,-23.465694,-24.315567,25.707752,-23.167229
7.637500,33.083668,-3.729504,-19.259493,-24.102690,24.289684,-23.364466
7.643750,38.999939,-3.732293,-14.940043,-23.892723,23.518389,-23.523312
7.650000,44.918648,-3.735334,-10.791828,-23.650679,24.281303,-23.670160
7.656250,50.838131,-3.738938,-7.209045,-23.367287,26.318264,-23.813803
7.662500,56.756355,-3.743700,-4.827663,-23.080048,29.170729,-23.963890
7.668750,62.677219,-3.749307,-1.832776,-22.791725,32.298077,-24.121794
7.675000,68.607018,-3.754784,0.247765,-22.503859,35.192226,-24.286930
7.681250,74.546608,-3.759272,1.712886,-22.227369,37.294956,-24.462637
7.687500,80.492462,-3.762976,2.865727,-21.980356,39.886177,-24.653469
7.693750,86.439354,-3.766201,4.043800,-21.782385,40.748444,-24.863506
7.700000,92.385468,-3.769161,3.742157,-21.640642,39.879837,-25.101980
7.706250,96.437286,-3.771621,4.030614,-21.548500,37.352699,-25.381802
7.712500,100.216629,-3.773530,4.651806,-21.514189,33.713982,-25.638142
7.718750,103.189468,-3.774828,5.339971,-21.533215,29.572250,-25.875093
7.725000,104.862526,-3.775496,5.869888,-21.598732,24.690216,-26.124676
7.731250,104.807846,-3.775671,5.879361,-21.732872,19.388472,-26.374796
7.737500,102.681427,-3.775842,5.172695,-21.916246,14.055635,-26.603453
7.743750,98.245636,-3.776506,5.838955,-22.121845,9.004548,-26.781614
7.750000,91.380058,-3.778033,6.308513,-22.329990,4.490090,-26.873508
7.756250,82.088417,-3.779950,6.828948,-22.523340,0.670202,-26.860535
7.762500,70.496025,-3.781807,7.597390,-22.690863,-2.588039,-26.771252
7.768750,56.838352,-3.783859,8.691050,-22.830906,-5.122605,-26.588209
7.775000,41.453114,-3.786803,10.181051,-22.937998,-6.814836,-26.307123
7.781250,24.768778,-3.790834,12.135849,-23.013134,-7.720753,-25.937881
7.787500,7.284309,-3.795103,14.524904,-23.064049,-7.944863,-25.502451
7.793750,-10.463453,-3.798497,17.257914,-23.099745,-7.597158,-25.028811
7.800000,-27.930872,-3.801193,20.196583,-23.131695,-6.767677,-24.541784
7.806250,-44.591606,-3.803667,23.198410,-23.167891,-5.440410,-24.029949
7.812500,-59.953354,-3.805869,26.405262,-23.205641,-3.672866,-23.479048
7.818750,-73.586372,-3.807253,29.913292,-23.251848,-3.519793,-22.967480
7.825000,-85.150887,-3.807880,33.461029,-23.316917,-2.366324,-22.543961
7.831250,-94.414482,-3.808241,36.779476,-23.425028,-1.279366,-22.197168
7.837500,-101.255386,-3.808376,39.637363,-23.594645,-0.400272,-21.928114
7.843750,-105.670425,-3.807560,41.932270,-23.841810,0.251366,-21.734308
7.850000,-107.782043,-3.805907,43.657597,-24.128754,0.731921,-21.618589
7.856250,-107.833664,-3.804312,44.890362,-24.447384,1.072771,-21.582563
7.862500,-106.166916,-3.803299,45.322132,-24.804491,1.370584,-21.620224
7.868750,-103.203430,-3.801952,43.047707,-25.187609,-0.351996,-21.719574
7.875000,-99.430893,-3.799694,39.755203,-25.572199,-2.493459,-21.863146
7.881250,-95.387222,-3.796901,37.140343,-25.941767,-5.283859,-22.022331
7.887500,-89.457123,-3.794499,33.335636,-26.293949,-8.915404,-22.157137
7.893750,-83.534065,-3.792586,28.567150,-26.608978,-11.513054,-22.308250
7.900000,-77.614182,-3.790894,23.135159,-26.869183,-14.736214,-22.449213
7.906250,-71.698349,-3.789893,17.356827,-27.050005,-17.753752,-22.544130
7.912500,-65.788132,-3.790104,11.583305,-27.136755,-20.286554,-22.600794
7.918750,-59.878757,-3.790104,6.046193,-27.136755,-22.001379,-22.600794
7.925000,-59.878757,-3.790104,6.046193,-27.136755,-22.001379,-22.600794
7.931250,-59.878757,-3.790104,6.046193,-27.136755,-22.001379,-22.600794
7.937500,-59.878757,-3.790104,6.046193,-27.136755,-22.001379,-22.600794
7.943750,-59.878757,-3.790104,6.046193,-27.136755,-22.001379,-22.600794
7.950000,-59.878757,-3.790104,6.046193,-27.136755,-22.001379,-22.600794
7.956250,-59.878757,-3.790104,6.046193,-27.136755,-22.001379,-22.600794
7.962500,-59.878757,-3.790104,6.046193,-27.136755,-22.001379,-22.600794
7.968750,-59.878757,-3.790104,6.046193,-27.136755,-22.001379,-22.600794
7.975000,-59.878757,-3.790104,6.046193,-27.136755,-22.001379,-22.600794
7.981250,-59.878757,-3.790104,6.046193,-27.136755,-22.001379,-22.600794
7.987500,-59.878757,-3.790104,6.046193,-27.136755,-22.001379,-22.600794
7.993750,-59.878757,-3.790104,6.046193,-27.136755,-22.001379,-22.600794
8.000000,-59.878757,-3.790104,6.046193,-27.136755,-22.001379,-22.600794
