Anritsu VNA Frequency[GHz],S21[deg],S21[dB],S11[deg],S11[dB],S22[deg],S22[dB]
1338094904.6,2012_05_27_06:01:44,+40.542,+10.293,+54.814,+10.305,+13.921,+13.733,+14.026,+13.777,10.385960,-16.072
3.006250,33.115921,-1.744289,58.472996,-26.688370,-81.232704,-27.423223
3.012500,33.115921,-1.744289,58.472996,-26.688370,-81.232704,-27.423223
3.018750,33.115921,-1.744289,58.472996,-26.688370,-81.232704,-27.423223
3.025000,33.115921,-1.744289,58.472996,-26.688370,-81.232704,-27.423223
3.031250,33.115921,-1.744289,58.472996,-26.688370,-81.232704,-27.423223
3.037500,33.115921,-1.744289,58.472996,-26.688370,-81.232704,-27.423223
3.043750,33.115921,-1.744289,58.472996,-26.688370,-81.232704,-27.423223
3.050000,33.115921,-1.744289,58.472996,-26.688370,-81.232704,-27.423223
3.056250,33.115921,-1.744289,58.472996,-26.688370,-81.232704,-27.423223
3.062500,33.115921,-1.744289,58.472996,-26.688370,-81.232704,-27.423223
3.068750,33.115921,-1.744289,58.472996,-26.688370,-81.232704,-27.423223
3.075000,33.115921,-1.744289,58.472996,-26.688370,-81.232704,-27.423223
3.081250,33.115921,-1.744289,58.472996,-26.688370,-81.232704,-27.423223
3.087500,33.115921,-1.744289,58.472996,-26.688370,-81.232704,-27.423223
3.093750,33.115921,-1.746092,58.472996,-26.488413,-81.232704,-27.172579
3.100000,39.019737,-1.748222,55.811386,-26.340429,-83.192772,-26.939293
3.106250,44.923630,-1.750352,52.275093,-26.265884,-83.546349,-26.724577
3.112500,50.828110,-1.752492,48.212357,-26.284258,-81.939041,-26.500916
3.118750,56.731838,-1.754869,42.226490,-26.332623,-80.215378,-26.199518
3.125000,62.634914,-1.757376,37.435169,-26.381285,-76.128471,-25.937117
3.131250,68.537857,-1.759995,33.059372,-26.457359,-69.958824,-25.647377
3.137500,74.439888,-1.762944,29.360075,-26.561096,-62.073051,-25.321789
3.143750,80.340385,-1.766441,26.538622,-26.683577,-52.652679,-24.968279
3.150000,86.241989,-1.770202,24.771400,-26.809633,-41.853024,-24.599909
3.156250,92.146988,-1.773756,24.182014,-26.924959,-29.843395,-24.234482
3.162500,96.159859,-1.777028,24.833654,-27.011593,-16.823368,-23.895880
3.168750,99.899452,-1.780488,26.744139,-27.069628,-3.003894,-23.634083
3.175000,102.832573,-1.784186,29.972115,-27.075298,9.556926,-23.390060
3.181250,104.469025,-1.787932,32.748848,-27.016092,22.890814,-23.170097
3.187500,104.383255,-1.791511,36.535511,-26.908894,35.674686,-23.004679
3.193750,102.233826,-1.794833,40.625389,-26.766525,47.416908,-22.909878
3.200000,97.783432,-1.797842,44.456020,-26.597034,57.706722,-22.888809
3.206250,90.909981,-1.800446,47.542961,-26.411552,66.156868,-22.941002
3.212500,81.612045,-1.802887,49.469673,-26.224377,72.448486,-23.074762
3.218750,70.009621,-1.805493,49.925072,-26.045700,76.357498,-23.272537
3.225000,56.341152,-1.807942,50.907623,-25.869558,77.513756,-23.478983
3.231250,40.949718,-1.809851,50.954597,-25.696312,76.085045,-23.702820
3.237500,24.260435,-1.811473,48.575161,-25.525154,74.078201,-23.935770
3.243750,6.761281,-1.813352,45.883446,-25.332787,69.910995,-24.155231
3.250000,-11.014674,-1.815781,42.747746,-25.160524,64.181450,-24.341908
3.256250,-28.517506,-1.818354,38.799404,-25.020399,57.446968,-24.494650
3.262500,-45.211891,-1.820552,34.292835,-24.895365,50.337528,-24.602753
3.268750,-60.607559,-1.822395,29.166752,-24.781628,43.551392,-24.657278
3.275000,-74.280190,-1.824397,23.297905,-24.678120,37.672585,-24.658337
3.281250,-85.890427,-1.826744,16.577360,-24.576216,33.206673,-24.613520
3.287500,-95.198837,-1.829446,8.911079,-24.462389,30.533188,-24.537374
3.293750,-102.081383,-1.832213,0.262347,-24.297630,29.915182,-24.429184
3.300000,-106.537842,-1.834902,-7.189145,-24.129524,31.517155,-24.290356
3.306250,-108.689461,-1.837326,-15.862305,-23.994301,35.312286,-24.148035
3.312500,-108.773888,-1.839476,-24.538778,-23.872801,41.119709,-24.034275
3.318750,-107.132652,-1.841496,-32.924187,-23.772751,48.677399,-23.969488
3.325000,-104.193153,-1.843339,-40.756603,-23.712769,57.644619,-23.964062
3.331250,-100.446617,-1.844858,-47.779823,-23.716368,67.589226,-24.020250
3.337500,-96.426163,-1.845967,-53.817234,-23.846489,77.993797,-24.137234
3.343750,-90.510826,-1.846751,-58.846169,-24.009350,88.318893,-24.300083
3.350000,-84.595566,-1.847177,-63.280247,-24.231657,98.060074,-24.452078
3.356250,-78.681137,-1.847258,-66.719101,-24.556702,106.936493,-24.648926
3.362500,-72.768700,-1.847232,-67.441559,-25.006767,113.999084,-24.896292
3.368750,-66.858124,-1.846964,-67.089088,-25.562824,119.332214,-25.184950
3.375000,-60.947544,-1.846124,-65.537743,-26.197824,122.475304,-25.557985
3.381250,-55.039185,-1.844898,-62.809006,-26.877901,123.176598,-25.890257
3.387500,-49.136986,-1.844071,-58.992367,-27.564371,121.951820,-26.210135
3.393750,-43.241009,-1.844064,-54.250584,-28.212515,118.136711,-26.510126
3.400000,-37.347271,-1.844417,-48.804375,-28.780245,112.171227,-26.782461
3.406250,-31.452177,-1.844571,-42.989132,-29.246487,104.936386,-27.058702
3.412500,-25.557451,-1.844900,-37.133945,-29.586090,96.982628,-27.304428
3.418750,-19.667498,-1.846101,-29.300125,-29.777534,86.845329,-27.498926
3.425000,-13.780569,-1.848256,-23.032555,-29.817213,76.726585,-27.635735
3.431250,-7.890695,-1.850560,-16.476606,-29.720085,66.997139,-27.721302
3.437500,-1.996496,-1.852763,-9.886375,-29.470705,58.065056,-27.759281
3.443750,3.897201,-1.855622,-3.286683,-29.067575,50.604996,-27.697691
3.450000,9.789692,-1.859445,2.803205,-28.556086,42.903519,-27.565880
3.456250,15.686122,-1.863410,8.222575,-27.974781,36.779846,-27.377369
3.462500,21.591087,-1.866757,12.964036,-27.366968,32.007656,-27.134045
3.468750,27.501369,-1.869482,17.116745,-26.779411,28.363464,-26.832293
3.475000,33.411842,-1.872015,20.789362,-26.276369,25.595909,-26.489058
3.481250,39.321789,-1.874413,24.240322,-25.811779,23.419872,-26.119144
3.487500,45.231071,-1.876866,26.196430,-25.414806,21.595892,-25.716633
3.493750,51.138741,-1.879724,28.052404,-25.120743,19.815731,-25.288170
3.500000,57.045673,-1.883034,29.629496,-24.934813,17.755978,-24.846024
3.506250,62.955597,-1.886059,30.823809,-24.841230,15.187391,-24.400490
3.512500,68.869751,-1.888275,31.545368,-24.808027,11.926263,-23.961336
3.518750,74.783951,-1.890358,31.774719,-24.746981,7.838483,-23.532963
3.525000,80.691879,-1.893304,31.642563,-24.729086,2.813311,-23.121527
3.531250,86.595222,-1.897282,31.749269,-24.714960,-3.278329,-22.741125
3.537500,92.501099,-1.901545,31.740799,-24.668764,-8.384332,-22.409842
3.543750,96.517937,-1.905529,31.860403,-24.580818,-13.971488,-22.122580
3.550000,100.264473,-1.909626,32.451256,-24.422710,-19.751110,-21.840992
3.556250,103.203842,-1.914483,31.947248,-24.197231,-25.252691,-21.514406
3.562500,104.848274,-1.919567,32.062061,-23.933491,-30.191137,-21.274010
3.568750,104.776993,-1.923893,32.452477,-23.658941,-33.341534,-21.104603
3.575000,102.649460,-1.926791,32.844532,-23.399391,-35.716331,-21.007378
3.581250,98.222656,-1.928637,32.955288,-23.189821,-37.047874,-20.996174
3.587500,91.370209,-1.930108,32.526165,-23.065607,-37.358173,-21.030361
3.593750,82.092216,-1.931137,31.445320,-23.016800,-36.509251,-21.133173
3.600000,70.514534,-1.931065,29.657688,-23.054653,-34.351261,-21.318916
3.606250,56.874733,-1.929693,29.005989,-23.193474,-31.042194,-21.581711
3.612500,41.507877,-1.927456,28.036613,-23.418894,-26.862160,-21.895079
3.618750,24.837889,-1.924807,27.146585,-23.747458,-22.200424,-22.234026
3.625000,7.358840,-1.921509,26.445400,-24.189215,-17.845234,-22.640879
3.631250,-10.395818,-1.917357,26.545294,-24.706863,-11.986438,-23.077410
3.637500,-27.882423,-1.912861,27.752760,-25.265772,-6.342597,-23.514744
3.643750,-44.572536,-1.908786,30.209135,-25.829071,-0.949879,-23.933733
3.650000,-59.973129,-1.905361,32.048588,-26.351723,4.109951,-24.317614
3.656250,-73.654137,-1.902492,34.831394,-26.759668,8.749073,-24.648741
3.662500,-85.273628,-1.900372,37.732319,-27.096783,12.877271,-24.922289
3.668750,-94.594292,-1.899145,41.681309,-27.342289,16.353453,-25.144489
3.675000,-101.492210,-1.898538,44.996258,-27.468264,19.086571,-25.314407
3.681250,-105.965149,-1.898060,47.411053,-27.471649,21.020304,-25.430727
3.687500,-108.136307,-1.898085,48.687305,-27.365929,22.078932,-25.496389
3.693750,-108.246292,-1.899360,48.678429,-27.177505,22.211050,-25.520178
3.700000,-106.633720,-1.901704,47.390808,-26.911119,21.418707,-25.512810
3.706250,-103.719063,-1.904258,44.981186,-26.584959,19.835827,-25.467533
3.712500,-99.992859,-1.906554,41.433147,-26.238207,17.675182,-25.378153
3.718750,-95.993004,-1.909187,35.036770,-25.897606,15.088308,-25.249336
3.725000,-90.099854,-1.912442,27.720491,-25.578384,12.406960,-25.097273
3.731250,-84.204903,-1.915746,19.200809,-25.326225,10.233837,-24.961138
3.737500,-78.304741,-1.918550,11.423001,-25.163027,8.982487,-24.853121
3.743750,-72.402214,-1.921164,3.130357,-25.075087,9.066019,-24.795071
3.750000,-66.500969,-1.923793,-5.125647,-25.049389,9.079020,-24.701395
3.756250,-60.600891,-1.926408,-12.951464,-25.082293,9.003929,-24.593100
3.762500,-54.699673,-1.928832,-19.928284,-25.152357,10.166881,-24.470776
3.768750,-48.798428,-1.931251,-25.618130,-25.224169,12.315947,-24.383743
3.775000,-42.898922,-1.933959,-29.785944,-25.308552,14.982053,-24.320368
3.781250,-36.999325,-1.936778,-32.335072,-25.393208,17.570345,-24.265129
3.787500,-31.098486,-1.939273,-32.905380,-25.456835,19.718584,-24.211023
3.793750,-25.197840,-1.941881,-31.419184,-25.512836,21.121107,-24.161724
3.800000,-19.299044,-1.944910,-27.893782,-25.510307,21.582748,-24.109003
3.806250,-13.401089,-1.948241,-23.495378,-25.420160,21.117907,-24.016783
3.812500,-7.501525,-1.951740,-17.578651,-25.283314,19.584078,-23.893898
3.818750,-1.601472,-1.955587,-10.734479,-25.116753,16.866432,-23.751200
3.825000,4.299235,-1.959739,-3.565508,-24.934706,13.106542,-23.594934
3.831250,10.203806,-1.963554,5.497292,-24.751913,8.568431,-23.435610
3.837500,16.112442,-1.966832,14.536535,-24.582310,3.576127,-23.310596
3.843750,22.020250,-1.970197,23.596674,-24.421995,-1.534599,-23.173140
3.850000,27.925520,-1.974073,30.873268,-24.264849,-7.454975,-23.007097
3.856250,33.831863,-1.977765,37.923649,-24.120510,-12.988045,-22.851397
3.862500,39.742432,-1.980715,44.210884,-23.987942,-18.112246,-22.714073
3.868750,45.652290,-1.983550,49.302586,-23.853683,-22.807291,-22.591984
3.875000,51.555408,-1.987508,52.793118,-23.695303,-27.100149,-22.474419
3.881250,57.454575,-1.992679,54.262772,-23.518930,-31.059320,-22.346100
3.887500,63.357483,-1.997962,53.271740,-23.326344,-34.872787,-22.211229
3.893750,69.267181,-2.002819,49.736164,-23.098944,-38.793175,-22.075106
3.900000,75.178154,-2.007975,45.747295,-22.826530,-42.952164,-21.930262
3.906250,81.085983,-2.014212,39.891712,-22.509195,-45.654816,-21.775221
3.912500,86.994087,-2.021465,32.707901,-22.148661,-48.767181,-21.604813
3.918750,92.908623,-2.029105,24.744608,-21.752272,-51.998425,-21.406141
3.925000,96.937111,-2.036511,16.467714,-21.346458,-55.113354,-21.152361
3.931250,100.700729,-2.043566,8.330510,-20.956200,-58.171223,-20.933691
3.937500,103.665031,-2.050164,0.886006,-20.601564,-58.970333,-20.745731
3.943750,105.337784,-2.056033,-5.417129,-20.305647,-58.588573,-20.596275
3.950000,105.292702,-2.060754,-10.241460,-20.090538,-56.563408,-20.499550
3.956250,103.188950,-2.063756,-13.363945,-19.974407,-52.535843,-20.470774
3.962500,98.786522,-2.065022,-14.636961,-19.967100,-46.257034,-20.522253
3.968750,91.959816,-2.064858,-13.996756,-20.066017,-37.586468,-20.662109
3.975000,82.706627,-2.063318,-13.348148,-20.239685,-26.527431,-20.901594
3.981250,71.147278,-2.060494,-11.158672,-20.533953,-13.245234,-21.264084
3.987500,57.517677,-2.056533,-6.813683,-20.935612,0.658744,-21.670422
3.993750,42.156059,-2.051764,-1.534842,-21.400888,15.826781,-22.179169
4.000000,25.488911,-2.046391,4.032462,-21.925564,31.462780,-22.797537
4.006250,8.008523,-2.040380,9.537894,-22.493309,46.707932,-23.557463
4.012500,-9.754521,-2.034241,14.713534,-23.076521,60.474094,-24.313198
4.018750,-27.256311,-2.028813,19.312140,-23.642548,73.464935,-25.043150
4.025000,-43.962776,-2.024340,23.045456,-24.175514,83.713860,-25.784542
4.031250,-59.377216,-2.020376,27.776590,-24.665483,92.126747,-26.539940
4.037500,-73.070641,-2.016966,30.135834,-25.091228,97.828438,-27.255808
4.043750,-84.705307,-2.014868,32.168499,-25.440006,101.102608,-27.902761
4.050000,-94.042847,-2.014132,33.726746,-25.711155,102.345352,-28.463776
4.056250,-100.955048,-2.013738,34.741890,-25.895206,102.083290,-28.929285
4.062500,-105.439270,-2.013129,35.294113,-25.974348,99.117363,-29.266161
4.068750,-107.623756,-2.013271,35.331585,-25.965429,95.847954,-29.460613
4.075000,-107.750473,-2.015408,34.871590,-25.885862,92.333138,-29.520409
4.081250,-106.153404,-2.018724,34.096748,-25.749361,88.802803,-29.449543
4.087500,-103.249428,-2.021883,33.260406,-25.564518,83.418991,-29.248880
4.093750,-99.531052,-2.024376,32.664082,-25.340120,77.910561,-28.924908
4.100000,-95.540092,-2.027130,30.725628,-25.090784,72.135117,-28.498314
4.106250,-89.658607,-2.030780,29.442966,-24.821625,66.000038,-28.007591
4.112500,-83.776924,-2.034932,28.722252,-24.525570,59.588314,-27.411070
4.118750,-77.892006,-2.039376,28.305803,-24.218786,53.065472,-26.744251
4.125000,-72.005547,-2.044456,27.896482,-23.916895,46.171829,-26.048685
4.131250,-66.117958,-2.050139,27.320734,-23.629078,39.060314,-25.353880
4.137500,-60.225346,-2.055901,26.465481,-23.358778,31.926714,-24.683159
4.143750,-54.326633,-2.061359,25.242809,-23.105152,24.985888,-24.053755
4.150000,-48.425056,-2.066830,23.568504,-22.867760,18.427067,-23.478867
4.156250,-42.523438,-2.072733,23.536785,-22.642170,12.420659,-22.957779
4.162500,-36.620216,-2.078935,23.741327,-22.417213,7.111476,-22.509789
4.168750,-30.713606,-2.085276,22.763855,-22.182373,4.209037,-22.129166
4.175000,-24.803171,-2.091738,22.463972,-21.956219,1.137434,-21.818335
4.181250,-18.889050,-2.098110,22.649851,-21.743940,-0.379140,-21.569748
4.187500,-12.970514,-2.104122,23.125187,-21.549877,-0.463635,-21.322092
4.193750,-7.047461,-2.109767,23.667856,-21.379902,0.952991,-21.187460
4.200000,-1.120771,-2.114841,24.045902,-21.241596,1.933623,-21.136835
4.206250,4.809295,-2.118937,24.045082,-21.141941,3.165842,-21.148056
4.212500,10.741893,-2.121927,23.500399,-21.077923,5.681041,-21.177826
4.218750,16.673103,-2.124199,24.477953,-21.038383,7.245973,-21.230864
4.225000,22.600500,-2.126163,23.565340,-21.018997,7.853371,-21.307436
4.231250,28.523779,-2.127978,22.744923,-21.008356,7.356276,-21.393442
4.237500,34.444775,-2.129493,21.810369,-21.006020,5.583840,-21.466257
4.243750,40.363350,-2.130752,20.424679,-21.028187,4.452245,-21.535276
4.250000,46.280731,-2.131639,18.427710,-21.060352,2.341743,-21.599695
4.256250,52.195919,-2.132044,15.673734,-21.084919,-0.221174,-21.642958
4.262500,58.106915,-2.132552,11.928788,-21.087116,-2.825140,-21.653973
4.268750,64.010658,-2.133812,6.994265,-21.056362,-5.113860,-21.622108
4.275000,69.907684,-2.136233,0.688310,-20.985437,-6.773558,-21.540796
4.281250,75.804428,-2.139277,-4.982681,-20.862114,-7.532495,-21.397530
4.287500,81.703613,-2.142697,-11.547584,-20.684130,-7.189893,-21.164335
4.293750,87.601677,-2.147321,-18.749865,-20.474154,-5.841887,-20.910711
4.300000,93.499252,-2.153332,-26.221977,-20.234398,-3.760185,-20.639301
4.306250,97.509003,-2.159543,-33.520683,-19.967920,-0.748244,-20.347307
4.312500,101.257637,-2.164884,-40.326485,-19.685637,2.988507,-20.037447
4.318750,104.207085,-2.169808,-46.369179,-19.402384,7.162942,-19.737722
4.325000,105.857430,-2.175272,-51.445889,-19.139578,11.527017,-19.458742
4.331250,105.784248,-2.181097,-55.409969,-18.920328,15.739169,-19.215151
4.337500,103.653725,-2.186232,-58.160606,-18.794922,19.526571,-19.009235
4.343750,99.229523,-2.190247,-59.723141,-18.664967,22.669153,-18.783369
4.350000,92.385483,-2.193376,-59.082569,-18.609205,24.680609,-18.662539
4.356250,83.119606,-2.195411,-57.143951,-18.661575,27.241993,-18.626724
4.362500,71.554039,-2.195827,-53.700809,-18.820873,29.105883,-18.686298
4.368750,57.923359,-2.195069,-48.840309,-19.078739,30.624817,-18.868605
4.375000,42.561890,-2.193890,-42.768448,-19.421772,32.040234,-19.110992
4.381250,25.896954,-2.192178,-35.756424,-19.828260,33.409702,-19.397783
4.387500,8.425529,-2.189388,-28.128445,-20.272018,35.538433,-19.736534
4.393750,-9.321803,-2.185686,-20.300745,-20.736404,36.745121,-20.154692
4.400000,-26.805693,-2.182297,-12.733156,-21.209173,38.584026,-20.627958
4.406250,-43.493011,-2.179349,-3.628870,-21.672071,40.639835,-21.130194
4.412500,-58.885216,-2.175982,3.426191,-22.111584,42.621265,-21.642836
4.418750,-72.554939,-2.172357,10.274281,-22.522150,44.313892,-22.152296
4.425000,-84.166504,-2.169341,16.743439,-22.841303,45.638058,-22.610033
4.431250,-93.484428,-2.167369,22.658745,-23.069172,46.600220,-22.989388
4.437500,-100.380867,-2.165743,27.631126,-23.217447,46.970814,-23.286139
4.443750,-104.853569,-2.164326,31.614435,-23.293663,46.751377,-23.493681
4.450000,-107.028603,-2.163933,34.674519,-23.299749,46.071751,-23.604704
4.456250,-107.143456,-2.165076,36.942226,-23.240549,45.100948,-23.617973
4.462500,-105.532928,-2.166918,38.617203,-23.126194,44.022068,-23.539312
4.468750,-102.620193,-2.169070,39.988853,-22.976385,43.056923,-23.391184
4.475000,-98.900269,-2.172003,39.539429,-22.789749,42.505104,-23.158222
4.481250,-94.907112,-2.175789,39.442745,-22.559547,41.086662,-22.828238
4.487500,-89.013908,-2.179544,39.354084,-22.318419,40.335251,-22.447424
4.493750,-83.115509,-2.183047,39.083462,-22.088003,39.950665,-22.045263
4.500000,-77.218391,-2.187480,38.565399,-21.879324,39.714760,-21.643246
4.506250,-71.324219,-2.193494,37.775303,-21.692875,39.416824,-21.255880
4.512500,-65.424568,-2.199970,36.707161,-21.515556,38.836586,-20.892586
4.518750,-59.511902,-2.205370,35.358715,-21.289574,37.726261,-20.563305
4.525000,-53.590630,-2.209904,33.762913,-21.109375,35.765522,-20.304218
4.531250,-47.670456,-2.214693,32.994640,-20.976936,32.501385,-20.101416
4.537500,-41.752087,-2.220086,32.559010,-20.847519,29.299753,-19.934126
4.543750,-35.827984,-2.225302,31.047415,-20.711842,24.660669,-19.813036
4.550000,-29.895350,-2.229529,30.174513,-20.596716,18.908880,-19.712845
4.556250,-23.957367,-2.232835,29.654373,-20.524572,12.452661,-19.696537
4.562500,-18.017889,-2.235682,29.271336,-20.514833,5.997395,-19.778662
4.568750,-12.077557,-2.237967,28.800211,-20.592661,-0.484715,-19.955801
4.575000,-6.134828,-2.239446,28.019426,-20.816666,-6.815262,-20.175394
4.581250,-0.188285,-2.239735,26.741596,-21.102354,-12.656565,-20.449797
4.587500,5.758709,-2.238711,23.690054,-21.472887,-17.508150,-20.791082
4.593750,11.703946,-2.236771,21.750784,-21.947546,-21.190123,-21.191326
4.600000,17.645250,-2.234018,19.046078,-22.529303,-23.650595,-21.630102
4.606250,23.582600,-2.230243,15.447505,-23.275726,-25.036488,-22.119556
4.612500,29.515213,-2.225520,11.854334,-24.062145,-25.610222,-22.649334
4.618750,35.438244,-2.220861,7.675993,-24.917326,-25.444389,-23.197596
4.625000,41.349152,-2.216954,3.226264,-25.821373,-24.814354,-23.748878
4.631250,47.253864,-2.213233,-1.207726,-26.741018,-24.044647,-24.289583
4.637500,53.157185,-2.208630,-5.362707,-27.633896,-23.495667,-24.802828
4.643750,59.055592,-2.203757,-8.989574,-28.447922,-23.531004,-25.253080
4.650000,64.940247,-2.200198,-13.782298,-29.122755,-24.502136,-25.592604
4.656250,70.810570,-2.198688,-15.872517,-29.631493,-26.791363,-25.830139
4.662500,76.674957,-2.198749,-17.314016,-29.967079,-28.967228,-25.986395
4.668750,82.538300,-2.200046,-17.966650,-30.099874,-32.416492,-26.034851
4.675000,88.400963,-2.202867,-17.853424,-30.017996,-36.903587,-25.967651
4.681250,94.264519,-2.206974,-17.104250,-29.724949,-42.223839,-25.785757
4.687500,98.237709,-2.211807,-15.921298,-29.244785,-48.155075,-25.500334
4.693750,101.941269,-2.217573,-14.546323,-28.616238,-54.429882,-25.123032
4.700000,104.838982,-2.225361,-13.271619,-27.867788,-60.704800,-24.655930
4.706250,106.442131,-2.234768,-12.592138,-27.001440,-66.614380,-24.091455
4.712500,106.334633,-2.244072,-12.745928,-26.058756,-71.716232,-23.484423
4.718750,104.179054,-2.252095,-14.081470,-25.117435,-77.423393,-22.889614
4.725000,99.729210,-2.259532,-15.028583,-24.236492,-82.260666,-22.327465
4.731250,92.856361,-2.267240,-17.132092,-23.438025,-86.385071,-21.833284
4.737500,83.564224,-2.274529,-20.137907,-22.740265,-90.019417,-21.370108
4.743750,71.980057,-2.280201,-23.831856,-22.155668,-93.435287,-20.946642
4.750000,58.336281,-2.284633,-27.961182,-21.680492,-94.568871,-20.570606
4.756250,42.965557,-2.288722,-32.233406,-21.256893,-94.959839,-20.299429
4.762500,26.295248,-2.292200,-36.365322,-20.968088,-94.168648,-20.125708
4.768750,8.822950,-2.294469,-38.814636,-20.791183,-92.045135,-20.029739
4.775000,-8.922140,-2.295630,-40.022350,-20.688461,-88.285591,-19.998955
4.781250,-26.398577,-2.296361,-39.386505,-20.622850,-82.642349,-20.032644
4.787500,-43.075867,-2.297098,-38.236801,-20.535671,-74.912872,-20.103579
4.793750,-58.459919,-2.297876,-35.399467,-20.483698,-66.600548,-20.165367
4.800000,-72.122322,-2.298899,-30.585436,-20.429583,-56.400723,-20.233349
4.806250,-83.721458,-2.300028,-24.411787,-20.366457,-44.954277,-20.300385
4.812500,-93.019325,-2.301082,-17.434025,-20.292534,-32.858871,-20.353672
4.818750,-99.894791,-2.302470,-10.208777,-20.207521,-20.701859,-20.379498
4.825000,-104.350090,-2.304832,-3.300747,-20.118196,-9.034533,-20.384052
4.831250,-106.503700,-2.307857,4.902855,-20.041075,1.623679,-20.391012
4.837500,-106.585526,-2.310159,12.579060,-19.988319,10.861302,-20.374441
4.843750,-104.936272,-2.311342,18.104830,-19.926224,18.765196,-20.303276
4.850000,-101.992676,-2.312922,23.218668,-19.874168,24.732262,-20.214016
4.856250,-98.251617,-2.316017,27.419468,-19.847033,28.728651,-20.121555
4.862500,-94.238106,-2.319742,30.446938,-19.848322,30.913353,-20.033489
4.868750,-88.320572,-2.322572,32.166615,-19.864801,31.555090,-19.947411
4.875000,-82.396515,-2.324547,32.532150,-19.873821,30.972492,-19.862331
4.881250,-76.474884,-2.326636,31.608776,-19.866606,29.470173,-19.784138
4.887500,-70.557587,-2.329259,29.775465,-19.867352,27.387623,-19.716938
4.893750,-64.640205,-2.332066,27.193666,-19.866449,25.088427,-19.663702
4.900000,-58.720573,-2.334930,24.031584,-19.864132,22.912027,-19.621367
4.906250,-52.799301,-2.337893,20.578651,-19.857704,21.173889,-19.576986
4.912500,-46.876057,-2.340654,17.023535,-19.832279,20.162933,-19.507233
4.918750,-40.949902,-2.343141,13.710505,-19.806446,20.331015,-19.459637
4.925000,-35.023552,-2.345948,10.995719,-19.802816,22.160259,-19.441137
4.931250,-29.096479,-2.348837,9.053496,-19.837013,23.423185,-19.449497
4.937500,-23.163898,-2.350879,7.995773,-19.918961,25.631348,-19.488651
4.943750,-17.223520,-2.351355,7.864601,-20.055010,28.429188,-19.566559
4.950000,-11.284152,-2.351159,8.665948,-20.242935,31.464373,-19.688845
4.956250,-5.350702,-2.351142,10.360246,-20.474617,34.392529,-19.866375
4.962500,0.580140,-2.350800,10.957329,-20.729464,36.851418,-20.145706
4.968750,6.513525,-2.349404,14.093045,-20.999609,37.656837,-20.355610
4.975000,12.445367,-2.347617,17.444147,-21.305923,38.770622,-20.636045
4.981250,18.370705,-2.345894,20.938480,-21.623379,38.597931,-20.977718
4.987500,24.293606,-2.343629,24.372677,-21.941280,37.167294,-21.369465
4.993750,30.217466,-2.340110,27.485577,-22.253138,34.419830,-21.803049
5.000000,36.135956,-2.336326,30.066128,-22.547197,30.326595,-22.267866
5.006250,42.041008,-2.333695,31.963818,-22.806908,26.774281,-22.741959
5.012500,47.937012,-2.332153,33.055981,-23.007420,22.053814,-23.157221
5.018750,53.833660,-2.330466,33.239922,-23.124630,16.647202,-23.512367
5.025000,59.730953,-2.328588,32.512131,-23.198750,10.699597,-23.843069
5.031250,65.623711,-2.327291,31.055031,-23.225906,5.004143,-24.119532
5.037500,71.510384,-2.326628,29.003870,-23.209976,-0.058623,-24.327597
5.043750,77.395576,-2.326374,26.337423,-23.198061,-4.238679,-24.462664
5.050000,83.278030,-2.327099,23.004259,-23.140112,-7.305449,-24.519039
5.056250,89.156761,-2.329154,20.150209,-23.047993,-9.009039,-24.483892
5.062500,95.037933,-2.331499,16.885986,-22.967720,-9.214303,-24.361633
5.068750,99.032692,-2.332960,13.611177,-22.915421,-7.867233,-24.162729
5.075000,102.755676,-2.334294,10.717431,-22.890711,-4.899837,-23.896349
5.081250,105.664444,-2.337330,6.700163,-22.878326,-0.261707,-23.570925
5.087500,107.269951,-2.342017,3.587670,-22.868919,6.038030,-23.202305
5.093750,107.157967,-2.346564,1.349479,-22.874947,13.886853,-22.815483
5.100000,104.990051,-2.350446,-0.215007,-22.879578,22.993166,-22.416416
5.106250,100.519585,-2.354870,-1.387424,-22.863216,32.791420,-21.996382
5.112500,93.621391,-2.360511,-2.349083,-22.810320,43.057968,-21.589064
5.118750,84.303490,-2.366242,-3.266598,-22.712339,53.405025,-21.216196
5.125000,72.691986,-2.371211,-4.300300,-22.566133,63.269066,-20.890228
5.131250,59.018425,-2.376126,-5.574553,-22.368961,72.064079,-20.613668
5.137500,43.618000,-2.381811,-7.187678,-22.122087,79.242973,-20.374760
5.143750,26.921352,-2.387768,-7.068546,-21.832161,84.330147,-20.110018
5.150000,9.426328,-2.393296,-6.652685,-21.514469,87.897346,-19.993750
5.156250,-8.335535,-2.398386,-7.350163,-21.160852,89.980591,-19.875656
5.162500,-25.820734,-2.403202,-7.077521,-20.786985,90.062088,-19.791655
5.168750,-42.495960,-2.407471,-6.153469,-20.419691,88.551857,-19.747879
5.175000,-57.868641,-2.410824,-4.790722,-20.078671,86.028870,-19.740038
5.181250,-71.513397,-2.413254,-3.194154,-19.779591,83.154327,-19.755415
5.187500,-83.091637,-2.414936,-1.599435,-19.538803,78.487602,-19.786345
5.193750,-92.367531,-2.415776,-0.256571,-19.373266,74.235626,-19.869795
5.200000,-99.221542,-2.416196,0.603130,-19.301899,70.666458,-20.031393
5.206250,-103.654671,-2.416613,3.006572,-19.313658,67.058975,-20.151299
5.212500,-105.787750,-2.416897,3.722736,-19.381783,64.220917,-20.287666
5.218750,-105.854111,-2.416686,4.603371,-19.507851,62.127197,-20.447485
5.225000,-104.194183,-2.415520,5.446877,-19.643723,60.635960,-20.625364
5.231250,-101.237755,-2.413499,6.215048,-19.841591,59.525028,-20.819279
5.237500,-97.480515,-2.411054,5.561273,-20.104584,58.454155,-21.039900
5.243750,-93.457924,-2.408925,4.220433,-20.396593,57.111320,-21.285011
5.250000,-87.550194,-2.407835,1.829751,-20.699966,55.223679,-21.546291
5.256250,-81.647194,-2.407529,-1.942608,-21.001209,52.495613,-21.818169
5.262500,-75.741219,-2.406590,-5.207973,-21.289473,48.675758,-22.090315
5.268750,-69.832985,-2.404657,-9.525757,-21.557663,43.543922,-22.348438
5.275000,-63.932915,-2.403621,-14.552559,-21.800741,36.894165,-22.573450
5.281250,-58.046612,-2.404870,-19.975937,-22.012978,28.694603,-22.768511
5.287500,-52.163322,-2.407238,-25.511736,-22.189581,19.266954,-22.956177
5.293750,-46.270973,-2.408824,-30.899424,-22.327349,8.670922,-23.114107
5.300000,-40.374134,-2.409911,-35.889946,-22.419456,-2.883708,-23.226351
5.306250,-34.486320,-2.412711,-40.248260,-22.457605,-15.015727,-23.281395
5.312500,-28.606386,-2.417623,-43.808796,-22.438910,-27.294285,-23.273409
5.318750,-22.722149,-2.423257,-46.457813,-22.359955,-39.275379,-23.196247
5.325000,-16.828072,-2.429137,-48.123142,-22.219694,-50.513309,-23.037716
5.331250,-10.929026,-2.435853,-48.839676,-22.040480,-60.634350,-22.865080
5.337500,-5.024634,-2.443091,-46.627384,-21.833979,-69.683739,-22.609440
5.343750,0.892590,-2.449400,-44.316341,-21.586985,-76.941528,-22.335278
5.350000,6.820846,-2.454566,-40.459095,-21.348501,-82.572777,-22.078222
5.356250,12.751929,-2.459755,-35.224731,-21.143143,-86.466797,-21.868515
5.362500,18.684132,-2.465004,-28.859119,-20.991201,-88.626320,-21.732986
5.368750,24.625767,-2.468764,-21.671253,-20.903452,-89.266968,-21.654686
5.375000,30.577797,-2.470413,-13.990427,-20.879250,-88.656013,-21.616327
5.381250,36.530762,-2.470911,-6.189745,-20.906912,-86.956253,-21.599127
5.387500,42.478783,-2.470768,1.279787,-20.992464,-83.626183,-21.721838
5.393750,48.426109,-2.469112,8.095860,-21.156296,-79.666649,-21.932343
5.400000,54.373650,-2.465580,14.264805,-21.381582,-75.436516,-22.223503
5.406250,60.312824,-2.461558,19.555529,-21.645346,-71.224327,-22.601820
5.412500,66.238213,-2.458033,23.755840,-21.919085,-67.041069,-22.964958
5.418750,72.155869,-2.454289,26.693090,-22.181322,-63.071095,-23.319181
5.425000,78.070145,-2.449827,28.273582,-22.413324,-59.709694,-23.651344
5.431250,83.975800,-2.445759,28.561934,-22.598028,-56.959881,-23.939251
5.437500,89.867615,-2.443178,27.781145,-22.718628,-54.769535,-24.155136
5.443750,95.749290,-2.442194,26.261023,-22.762680,-53.083145,-24.279308
5.450000,99.734039,-2.442555,24.359863,-22.721010,-51.829720,-24.300289
5.456250,103.445549,-2.444087,22.486256,-22.591105,-50.843441,-24.214550
5.462500,106.352760,-2.446507,21.078667,-22.385361,-49.957554,-24.052284
5.468750,107.966805,-2.449153,18.718157,-22.116348,-48.975094,-23.784145
5.475000,107.858711,-2.452252,17.588167,-21.776405,-47.016380,-23.402849
5.481250,105.682899,-2.457155,17.542143,-21.392637,-44.575375,-22.972292
5.487500,101.205582,-2.463705,18.303459,-20.997520,-41.347511,-22.529833
5.493750,94.315636,-2.469964,19.699772,-20.617529,-37.034779,-22.106575
5.500000,85.018692,-2.474665,21.580122,-20.269613,-31.406340,-21.725191
5.506250,73.426720,-2.478650,23.796991,-19.959923,-24.312860,-21.391750
5.512500,59.767139,-2.483159,26.182028,-19.669296,-15.792373,-21.027105
5.518750,44.385525,-2.487398,28.569223,-19.424080,-6.495867,-20.785921
5.525000,27.715750,-2.490173,30.325687,-19.264660,3.423815,-20.617990
5.531250,10.247225,-2.491601,32.052189,-19.167150,13.896915,-20.517805
5.537500,-7.495655,-2.492598,33.430786,-19.131224,24.400105,-20.476114
5.543750,-24.966772,-2.493050,34.139240,-19.163336,34.399818,-20.487345
5.550000,-41.630653,-2.492513,33.922287,-19.269682,43.517586,-20.600187
5.556250,-56.995800,-2.491077,32.594604,-19.457937,51.480274,-20.787090
5.562500,-70.638542,-2.488948,30.032549,-19.736118,58.621834,-20.998295
5.568750,-82.218544,-2.486149,26.291645,-20.068913,64.086365,-21.263248
5.575000,-91.499016,-2.482696,23.599653,-20.455460,68.002060,-21.580212
5.581250,-98.361252,-2.479066,18.621500,-20.896185,70.637245,-21.931196
5.587500,-102.806007,-2.475515,13.611730,-21.390514,72.331535,-22.280832
5.593750,-104.952988,-2.471666,8.653919,-21.937450,73.214767,-22.686253
5.600000,-105.040009,-2.467999,3.955204,-22.504351,71.866356,-23.088312
5.606250,-103.411034,-2.465503,-0.295768,-23.071051,70.394386,-23.481457
5.612500,-100.491264,-2.463915,-4.060916,-23.625057,68.544502,-23.862850
5.618750,-96.763847,-2.461868,-7.232648,-24.150196,66.189445,-24.227793
5.625000,-92.761032,-2.459111,-9.694527,-24.629147,63.221024,-24.573372
5.631250,-86.874039,-2.457675,-11.337419,-25.040251,59.526123,-24.879921
5.637500,-81.000938,-2.458774,-12.081627,-25.359875,54.949425,-25.110558
5.643750,-75.128548,-2.460845,-13.794478,-25.559757,51.376545,-25.223312
5.650000,-69.247154,-2.462254,-12.727973,-25.618357,47.179325,-25.247446
5.656250,-63.363029,-2.463952,-11.025714,-25.558010,41.994537,-25.216152
5.662500,-57.486916,-2.467352,-8.889666,-25.378901,36.772797,-25.098852
5.668750,-51.615715,-2.472608,-6.396492,-25.080778,31.774065,-24.887274
5.675000,-45.738678,-2.478591,-3.792571,-24.680006,27.183075,-24.586370
5.681250,-39.852188,-2.484726,-1.359238,-24.200439,23.177393,-24.203619
5.687500,-33.959991,-2.491194,0.623460,-23.677790,19.969715,-23.750546
5.693750,-28.061544,-2.497611,1.777528,-23.119524,17.860769,-23.256380
5.700000,-22.156631,-2.503658,1.487517,-22.526234,17.288441,-22.743402
5.706250,-16.248905,-2.510222,1.793196,-21.959665,16.411501,-22.243208
5.712500,-10.340468,-2.517800,1.067385,-21.457531,16.893015,-21.791628
5.718750,-4.423786,-2.525097,-0.478814,-21.040819,18.338312,-21.414957
5.725000,1.507638,-2.530651,-2.643166,-20.719624,22.151943,-21.102028
5.731250,7.449365,-2.534564,-5.230912,-20.493601,26.210629,-20.823984
5.737500,13.390059,-2.538056,-8.045660,-20.349054,30.687298,-20.620716
5.743750,19.328558,-2.541222,-10.931854,-20.265612,34.733910,-20.543362
5.750000,25.271627,-2.542753,-13.885086,-20.264099,38.822155,-20.556864
5.756250,31.217661,-2.542734,-16.881710,-20.331104,42.661697,-20.645058
5.762500,37.159107,-2.542127,-17.513250,-20.440374,45.903641,-20.794201
5.768750,43.091953,-2.541307,-18.949337,-20.563011,48.199787,-21.006798
5.775000,49.020485,-2.539857,-19.057091,-20.673536,49.083389,-21.213558
5.781250,54.945187,-2.537861,-18.036518,-20.768898,49.507408,-21.420940
5.787500,60.860546,-2.536272,-16.137781,-20.840242,48.525417,-21.632647
5.793750,66.766029,-2.535698,-13.570281,-20.875940,46.289352,-21.833170
5.800000,72.666283,-2.535907,-10.613946,-20.867781,42.880966,-22.001169
5.806250,78.565224,-2.536455,-7.594092,-20.813316,38.428600,-22.114227
5.812500,84.463875,-2.537135,-4.849286,-20.715378,33.163651,-22.167679
5.818750,90.360504,-2.538162,-2.705021,-20.583979,27.482996,-22.182634
5.825000,96.252251,-2.540339,0.690872,-20.444769,19.554007,-22.180971
5.831250,100.243896,-2.544648,3.702404,-20.359905,11.276100,-22.101093
5.837500,103.962265,-2.550800,5.037284,-20.226698,2.708672,-21.970142
5.843750,106.885811,-2.557186,6.727171,-20.115145,-6.381562,-21.821367
5.850000,108.528908,-2.562068,8.211757,-20.057997,-15.845092,-21.677279
5.856250,108.458107,-2.565563,9.424847,-20.062969,-25.452759,-21.551859
5.862500,106.320732,-2.568955,10.318712,-20.127907,-34.990154,-21.457119
5.868750,101.878792,-2.572451,10.868127,-20.231020,-44.315331,-21.392406
5.875000,95.015053,-2.575482,11.211084,-20.374847,-53.399723,-21.348162
5.881250,85.731880,-2.577837,11.797888,-20.584267,-62.356483,-21.342247
5.887500,74.148262,-2.579471,12.603281,-20.832676,-68.942940,-21.372576
5.893750,60.500809,-2.580056,13.811464,-21.106262,-74.485710,-21.425262
5.900000,45.129185,-2.579514,13.769258,-21.410769,-78.599777,-21.490566
5.906250,28.455200,-2.578879,14.360148,-21.781544,-83.020187,-21.581245
5.912500,10.968048,-2.578708,15.379725,-22.142750,-85.945580,-21.687080
5.918750,-6.792883,-2.578032,17.113926,-22.506554,-87.752266,-21.795805
5.925000,-24.276791,-2.575923,18.732904,-22.894348,-88.819847,-21.905334
5.931250,-40.959221,-2.573668,20.129313,-23.310059,-89.427437,-22.019302
5.937500,-56.354832,-2.572518,21.231783,-23.742794,-89.808990,-22.139664
5.943750,-70.031967,-2.571977,22.000990,-24.173143,-90.150398,-22.266212
5.950000,-81.640190,-2.570806,22.637197,-24.583036,-90.695343,-22.352711
5.956250,-90.945732,-2.569549,23.322508,-24.953205,-91.931259,-22.403896
5.962500,-97.835526,-2.569642,23.957808,-25.267879,-91.138893,-22.462971
5.968750,-102.304817,-2.570405,24.419136,-25.516388,-90.562874,-22.520031
5.975000,-104.464661,-2.570057,24.619600,-25.687149,-89.752121,-22.571489
5.981250,-104.555809,-2.568727,24.484375,-25.773808,-88.274788,-22.617342
5.987500,-102.931984,-2.568578,23.953856,-25.770891,-85.746513,-22.655777
5.993750,-100.022354,-2.570373,23.007915,-25.675165,-81.835129,-22.683447
6.000000,-96.306458,-2.572796,21.639225,-25.485271,-76.321777,-22.692307
6.006250,-92.310631,-2.575051,19.884024,-25.192404,-69.150543,-22.638367
6.012500,-86.419449,-2.577987,17.798143,-24.755598,-60.727055,-22.566267
6.018750,-80.529602,-2.581876,17.296099,-24.306877,-51.299953,-22.480652
6.025000,-74.633965,-2.585682,15.055071,-23.822508,-40.842239,-22.383055
6.031250,-68.731689,-2.589045,13.511533,-23.328140,-29.814119,-22.287848
6.037500,-62.827396,-2.592798,12.513271,-22.867622,-18.751322,-22.211756
6.043750,-56.922638,-2.596971,11.983662,-22.487341,-8.098188,-22.138397
6.050000,-51.011379,-2.600522,11.987061,-22.176947,1.892034,-22.053625
6.056250,-45.091976,-2.603001,12.514571,-21.965136,10.755177,-21.993944
6.062500,-39.172432,-2.605466,13.284305,-21.880854,18.257694,-21.979961
6.068750,-33.254578,-2.608054,12.333927,-21.930532,24.250689,-22.012947
6.075000,-27.331499,-2.609456,11.267702,-22.102621,28.736095,-22.089941
6.081250,-21.401793,-2.609022,11.712013,-22.362621,31.787479,-22.206545
6.087500,-15.476044,-2.608085,11.796377,-22.631065,33.470245,-22.339592
6.093750,-9.561852,-2.608132,11.461839,-22.944424,33.757580,-22.476736
6.100000,-3.654428,-2.608742,10.033838,-23.268274,32.833641,-22.621931
6.106250,2.254851,-2.609111,8.012028,-23.552105,30.984865,-22.765797
6.112500,8.164710,-2.609280,5.305642,-23.764702,28.378250,-22.894173
6.118750,14.069743,-2.609986,1.828473,-23.887930,25.145626,-22.989412
6.125000,19.970284,-2.611466,-2.464818,-23.916721,21.433369,-23.028946
6.131250,25.868128,-2.614021,-5.403417,-23.856846,17.500311,-23.013144
6.137500,31.765688,-2.617614,-8.244367,-23.706902,14.178935,-22.952595
6.143750,37.667145,-2.621569,-12.187908,-23.466478,9.569503,-22.832376
6.150000,43.577717,-2.624835,-15.116545,-23.163666,5.117590,-22.666323
6.156250,49.493786,-2.627350,-17.074202,-22.826303,0.792601,-22.468199
6.162500,55.407925,-2.630185,-18.078360,-22.478325,-3.370148,-22.251696
6.168750,61.318813,-2.633744,-18.155119,-22.138542,-7.299659,-22.027315
6.175000,67.233665,-2.636938,-17.392302,-21.826481,-10.929042,-21.806900
6.181250,73.155991,-2.638990,-15.928902,-21.557863,-14.183644,-21.605984
6.187500,79.079712,-2.640379,-13.929287,-21.347185,-16.924414,-21.499960
6.193750,85.000320,-2.641771,-11.610765,-21.218763,-19.465538,-21.371264
6.200000,90.920036,-2.642683,-9.164380,-21.151791,-21.543581,-21.305141
6.206250,96.840019,-2.642909,-6.300159,-21.140471,-23.081688,-21.319769
6.212500,100.863533,-2.643029,-3.287651,-21.203939,-24.249485,-21.426249
6.218750,104.617554,-2.643233,-0.305031,-21.329931,-25.222633,-21.669544
6.225000,107.553459,-2.643621,2.466730,-21.492155,-24.655132,-21.908228
6.231250,109.191170,-2.643992,4.662170,-21.720179,-24.950668,-22.230282
6.237500,109.103195,-2.644322,5.978660,-21.997717,-25.279959,-22.631021
6.243750,106.949829,-2.644366,6.393414,-22.306370,-25.573172,-23.095448
6.250000,102.494469,-2.643830,7.911821,-22.632807,-25.855673,-23.603579
6.256250,95.611946,-2.643334,9.055161,-22.969604,-26.146580,-24.135187
6.262500,86.298492,-2.643762,8.365139,-23.312494,-26.422741,-24.669861
6.268750,74.680832,-2.644472,7.960925,-23.643265,-26.417824,-25.148485
6.275000,61.003838,-2.643918,7.827874,-23.942276,-25.809412,-25.576880
6.281250,45.605274,-2.642285,7.828278,-24.204666,-24.706333,-25.944796
6.287500,28.899689,-2.641392,7.856102,-24.425915,-22.954161,-26.235056
6.293750,11.376445,-2.642344,7.861730,-24.596249,-20.297209,-26.430086
6.300000,-6.420081,-2.643875,7.832105,-24.700468,-16.474394,-26.512068
6.306250,-23.935528,-2.644921,7.736050,-24.722445,-11.288637,-26.464300
6.312500,-40.642693,-2.646108,7.518811,-24.644146,-4.652266,-26.271797
6.318750,-56.055584,-2.648521,7.048326,-24.474508,3.254813,-25.990776
6.325000,-69.743797,-2.651749,8.250923,-24.248781,12.056668,-25.625830
6.331250,-81.360954,-2.655164,7.895371,-23.957560,21.529158,-25.169907
6.337500,-90.671150,-2.659103,8.216745,-23.597139,31.408901,-24.663425
6.343750,-97.555870,-2.664028,8.922620,-23.200075,41.260231,-24.145983
6.350000,-102.011314,-2.669226,9.778308,-22.797058,50.510101,-23.652184
6.356250,-104.153824,-2.673657,10.627761,-22.415142,58.554165,-23.211159
6.362500,-104.223305,-2.677327,11.339879,-22.076649,64.814018,-22.833519
6.368750,-102.566177,-2.680669,11.798208,-21.796574,68.768646,-22.463642
6.375000,-99.610664,-2.683481,11.879286,-21.584068,70.596649,-22.262285
6.381250,-95.848015,-2.685598,11.318810,-21.458302,69.909393,-22.180645
6.387500,-91.813019,-2.687311,11.258904,-21.402418,66.591888,-22.219158
6.393750,-85.886406,-2.688860,10.820260,-21.433432,60.960697,-22.331757
6.400000,-79.960060,-2.689559,10.279433,-21.551857,53.406509,-22.429394
6.406250,-74.034203,-2.689327,9.698498,-21.749882,42.363060,-22.660727
6.412500,-68.114754,-2.689204,9.109872,-22.012796,30.173153,-22.954039
6.418750,-62.204159,-2.689908,8.504404,-22.325773,16.684822,-23.274511
6.425000,-56.296135,-2.690686,7.885480,-22.662628,2.386743,-23.590542
6.431250,-50.386021,-2.690921,7.250153,-22.997377,-12.176075,-23.873053
6.437500,-44.477840,-2.691090,6.539201,-23.302893,-26.476440,-24.092342
6.443750,-38.576469,-2.692274,7.861311,-23.548265,-40.018833,-24.217104
6.450000,-32.678806,-2.694299,9.732843,-23.722593,-52.560318,-24.296190
6.456250,-26.778866,-2.696438,10.552162,-23.829954,-63.993965,-24.317026
6.462500,-20.875801,-2.698633,12.319721,-23.865627,-72.357925,-24.238623
6.468750,-14.972695,-2.701166,14.839639,-23.827574,-79.013321,-24.097919
6.475000,-9.066702,-2.703552,17.835928,-23.725002,-83.492249,-23.924372
6.481250,-3.156537,-2.705407,20.980032,-23.583120,-85.576561,-23.745359
6.487500,2.753373,-2.707479,23.967026,-23.431410,-85.160172,-23.577030
6.493750,8.661033,-2.710067,26.644913,-23.270515,-82.118805,-23.398870
6.500000,14.570576,-2.712365,28.910852,-23.108599,-78.438278,-23.212500
6.506250,20.486769,-2.713573,28.604494,-22.960001,-72.676727,-23.045031
6.512500,26.402836,-2.714523,29.351734,-22.851208,-65.348007,-22.925491
6.518750,32.312401,-2.716365,29.068476,-22.809340,-57.211754,-22.846397
6.525000,38.220123,-2.718611,27.858917,-22.827744,-48.984512,-22.799650
6.531250,44.133846,-2.720058,25.819666,-22.898439,-41.273945,-22.780024
6.537500,50.052181,-2.720642,23.006804,-23.011736,-34.621021,-22.782854
6.543750,55.966671,-2.721447,19.505789,-23.155943,-29.498476,-22.808647
6.550000,61.875973,-2.722806,15.430018,-23.316195,-24.445934,-22.833908
6.556250,67.786514,-2.723982,10.965474,-23.458929,-21.458176,-22.847965
6.562500,73.699471,-2.724812,6.442469,-23.579126,-20.002216,-22.861481
6.568750,79.611778,-2.725651,2.811151,-23.708370,-19.706907,-22.873585
6.575000,85.522774,-2.726268,-1.788722,-23.813631,-20.267551,-22.904675
6.581250,91.433197,-2.726664,-5.353633,-23.887190,-21.226130,-22.934389
6.587500,97.340950,-2.727470,-7.954328,-23.933754,-22.064484,-22.963785
6.593750,101.350105,-2.729161,-9.624334,-23.958767,-24.302320,-22.998451
6.600000,105.087143,-2.730894,-10.390453,-23.967203,-25.882019,-23.040867
6.606250,108.024437,-2.731624,-10.286458,-23.959822,-26.912603,-23.089172
6.612500,109.664490,-2.731962,-9.389625,-23.938824,-27.521206,-23.141693
6.618750,109.571960,-2.733310,-7.813349,-23.903946,-25.953007,-23.194387
6.625000,107.408394,-2.735722,-5.701017,-23.855680,-23.972614,-23.244190
6.631250,102.944458,-2.738096,-3.242581,-23.796963,-21.201649,-23.302980
6.637500,96.060715,-2.740267,1.541833,-23.724909,-17.374723,-23.287842
6.643750,86.751083,-2.743136,5.245366,-23.619957,-14.359540,-23.257336
6.650000,75.136864,-2.746947,9.762049,-23.477835,-10.294934,-23.210836
6.656250,61.460949,-2.750559,14.670625,-23.302362,-5.680393,-23.138687
6.662500,46.067192,-2.753353,19.603788,-23.087837,-1.000653,-23.029495
6.668750,29.377506,-2.755790,24.214733,-22.822517,3.213017,-22.878820
6.675000,11.878917,-2.758512,28.053091,-22.525305,6.291603,-22.718357
6.681250,-5.893928,-2.761490,30.630220,-22.213625,9.858321,-22.559721
6.687500,-23.392920,-2.764701,33.861500,-21.896544,12.149685,-22.410236
6.693750,-40.084007,-2.768013,36.065948,-21.607191,13.215119,-22.285343
6.700000,-55.472420,-2.770797,37.331276,-21.330891,13.132109,-22.223475
6.706250,-69.129227,-2.772419,37.544674,-21.072117,12.191050,-22.199934
6.712500,-80.719490,-2.773257,37.172310,-20.877752,10.902849,-22.226742
6.718750,-90.011299,-2.774265,36.353466,-20.771120,9.148981,-22.328499
6.725000,-96.882545,-2.775616,35.154274,-20.760963,7.287671,-22.495535
6.731250,-101.327034,-2.776379,33.605686,-20.847361,3.659817,-22.740343
6.737500,-103.465218,-2.776136,31.720921,-21.017853,0.312956,-23.065506
6.743750,-103.538849,-2.775319,29.468172,-21.276562,-2.919014,-23.435677
6.750000,-101.892761,-2.774301,26.714884,-21.655590,-6.077658,-23.812954
6.756250,-98.952881,-2.773231,24.198061,-22.025591,-9.118567,-24.162220
6.762500,-95.211281,-2.772330,21.869753,-22.433649,-12.128167,-24.481516
6.768750,-91.200287,-2.771688,19.590780,-22.872370,-15.114433,-24.752434
6.775000,-85.295677,-2.770728,17.445581,-23.323418,-15.841919,-24.959129
6.781250,-79.390091,-2.768990,15.463550,-23.767061,-15.661527,-25.091045
6.787500,-73.488754,-2.767230,13.654922,-24.183622,-14.072920,-25.141279
6.793750,-67.595779,-2.766361,12.015221,-24.554871,-10.633790,-25.105936
6.800000,-61.708855,-2.766388,10.526030,-24.864536,-7.154949,-24.983183
6.806250,-55.820824,-2.766639,9.157341,-25.099201,-2.007103,-24.771976
6.812500,-49.931599,-2.767286,7.859687,-25.250587,4.497400,-24.451548
6.818750,-44.044426,-2.769065,6.549843,-25.327263,12.265146,-24.103476
6.825000,-38.156059,-2.771492,7.258789,-25.371157,19.744524,-23.721973
6.831250,-32.260845,-2.773447,7.027087,-25.304979,27.676672,-23.344284
6.837500,-26.360004,-2.775244,7.739806,-25.190569,35.273987,-23.018406
6.843750,-20.461279,-2.778229,9.168007,-25.055134,41.848885,-22.760004
6.850000,-14.563310,-2.782290,11.280496,-24.914160,48.536209,-22.567741
6.856250,-8.656122,-2.785706,14.015214,-24.778616,53.404594,-22.471952
6.862500,-2.738016,-2.787689,17.286457,-24.652399,56.626270,-22.479395
6.868750,3.181836,-2.789208,21.017162,-24.527267,58.389198,-22.579721
6.875000,9.095819,-2.791372,25.129194,-24.379204,58.952366,-22.753872
6.881250,15.006905,-2.793821,29.666899,-24.237799,58.629993,-22.950689
6.887500,20.919712,-2.796022,33.083069,-24.128513,57.611996,-23.184055
6.893750,26.834665,-2.797906,36.735188,-24.045813,55.848774,-23.439022
6.900000,32.749161,-2.799496,40.109360,-24.035711,54.043293,-23.666212
6.906250,38.663288,-2.800485,42.706676,-23.994661,52.594620,-23.830521
6.912500,44.575199,-2.801144,45.296253,-23.953138,49.894283,-23.915211
6.918750,50.480305,-2.802438,46.602482,-23.929688,47.824917,-23.913303
6.925000,56.379112,-2.804740,46.649891,-23.906374,46.109821,-23.820580
6.931250,62.278797,-2.807315,45.512280,-23.828360,44.468891,-23.637701
6.937500,68.182274,-2.809744,44.853722,-23.806114,42.553585,-23.389460
6.943750,74.087181,-2.812438,41.719864,-23.785124,41.844742,-23.114735
6.950000,79.993050,-2.815166,38.494480,-23.746197,40.222900,-22.777672
6.956250,85.903687,-2.817017,35.191589,-23.676825,37.841091,-22.412769
6.962500,91.818367,-2.817849,31.818537,-23.573051,35.080063,-22.055435
6.968750,95.833908,-2.819185,28.356596,-23.441067,32.017002,-21.731607
6.975000,99.568283,-2.821940,24.820164,-23.287165,28.659416,-21.458406
6.981250,102.498596,-2.825081,21.285437,-23.113087,25.015453,-21.243420
6.987500,104.139893,-2.827079,17.832039,-22.919836,21.063250,-21.085279
6.993750,104.062836,-2.827981,14.534986,-22.702061,16.759455,-20.966818
7.000000,101.916481,-2.828927,11.469530,-22.441635,11.975135,-20.899012
7.006250,97.459969,-2.830693,8.644236,-22.114515,8.514851,-20.902943
7.012500,90.577728,-2.833131,7.711353,-21.841732,5.047493,-20.955164
7.018750,81.273773,-2.835820,7.432284,-21.607489,2.004123,-21.035778
7.025000,69.670517,-2.838405,6.908110,-21.343807,-0.223066,-21.182852
7.031250,56.005100,-2.840692,7.723535,-21.113461,-3.160811,-21.374613
7.037500,40.616901,-2.842873,9.478052,-20.957001,-4.836998,-21.595245
7.043750,23.931433,-2.845365,11.915442,-20.908432,-6.064700,-21.874125
7.050000,6.441536,-2.848121,14.791160,-20.992981,-6.987180,-22.222744
7.056250,-11.315329,-2.849976,17.944824,-21.200514,-7.698215,-22.646328
7.062500,-28.791704,-2.850453,19.318314,-21.526535,-8.289928,-23.154888
7.068750,-45.461239,-2.850111,22.319025,-21.976112,-8.867278,-23.773495
7.075000,-60.836731,-2.849651,24.870010,-22.524559,-8.900273,-24.359724
7.081250,-74.489311,-2.848778,26.891485,-23.084793,-10.864999,-24.967522
7.087500,-86.075554,-2.846894,28.415106,-23.731194,-13.311353,-25.600525
7.093750,-95.360085,-2.844179,28.132679,-24.412470,-14.524424,-26.238413
7.100000,-102.225677,-2.841128,26.887583,-25.080404,-16.250673,-26.851946
7.106250,-106.673592,-2.837883,24.455397,-25.708868,-18.348349,-27.409052
7.112500,-108.825996,-2.834841,20.662405,-26.284042,-20.650623,-27.874741
7.118750,-108.920677,-2.832539,15.282619,-26.753464,-22.967896,-28.207249
7.125000,-107.296021,-2.830839,10.248333,-27.092394,-27.215876,-28.359125
7.131250,-104.374702,-2.829136,4.338546,-27.309048,-31.554119,-28.369131
7.137500,-100.649475,-2.827530,-2.037477,-27.413719,-36.063351,-28.226824
7.143750,-96.658722,-2.827228,-8.509112,-27.411446,-41.039268,-27.925854
7.150000,-90.781570,-2.828961,-14.707871,-27.307570,-46.480541,-27.478008
7.156250,-84.903603,-2.831688,-20.311121,-27.108986,-52.291271,-26.905844
7.162500,-79.015800,-2.834051,-25.054014,-26.828642,-58.326435,-26.244751
7.168750,-73.121758,-2.836239,-28.744417,-26.485762,-64.434586,-25.547302
7.175000,-67.228897,-2.839142,-31.237068,-26.102291,-70.513695,-24.828541
7.181250,-61.335991,-2.842654,-32.438488,-25.700651,-76.682068,-24.104753
7.187500,-55.435844,-2.845812,-32.306019,-25.299889,-80.633209,-23.434521
7.193750,-49.528957,-2.848368,-30.838648,-24.903378,-83.822121,-22.860491
7.200000,-43.620598,-2.850829,-29.994476,-24.514105,-85.649887,-22.407984
7.206250,-37.710926,-2.853085,-26.551373,-24.201868,-85.512833,-22.039391
7.212500,-31.798162,-2.854735,-22.330330,-23.948465,-84.856224,-21.796381
7.218750,-25.884079,-2.856129,-17.614122,-23.760628,-82.413658,-21.706455
7.225000,-19.973553,-2.858194,-12.677588,-23.627003,-78.098137,-21.741789
7.231250,-14.064296,-2.860648,-7.800764,-23.534515,-72.340721,-21.880138
7.237500,-8.149929,-2.862485,-3.385378,-23.493952,-65.660965,-22.091106
7.243750,-2.230825,-2.863474,2.348421,-23.502483,-58.603779,-22.326559
7.250000,3.686354,-2.864381,7.896915,-23.539202,-51.749916,-22.513819
7.256250,9.598540,-2.865624,13.521794,-23.592615,-46.392189,-22.760410
7.262500,15.508430,-2.867081,17.531929,-23.668095,-40.516270,-22.989668
7.268750,21.417347,-2.868801,21.767984,-23.763031,-35.783745,-23.143080
7.275000,27.324383,-2.871354,26.196907,-23.810406,-32.250496,-23.218445
7.281250,33.230263,-2.874657,30.346031,-23.831333,-29.959476,-23.221725
7.287500,39.141373,-2.877600,33.831284,-23.820005,-28.743540,-23.154858
7.293750,45.061268,-2.879240,36.556713,-23.753660,-28.362429,-23.023750
7.300000,50.984108,-2.879778,38.616985,-23.657175,-28.583685,-22.843742
7.306250,56.902653,-2.880096,40.277203,-23.538891,-29.168411,-22.635942
7.312500,62.812889,-2.881133,41.502247,-23.391256,-29.888666,-22.424002
7.318750,68.718376,-2.883020,42.488380,-23.224787,-30.588600,-22.223793
7.325000,74.624054,-2.885427,41.666157,-23.041241,-31.218109,-22.043140
7.331250,80.535316,-2.887307,41.169636,-22.825499,-31.664816,-21.906708
7.337500,86.452957,-2.888131,40.693607,-22.605465,-31.882772,-21.835810
7.343750,92.370605,-2.888395,39.985996,-22.404985,-31.968678,-21.834440
7.350000,96.387680,-2.889115,38.951294,-22.235355,-30.176250,-21.879025
7.356250,100.126442,-2.890621,37.542500,-22.099325,-28.195290,-21.980238
7.362500,103.059822,-2.892340,35.710320,-21.995310,-25.283058,-22.155445
7.368750,104.697876,-2.893841,33.403870,-21.914473,-23.431364,-22.370499
7.375000,104.612305,-2.895159,30.559092,-21.846874,-20.970636,-22.592712
7.381250,102.460327,-2.896630,29.214294,-21.789274,-18.104380,-22.790810
7.387500,98.003387,-2.898621,27.767092,-21.774733,-15.130216,-22.958923
7.393750,91.120842,-2.901412,26.405014,-21.777891,-10.261262,-23.097080
7.400000,81.814903,-2.904737,25.331791,-21.784348,-5.024535,-23.186502
7.406250,70.213806,-2.907554,24.939417,-21.815155,-1.028915,-23.219170
7.412500,56.554508,-2.909251,25.284462,-21.884975,3.538163,-23.196156
7.418750,41.171539,-2.910583,26.293394,-22.004566,8.306045,-23.124640
7.425000,24.486961,-2.912350,27.830801,-22.183008,12.911794,-23.016018
7.431250,6.995671,-2.914355,29.726969,-22.422577,17.036573,-22.877943
7.437500,-10.764180,-2.915881,31.811193,-22.718227,20.432739,-22.702377
7.443750,-28.247166,-2.917070,36.081387,-23.049707,22.864435,-22.491432
7.450000,-44.923046,-2.918321,39.084240,-23.399120,23.901794,-22.296787
7.456250,-60.299271,-2.919092,42.393925,-23.826204,23.398352,-22.134569
7.462500,-73.943779,-2.918590,45.796234,-24.318443,21.431646,-22.016104
7.468750,-85.520927,-2.917114,49.124660,-24.884277,18.106176,-21.951622
7.475000,-94.800591,-2.915691,52.242233,-25.454710,13.632504,-21.935335
7.481250,-101.660614,-2.914265,55.007858,-26.033535,8.312113,-21.960972
7.487500,-106.096718,-2.912071,55.076935,-26.622049,2.448687,-22.027374
7.493750,-108.230927,-2.909079,53.985546,-27.200512,-3.527890,-22.123016
7.500000,-108.307480,-2.906515,51.228146,-27.729082,-9.009483,-22.236176
7.506250,-106.668915,-2.904911,48.486492,-28.185514,-13.287190,-22.366806
7.512500,-103.736488,-2.903504,43.810444,-28.572994,-15.769717,-22.494810
7.518750,-99.999161,-2.901915,37.511032,-28.862778,-15.906112,-22.600990
7.525000,-95.994743,-2.901060,29.938995,-29.039932,-13.154293,-22.681318
7.531250,-90.104095,-2.901558,21.413549,-29.106834,-9.144464,-22.729225
7.537500,-84.216393,-2.902767,12.310878,-29.077215,-3.858322,-22.717226
7.543750,-78.327057,-2.904073,3.201046,-28.921618,3.996058,-22.659346
7.550000,-72.438156,-2.906044,-5.447889,-28.665260,13.434652,-22.573284
7.556250,-66.552383,-2.909194,-13.368018,-28.342016,23.559027,-22.478201
7.562500,-60.665424,-2.912873,-21.972286,-27.969824,33.500309,-22.397579
7.568750,-54.771862,-2.916376,-29.096018,-27.554262,42.457794,-22.348383
7.575000,-48.872334,-2.919401,-34.663486,-27.136713,49.928833,-22.288450
7.581250,-42.968746,-2.921985,-38.460918,-26.733431,55.132683,-22.253241
7.587500,-37.063290,-2.923835,-40.766705,-26.348093,59.571831,-22.262049
7.593750,-31.156281,-2.924951,-41.776932,-25.990578,61.579247,-22.318926
7.600000,-25.252195,-2.925975,-41.584465,-25.665792,61.519657,-22.415825
7.606250,-19.353165,-2.927576,-40.302380,-25.375078,59.831272,-22.539505
7.612500,-13.455476,-2.929263,-38.070000,-25.113918,56.988117,-22.673887
7.618750,-7.554969,-2.930526,-35.071911,-24.875959,53.439278,-22.820118
7.625000,-1.654464,-2.931648,-31.573717,-24.656479,49.579491,-23.002323
7.631250,4.241235,-2.933455,-25.712404,-24.452171,45.807274,-23.178520
7.637500,10.133755,-2.935915,-21.032743,-24.254936,42.019745,-23.307135
7.643750,16.026833,-2.938492,-15.645768,-24.024828,38.914925,-23.411116
7.650000,21.921488,-2.941337,-9.913216,-23.724117,36.539806,-23.495144
7.656250,27.813540,-2.945165,-4.595884,-23.422092,34.682510,-23.573854
7.662500,33.703579,-2.950287,-0.354970,-23.118238,33.040966,-23.650764
7.668750,39.598228,-2.955915,4.798276,-22.807592,31.346603,-23.723679
7.675000,45.503792,-2.960892,9.114660,-22.499763,31.178001,-23.799185
7.681250,51.417599,-2.964937,12.738717,-22.214085,30.520039,-23.887560
7.687500,57.334743,-2.968337,15.873028,-21.973684,29.478270,-23.997597
7.693750,63.252071,-2.971313,18.808758,-21.788033,28.137438,-24.140987
7.700000,69.169716,-2.973796,20.053297,-21.648766,26.550215,-24.349075
7.706250,75.088631,-2.975660,21.451239,-21.569963,24.729418,-24.565472
7.712500,81.007484,-2.976909,22.700211,-21.549011,21.783751,-24.759430
7.718750,86.924858,-2.977672,23.576939,-21.570341,20.394999,-24.991922
7.725000,92.841118,-2.977847,23.691614,-21.666645,18.903002,-25.256697
7.731250,96.860107,-2.977448,22.789133,-21.820009,17.593811,-25.530149
7.737500,100.600601,-2.977211,20.854540,-22.000910,16.600443,-25.781755
7.743750,103.528168,-2.977877,19.892693,-22.183968,16.001400,-25.969515
7.750000,105.153549,-2.979405,18.339033,-22.349045,15.781362,-26.060394
7.756250,105.055252,-2.981191,16.489388,-22.483719,15.593930,-26.091995
7.762500,102.894478,-2.982922,14.550496,-22.590334,15.434460,-26.035906
7.768750,98.431374,-2.985086,12.715034,-22.664953,15.335341,-25.880836
7.775000,91.541725,-2.988343,11.226610,-22.704063,15.161427,-25.628733
7.781250,82.229790,-2.992464,10.242325,-22.715611,14.772918,-25.295780
7.787500,70.623917,-2.996202,9.817481,-22.712635,14.052644,-24.907139
7.793750,56.962498,-2.999079,9.972627,-22.708113,12.965549,-24.487467
7.800000,41.580475,-3.001412,10.692159,-22.713154,11.612136,-24.026888
7.806250,24.901752,-3.003464,11.950937,-22.728546,10.131793,-23.514866
7.812500,7.419891,-3.004836,11.800278,-22.755573,8.596737,-23.012497
7.818750,-10.331410,-3.005191,13.829793,-22.808313,5.909788,-22.583515
7.825000,-27.809944,-3.005076,15.918160,-22.914646,3.679840,-22.221249
7.831250,-44.486275,-3.004911,17.859667,-23.096849,1.840434,-21.929882
7.837500,-59.864380,-3.004088,19.577116,-23.384081,0.476575,-21.708242
7.843750,-73.515213,-3.002067,20.986267,-23.724819,-0.264752,-21.558958
7.850000,-85.103844,-2.999667,22.654636,-24.099258,-0.290433,-21.490902
7.856250,-94.399307,-2.998039,23.763029,-24.527779,-1.671820,-21.501135
7.862500,-101.275902,-2.996896,24.369503,-24.995863,-2.887365,-21.578032
7.868750,-105.726486,-2.995165,22.636246,-25.473835,-4.250853,-21.705832
7.875000,-107.871536,-2.992587,20.194372,-25.939157,-6.023788,-21.858913
7.881250,-107.955414,-2.990040,18.570417,-26.389704,-8.395817,-21.983597
7.887500,-106.322395,-2.988146,15.994585,-26.799898,-11.472003,-22.114574
7.893750,-103.395210,-2.986472,12.655158,-27.151159,-14.265483,-22.258413
7.900000,-99.663086,-2.984881,8.754106,-27.413992,-17.176216,-22.352306
7.906250,-95.662369,-2.984306,4.590893,-27.563511,-20.058384,-22.404772
7.912500,-89.771538,-2.985036,0.283580,-27.608356,-22.636335,-22.427824
7.918750,-83.877274,-2.985036,-3.961331,-27.608356,-24.512098,-22.427824
7.925000,-83.877274,-2.985036,-3.961331,-27.608356,-24.512098,-22.427824
7.931250,-83.877274,-2.985036,-3.961331,-27.608356,-24.512098,-22.427824
7.937500,-83.877274,-2.985036,-3.961331,-27.608356,-24.512098,-22.427824
7.943750,-83.877274,-2.985036,-3.961331,-27.608356,-24.512098,-22.427824
7.950000,-83.877274,-2.985036,-3.961331,-27.608356,-24.512098,-22.427824
7.956250,-83.877274,-2.985036,-3.961331,-27.608356,-24.512098,-22.427824
7.962500,-83.877274,-2.985036,-3.961331,-27.608356,-24.512098,-22.427824
7.968750,-83.877274,-2.985036,-3.961331,-27.608356,-24.512098,-22.427824
7.975000,-83.877274,-2.985036,-3.961331,-27.608356,-24.512098,-22.427824
7.981250,-83.877274,-2.985036,-3.961331,-27.608356,-24.512098,-22.427824
7.987500,-83.877274,-2.985036,-3.961331,-27.608356,-24.512098,-22.427824
7.993750,-83.877274,-2.985036,-3.961331,-27.608356,-24.512098,-22.427824
8.000000,-83.877274,-2.985036,-3.961331,-27.608356,-24.512098,-22.427824
