Anritsu VNA Frequency[GHz],S21[deg],S21[dB],S11[deg],S11[dB],S22[deg],S22[dB]
1338107651.09,2012_05_27_09:34:11,+40.597,+10.267,+54.962,+10.277,+13.900,+13.711,+14.005,+13.755,10.360494,-15.937
3.006250,34.154640,-1.753066,59.296207,-26.681360,-80.039627,-27.419798
3.012500,34.154640,-1.753066,59.296207,-26.681360,-80.039627,-27.419798
3.018750,34.154640,-1.753066,59.296207,-26.681360,-80.039627,-27.419798
3.025000,34.154640,-1.753066,59.296207,-26.681360,-80.039627,-27.419798
3.031250,34.154640,-1.753066,59.296207,-26.681360,-80.039627,-27.419798
3.037500,34.154640,-1.753066,59.296207,-26.681360,-80.039627,-27.419798
3.043750,34.154640,-1.753066,59.296207,-26.681360,-80.039627,-27.419798
3.050000,34.154640,-1.753066,59.296207,-26.681360,-80.039627,-27.419798
3.056250,34.154640,-1.753066,59.296207,-26.681360,-80.039627,-27.419798
3.062500,34.154640,-1.753066,59.296207,-26.681360,-80.039627,-27.419798
3.068750,34.154640,-1.753066,59.296207,-26.681360,-80.039627,-27.419798
3.075000,34.154640,-1.753066,59.296207,-26.681360,-80.039627,-27.419798
3.081250,34.154640,-1.753066,59.296207,-26.681360,-80.039627,-27.419798
3.087500,34.154640,-1.753066,59.296207,-26.681360,-80.039627,-27.419798
3.093750,34.154640,-1.754804,59.296207,-26.480894,-80.039627,-27.171648
3.100000,40.060883,-1.756817,56.617722,-26.330809,-82.036858,-26.940912
3.106250,45.966721,-1.758871,53.060474,-26.252121,-82.424324,-26.729322
3.112500,51.873074,-1.760917,48.980797,-26.265800,-80.841843,-26.509279
3.118750,57.778450,-1.763174,42.979218,-26.310524,-79.123970,-26.212223
3.125000,63.682812,-1.765537,38.183025,-26.356171,-75.065193,-25.951834
3.131250,69.586632,-1.767999,33.800735,-26.428932,-68.900955,-25.665314
3.137500,75.489487,-1.770824,30.090321,-26.529844,-61.020088,-25.342003
3.143750,81.390564,-1.774169,27.256010,-26.649984,-51.599846,-24.990263
3.150000,87.292892,-1.777835,25.480019,-26.774668,-40.800575,-24.622555
3.156250,93.198456,-1.781284,24.882858,-26.889626,-28.794231,-24.257315
3.162500,97.211761,-1.784452,25.531086,-26.981621,-15.779417,-23.918209
3.168750,100.952278,-1.787742,27.444616,-27.043173,-3.860199,-23.653835
3.175000,103.885941,-1.791306,30.666731,-27.052847,8.419769,-23.409512
3.181250,105.523087,-1.794953,33.435760,-26.997265,20.942253,-23.187330
3.187500,105.438133,-1.798455,37.220417,-26.894444,32.422169,-23.019485
3.193750,103.289536,-1.801648,41.314922,-26.756104,42.432644,-22.922441
3.200000,98.840332,-1.804557,45.152336,-26.590578,50.648731,-22.898745
3.206250,91.968040,-1.807082,48.246700,-26.408604,56.783794,-22.948902
3.212500,82.671379,-1.809385,50.181309,-26.223942,60.642693,-23.080797
3.218750,71.070374,-1.811923,50.644413,-26.047060,62.120651,-23.276981
3.225000,57.403614,-1.814310,51.634243,-25.871864,60.965172,-23.482952
3.231250,42.014008,-1.816161,51.687943,-25.698845,57.465649,-23.706554
3.237500,25.326891,-1.817751,49.317394,-25.527502,53.730350,-23.939438
3.243750,7.830140,-1.819576,46.635056,-25.335260,48.262920,-24.159096
3.250000,-9.943291,-1.822023,43.505093,-25.161884,41.729271,-24.345909
3.256250,-27.443422,-1.824579,39.573128,-25.021040,34.726982,-24.499718
3.262500,-44.135029,-1.826805,35.078651,-24.895472,27.898733,-24.608768
3.268750,-59.527390,-1.828724,29.963787,-24.781387,21.928585,-24.664248
3.275000,-73.196770,-1.830788,24.106466,-24.677746,17.359526,-24.666233
3.281250,-84.803642,-1.833272,17.397024,-24.575241,14.632514,-24.621681
3.287500,-94.108437,-1.836111,9.742342,-24.461155,14.043309,-24.545395
3.293750,-100.987785,-1.839040,1.108624,-24.296240,15.746599,-24.437515
3.300000,-105.441170,-1.841878,-6.326285,-24.128284,19.786907,-24.299185
3.306250,-107.589798,-1.844466,-14.989097,-23.992916,26.021885,-24.156713
3.312500,-107.671333,-1.846821,-23.651447,-23.871212,34.149567,-24.042154
3.318750,-106.027512,-1.849015,-32.025616,-23.770859,43.787693,-23.976522
3.325000,-103.085426,-1.851035,-39.847515,-23.709433,54.491798,-23.970295
3.331250,-99.336601,-1.852675,-46.860954,-23.713017,65.743362,-24.026213
3.337500,-95.314346,-1.853912,-52.888710,-23.845869,76.962486,-24.142834
3.343750,-89.396957,-1.854808,-57.934517,-24.006708,87.568993,-24.305817
3.350000,-83.480324,-1.855276,-62.378506,-24.228460,97.316338,-24.459919
3.356250,-77.564201,-1.855396,-65.824226,-24.554644,105.922935,-24.657215
3.362500,-71.649879,-1.855401,-66.559250,-25.006245,112.183754,-24.906172
3.368750,-65.737427,-1.855100,-66.226776,-25.564280,116.224655,-25.196039
3.375000,-59.825211,-1.854228,-64.706314,-26.202141,117.646027,-25.571989
3.381250,-53.914825,-1.852976,-62.008621,-26.885090,116.280205,-25.906851
3.387500,-48.010239,-1.852097,-58.227272,-27.574900,112.753624,-26.229797
3.393750,-42.111835,-1.852106,-53.520016,-28.226686,106.515396,-26.533356
3.400000,-36.215401,-1.852431,-48.106289,-28.797884,98.124817,-26.809462
3.406250,-30.317484,-1.852578,-42.319695,-29.267473,88.584198,-27.088978
3.412500,-24.419769,-1.852930,-36.484547,-29.610098,78.558395,-27.338112
3.418750,-18.526794,-1.854124,-28.666714,-29.804100,66.688721,-27.535744
3.425000,-12.636457,-1.856354,-22.406563,-29.845768,55.263618,-27.675442
3.431250,-6.743348,-1.858704,-15.852489,-29.750103,44.716297,-27.763224
3.437500,-0.845829,-1.860975,-9.259053,-29.501419,35.499874,-27.802460
3.443750,5.051304,-1.863881,-2.643312,-29.097721,28.296352,-27.742062
3.450000,10.946653,-1.867757,3.465022,-28.585066,21.388275,-27.610672
3.456250,16.846134,-1.871812,8.908123,-28.002287,16.552826,-27.421700
3.462500,22.754105,-1.875236,13.679565,-27.392933,13.496182,-27.178055
3.468750,28.666996,-1.878025,17.862572,-26.803713,11.905213,-26.875801
3.475000,34.580231,-1.880596,21.564913,-26.300083,11.429660,-26.530924
3.481250,40.492615,-1.883046,25.046257,-25.833189,11.672799,-26.158693
3.487500,46.404221,-1.885547,27.032860,-25.434532,12.270573,-25.753954
3.493750,52.313972,-1.888448,28.913181,-25.139828,12.788107,-25.323603
3.500000,58.223099,-1.891803,30.514545,-24.953972,12.793326,-24.879339
3.506250,64.134811,-1.894961,31.730297,-24.862404,11.952841,-24.431812
3.512500,70.050713,-1.897291,32.468639,-24.830341,9.994439,-23.990561
3.518750,75.966759,-1.899419,32.707844,-24.767542,6.718686,-23.560349
3.525000,81.876366,-1.902408,32.608784,-24.752861,1.970641,-23.147497
3.531250,87.781731,-1.906542,32.740314,-24.741144,-2.221666,-22.766020
3.537500,93.689339,-1.910913,32.747936,-24.696228,-7.318102,-22.432890
3.543750,97.707634,-1.914938,32.883457,-24.608496,-12.893962,-22.144152
3.550000,101.455849,-1.919142,33.483784,-24.451330,-18.666124,-21.862480
3.556250,104.397263,-1.924070,32.993958,-24.225578,-24.156538,-21.534605
3.562500,106.043419,-1.929271,33.117344,-23.961475,-29.078762,-21.292997
3.568750,105.973900,-1.933661,33.515671,-23.685570,-32.213074,-21.121851
3.575000,103.848244,-1.936611,33.911495,-23.424780,-34.571114,-21.022854
3.581250,99.423241,-1.938514,34.021259,-23.213381,-35.883598,-21.009455
3.587500,92.572929,-1.940018,33.585659,-23.088022,-36.164078,-21.041065
3.593750,83.297028,-1.941069,32.491955,-23.038193,-35.290131,-21.141088
3.600000,71.721344,-1.941103,30.689651,-23.074568,-33.107712,-21.323582
3.606250,58.083447,-1.939752,30.021315,-23.212395,-29.771866,-21.582840
3.612500,42.718517,-1.937549,29.033777,-23.436899,-25.562143,-21.892122
3.618750,26.050419,-1.934933,28.129974,-23.764870,-20.871433,-22.227081
3.625000,8.573088,-1.931675,27.418770,-24.207508,-16.484814,-22.629467
3.631250,-9.179536,-1.927555,27.519352,-24.727251,-10.601929,-23.062216
3.637500,-26.664213,-1.923109,28.729307,-25.288710,-4.940340,-23.496006
3.643750,-43.352367,-1.919016,31.188999,-25.854820,0.469809,-23.911718
3.650000,-58.751259,-1.915588,33.035599,-26.379869,5.544197,-24.292645
3.656250,-72.430267,-1.912740,35.829998,-26.788866,10.193529,-24.621647
3.662500,-84.047760,-1.910597,38.745403,-27.128283,14.320824,-24.893490
3.668750,-93.366547,-1.909367,42.710438,-27.375589,17.788761,-25.115309
3.675000,-100.262329,-1.908732,46.044617,-27.502621,20.512390,-25.285240
3.681250,-104.733147,-1.908237,48.478027,-27.506592,22.433161,-25.402174
3.687500,-106.902107,-1.908162,49.770687,-27.400595,23.475874,-25.469131
3.693750,-107.009590,-1.909364,49.775177,-27.211178,23.587456,-25.494942
3.700000,-105.394524,-1.911668,48.496181,-26.943159,22.773657,-25.490774
3.706250,-102.477303,-1.914181,46.087128,-26.614853,21.168665,-25.448795
3.712500,-98.748764,-1.916413,42.532669,-26.265343,18.988554,-25.363119
3.718750,-94.746407,-1.918955,36.126347,-25.921587,16.385052,-25.238655
3.725000,-88.850533,-1.922213,28.792971,-25.600136,13.685873,-25.091221
3.731250,-82.953125,-1.925482,20.258097,-25.345087,11.499944,-24.959076
3.737500,-77.050514,-1.928322,12.461599,-25.180189,10.238967,-24.854988
3.743750,-71.145569,-1.930891,4.150856,-25.090595,10.314287,-24.800812
3.750000,-65.242203,-1.933539,-4.122566,-25.064402,10.325212,-24.711834
3.756250,-59.340069,-1.936224,-11.967275,-25.097260,10.249201,-24.607618
3.762500,-53.436699,-1.938704,-18.959949,-25.168646,11.416051,-24.489256
3.768750,-47.533688,-1.941196,-24.662043,-25.241598,13.562730,-24.405766
3.775000,-41.632317,-1.944033,-28.836988,-25.327431,16.234831,-24.345469
3.781250,-35.731232,-1.946891,-31.388161,-25.414513,18.830891,-24.293005
3.787500,-29.829058,-1.949527,-31.956118,-25.481153,20.985786,-24.241131
3.793750,-23.926546,-1.952218,-30.454969,-25.541773,22.394169,-24.193712
3.800000,-18.026257,-1.955303,-28.803949,-25.541939,22.857616,-24.142853
3.806250,-12.126493,-1.958714,-24.653280,-25.455051,22.392202,-24.052139
3.812500,-6.225150,-1.962284,-19.519979,-25.321100,20.860264,-23.929701
3.818750,-0.323321,-1.966207,-13.945704,-25.157078,18.147921,-23.787029
3.825000,5.579259,-1.970431,-8.468203,-24.977226,14.387714,-23.630196
3.831250,11.486021,-1.974316,-1.433486,-24.796314,9.844795,-23.469797
3.837500,17.396603,-1.977607,5.343422,-24.628382,4.843186,-23.342506
3.843750,23.307064,-1.981016,12.018330,-24.469139,-0.274236,-23.204760
3.850000,29.214928,-1.984881,16.904999,-24.312271,-6.202473,-23.036879
3.856250,35.123795,-1.988587,21.683201,-24.167675,-11.743377,-22.879187
3.862500,41.036900,-1.991523,25.931103,-24.033789,-16.879017,-22.740053
3.868750,46.949272,-1.994311,29.317480,-23.897448,-21.587309,-22.616478
3.875000,52.854904,-1.998139,31.521927,-23.736307,-25.891901,-22.497856
3.881250,58.756573,-2.003226,32.190449,-23.556494,-29.862614,-22.368177
3.887500,64.661530,-2.008429,30.927219,-23.359825,-33.684521,-22.232536
3.893750,70.572975,-2.013136,27.661545,-23.128275,-37.611729,-22.095762
3.900000,76.485985,-2.018122,24.470057,-22.851944,-41.777203,-21.950272
3.906250,82.395615,-2.024142,19.901344,-22.530304,-44.481194,-21.794317
3.912500,88.305359,-2.031203,14.425400,-22.165203,-47.592247,-21.623693
3.918750,94.221352,-2.038616,8.507608,-21.763418,-50.820930,-21.424511
3.925000,98.251144,-2.045862,2.514441,-21.352871,-53.923870,-21.170424
3.931250,102.016029,-2.052742,-3.217128,-20.958485,-56.970646,-20.950914
3.937500,104.981796,-2.059173,-8.250787,-20.600559,-57.756096,-20.761942
3.943750,106.655846,-2.064944,-12.261464,-20.301931,-57.360931,-20.611830
3.950000,106.612244,-2.069609,-15.029972,-20.084782,-55.316341,-20.514313
3.956250,104.510231,-2.072589,-16.432537,-19.967119,-51.271324,-20.484877
3.962500,100.109940,-2.073889,-16.410112,-19.958918,-44.974434,-20.535818
3.968750,93.285706,-2.073747,-14.960808,-20.057417,-36.288166,-20.675394
3.975000,84.034683,-2.072289,-14.031352,-20.229364,-25.218586,-20.914385
3.981250,72.478081,-2.069578,-9.932932,-20.523876,-11.931874,-21.281494
3.987500,58.851097,-2.065741,-5.580791,-20.925407,1.959057,-21.689631
3.993750,43.492470,-2.061134,-0.288647,-21.389843,17.122835,-22.200840
4.000000,26.828285,-2.055852,5.291161,-21.913157,32.747417,-22.822767
4.006250,9.351039,-2.049932,10.813694,-22.478823,47.966717,-23.586529
4.012500,-8.408726,-2.043864,16.009359,-23.059118,61.707340,-24.348095
4.018750,-25.907270,-2.038552,20.626665,-23.621307,74.656235,-25.085640
4.025000,-42.610752,-2.034130,24.378553,-24.149929,84.861412,-25.832748
4.031250,-58.022259,-2.030206,29.130938,-24.635174,93.233704,-26.594666
4.037500,-71.712822,-2.026818,31.513094,-25.056404,98.893639,-27.317150
4.043750,-83.344841,-2.024707,33.566788,-25.400764,102.131760,-27.970245
4.050000,-92.679832,-2.023986,35.147129,-25.668594,103.345993,-28.536791
4.056250,-99.589684,-2.023650,36.184834,-25.850054,103.063263,-29.006775
4.062500,-104.072197,-2.023044,36.757904,-25.927662,100.086349,-29.347637
4.068750,-106.254875,-2.023175,36.809578,-25.918409,96.815948,-29.544991
4.075000,-106.379860,-2.025285,36.360172,-25.839773,93.311462,-29.606474
4.081250,-104.781425,-2.028680,35.589390,-25.705183,89.800415,-29.536409
4.087500,-101.876518,-2.031874,34.752171,-25.523363,84.444733,-29.336016
4.093750,-98.157387,-2.034430,34.151649,-25.302912,78.969749,-29.010853
4.100000,-94.165573,-2.037212,32.207146,-25.058788,73.232727,-28.582487
4.106250,-88.283180,-2.040889,30.912769,-24.795778,67.132858,-28.090099
4.112500,-82.401138,-2.045099,30.177885,-24.505608,60.757057,-27.490961
4.118750,-76.515656,-2.049566,29.740284,-24.204466,54.271236,-26.821432
4.125000,-70.628372,-2.054645,29.306009,-23.907612,47.412327,-26.122515
4.131250,-64.739700,-2.060341,28.707561,-23.624081,40.326141,-25.424625
4.137500,-58.846230,-2.066093,27.831734,-23.357321,33.212612,-24.750940
4.143750,-52.946510,-2.071500,26.591955,-23.106279,26.283350,-24.119141
4.150000,-47.043644,-2.076890,24.902990,-22.869940,19.728090,-23.542294
4.156250,-41.140293,-2.082654,24.858980,-22.644743,13.719531,-23.020800
4.162500,-35.235477,-2.088686,25.052393,-22.419338,8.405661,-22.567932
4.168750,-29.327034,-2.094827,24.069262,-22.183271,5.497823,-22.186110
4.175000,-23.414902,-2.100995,23.764299,-21.955406,2.418632,-21.873394
4.181250,-17.498808,-2.107090,23.949514,-21.740398,0.887052,-21.622379
4.187500,-11.578451,-2.112834,24.423330,-21.543026,0.790465,-21.372915
4.193750,-5.653570,-2.118176,24.963175,-21.369513,2.183792,-21.235382
4.200000,0.275011,-2.122926,25.338839,-21.227356,3.148825,-21.181278
4.206250,6.206860,-2.126703,25.335913,-21.123676,4.365114,-21.189484
4.212500,12.141157,-2.129419,24.788057,-21.056047,6.862426,-21.216242
4.218750,18.074053,-2.131434,25.760761,-21.013042,8.410016,-21.265940
4.225000,24.002932,-2.133186,24.842928,-20.990957,9.002843,-21.338980
4.231250,29.927990,-2.134826,24.016176,-20.977848,8.493181,-21.421503
4.237500,35.850449,-2.136232,23.071499,-20.973862,6.713897,-21.491037
4.243750,41.770901,-2.137444,21.672384,-20.995255,5.581970,-21.556387
4.250000,47.689716,-2.138319,19.661865,-21.027277,3.478335,-21.617250
4.256250,53.606682,-2.138795,16.893120,-21.052113,0.926124,-21.657364
4.262500,59.519657,-2.139380,13.134022,-21.055164,-1.659974,-21.665335
4.268750,65.425476,-2.140761,8.185581,-21.025959,-3.925106,-21.631039
4.275000,71.324921,-2.143326,1.868661,-20.957216,-5.556444,-21.547590
4.281250,77.223602,-2.146541,-3.811455,-20.836624,-6.284521,-21.402512
4.287500,83.124672,-2.150130,-10.382659,-20.661051,-5.906472,-21.166832
4.293750,89.025558,-2.154882,-17.589674,-20.453880,-4.523607,-20.911203
4.300000,94.925842,-2.161038,-25.060818,-20.216671,-2.407535,-20.638210
4.306250,98.938141,-2.167430,-32.353703,-19.952585,0.637268,-20.344929
4.312500,102.689178,-2.172946,-39.150467,-19.672546,4.402853,-20.041195
4.318750,105.641396,-2.178002,-45.180847,-19.391138,8.624591,-19.740534
4.325000,107.294838,-2.183586,-50.243217,-19.129478,12.998200,-19.460661
4.331250,107.224495,-2.189526,-54.190899,-18.910833,17.212591,-19.216280
4.337500,105.096603,-2.194775,-56.926777,-18.782406,20.997219,-19.010170
4.343750,100.675034,-2.198908,-58.476158,-18.655621,24.128036,-18.785284
4.350000,93.833656,-2.202098,-57.830032,-18.600285,26.133509,-18.664816
4.356250,84.570267,-2.204221,-55.887650,-18.651995,28.679865,-18.629532
4.362500,73.007172,-2.204715,-52.448151,-18.809864,30.527815,-18.690041
4.368750,59.378761,-2.204036,-47.598656,-19.066467,32.028046,-18.872978
4.375000,44.019310,-2.202926,-41.545776,-19.408089,33.428616,-19.118103
4.381250,27.356274,-2.201300,-34.561852,-19.813639,34.783394,-19.407892
4.387500,9.886370,-2.198553,-26.968134,-20.256735,36.892380,-19.748945
4.393750,-7.859603,-2.194920,-19.178053,-20.720556,38.081226,-20.169428
4.400000,-25.342142,-2.191546,-11.649640,-21.192831,39.910919,-20.645100
4.406250,-42.028332,-2.188637,-2.584124,-21.655409,41.962139,-21.149687
4.412500,-57.419708,-2.185369,4.432337,-22.094843,43.943741,-21.664410
4.418750,-71.088455,-2.181831,11.246615,-22.505428,45.641045,-22.175703
4.425000,-82.699326,-2.178928,17.686399,-22.825500,46.971062,-22.636005
4.431250,-92.015999,-2.177093,23.580000,-23.054464,47.943642,-23.017282
4.437500,-98.911270,-2.175653,28.537615,-23.204338,48.329559,-23.315947
4.443750,-103.382668,-2.174373,32.511524,-23.282618,48.125275,-23.525339
4.450000,-105.555977,-2.174173,35.568584,-23.291161,47.459667,-23.637848
4.456250,-105.669327,-2.175464,37.837288,-23.234562,46.501945,-23.652147
4.462500,-104.056999,-2.177504,39.517239,-23.122944,45.435177,-23.574238
4.468750,-101.142273,-2.179873,40.897587,-22.975857,44.478111,-23.425787
4.475000,-97.420074,-2.182999,40.461716,-22.791559,43.928005,-23.193806
4.481250,-93.424843,-2.186946,40.376343,-22.563511,42.509720,-22.863565
4.487500,-87.529808,-2.190869,40.300541,-22.323799,41.754173,-22.481716
4.493750,-81.629356,-2.194473,40.043819,-22.093792,41.360577,-22.077923
4.500000,-75.729980,-2.198949,39.540218,-21.884604,41.111141,-21.673725
4.506250,-69.833748,-2.204969,38.764362,-21.696798,40.795216,-21.283804
4.512500,-63.932648,-2.211473,37.708187,-21.517527,40.195290,-20.917696
4.518750,-58.018887,-2.216847,36.372589,-21.292622,39.063759,-20.585014
4.525000,-52.096378,-2.221280,34.788673,-21.106770,37.087753,-20.320883
4.531250,-46.174835,-2.225961,34.035751,-20.968687,33.820076,-20.115021
4.537500,-40.255299,-2.231276,33.610615,-20.834665,30.616146,-19.943796
4.543750,-34.330482,-2.236412,32.104610,-20.694160,25.977638,-19.818514
4.550000,-28.397112,-2.240504,31.242416,-20.573252,20.234407,-19.715273
4.556250,-22.458212,-2.243747,30.731020,-20.495085,13.789688,-19.694223
4.562500,-16.517784,-2.246469,30.354815,-20.478594,7.352788,-19.771744
4.568750,-10.576690,-2.248693,29.888630,-20.549906,0.902663,-19.945223
4.575000,-4.632762,-2.250086,29.104185,-20.765375,-5.382545,-20.162169
4.581250,1.314657,-2.250345,27.815100,-21.047699,-11.180319,-20.433815
4.587500,7.263126,-2.249312,24.759481,-21.414068,-15.992494,-20.772339
4.593750,13.209653,-2.247337,22.810871,-21.885098,-19.630192,-21.170185
4.600000,19.152437,-2.244570,20.096783,-22.464985,-22.047812,-21.607172
4.606250,25.091513,-2.240752,16.486401,-23.215881,-23.387218,-22.094669
4.612500,31.026089,-2.235957,12.937948,-24.005850,-23.922062,-22.623402
4.618750,36.951218,-2.231184,8.764707,-24.867895,-23.722250,-23.171156
4.625000,42.864239,-2.227190,4.332845,-25.781662,-23.067173,-23.722277
4.631250,48.770920,-2.223331,-0.067389,-26.713926,-22.281210,-24.263187
4.637500,54.676563,-2.218626,-4.172056,-27.621710,-21.729202,-24.776787
4.643750,60.577503,-2.213631,-7.734525,-28.452255,-21.774067,-25.228130
4.650000,66.465134,-2.209882,-12.452259,-29.144615,-22.765375,-25.570457
4.656250,72.337990,-2.208160,-14.462294,-29.671207,-25.084211,-25.809511
4.662500,78.204994,-2.208075,-15.816805,-30.023794,-27.300112,-25.968103
4.668750,84.070953,-2.209225,-16.382578,-30.171946,-30.794809,-26.019320
4.675000,89.936584,-2.211916,-16.188192,-30.103264,-35.329674,-25.955137
4.681250,93.907921,-2.215931,-15.367156,-29.820560,-40.696869,-25.776291
4.687500,97.610497,-2.220689,-14.123706,-29.347406,-46.671185,-25.493944
4.693750,100.510811,-2.226331,-12.705079,-28.722033,-52.984028,-25.119940
4.700000,102.113029,-2.234023,-11.406873,-27.972309,-59.288906,-24.656517
4.706250,101.993195,-2.243382,-10.714973,-27.102980,-65.221504,-24.096457
4.712500,99.821716,-2.252685,-10.872880,-26.155361,-70.345093,-23.491169
4.718750,95.365143,-2.260670,-12.226774,-25.205446,-76.063477,-22.898697
4.725000,88.492897,-2.268046,-13.200999,-24.314091,-80.904022,-22.338467
4.731250,79.197365,-2.275730,-15.347652,-23.504587,-85.021561,-21.845879
4.737500,67.604210,-2.282904,-18.406504,-22.795626,-88.631981,-21.386343
4.743750,53.955544,-2.288509,-22.159166,-22.200413,-92.024902,-20.965773
4.750000,38.588116,-2.292888,-26.351618,-21.715557,-93.134979,-20.591894
4.756250,21.920696,-2.296875,-30.680517,-21.286335,-93.509148,-20.322046
4.762500,4.445901,-2.300302,-34.858768,-20.989210,-92.695816,-20.149864
4.768750,-13.298706,-2.302536,-37.356113,-20.807325,-90.543663,-20.055733
4.775000,-30.769417,-2.303676,-38.598885,-20.702229,-86.758064,-20.026985
4.781250,-47.439228,-2.304408,-37.987556,-20.636139,-81.089874,-20.062330
4.787500,-62.817474,-2.305188,-36.845291,-20.544975,-73.340721,-20.136261
4.793750,-76.475479,-2.306083,-34.068214,-20.493368,-65.009254,-20.200132
4.800000,-88.071083,-2.307178,-29.263805,-20.439579,-54.790943,-20.269684
4.806250,-97.366371,-2.308445,-23.098343,-20.376888,-43.328377,-20.338177
4.812500,-104.238632,-2.309700,-16.129406,-20.303253,-31.222136,-20.392675
4.818750,-108.688309,-2.311309,-8.915382,-20.218374,-19.057499,-20.419962
4.825000,-110.839027,-2.313855,-2.019487,-20.128897,-7.385633,-20.425318
4.831250,-110.925247,-2.317102,6.171161,-20.051285,3.270015,-20.431171
4.837500,-109.279877,-2.319715,13.833466,-19.998001,12.498384,-20.415865
4.843750,-106.330154,-2.321119,19.340330,-19.935724,20.386534,-20.344002
4.850000,-102.577507,-2.322874,24.439819,-19.883062,26.336792,-20.253080
4.856250,-98.560196,-2.326157,28.627003,-19.854895,30.310747,-20.158298
4.862500,-92.648682,-2.330039,31.640726,-19.855017,32.466019,-20.067394
4.868750,-86.728096,-2.333043,33.346924,-19.870350,33.073158,-19.978134
4.875000,-80.800903,-2.335158,33.702522,-19.878477,32.454536,-19.889423
4.881250,-74.876022,-2.337334,32.775177,-19.871565,30.916191,-19.807419
4.887500,-68.955383,-2.340062,30.932806,-19.871229,28.801167,-19.736046
4.893750,-63.034996,-2.342964,28.342710,-19.868828,26.472818,-19.678627
4.900000,-57.112625,-2.345900,25.175972,-19.864210,24.276083,-19.632019
4.906250,-51.189255,-2.348954,21.725067,-19.856169,22.527021,-19.584501
4.912500,-45.263714,-2.351774,18.187250,-19.830198,21.511333,-19.512663
4.918750,-39.335777,-2.354335,14.888882,-19.803419,21.671829,-19.461966
4.925000,-33.407543,-2.357152,12.190095,-19.798834,23.507580,-19.441839
4.931250,-27.478981,-2.360081,10.269150,-19.832220,24.783962,-19.449560
4.937500,-21.545137,-2.362189,9.237411,-19.913576,27.011158,-19.489151
4.943750,-15.603565,-2.362728,9.135098,-20.049572,29.830494,-19.568523
4.950000,-9.662605,-2.362541,9.966062,-20.238173,32.885750,-19.692818
4.956250,-3.727739,-2.362564,11.692595,-20.471350,35.832794,-19.872282
4.962500,2.204535,-2.362243,12.319013,-20.728510,38.308517,-20.172798
4.968750,8.139583,-2.360886,15.481388,-21.001591,39.164757,-20.388994
4.975000,14.072978,-2.359079,18.858397,-21.310658,40.301086,-20.679983
4.981250,20.000212,-2.357389,22.369221,-21.631243,40.154469,-21.036369
4.987500,25.924919,-2.355164,25.816444,-21.952356,38.755714,-21.445938
4.993750,31.850788,-2.351697,28.935837,-22.267006,36.045914,-21.899601
5.000000,37.771305,-2.347946,31.518820,-22.563612,31.993538,-22.385260
5.006250,43.678749,-2.345322,33.412975,-22.825560,28.486729,-22.880610
5.012500,49.577332,-2.343791,34.496025,-23.028170,23.821022,-23.319189
5.018750,55.475891,-2.342123,34.667187,-23.146914,18.472683,-23.692837
5.025000,61.375637,-2.340329,33.929775,-23.221411,12.584198,-24.040079
5.031250,67.270851,-2.339052,32.456921,-23.248255,6.943344,-24.329706
5.037500,73.160324,-2.338350,30.388126,-23.231333,1.935122,-24.546572
5.043750,79.047661,-2.338096,27.700623,-23.215109,-2.191178,-24.686047
5.050000,84.932236,-2.338736,24.344896,-23.156414,-5.209994,-24.742582
5.056250,90.813416,-2.340732,21.471565,-23.061172,-6.875932,-24.703419
5.062500,96.696770,-2.343071,18.183794,-22.976677,-7.049394,-24.572609
5.068750,100.693390,-2.344480,14.885952,-22.919798,-5.682974,-24.361319
5.075000,104.418266,-2.345726,11.969688,-22.890722,-2.709787,-24.079399
5.081250,107.328911,-2.348669,7.932092,-22.875481,1.916335,-23.736387
5.087500,108.936073,-2.353233,4.797958,-22.863251,8.190250,-23.348345
5.093750,108.825371,-2.357756,2.525522,-22.866003,16.001566,-22.940922
5.100000,106.658714,-2.361616,0.933464,-22.868137,25.063974,-22.522284
5.106250,102.189545,-2.366034,-0.260937,-22.850077,34.812565,-22.083530
5.112500,95.292526,-2.371707,-1.241450,-22.796247,45.022869,-21.659214
5.118750,85.975731,-2.377526,-2.174464,-22.698311,55.313690,-21.271904
5.125000,74.365196,-2.382640,-3.218714,-22.552694,65.126892,-20.934748
5.131250,60.693077,-2.387711,-4.496605,-22.356468,73.881508,-20.651371
5.137500,45.294262,-2.393548,-6.108606,-22.110987,81.028984,-20.411022
5.143750,28.599247,-2.399731,-5.981550,-21.822739,86.099373,-20.127869
5.150000,11.105668,-2.405496,-5.551256,-21.506424,89.622612,-20.012432
5.156250,-6.654156,-2.410792,-6.227810,-21.154196,91.688576,-19.893185
5.162500,-24.137539,-2.415826,-5.929218,-20.781681,91.766426,-19.807625
5.168750,-40.810627,-2.420355,-4.975286,-20.415066,90.252602,-19.762331
5.175000,-56.181034,-2.423935,-3.578070,-20.074295,87.726997,-19.752943
5.181250,-69.823296,-2.426541,-1.944597,-19.774853,84.851524,-19.767460
5.187500,-81.399010,-2.428386,-0.312866,-19.533064,80.180321,-19.797747
5.193750,-90.672737,-2.429388,1.067701,-19.365774,75.912704,-19.878637
5.200000,-97.523956,-2.429944,1.962845,-19.291883,72.327271,-20.043350
5.206250,-101.954605,-2.430399,4.397455,-19.301224,68.711998,-20.162685
5.212500,-104.085320,-2.430750,5.137354,-19.366711,65.855515,-20.299171
5.218750,-104.149750,-2.430601,6.040635,-19.490065,63.741623,-20.460085
5.225000,-102.487389,-2.429475,6.905122,-19.625784,62.229694,-20.639668
5.231250,-99.528526,-2.427522,7.688881,-19.819305,61.102055,-20.835140
5.237500,-95.768852,-2.425100,7.042456,-20.078995,60.021423,-21.056988
5.243750,-91.743797,-2.422936,5.710617,-20.368483,58.670288,-21.303637
5.250000,-85.833389,-2.421840,3.330029,-20.670574,56.778194,-21.565777
5.256250,-79.927979,-2.421537,-0.432476,-20.971046,54.052628,-21.838486
5.262500,-74.019775,-2.420584,-3.693414,-21.258339,50.243256,-22.110720
5.268750,-68.108757,-2.418670,-8.008678,-21.525562,45.129112,-22.368147
5.275000,-62.205780,-2.417547,-13.028746,-21.767639,38.505592,-22.592321
5.281250,-56.316860,-2.418715,-18.442312,-21.979456,30.332981,-22.785137
5.287500,-50.431236,-2.421021,-23.965281,-22.156237,20.932684,-22.970217
5.293750,-44.536705,-2.422521,-29.337812,-22.294388,10.368383,-23.125656
5.300000,-38.637810,-2.423547,-34.312405,-22.387119,-1.155090,-23.235582
5.306250,-32.747482,-2.426188,-38.654148,-22.426258,-13.258100,-23.288738
5.312500,-26.865704,-2.430967,-42.197948,-22.408710,-25.512701,-23.279205
5.318750,-20.980253,-2.436497,-44.832355,-22.331051,-37.474987,-23.201136
5.325000,-15.085017,-2.442266,-46.484299,-22.191843,-48.700031,-23.042786
5.331250,-9.185031,-2.448889,-47.188686,-22.012548,-58.817219,-22.867914
5.337500,-3.280041,-2.456077,-44.960918,-21.807753,-67.924217,-22.613165
5.343750,2.637736,-2.462415,-42.654041,-21.560846,-75.195992,-22.339167
5.350000,8.566669,-2.467531,-38.793762,-21.321917,-80.866104,-22.081583
5.356250,14.498487,-2.472706,-33.557629,-21.115374,-84.819557,-21.871161
5.362500,20.431683,-2.477982,-27.195686,-20.961460,-87.056564,-21.734953
5.368750,26.373854,-2.481841,-20.016485,-20.871328,-87.778114,-21.658337
5.375000,32.327198,-2.483571,-12.349493,-20.844442,-87.256981,-21.621609
5.381250,38.281860,-2.484100,-4.566998,-20.869423,-85.653473,-21.599968
5.387500,44.231815,-2.484004,2.881983,-20.951363,-82.423950,-21.721626
5.393750,50.181259,-2.482415,9.678588,-21.111643,-78.544907,-21.930693
5.400000,56.131401,-2.478933,15.825489,-21.333206,-74.379829,-22.219694
5.406250,62.073227,-2.474902,21.093206,-21.593887,-70.217331,-22.598339
5.412500,68.001793,-2.471365,25.271049,-21.865095,-66.077438,-22.961941
5.418750,73.922569,-2.467606,28.185326,-22.126123,-62.111614,-23.317232
5.425000,79.840103,-2.463140,29.743040,-22.357662,-58.739479,-23.651239
5.431250,85.748924,-2.458988,30.006500,-22.541874,-55.963451,-23.942883
5.437500,91.643997,-2.456330,29.199850,-22.662441,-53.731853,-24.163368
5.443750,97.529045,-2.455333,27.658920,-22.707460,-51.993042,-24.293135
5.450000,101.516739,-2.455627,25.742508,-22.667778,-50.676952,-24.320641
5.456250,105.230934,-2.457157,23.854544,-22.540657,-49.626148,-24.241470
5.462500,108.140785,-2.459594,22.436392,-22.337685,-48.672714,-24.084721
5.468750,109.757278,-2.462296,20.068031,-22.071445,-47.628468,-23.824110
5.475000,109.651985,-2.465500,18.933123,-21.734543,-45.609993,-23.447775
5.481250,107.478966,-2.470469,18.886663,-21.353289,-43.119110,-23.020481
5.487500,103.003830,-2.477143,19.654680,-20.960098,-39.853626,-22.579519
5.493750,96.116051,-2.483598,21.062017,-20.581617,-35.517643,-22.155920
5.500000,86.821228,-2.488525,22.957699,-20.234539,-29.879826,-21.772558
5.506250,75.231583,-2.492707,25.192791,-19.925304,-22.790962,-21.436453
5.512500,61.574596,-2.497392,27.597219,-19.635633,-14.278505,-21.067112
5.518750,46.195164,-2.501918,29.996588,-19.389053,-4.922999,-20.819469
5.525000,29.527395,-2.504957,31.778667,-19.228682,4.992228,-20.644213
5.531250,12.060952,-2.506694,33.526749,-19.129555,15.476013,-20.536699
5.537500,-5.679667,-2.507933,34.923805,-19.091173,26.001234,-20.487597
5.543750,-23.148830,-2.508655,35.649258,-19.120632,36.035110,-20.490730
5.550000,-39.810387,-2.508389,35.447643,-19.223862,45.183746,-20.591688
5.556250,-55.173534,-2.507184,34.133480,-19.407825,53.166862,-20.775541
5.562500,-68.814301,-2.505335,31.585390,-19.680492,60.360939,-20.980206
5.568750,-80.392418,-2.502756,27.847685,-20.008757,65.861626,-21.239109
5.575000,-89.671043,-2.499479,25.155531,-20.389990,69.801483,-21.551510
5.581250,-96.531303,-2.496014,20.180534,-20.825306,72.450058,-21.900301
5.587500,-100.973732,-2.492564,15.168965,-21.312916,74.149529,-22.246468
5.593750,-103.118774,-2.488762,10.203355,-21.853306,75.037102,-22.652718
5.600000,-103.203728,-2.485117,5.489507,-22.413996,73.658638,-23.056381
5.606250,-101.572708,-2.482525,1.220420,-22.974619,72.159500,-23.451889
5.612500,-98.650757,-2.480889,-2.566869,-23.522915,70.272263,-23.836609
5.618750,-94.921310,-2.478765,-5.762862,-24.043211,67.869347,-24.205694
5.625000,-90.916481,-2.475846,-8.250710,-24.518044,64.846298,-24.555992
5.631250,-85.027092,-2.474203,-9.920588,-24.926220,61.095108,-24.868872
5.637500,-79.151802,-2.475065,-10.691569,-25.244345,56.467644,-25.106592
5.643750,-73.277878,-2.477003,-12.431148,-25.444584,52.842083,-25.227423
5.650000,-67.394768,-2.478351,-11.389483,-25.505081,48.600986,-25.256657
5.656250,-61.508884,-2.479889,-9.705409,-25.447594,43.383316,-25.230986
5.662500,-55.630741,-2.483158,-7.582360,-25.272913,38.143486,-25.118698
5.668750,-49.757717,-2.488330,-5.098427,-24.980251,33.144314,-24.911282
5.675000,-43.879498,-2.494306,-2.497141,-24.585506,28.570431,-24.613457
5.681250,-37.991764,-2.500499,-0.060208,-24.112200,24.597252,-24.232738
5.687500,-32.098137,-2.507046,1.932719,-23.596729,21.432560,-23.780405
5.693750,-26.198639,-2.513592,3.111942,-23.047915,19.367926,-23.285442
5.700000,-20.292461,-2.519751,2.846455,-22.462545,18.844822,-22.769556
5.706250,-14.383204,-2.526387,3.184206,-21.902851,18.024185,-22.265379
5.712500,-8.473454,-2.534023,2.495291,-21.407507,18.558205,-21.807896
5.718750,-2.555770,-2.541413,0.990026,-20.997501,20.050148,-21.425119
5.725000,3.377121,-2.547056,-1.130359,-20.682293,23.908024,-21.107550
5.731250,9.319952,-2.550983,-3.674020,-20.461544,28.002213,-20.826952
5.737500,15.262294,-2.554466,-6.447064,-20.322369,32.520950,-20.613314
5.743750,21.202297,-2.557504,-9.297751,-20.244652,36.575203,-20.529613
5.750000,27.146778,-2.558965,-12.212321,-20.246922,40.675114,-20.537937
5.756250,33.094582,-2.558798,-15.172557,-20.317041,44.522724,-20.621845
5.762500,39.037899,-2.557984,-15.782616,-20.428488,47.770233,-20.767540
5.768750,44.972946,-2.556935,-17.204807,-20.553551,50.068680,-20.976669
5.775000,50.903587,-2.555261,-17.305151,-20.665709,50.961437,-21.181976
5.781250,56.830379,-2.552962,-16.281109,-20.761686,51.405773,-21.387997
5.787500,62.748291,-2.551081,-14.387099,-20.832779,50.433861,-21.599070
5.793750,68.656441,-2.550191,-11.830523,-20.867434,48.211823,-21.799582
5.800000,74.559113,-2.550101,-8.891494,-20.857128,44.822319,-21.968260
5.806250,80.460457,-2.550380,-5.892313,-20.799931,40.394035,-22.082853
5.812500,86.361572,-2.550822,-3.171322,-20.698338,35.151825,-22.137247
5.818750,92.260773,-2.551621,-1.051340,-20.562443,29.486872,-22.152641
5.825000,96.260567,-2.553535,2.322566,-20.418097,21.575417,-22.151852
5.831250,99.981796,-2.557564,5.317836,-20.325489,13.293210,-22.072899
5.837500,102.896591,-2.563524,6.633396,-20.186354,4.730806,-21.942030
5.843750,104.524094,-2.569800,8.312876,-20.068554,-4.364136,-21.792522
5.850000,104.443840,-2.574608,9.793928,-20.004625,-13.849133,-21.646944
5.856250,102.309242,-2.578060,11.011004,-20.003046,-23.489388,-21.519209
5.862500,97.871307,-2.581327,11.915526,-20.061749,-33.066673,-21.421198
5.868750,91.006905,-2.584813,12.479909,-20.158607,-42.437107,-21.353214
5.875000,81.720650,-2.587814,12.830047,-20.294418,-51.561367,-21.305042
5.881250,70.136421,-2.590156,13.432388,-20.497341,-60.552212,-21.295176
5.887500,56.488651,-2.591820,14.258551,-20.739840,-67.175896,-21.321674
5.893750,41.117622,-2.592448,15.486302,-21.007408,-72.747955,-21.371441
5.900000,24.449673,-2.591998,15.467072,-21.306000,-76.881187,-21.434195
5.906250,6.971702,-2.591354,16.085426,-21.667824,-81.320221,-21.522186
5.912500,-10.786807,-2.591235,17.160320,-22.021852,-84.258682,-21.627100
5.918750,-28.273428,-2.590641,18.904863,-22.378164,-86.065254,-21.735563
5.925000,-44.950127,-2.588644,20.559193,-22.757807,-87.130203,-21.845520
5.931250,-60.332542,-2.586439,22.004278,-23.164351,-87.733109,-21.960678
5.937500,-74.001343,-2.585387,23.162380,-23.587622,-88.110970,-22.083067
5.943750,-85.610977,-2.584991,23.991957,-24.009195,-88.449577,-22.211803
5.950000,-94.915031,-2.583963,24.689608,-24.411213,-88.991638,-22.305332
5.956250,-101.794479,-2.582844,25.436495,-24.774960,-90.214302,-22.359903
5.962500,-106.257797,-2.583091,26.131582,-25.085077,-89.424255,-22.423336
5.968750,-108.422386,-2.584077,26.646835,-25.331160,-88.847054,-22.484846
5.975000,-108.514801,-2.583963,26.892029,-25.501991,-88.031303,-22.540833
5.981250,-106.878586,-2.582809,26.789406,-25.591162,-86.544746,-22.590784
5.987500,-103.954132,-2.582827,26.278162,-25.592884,-84.004295,-22.633083
5.993750,-100.236214,-2.584799,25.336124,-25.503977,-80.077995,-22.663860
6.000000,-96.244675,-2.587391,23.954878,-25.322824,-74.544296,-22.675602
6.006250,-90.351364,-2.589845,22.171003,-25.040009,-67.348152,-22.624294
6.012500,-84.457336,-2.592950,20.039560,-24.616419,-58.869553,-22.553589
6.018750,-78.564453,-2.597007,19.486591,-24.179136,-49.408016,-22.468746
6.025000,-72.666183,-2.600947,17.187525,-23.706163,-38.914104,-22.371189
6.031250,-66.760674,-2.604413,15.580812,-23.222551,-27.843325,-22.274916
6.037500,-60.853035,-2.608235,14.524716,-22.771299,-16.737728,-22.197975
6.043750,-54.944939,-2.612558,13.941154,-22.397276,-6.051623,-22.125273
6.050000,-49.030582,-2.616210,13.895688,-22.092146,3.968676,-22.039919
6.056250,-43.107983,-2.618766,14.388182,-21.883118,12.853428,-21.979149
6.062500,-37.184986,-2.621298,15.138497,-21.798870,20.359308,-21.964569
6.068750,-31.263922,-2.624001,14.188195,-21.846458,26.341406,-21.997698
6.075000,-25.337898,-2.625535,13.137451,-22.014851,30.801598,-22.075253
6.081250,-19.405001,-2.625154,13.606502,-22.270033,33.815723,-22.192120
6.087500,-13.476228,-2.624315,13.718080,-22.536394,35.455585,-22.326641
6.093750,-7.559317,-2.624387,13.384398,-22.846268,35.702774,-22.464869
6.100000,-1.649354,-2.625056,12.004834,-23.167240,34.731449,-22.611185
6.106250,4.261914,-2.625519,10.011936,-23.449265,32.836887,-22.756233
6.112500,10.173439,-2.625773,7.324565,-23.661669,30.191755,-22.885668
6.118750,16.080505,-2.626500,3.856983,-23.786331,26.931881,-22.981840
6.125000,21.982332,-2.627993,-0.436797,-23.817902,23.203669,-23.023336
6.131250,27.881090,-2.630510,-3.381067,-23.761932,19.267656,-23.007807
6.137500,33.779453,-2.634069,-6.240422,-23.617016,15.933058,-22.948280
6.143750,39.681335,-2.637976,-10.207306,-23.382652,11.334822,-22.828423
6.150000,45.591911,-2.641181,-13.164029,-23.086483,6.900357,-22.662586
6.156250,51.508213,-2.643608,-15.152810,-22.755690,2.593851,-22.464487
6.162500,57.422871,-2.646346,-16.190443,-22.414263,-1.550978,-22.247992
6.168750,63.334229,-2.649771,-16.303049,-22.080812,-5.463096,-22.023155
6.175000,69.249489,-2.652860,-15.575620,-21.774363,-9.076011,-21.802271
6.181250,75.172333,-2.654794,-14.145387,-21.510729,-12.319835,-21.600418
6.187500,81.096794,-2.656072,-12.175670,-21.303728,-15.059126,-21.494663
6.193750,87.018768,-2.657342,-9.880830,-21.177769,-17.557186,-21.365332
6.200000,92.939651,-2.658193,-7.453074,-21.113895,-19.636999,-21.297709
6.206250,96.966866,-2.658362,-4.601607,-21.103264,-21.170160,-21.310524
6.212500,100.719391,-2.658368,-1.592306,-21.166021,-22.327112,-21.414967
6.218750,103.660934,-2.658621,1.388777,-21.289597,-23.281860,-21.647102
6.225000,105.301689,-2.659078,4.165242,-21.450289,-22.642719,-21.882801
6.231250,105.216805,-2.659518,6.373395,-21.674641,-22.883383,-22.198298
6.237500,103.066139,-2.660002,7.710012,-21.947451,-23.156036,-22.589657
6.243750,98.612946,-2.660096,8.149623,-22.250355,-23.378000,-23.042500
6.250000,91.736031,-2.659638,9.694916,-22.570526,-23.576292,-23.537594
6.256250,82.432106,-2.659195,10.867805,-22.900911,-23.776127,-24.055788
6.262500,70.818672,-2.659653,10.210918,-23.236675,-23.957047,-24.578163
6.268750,57.138374,-2.660377,9.839828,-23.561207,-23.870659,-25.045382
6.275000,41.738464,-2.659887,9.732808,-23.854988,-23.187876,-25.462767
6.281250,25.044437,-2.658201,9.758304,-24.112995,-22.023712,-25.822023
6.287500,7.535843,-2.657238,9.805560,-24.330887,-20.231394,-26.106524
6.293750,-10.257787,-2.658077,9.822290,-24.499378,-17.559763,-26.299170
6.300000,-27.779200,-2.659517,9.793447,-24.603456,-13.746831,-26.382210
6.306250,-44.486961,-2.660427,9.689245,-24.626560,-8.594976,-26.338686
6.312500,-59.893925,-2.661524,9.452620,-24.551241,-2.014755,-26.153151
6.318750,-73.579636,-2.663805,8.960402,-24.385841,5.826170,-25.880476
6.325000,-85.200272,-2.666926,10.134115,-24.165083,14.547898,-25.527157
6.331250,-94.513092,-2.670233,9.743531,-23.879572,23.921824,-25.083305
6.337500,-101.397377,-2.674080,10.030468,-23.525913,33.702976,-24.588808
6.343750,-105.856308,-2.678940,10.705123,-23.135572,43.462555,-24.083296
6.350000,-108.007599,-2.684120,11.533991,-22.739349,52.628914,-23.600731
6.356250,-108.083138,-2.688565,12.360628,-22.363972,60.602993,-23.169384
6.362500,-106.426140,-2.692250,13.057033,-22.031286,66.809166,-22.799393
6.368750,-103.469185,-2.695645,13.506822,-21.756659,70.737076,-22.433514
6.375000,-99.706680,-2.698484,13.586590,-21.549511,72.504005,-22.234119
6.381250,-95.669289,-2.700601,13.039293,-21.426218,71.809380,-22.152496
6.387500,-89.737877,-2.702417,12.991094,-21.372118,68.492706,-22.190424
6.393750,-83.809761,-2.703975,12.574620,-21.404957,62.872379,-22.300947
6.400000,-77.881905,-2.704769,12.056738,-21.524820,55.352158,-22.404581
6.406250,-71.954308,-2.704547,11.503999,-21.722916,44.307251,-22.632542
6.412500,-66.032738,-2.704381,10.945849,-21.984884,32.135162,-22.926188
6.418750,-60.120193,-2.705054,10.368242,-22.296389,18.663599,-23.249964
6.425000,-54.210800,-2.705893,9.774555,-22.631563,4.374907,-23.572163
6.431250,-48.299210,-2.706081,9.157732,-22.964304,-10.186489,-23.862959
6.437500,-42.389156,-2.706221,8.459952,-23.267210,-24.490744,-24.092316
6.443750,-36.486008,-2.707352,9.786045,-23.510599,-38.046124,-24.227781
6.450000,-30.587791,-2.709353,11.655498,-23.682503,-50.595184,-24.316536
6.456250,-24.686291,-2.711476,12.472742,-23.787170,-62.041824,-24.348131
6.462500,-18.781902,-2.713721,14.232494,-23.820045,-70.419632,-24.279295
6.468750,-12.877157,-2.716314,16.743401,-23.780109,-77.090195,-24.145882
6.475000,-6.969970,-2.718770,19.727217,-23.675304,-81.580727,-23.977291
6.481250,-1.058233,-2.720691,22.861712,-23.530117,-83.672287,-23.801151
6.487500,4.853501,-2.722775,25.842466,-23.373655,-83.262856,-23.634190
6.493750,10.762912,-2.725425,28.517834,-23.207998,-80.226326,-23.454853
6.500000,16.674425,-2.727801,30.768957,-23.041225,-76.542267,-23.265497
6.506250,22.592791,-2.729123,30.458796,-22.886322,-70.784515,-23.092024
6.512500,28.511467,-2.730127,31.211803,-22.770016,-63.453899,-22.966187
6.518750,34.423939,-2.732006,30.937578,-22.719091,-55.319000,-22.880346
6.525000,40.334526,-2.734318,29.739643,-22.727726,-47.097057,-22.826485
6.531250,46.251328,-2.735808,27.712833,-22.788300,-39.393742,-22.799847
6.537500,52.172451,-2.736439,24.917002,-22.891449,-32.751682,-22.797215
6.543750,58.089909,-2.737278,21.433990,-23.026264,-27.636749,-22.819090
6.550000,64.002167,-2.738622,17.378183,-23.178116,-22.597921,-22.840956
6.556250,69.915428,-2.739841,12.932639,-23.313126,-19.629927,-22.852663
6.562500,75.830971,-2.740757,8.424634,-23.427317,-18.189047,-22.864819
6.568750,81.745590,-2.741564,4.813263,-23.552639,-17.904264,-22.875446
6.575000,87.658653,-2.742263,0.230553,-23.655125,-18.471889,-22.906898
6.581250,93.571098,-2.742646,-3.321249,-23.728115,-19.442566,-22.937943
6.587500,97.585793,-2.743473,-5.910595,-23.775902,-20.285723,-22.968622
6.593750,101.323265,-2.745271,-7.570301,-23.803476,-22.525499,-23.004881
6.600000,104.255302,-2.747056,-8.327106,-23.815405,-24.107929,-23.049158
6.606250,105.895370,-2.747838,-8.218987,-23.812529,-25.140045,-23.099606
6.612500,105.811363,-2.748205,-7.319498,-23.796488,-25.748726,-23.154331
6.618750,103.653877,-2.749532,-5.744642,-23.767065,-26.075441,-23.209095
6.625000,99.188065,-2.751971,-3.637112,-23.724400,-24.366550,-23.260916
6.631250,92.300720,-2.754458,-1.186666,-23.671371,-22.397579,-23.320919
6.637500,82.993225,-2.756692,1.694263,-23.604574,-19.861116,-23.308084
6.643750,71.381866,-2.759629,5.114679,-23.504961,-18.574928,-23.278011
6.650000,57.702789,-2.763481,8.815385,-23.367144,-16.574606,-23.231327
6.656250,42.302994,-2.767169,12.418879,-23.195927,-14.259195,-23.158367
6.662500,25.612598,-2.770080,15.619009,-22.986223,-11.994413,-23.047329
6.668750,8.118719,-2.772668,18.155479,-22.727200,-10.188722,-22.892876
6.675000,-9.650782,-2.775487,19.680510,-22.436056,-9.388706,-22.727486
6.681250,-27.148346,-2.778619,19.843182,-22.130058,-7.867834,-22.562836
6.687500,-43.839123,-2.781904,20.656666,-21.819378,-7.274436,-22.407473
6.693750,-59.229683,-2.785378,20.564543,-21.537252,-7.475797,-22.277756
6.700000,-72.890503,-2.788381,19.769545,-21.267120,-8.334995,-22.215363
6.706250,-84.478981,-2.790178,18.265444,-21.015043,-9.514909,-22.188431
6.712500,-93.763756,-2.791170,16.615639,-20.827074,-10.465835,-22.213902
6.718750,-100.628143,-2.792278,15.009912,-20.726551,-11.364985,-22.317362
6.725000,-105.072166,-2.793731,13.557086,-20.721189,-11.884933,-22.490280
6.731250,-107.211655,-2.794655,12.298694,-20.811068,-13.743328,-22.744272
6.737500,-107.281609,-2.794526,11.235671,-20.984390,-14.981125,-23.082029
6.743750,-105.627953,-2.793776,10.292273,-21.244884,-15.865737,-23.467499
6.750000,-102.681686,-2.792858,9.275146,-21.621658,-16.553968,-23.862362
6.756250,-98.933922,-2.791820,8.832623,-21.990831,-17.124399,-24.229050
6.762500,-94.916946,-2.790981,8.811833,-22.396257,-17.786621,-24.565659
6.768750,-89.009338,-2.790416,8.961901,-22.830482,-18.673368,-24.853319
6.775000,-83.102936,-2.789491,9.245006,-23.275795,-17.649252,-25.074690
6.781250,-77.195595,-2.787827,9.566559,-23.713198,-16.151430,-25.218737
6.787500,-71.292145,-2.786060,9.824523,-24.122742,-13.746318,-25.277767
6.793750,-65.397423,-2.785233,9.909870,-24.486835,-10.032784,-25.247532
6.800000,-59.508381,-2.785278,9.716200,-24.789492,-4.665562,-25.126310
6.806250,-53.617832,-2.785536,9.150350,-25.017864,0.466420,-24.912802
6.812500,-47.726418,-2.786156,8.122364,-25.163948,6.947418,-24.587860
6.818750,-41.836552,-2.787858,8.704567,-25.237125,14.670485,-24.229548
6.825000,-35.945911,-2.790241,9.408636,-25.277836,22.109833,-23.835835
6.831250,-30.048315,-2.792151,9.186426,-25.210863,29.993723,-23.442812
6.837500,-24.144522,-2.793837,9.901975,-25.097416,37.541122,-23.099493
6.843750,-18.243198,-2.796627,11.339924,-24.964983,44.062187,-22.824638
6.850000,-12.342562,-2.800496,13.464107,-24.828653,50.716450,-22.615742
6.856250,-6.433269,-2.803812,16.214622,-24.699270,55.541054,-22.503813
6.862500,-0.512620,-2.805613,19.501808,-24.580067,58.730759,-22.496702
6.868750,5.409778,-2.806955,23.249407,-24.462570,60.474854,-22.584120
6.875000,11.326158,-2.808901,27.381962,-24.321733,61.037682,-22.746092
6.881250,17.239481,-2.811124,31.943304,-24.188751,60.738441,-22.928879
6.887500,23.154364,-2.813154,35.384987,-24.086889,59.757946,-23.154064
6.893750,29.071358,-2.814909,39.054146,-24.010782,58.013233,-23.403265
6.900000,34.987885,-2.816447,42.447018,-24.007872,56.246124,-23.626455
6.906250,40.903969,-2.817409,45.080597,-23.971649,54.840187,-23.788130
6.912500,46.818253,-2.818032,47.677563,-23.934221,52.182205,-23.871803
6.918750,52.725731,-2.819324,48.999371,-23.913624,50.150669,-23.870377
6.925000,58.626900,-2.821647,49.064632,-23.892517,48.462860,-23.779505
6.931250,64.528618,-2.824308,47.942913,-23.819523,46.839027,-23.598793
6.937500,70.434311,-2.826885,47.296375,-23.799383,44.933281,-23.353310
6.943750,76.341125,-2.829675,44.180756,-23.780060,44.221363,-23.082312
6.950000,82.248924,-2.832580,40.969242,-23.742540,42.586910,-22.748972
6.956250,88.161514,-2.834646,37.677113,-23.674751,40.181911,-22.387106
6.962500,94.078400,-2.835670,34.313084,-23.572029,37.390999,-22.032112
6.968750,98.096161,-2.837146,30.859028,-23.440857,34.294769,-21.709663
6.975000,101.833023,-2.839980,27.329653,-23.287304,30.903587,-21.437099
6.981250,104.765320,-2.843282,23.800547,-23.113392,27.225231,-21.221731
6.987500,106.408623,-2.845451,20.351427,-22.919647,23.243711,-21.062551
6.993750,106.333862,-2.846435,17.056854,-22.700939,18.914852,-20.941839
7.000000,104.189835,-2.847418,13.990025,-22.438797,14.115135,-20.871569
7.006250,99.736183,-2.849201,11.164906,-22.110743,10.645208,-20.873110
7.012500,92.856781,-2.851551,10.215620,-21.836836,7.175866,-20.924568
7.018750,83.555115,-2.854163,9.917291,-21.602953,4.128048,-21.006477
7.025000,71.954712,-2.856669,9.398459,-21.338116,1.890713,-21.158133
7.031250,58.292072,-2.858834,10.205008,-21.107691,-1.097432,-21.353296
7.037500,42.906742,-2.860795,11.947968,-20.951414,-2.760514,-21.580626
7.043750,26.223732,-2.863075,14.378257,-20.903740,-4.010197,-21.869215
7.050000,8.735941,-2.865581,17.258467,-20.988823,-4.973334,-22.230530
7.056250,-9.019168,-2.867226,20.420321,-21.197136,-5.740869,-22.668995
7.062500,-26.493940,-2.867477,21.800087,-21.523968,-6.405403,-23.193714
7.068750,-43.161888,-2.866919,24.824270,-21.973133,-7.073123,-23.837622
7.075000,-58.536388,-2.866238,27.404734,-22.519775,-7.163314,-24.442575
7.081250,-72.188400,-2.865224,29.458824,-23.074463,-9.207814,-25.069277
7.087500,-83.774124,-2.863246,30.997454,-23.714500,-11.729151,-25.720785
7.093750,-93.058365,-2.860436,30.756807,-24.387823,-13.008521,-26.376059
7.100000,-99.923470,-2.857324,29.547880,-25.046515,-14.787157,-27.004875
7.106250,-104.371048,-2.854116,27.153370,-25.664780,-16.917465,-27.575083
7.112500,-106.522812,-2.851101,23.399000,-26.231668,-19.234818,-28.051250
7.118750,-106.616516,-2.848849,18.045145,-26.691631,-21.546177,-28.390665
7.125000,-104.990784,-2.847376,13.019691,-27.020805,-25.768736,-28.545341
7.131250,-102.068275,-2.845922,7.116362,-27.229786,-30.067757,-28.554325
7.137500,-98.341331,-2.844522,0.742010,-27.329603,-34.521778,-28.408014
7.143750,-94.347961,-2.844413,-5.737330,-27.325150,-39.430660,-28.100073
7.150000,-88.468124,-2.846426,-11.955024,-27.221531,-44.798683,-27.642645
7.156250,-82.587379,-2.849460,-17.591042,-27.025871,-50.533463,-27.058804
7.162500,-76.696693,-2.852130,-22.378283,-26.750666,-56.493004,-26.384636
7.168750,-70.799599,-2.854622,-26.121494,-26.414852,-62.529804,-25.673359
7.175000,-64.903343,-2.857789,-28.672243,-26.039421,-68.540901,-24.941051
7.181250,-59.007145,-2.861598,-29.931854,-25.647257,-74.659691,-24.203121
7.187500,-53.104225,-2.864958,-29.853794,-25.256807,-78.573883,-23.519260
7.193750,-47.194401,-2.867739,-28.434019,-24.869707,-81.739792,-22.932156
7.200000,-41.283237,-2.870321,-27.606358,-24.487448,-83.553162,-22.468801
7.206250,-35.371235,-2.872657,-24.189468,-24.180861,-83.405571,-22.087038
7.212500,-29.456324,-2.874330,-19.973354,-23.931990,-82.711754,-21.833937
7.218750,-23.540295,-2.875695,-15.241510,-23.747162,-80.295952,-21.735315
7.225000,-17.628166,-2.877613,-10.268992,-23.614910,-75.996292,-21.763748
7.231250,-11.718107,-2.879935,-5.339931,-23.522791,-70.254860,-21.897156
7.237500,-5.802925,-2.881618,-0.855729,-23.481140,-63.591095,-22.105467
7.243750,0.116864,-2.882424,4.970215,-23.487162,-56.546288,-22.341005
7.250000,6.034898,-2.883093,10.609933,-23.521095,-49.691250,-22.520964
7.256250,11.948036,-2.884111,16.327854,-23.571907,-44.370922,-22.767944
7.262500,17.858631,-2.885282,20.429651,-23.645510,-38.510811,-22.997320
7.268750,23.768686,-2.886714,24.752178,-23.739120,-33.792137,-23.150648
7.275000,29.676895,-2.888992,29.265446,-23.785727,-30.270142,-23.225672
7.281250,35.583786,-2.892086,33.477390,-23.807444,-27.988535,-23.228083
7.287500,41.496464,-2.894880,37.005642,-23.798117,-26.778444,-23.159559
7.293750,47.417908,-2.896408,39.755219,-23.731783,-26.399948,-23.025469
7.300000,53.342777,-2.896846,41.829147,-23.636942,-26.618103,-22.841734
7.306250,59.263657,-2.897033,43.500816,-23.522362,-27.197861,-22.629292
7.312500,65.177071,-2.897917,44.722282,-23.378675,-27.904942,-22.412342
7.318750,71.085411,-2.899691,45.691124,-23.215719,-28.584511,-22.206314
7.325000,76.993729,-2.902060,44.844582,-23.035427,-29.197506,-22.018433
7.331250,82.908020,-2.903934,44.318916,-22.822809,-29.625977,-21.874720
7.337500,88.828606,-2.904788,43.813110,-22.605803,-29.819750,-21.796904
7.343750,94.749107,-2.905065,43.078758,-22.407888,-29.879202,-21.789457
7.350000,98.769386,-2.905744,42.022533,-22.240538,-28.061510,-21.828426
7.356250,102.510933,-2.907229,40.598389,-22.106810,-26.069487,-21.924398
7.362500,105.446907,-2.908960,38.756863,-22.004133,-23.145126,-22.095310
7.368750,107.087563,-2.910479,36.447411,-21.923790,-21.290447,-22.307150
7.375000,107.004051,-2.911792,33.606358,-21.856434,-18.830538,-22.527998
7.381250,104.854118,-2.913237,32.257896,-21.798847,-15.966940,-22.724983
7.387500,100.399231,-2.915149,30.795101,-21.784573,-12.993043,-22.893173
7.393750,93.518036,-2.917888,29.402298,-21.784739,-8.134087,-23.032927
7.400000,84.213135,-2.921137,28.312199,-21.789347,-2.909012,-23.125122
7.406250,72.611961,-2.923866,27.893841,-21.818306,1.075055,-23.161707
7.412500,58.952858,-2.925457,28.197359,-21.885862,5.630585,-23.143402
7.418750,43.569889,-2.926633,29.155121,-22.002810,10.388428,-23.077246
7.425000,26.884300,-2.928194,30.629230,-22.177254,14.985285,-22.974792
7.431250,9.391051,-2.930017,32.459843,-22.413153,19.099775,-22.843704
7.437500,-8.370940,-2.931415,34.482094,-22.704897,22.485876,-22.675404
7.443750,-25.856451,-2.932441,38.701069,-23.031878,24.911959,-22.471525
7.450000,-42.535820,-2.933544,41.659218,-23.377724,25.947050,-22.283796
7.456250,-57.915550,-2.934182,44.930508,-23.803782,25.434647,-22.128248
7.462500,-71.563812,-2.933596,48.318497,-24.296516,23.455692,-22.016586
7.468750,-83.144272,-2.932033,51.658947,-24.864943,20.112320,-21.958204
7.475000,-92.426605,-2.930589,54.862453,-25.434441,15.620651,-21.947447
7.481250,-99.288910,-2.929189,57.709846,-26.017349,10.283709,-21.977270
7.487500,-103.726326,-2.927028,57.887558,-26.612602,4.401703,-22.046642
7.493750,-105.860611,-2.924103,56.937332,-27.199759,-1.599018,-22.143593
7.500000,-105.935905,-2.921677,54.350750,-27.738241,-7.108563,-22.257118
7.506250,-104.295036,-2.920182,51.795822,-28.205578,-11.406116,-22.388157
7.512500,-101.359512,-2.918926,47.314953,-28.604401,-13.902658,-22.516060
7.518750,-97.617828,-2.917537,41.208279,-28.905272,-14.052815,-22.621355
7.525000,-93.607758,-2.916814,33.816956,-29.093086,-11.311325,-22.700161
7.531250,-87.710518,-2.917473,25.449343,-29.169643,-7.308829,-22.746367
7.537500,-81.815819,-2.918873,16.474230,-29.148281,-2.025890,-22.731079
7.543750,-75.918884,-2.920384,7.462379,-28.998184,5.833630,-22.670567
7.550000,-70.022163,-2.922481,-1.133373,-28.745571,15.278444,-22.581335
7.556250,-64.128578,-2.925699,-9.040667,-28.423607,25.413248,-22.482143
7.562500,-58.234154,-2.929499,-17.670031,-28.050282,35.365040,-22.396587
7.568750,-52.333721,-2.933134,-24.851046,-27.631927,44.333191,-22.341534
7.575000,-46.427536,-2.936234,-30.477608,-27.211306,51.811935,-22.275007
7.581250,-40.518566,-2.938890,-34.373543,-26.802874,57.021168,-22.232405
7.587500,-34.607632,-2.940817,-36.796497,-26.410561,61.465260,-22.232876
7.593750,-28.695709,-2.941920,-37.927765,-26.045578,63.473557,-22.280565
7.600000,-22.786926,-2.942957,-37.857822,-25.712753,63.413807,-22.368271
7.606250,-16.883593,-2.944588,-36.688210,-25.414776,61.726295,-22.482374
7.612500,-10.982166,-2.946333,-34.559139,-25.146452,58.885162,-22.607054
7.618750,-5.078589,-2.947636,-31.656004,-24.902014,55.342400,-22.743811
7.625000,0.824822,-2.948775,-28.245266,-24.677460,51.489124,-22.918375
7.631250,6.723580,-2.950607,-22.456028,-24.469322,47.733517,-23.089254
7.637500,12.618703,-2.953227,-17.829475,-24.267679,43.945934,-23.212864
7.643750,18.514366,-2.955983,-12.480814,-24.033045,40.856045,-23.313028
7.650000,24.411306,-2.958991,-6.772368,-23.726673,38.504211,-23.395153
7.656250,30.305567,-2.962954,-1.521213,-23.425182,36.678360,-23.473642
7.662500,36.197491,-2.968259,2.687685,-23.120176,35.061779,-23.552450
7.668750,42.093849,-2.974108,7.819360,-22.808399,33.390461,-23.628317
7.675000,48.000397,-2.979359,12.114326,-22.499905,33.241646,-23.707628
7.681250,53.915279,-2.983621,15.715197,-22.214211,32.600895,-23.800304
7.687500,59.833412,-2.987246,18.829342,-21.974939,31.576067,-23.915468
7.693750,65.751869,-2.990410,21.743444,-21.791574,30.248013,-24.065285
7.700000,71.670502,-2.993000,22.968685,-21.654675,28.666321,-24.281111
7.706250,77.590477,-2.994967,24.353287,-21.578037,26.839182,-24.501865
7.712500,83.510361,-2.996315,25.588537,-21.559040,23.896759,-24.701908
7.718750,89.428993,-2.997095,26.453316,-21.581982,22.504732,-24.941751
7.725000,95.346504,-2.997193,26.549721,-21.680401,21.002993,-25.213022
7.731250,99.367226,-2.996783,25.632271,-21.835211,19.685425,-25.493170
7.737500,103.109802,-2.996447,23.684500,-22.016844,18.682961,-25.751804
7.743750,106.039703,-2.996973,22.708487,-22.199299,18.078636,-25.946531
7.750000,107.667023,-2.998407,21.140715,-22.363192,17.856190,-26.043875
7.756250,107.570412,-3.000212,19.265978,-22.497259,17.670156,-26.082298
7.762500,105.412048,-3.001905,17.300560,-22.601995,17.515995,-26.032591
7.768750,100.951714,-3.004080,15.440099,-22.674971,17.426577,-25.883617
7.775000,94.064629,-3.007397,13.923055,-22.712109,17.268002,-25.637280
7.781250,84.754852,-3.011582,12.905433,-22.721670,16.896263,-25.309284
7.787500,73.150970,-3.015485,12.444631,-22.716997,16.194384,-24.925066
7.793750,59.491932,-3.018502,12.564323,-22.710934,15.127143,-24.509752
7.800000,44.112068,-3.020967,13.252765,-22.714050,13.796886,-24.051867
7.806250,27.435427,-3.023234,14.480798,-22.727884,12.341224,-23.541510
7.812500,9.955454,-3.024755,14.295318,-22.753294,10.813415,-23.039352
7.818750,-7.793704,-3.025206,16.294052,-22.804585,8.155815,-22.611025
7.825000,-25.270134,-3.025113,18.363287,-22.909868,5.945018,-22.249254
7.831250,-41.944592,-3.024935,20.292610,-23.091640,4.120456,-21.958694
7.837500,-57.321266,-3.024140,22.013206,-23.382738,2.760529,-21.737762
7.843750,-70.970589,-3.022059,23.455187,-23.718760,2.022508,-21.588047
7.850000,-82.557243,-3.019541,25.146172,-24.092138,1.997068,-21.519451
7.856250,-91.850746,-3.017743,26.297436,-24.521069,0.612066,-21.529701
7.862500,-98.725983,-3.016508,26.968416,-24.990685,-0.612559,-21.606707
7.868750,-103.175117,-3.014687,25.319214,-25.470592,-1.991558,-21.734509
7.875000,-105.318817,-3.012012,22.980726,-25.937977,-3.782743,-21.886513
7.881250,-105.401474,-3.009392,21.474655,-26.391554,-6.173091,-22.008678
7.887500,-103.767509,-3.007456,19.020395,-26.805300,-9.258558,-22.140583
7.893750,-100.838806,-3.005734,15.806436,-27.160076,-12.073205,-22.281504
7.900000,-97.105530,-3.004118,12.028369,-27.426083,-14.992809,-22.372684
7.906250,-93.103920,-3.003525,7.972992,-27.579147,-17.883869,-22.422207
7.912500,-87.212563,-3.004220,3.759621,-27.627028,-20.463301,-22.441561
7.918750,-81.318245,-3.004220,-0.408394,-27.627028,-22.335968,-22.441561
7.925000,-81.318245,-3.004220,-0.408394,-27.627028,-22.335968,-22.441561
7.931250,-81.318245,-3.004220,-0.408394,-27.627028,-22.335968,-22.441561
7.937500,-81.318245,-3.004220,-0.408394,-27.627028,-22.335968,-22.441561
7.943750,-81.318245,-3.004220,-0.408394,-27.627028,-22.335968,-22.441561
7.950000,-81.318245,-3.004220,-0.408394,-27.627028,-22.335968,-22.441561
7.956250,-81.318245,-3.004220,-0.408394,-27.627028,-22.335968,-22.441561
7.962500,-81.318245,-3.004220,-0.408394,-27.627028,-22.335968,-22.441561
7.968750,-81.318245,-3.004220,-0.408394,-27.627028,-22.335968,-22.441561
7.975000,-81.318245,-3.004220,-0.408394,-27.627028,-22.335968,-22.441561
7.981250,-81.318245,-3.004220,-0.408394,-27.627028,-22.335968,-22.441561
7.987500,-81.318245,-3.004220,-0.408394,-27.627028,-22.335968,-22.441561
7.993750,-81.318245,-3.004220,-0.408394,-27.627028,-22.335968,-22.441561
8.000000,-81.318245,-3.004220,-0.408394,-27.627028,-22.335968,-22.441561
