Anritsu VNA Frequency[GHz],S21[deg],S21[dB],S11[deg],S11[dB],S22[deg],S22[dB]
1338065160.12,2012_05_26_21:46:00,+46.364,+95.435,+78.519,+95.766,+101.14,+103.08,+99.308,+100.64,99.946518,-11.119
3.006250,39.042572,-2.157289,63.951408,-27.011091,-82.541527,-28.023741
3.012500,39.042572,-2.157289,63.951408,-27.011091,-82.541527,-28.023741
3.018750,39.042572,-2.157289,63.951408,-27.011091,-82.541527,-28.023741
3.025000,39.042572,-2.157289,63.951408,-27.011091,-82.541527,-28.023741
3.031250,39.042572,-2.157289,63.951408,-27.011091,-82.541527,-28.023741
3.037500,39.042572,-2.157289,63.951408,-27.011091,-82.541527,-28.023741
3.043750,39.042572,-2.157289,63.951408,-27.011091,-82.541527,-28.023741
3.050000,39.042572,-2.157289,63.951408,-27.011091,-82.541527,-28.023741
3.056250,39.042572,-2.157289,63.951408,-27.011091,-82.541527,-28.023741
3.062500,39.042572,-2.157289,63.951408,-27.011091,-82.541527,-28.023741
3.068750,39.042572,-2.157289,63.951408,-27.011091,-82.541527,-28.023741
3.075000,39.042572,-2.157289,63.951408,-27.011091,-82.541527,-28.023741
3.081250,39.042572,-2.157289,63.951408,-27.011091,-82.541527,-28.023741
3.087500,39.042572,-2.157289,63.951408,-27.011091,-82.541527,-28.023741
3.093750,39.042572,-2.159486,63.951408,-26.813013,-82.541527,-27.779844
3.100000,44.961792,-2.161957,60.753517,-26.650070,-82.632927,-27.541603
3.106250,50.880886,-2.164572,56.689594,-26.550716,-81.839706,-27.311434
3.112500,56.800823,-2.167288,52.213863,-26.530725,-79.886299,-27.068815
3.118750,62.720284,-2.170167,45.934048,-26.573891,-76.538094,-26.738152
3.125000,68.638756,-2.173214,40.738586,-26.600967,-71.867172,-26.437407
3.131250,74.556648,-2.176413,36.115116,-26.653509,-65.981979,-26.111406
3.137500,80.473587,-2.179913,32.227001,-26.736584,-58.430790,-25.747543
3.143750,86.389023,-2.184000,29.272955,-26.844042,-49.338352,-25.354305
3.150000,92.304932,-2.188374,27.427971,-26.962362,-38.842556,-24.945135
3.156250,96.328835,-2.192598,26.806328,-27.077745,-28.999075,-24.539629
3.162500,100.082069,-2.196523,27.466612,-27.175297,-18.372442,-24.161615
3.168750,103.029648,-2.200472,29.419081,-27.243061,-7.697351,-23.849577
3.175000,104.678261,-2.204645,32.677940,-27.263193,2.362871,-23.589882
3.181250,104.602356,-2.208847,35.450535,-27.221184,11.727667,-23.347948
3.187500,102.463417,-2.212885,39.292484,-27.129015,19.390335,-23.158785
3.193750,98.023712,-2.216689,43.465870,-26.996704,25.056431,-23.041592
3.200000,91.161171,-2.220147,47.360405,-26.830496,28.628645,-23.002449
3.206250,81.875793,-2.223220,50.485565,-26.639666,30.041103,-23.039942
3.212500,70.287872,-2.226074,52.417862,-26.437229,29.340658,-23.159990
3.218750,56.632915,-2.229086,52.837894,-26.235397,26.691572,-23.370956
3.225000,41.252384,-2.232005,53.731651,-26.033037,22.053047,-23.584356
3.231250,24.575752,-2.234469,53.651699,-25.829136,15.778543,-23.819166
3.237500,7.094234,-2.236579,51.127495,-25.626627,10.246812,-24.072136
3.243750,-10.663670,-2.238919,48.263847,-25.411818,4.053112,-24.324194
3.250000,-28.151882,-2.241815,44.979248,-25.201847,-2.087761,-24.553659
3.256250,-44.834213,-2.244925,40.923447,-25.030048,-7.569054,-24.753685
3.262500,-60.215645,-2.247690,36.269726,-24.880234,-11.834304,-24.913551
3.268750,-73.870560,-2.250126,31.020935,-24.748121,-14.344089,-25.022699
3.275000,-85.461334,-2.252548,25.071341,-24.632826,-14.708571,-25.077168
3.281250,-94.752113,-2.255373,18.323984,-24.526785,-12.692214,-25.079092
3.287500,-101.619423,-2.258580,10.691552,-24.418383,-8.220858,-25.037577
3.293750,-106.060989,-2.261880,2.127075,-24.280167,-1.403489,-24.953382
3.300000,-108.197739,-2.265079,-5.232140,-24.108080,7.543054,-24.827570
3.306250,-108.266418,-2.268013,-13.568795,-23.982412,18.251169,-24.680035
3.312500,-106.608337,-2.270717,-21.922018,-23.870098,30.206425,-24.538456
3.318750,-103.651779,-2.273333,-29.928539,-23.773861,42.821991,-24.425297
3.325000,-99.888878,-2.275785,-37.327438,-23.706772,55.488491,-24.353800
3.331250,-95.851532,-2.277960,-43.873459,-23.687935,67.585892,-24.330431
3.337500,-89.918640,-2.279725,-49.382614,-23.757147,80.659813,-24.357456
3.343750,-83.985695,-2.281157,-53.739471,-23.911602,92.778885,-24.427057
3.350000,-78.053261,-2.282206,-57.702335,-24.089447,102.080711,-24.501949
3.356250,-72.121384,-2.282964,-60.625469,-24.352242,110.209976,-24.597038
3.362500,-66.191414,-2.283557,-60.788830,-24.729525,116.070389,-24.756834
3.368750,-60.263561,-2.283886,-59.940792,-25.213480,119.687218,-24.962996
3.375000,-54.336487,-2.283642,-57.967194,-25.782293,120.738800,-25.235344
3.381250,-48.411709,-2.282968,-54.891357,-26.406364,119.062431,-25.533278
3.387500,-42.492317,-2.282501,-50.824017,-27.051212,115.170212,-25.819368
3.393750,-36.579418,-2.282714,-45.936543,-27.676228,108.700317,-26.099360
3.400000,-30.669350,-2.283311,-40.451576,-28.239719,100.101906,-26.341097
3.406250,-24.759256,-2.283721,-34.681011,-28.717184,90.362274,-26.609383
3.412500,-18.849199,-2.284166,-28.960079,-29.086393,80.266998,-26.863684
3.418750,-12.943734,-2.285354,-23.252754,-29.324291,68.346703,-27.078827
3.425000,-7.041226,-2.287476,-17.559631,-29.422379,56.893723,-27.245667
3.431250,-1.136739,-2.289818,-12.161582,-29.387651,46.340065,-27.365944
3.437500,4.771898,-2.291975,-7.271560,-29.217096,37.138733,-27.446098
3.443750,10.680483,-2.294676,-2.886594,-28.894339,29.883656,-27.437342
3.450000,16.587496,-2.298320,0.705463,-28.457443,22.993393,-27.357244
3.456250,22.497692,-2.302285,3.403264,-27.941990,18.188669,-27.219276
3.462500,28.416008,-2.305744,5.313509,-27.387430,15.156534,-27.026772
3.468750,34.339931,-2.308544,6.648521,-26.835264,13.569036,-26.776968
3.475000,40.264648,-2.311100,7.655557,-26.334726,13.082182,-26.480999
3.481250,46.188625,-2.313633,8.667964,-25.890184,13.302135,-26.153238
3.487500,52.111794,-2.316267,8.509924,-25.486788,13.844193,-25.790306
3.493750,58.033760,-2.319247,8.797030,-25.168900,14.298996,-25.396025
3.500000,63.955132,-2.322643,9.343674,-24.948683,14.235903,-24.981714
3.506250,69.878807,-2.325924,10.078181,-24.819096,13.317058,-24.557707
3.512500,75.806442,-2.328446,10.922440,-24.756823,11.274127,-24.133305
3.518750,81.734352,-2.330714,11.814023,-24.705082,7.912576,-23.714159
3.525000,87.657082,-2.333698,12.708726,-24.641665,3.090564,-23.306509
3.531250,93.575043,-2.337789,14.477367,-24.613993,-1.144833,-22.924299
3.537500,97.599762,-2.342227,16.466745,-24.564608,-6.235709,-22.584106
3.543750,101.356903,-2.346408,18.830347,-24.477715,-11.725880,-22.295872
3.550000,104.311546,-2.350649,21.763922,-24.338215,-17.333319,-22.019529
3.556250,105.967422,-2.355505,23.613466,-24.133760,-22.673510,-21.734026
3.562500,105.900719,-2.360723,26.024965,-23.888926,-27.364588,-21.487494
3.568750,103.776321,-2.365295,28.499870,-23.629990,-31.926125,-21.328146
3.575000,99.358772,-2.368598,30.642191,-23.383524,-35.932373,-21.248503
3.581250,92.521301,-2.370844,32.076054,-23.181829,-37.686832,-21.272158
3.587500,83.259216,-2.372586,32.464951,-23.060698,-39.263332,-21.349258
3.593750,71.693184,-2.373933,31.616980,-23.023630,-40.657627,-21.492649
3.600000,58.064209,-2.374391,31.655647,-23.069767,-41.441921,-21.721779
3.606250,42.713345,-2.373520,30.941364,-23.216948,-41.609692,-22.031925
3.612500,26.063763,-2.371697,29.873899,-23.459576,-41.260704,-22.399218
3.618750,8.603518,-2.369467,28.879940,-23.798925,-40.588333,-22.791679
3.625000,-9.133526,-2.366667,28.144020,-24.256046,-40.072113,-23.242661
3.631250,-26.599630,-2.363032,28.150360,-24.797464,-37.847748,-23.722403
3.637500,-43.264656,-2.358990,29.254004,-25.387632,-35.406673,-24.200237
3.643750,-58.640579,-2.355231,31.611607,-25.988794,-32.591404,-24.653378
3.650000,-72.299805,-2.352149,33.368240,-26.558615,-29.336170,-25.063459
3.656250,-83.899292,-2.349663,36.088303,-27.037840,-25.629284,-25.412771
3.662500,-93.200455,-2.347850,39.013073,-27.414219,-21.504887,-25.692644
3.668750,-100.081184,-2.346908,43.104225,-27.703922,-17.079830,-25.906757
3.675000,-104.539734,-2.346681,46.545513,-27.870367,-12.499258,-26.056795
3.681250,-106.695442,-2.346742,49.132820,-27.904007,-7.908435,-26.141928
3.687500,-106.786110,-2.347234,50.622131,-27.812473,-3.503138,-26.164726
3.693750,-105.155769,-2.348898,50.840973,-27.619514,0.502967,-26.134310
3.700000,-102.229836,-2.351703,49.726772,-27.348230,3.910736,-26.063887
3.706250,-98.494873,-2.354848,47.457855,-26.996813,6.609673,-25.956131
3.712500,-94.480705,-2.357789,44.069912,-26.606976,8.593597,-25.804190
3.718750,-88.570473,-2.360909,37.759617,-26.214872,9.825977,-25.611589
3.725000,-82.661453,-2.364641,30.430634,-25.843990,10.373793,-25.384701
3.731250,-76.751236,-2.368494,21.860575,-25.526144,10.637343,-25.173481
3.737500,-70.835800,-2.371904,13.974400,-25.297899,10.979819,-24.992365
3.743750,-64.916870,-2.374938,5.448763,-25.156462,11.643373,-24.859997
3.750000,-58.998192,-2.377945,-3.118106,-25.089512,13.183553,-24.730865
3.756250,-53.081104,-2.380862,-11.273050,-25.091463,14.450522,-24.589882
3.762500,-47.163097,-2.383496,-18.593601,-25.145382,15.070438,-24.430454
3.768750,-41.244999,-2.386056,-24.630482,-25.217466,16.553797,-24.310677
3.775000,-35.328457,-2.388867,-29.088751,-25.303516,18.669537,-24.229412
3.781250,-29.412403,-2.391737,-31.873222,-25.402817,20.703110,-24.167454
3.787500,-23.495333,-2.394321,-32.648006,-25.490662,22.302271,-24.115643
3.793750,-17.578163,-2.396888,-31.270277,-25.568079,23.187296,-24.074383
3.800000,-11.663071,-2.399836,-29.626659,-25.620728,23.170013,-24.040329
3.806250,-5.749503,-2.403108,-25.565809,-25.573784,22.250525,-23.979851
3.812500,0.165159,-2.406548,-20.312017,-25.475447,20.383331,-23.890852
3.818750,6.080078,-2.410345,-14.529078,-25.343668,17.457920,-23.781698
3.825000,11.994639,-2.414507,-8.776764,-25.191774,13.596525,-23.657682
3.831250,17.912172,-2.418555,-1.424935,-25.032352,9.054718,-23.526312
3.837500,23.833218,-2.422156,5.685740,-24.878960,4.165908,-23.408571
3.843750,29.754879,-2.425771,12.670440,-24.733366,-0.698048,-23.315636
3.850000,35.673954,-2.429830,17.821501,-24.587530,-4.657012,-23.172281
3.856250,41.593468,-2.433863,22.848219,-24.448185,-9.602369,-23.029266
3.862500,47.516521,-2.437274,27.292179,-24.317661,-13.570309,-22.900648
3.868750,53.439655,-2.440503,30.805498,-24.187029,-16.621634,-22.787350
3.875000,59.357262,-2.444633,33.080757,-24.036734,-18.870392,-22.681765
3.881250,65.271141,-2.450006,33.828224,-23.852213,-20.479763,-22.569727
3.887500,71.187866,-2.455592,32.627014,-23.654301,-21.715851,-22.447758
3.893750,77.111206,-2.460712,29.334318,-23.426540,-22.952929,-22.323832
3.900000,83.037346,-2.465911,26.104992,-23.155348,-24.489954,-22.193075
3.906250,88.960907,-2.472041,21.515255,-22.838718,-26.626871,-22.052679
3.912500,94.884132,-2.479185,16.047436,-22.478531,-27.813068,-21.899181
3.918750,98.918327,-2.486839,10.188550,-22.081003,-30.006422,-21.723667
3.925000,102.687370,-2.494349,4.340317,-21.667156,-32.994701,-21.504431
3.931250,105.658943,-2.501471,-1.149234,-21.263519,-36.669334,-21.288420
3.937500,107.339027,-2.508162,-5.896298,-20.891356,-38.986546,-21.104082
3.943750,107.299950,-2.514332,-9.566505,-20.573000,-40.882607,-20.954832
3.950000,105.201920,-2.519517,-11.939376,-20.330030,-41.720135,-20.851574
3.956250,100.807838,-2.523186,-12.899606,-20.180605,-40.980942,-20.808006
3.962500,93.993805,-2.525162,-12.413628,-20.135555,-38.243130,-20.836414
3.968750,84.756393,-2.525710,-10.508073,-20.195347,-33.182297,-20.945778
3.975000,73.213867,-2.524949,-9.168836,-20.338257,-25.612478,-21.145565
3.981250,59.602612,-2.522972,-4.760021,-20.562099,-17.391388,-21.474752
3.987500,44.262043,-2.519834,-0.033464,-20.916775,-6.741806,-21.838470
3.993750,27.617046,-2.515857,5.380032,-21.335737,5.484873,-22.297396
4.000000,10.159129,-2.511200,11.026828,-21.812498,18.341661,-22.859482
4.006250,-7.578878,-2.505871,16.493399,-22.334505,31.103487,-23.537584
4.012500,-25.052187,-2.500163,21.497385,-22.878395,42.994621,-24.284122
4.018750,-41.730312,-2.494911,25.794828,-23.415003,52.564983,-25.006577
4.025000,-57.121284,-2.490479,29.137573,-23.924215,61.588326,-25.700245
4.031250,-70.793808,-2.486566,31.522039,-24.399004,67.088264,-26.428415
4.037500,-82.405113,-2.483180,33.074829,-24.822252,71.337677,-27.131405
4.043750,-91.719856,-2.480862,33.725307,-25.179695,72.963737,-27.776888
4.050000,-98.615639,-2.479833,33.403320,-25.468613,72.465561,-28.345339
4.056250,-103.087196,-2.479297,32.116222,-25.684517,70.460289,-28.824482
4.062500,-105.253288,-2.478592,30.033764,-25.805593,65.798973,-29.191578
4.068750,-105.355904,-2.478549,27.288347,-25.841484,60.969963,-29.424284
4.075000,-103.741180,-2.480297,24.003468,-25.808702,56.158867,-29.525072
4.081250,-100.830956,-2.483449,20.478361,-25.719419,51.617405,-29.497602
4.087500,-97.108025,-2.486726,17.095297,-25.581360,47.699940,-29.342747
4.093750,-93.103180,-2.489368,12.382946,-25.401075,42.617676,-29.063734
4.100000,-87.203049,-2.492132,8.378723,-25.189238,38.088192,-28.676102
4.106250,-81.306671,-2.495727,4.988092,-24.952789,33.932114,-28.211035
4.112500,-75.412071,-2.500014,2.170913,-24.687904,30.044870,-27.660362
4.118750,-69.514259,-2.504689,-0.161733,-24.400837,26.559961,-27.024414
4.125000,-63.614529,-2.509840,-2.210033,-24.106092,23.062704,-26.347418
4.131250,-57.713253,-2.515654,-4.092986,-23.814051,19.462887,-25.661591
4.137500,-51.807907,-2.521633,-5.880151,-23.530420,15.762959,-24.992311
4.143750,-45.896755,-2.527391,-7.616929,-23.256403,11.998183,-24.358162
4.150000,-39.982082,-2.533090,-9.361258,-22.992092,8.196120,-23.773048
4.156250,-34.066532,-2.539178,-9.014719,-22.735643,4.385887,-23.240444
4.162500,-28.149820,-2.545607,-8.012850,-22.482321,2.759771,-22.739275
4.168750,-22.229839,-2.552229,-7.832856,-22.223940,1.628372,-22.343813
4.175000,-16.306200,-2.558978,-6.559726,-21.969753,-0.074609,-22.005474
4.181250,-10.378884,-2.565677,-4.528552,-21.728506,-0.522500,-21.729191
4.187500,-4.446449,-2.572094,-2.032475,-21.506908,0.073848,-21.485411
4.193750,1.490494,-2.578165,0.607728,-21.311983,1.524878,-21.289774
4.200000,7.431028,-2.583721,3.062993,-21.151264,4.405831,-21.197931
4.206250,13.375009,-2.588403,5.012888,-21.032511,5.772353,-21.190851
4.212500,19.321728,-2.592034,8.356922,-20.956291,8.561950,-21.210676
4.218750,25.268324,-2.594850,11.531519,-20.913414,10.343826,-21.254280
4.225000,31.211542,-2.597333,14.836168,-20.897219,11.252442,-21.330290
4.231250,37.150791,-2.599651,16.618082,-20.897472,11.147041,-21.430483
4.237500,43.087765,-2.601773,18.715603,-20.906717,9.844544,-21.536264
4.243750,49.022488,-2.603526,20.665157,-20.941988,9.286807,-21.644136
4.250000,54.955959,-2.604845,22.081430,-20.993797,7.834409,-21.757580
4.256250,60.887798,-2.605737,22.673958,-21.043591,5.928931,-21.861395
4.262500,66.815536,-2.606633,22.057173,-21.076319,3.982368,-21.941988
4.268750,72.736465,-2.608081,19.877640,-21.080902,2.329658,-21.985832
4.275000,78.650635,-2.610576,17.992147,-21.050373,1.263535,-21.983295
4.281250,84.563057,-2.613708,14.769209,-20.974771,1.030537,-21.922089
4.287500,90.476624,-2.617235,10.474493,-20.846697,1.817103,-21.778069
4.293750,96.390221,-2.621743,5.313007,-20.679434,3.619519,-21.579771
4.300000,100.407616,-2.627608,-0.491283,-20.481375,6.053544,-21.358126
4.306250,104.156624,-2.633941,-6.581969,-20.254087,9.275931,-21.103815
4.312500,107.110313,-2.639575,-12.675851,-20.005770,13.125947,-20.822670
4.318750,108.773529,-2.644658,-18.523888,-19.747927,17.340902,-20.525383
4.325000,108.711609,-2.650165,-23.923819,-19.498552,21.619993,-20.228361
4.331250,106.583939,-2.656222,-28.708239,-19.277596,25.651453,-19.947292
4.337500,102.160484,-2.661855,-32.732204,-19.112816,29.161201,-19.690874
4.343750,95.322037,-2.666459,-35.911415,-19.018953,31.908855,-19.437546
4.350000,86.064583,-2.670162,-37.257992,-18.932041,33.633553,-19.239023
4.356250,74.507454,-2.672905,-37.380932,-18.941183,35.838139,-19.124567
4.362500,60.887848,-2.674231,-36.118393,-19.053783,37.333923,-19.101820
4.368750,45.544601,-2.674341,-33.414932,-19.265543,38.510075,-19.196148
4.375000,28.899563,-2.673848,-29.360092,-19.566860,39.732082,-19.398466
4.381250,11.443936,-2.672889,-24.123318,-19.940363,40.846680,-19.639164
4.387500,-6.286145,-2.670888,-17.936342,-20.361975,42.709885,-19.926430
4.393750,-23.744526,-2.667876,-11.123333,-20.812487,43.647369,-20.303747
4.400000,-40.405365,-2.664897,-4.076814,-21.277998,45.420971,-20.758095
4.406250,-55.777058,-2.662328,0.941429,-21.741941,47.487431,-21.257660
4.412500,-69.427696,-2.659445,7.396191,-22.188108,49.535999,-21.779837
4.418750,-81.015038,-2.656087,13.100319,-22.605713,51.339855,-22.306925
4.425000,-90.306343,-2.653177,17.870430,-22.954927,52.769695,-22.804396
4.431250,-97.182388,-2.651218,21.681877,-23.210447,53.830868,-23.230492
4.437500,-101.638535,-2.649703,24.273479,-23.381382,54.356663,-23.575872
4.443750,-103.793343,-2.648333,25.662207,-23.474846,54.286049,-23.832169
4.450000,-103.887093,-2.647903,26.024961,-23.492268,53.720638,-23.989750
4.456250,-102.262291,-2.649075,25.619114,-23.436625,52.821831,-24.043774
4.462500,-99.340698,-2.651220,24.769297,-23.315392,51.765480,-23.995985
4.468750,-95.608833,-2.653734,23.881876,-23.143042,50.767017,-23.858559
4.475000,-91.601517,-2.656898,21.514988,-22.934759,50.087154,-23.648087
4.481250,-85.699478,-2.660896,19.853268,-22.680159,48.330048,-23.326220
4.487500,-79.793686,-2.665208,18.790327,-22.402073,47.314327,-22.934536
4.493750,-73.882812,-2.669346,18.105103,-22.126598,46.592358,-22.508032
4.500000,-67.971031,-2.674184,17.709827,-21.870621,45.935741,-22.072777
4.506250,-62.061661,-2.680526,17.556856,-21.640871,45.148491,-21.647989
4.512500,-56.147560,-2.687490,17.596937,-21.433243,44.039955,-21.247326
4.518750,-50.221344,-2.693611,17.764727,-21.222252,42.404068,-20.882610
4.525000,-44.284954,-2.698600,17.975018,-20.984808,40.001671,-20.579920
4.531250,-38.347263,-2.703549,19.429214,-20.827324,36.493610,-20.370169
4.537500,-32.411755,-2.709014,21.224499,-20.701180,33.161053,-20.191994
4.543750,-26.472237,-2.714400,21.911573,-20.574537,28.443462,-20.073114
4.550000,-20.524675,-2.718842,23.232479,-20.465876,22.804398,-19.999905
4.556250,-14.571334,-2.722353,24.715837,-20.398184,16.534727,-19.981133
4.562500,-8.616155,-2.725266,26.023613,-20.390516,10.547368,-20.083958
4.568750,-2.660320,-2.727648,26.842232,-20.466692,4.761315,-20.300280
4.575000,3.297583,-2.729278,26.878605,-20.666527,-0.611493,-20.578314
4.581250,9.258747,-2.729801,25.895552,-20.971901,-5.567733,-20.902334
4.587500,15.220654,-2.729040,24.792297,-21.344814,-9.448953,-21.293447
4.593750,21.180794,-2.727259,22.952868,-21.820932,-12.099433,-21.748133
4.600000,27.136860,-2.724732,20.396360,-22.405043,-13.519999,-22.249453
4.606250,33.088142,-2.721294,17.128948,-23.143400,-13.856137,-22.792597
4.612500,39.034908,-2.716972,13.301295,-23.943539,-13.423897,-23.375206
4.618750,44.972958,-2.712548,9.294831,-24.810160,-12.391754,-23.974255
4.625000,50.899391,-2.708819,4.966630,-25.727842,-11.044828,-24.572514
4.631250,56.819008,-2.705315,0.548797,-26.665354,-9.726024,-25.156786
4.637500,62.736866,-2.701116,-3.713422,-27.582930,-8.808378,-25.713478
4.643750,68.650932,-2.696463,-7.578124,-28.431940,-8.668734,-26.211449
4.650000,74.552856,-2.692797,-12.728869,-29.157907,-9.683501,-26.608515
4.656250,80.440155,-2.691141,-15.240097,-29.715485,-12.168625,-26.877871
4.662500,86.320015,-2.691209,-17.046707,-30.096758,-14.507376,-27.063087
4.668750,92.198746,-2.692497,-18.144985,-30.279018,-18.332340,-27.142057
4.675000,96.182777,-2.695179,-18.475445,-30.246681,-23.253706,-27.102818
4.681250,99.894035,-2.699284,-18.111822,-29.998772,-29.026226,-26.943224
4.687500,102.803040,-2.704274,-17.214788,-29.554455,-35.401905,-26.671961
4.693750,104.417702,-2.710181,-15.998162,-28.949959,-42.102879,-26.301332
4.700000,104.308266,-2.717815,-14.710501,-28.229513,-48.788094,-25.837765
4.706250,102.135216,-2.727270,-13.788999,-27.387573,-55.092194,-25.277828
4.712500,97.671127,-2.737058,-13.624787,-26.465792,-60.628967,-24.628534
4.718750,90.799713,-2.745802,-14.391014,-25.522020,-66.761200,-23.990149
4.725000,81.513939,-2.753819,-14.485703,-24.631861,-71.916275,-23.373032
4.731250,69.927612,-2.762001,-15.621884,-23.825300,-76.336151,-22.813828
4.737500,56.279133,-2.769916,-17.531427,-23.120173,-80.158363,-22.301163
4.743750,40.915459,-2.776409,-20.034641,-22.529314,-83.831841,-21.818407
4.750000,24.260700,-2.781607,-22.936031,-22.051010,-87.129768,-21.373638
4.756250,6.799120,-2.786295,-26.001543,-21.650057,-88.169250,-21.020880
4.762500,-10.937784,-2.790437,-28.995434,-21.339697,-88.345139,-20.781132
4.768750,-28.398930,-2.793487,-30.456936,-21.154654,-87.628006,-20.629526
4.775000,-45.052956,-2.795370,-30.899017,-21.045324,-85.658340,-20.550953
4.781250,-60.412315,-2.796685,-29.762194,-20.975658,-82.084610,-20.536711
4.787500,-74.052483,-2.797897,-28.492945,-20.888563,-78.509094,-20.579073
4.793750,-85.632118,-2.799145,-25.270239,-20.824467,-72.953125,-20.625273
4.800000,-94.912567,-2.800537,-20.586832,-20.752569,-65.886261,-20.678989
4.806250,-101.770851,-2.802112,-14.731786,-20.665550,-57.921581,-20.735455
4.812500,-106.206375,-2.803756,-8.232443,-20.562172,-49.523350,-20.780720
4.818750,-108.339973,-2.805650,-1.617770,-20.442825,-41.120857,-20.797096
4.825000,-108.410507,-2.808319,4.589212,-20.313198,-33.087002,-20.784063
4.831250,-106.757080,-2.811756,12.040864,-20.187389,-25.736200,-20.758335
4.837500,-103.800659,-2.814745,18.934284,-20.082443,-19.354721,-20.729813
4.843750,-100.031792,-2.816669,23.578695,-19.987627,-13.941481,-20.642904
4.850000,-95.990753,-2.818604,27.898571,-19.898964,-9.596118,-20.524233
4.856250,-90.061989,-2.821962,31.414761,-19.835819,-6.481348,-20.395332
4.862500,-84.135475,-2.826155,33.829540,-19.807909,-4.430943,-20.269560
4.868750,-78.200897,-2.829566,35.009441,-19.808348,-3.177771,-20.149836
4.875000,-72.258247,-2.831934,34.918064,-19.817701,-2.421724,-20.037420
4.881250,-66.316963,-2.834224,33.602013,-19.811211,-1.900858,-19.937977
4.887500,-60.380035,-2.836945,31.388258,-19.820509,-1.366070,-19.856995
4.893750,-54.444317,-2.839842,28.625782,-19.839737,-0.585257,-19.800093
4.900000,-48.507275,-2.842668,25.402386,-19.862539,0.635432,-19.765984
4.906250,-42.568909,-2.845518,22.025438,-19.892151,2.453056,-19.743685
4.912500,-36.629879,-2.848174,18.726156,-19.909679,4.958680,-19.707016
4.918750,-30.688786,-2.850570,15.737498,-19.921047,8.321947,-19.677921
4.925000,-24.748499,-2.853179,13.461882,-19.949083,13.047829,-19.688158
4.931250,-18.808334,-2.856006,12.090795,-20.010853,18.881161,-19.725616
4.937500,-12.865036,-2.858229,11.716765,-20.115093,23.638552,-19.789490
4.943750,-6.914030,-2.859040,12.354313,-20.268316,28.721991,-19.884832
4.950000,-0.962630,-2.858977,13.963477,-20.468689,33.657780,-20.015169
4.956250,4.983230,-2.859125,16.467672,-20.708683,38.004009,-20.185276
4.962500,10.924702,-2.859201,17.828703,-20.973478,41.331638,-20.420626
4.968750,16.868156,-2.858433,21.659046,-21.241516,45.431171,-20.636011
4.975000,22.811682,-2.857122,25.709625,-21.533222,47.320000,-20.874744
4.981250,28.750235,-2.855899,29.688292,-21.833559,48.023838,-21.158150
4.987500,34.685703,-2.854362,33.454742,-22.127333,47.609737,-21.480333
4.993750,40.622467,-2.851754,36.732224,-22.408693,46.006859,-21.837427
5.000000,46.556217,-2.848580,39.287750,-22.668991,43.144932,-22.224171
5.006250,52.478970,-2.846276,40.959160,-22.896452,38.980499,-22.634439
5.012500,58.392113,-2.844984,41.631348,-23.074068,35.305176,-23.021940
5.018750,64.304451,-2.843785,41.236298,-23.177208,30.320917,-23.335880
5.025000,70.218628,-2.842335,39.935246,-23.221066,24.460941,-23.636086
5.031250,76.129684,-2.841256,37.803547,-23.224821,18.177317,-23.907249
5.037500,82.034523,-2.840749,35.003788,-23.187336,12.058812,-24.131552
5.043750,87.936798,-2.840665,31.613129,-23.133671,6.437498,-24.301203
5.050000,93.836891,-2.841331,27.666378,-23.126335,1.604116,-24.411493
5.056250,97.838951,-2.843193,24.222034,-23.035007,-2.131809,-24.449892
5.062500,101.568474,-2.845540,20.516607,-22.959362,-4.498767,-24.410397
5.068750,104.498642,-2.847266,16.956169,-22.923635,-5.344142,-24.298582
5.075000,106.133240,-2.848671,12.038380,-22.931581,-4.525882,-24.120312
5.081250,106.035736,-2.851439,7.761660,-22.970135,-1.910190,-23.880669
5.087500,103.865715,-2.855934,3.956579,-23.018057,2.591066,-23.589968
5.093750,99.398293,-2.860723,0.566506,-23.083340,8.974990,-23.268694
5.100000,92.516022,-2.864858,-2.453386,-23.155977,17.082203,-22.941973
5.106250,83.212219,-2.869202,-5.361997,-23.211786,26.425966,-22.575546
5.112500,71.601883,-2.874698,-8.284657,-23.229109,36.629238,-22.201199
5.118750,57.928612,-2.880630,-11.293274,-23.194836,47.463932,-21.846222
5.125000,42.537861,-2.886001,-14.450581,-23.101696,58.371155,-21.525688
5.131250,25.854980,-2.891191,-17.781378,-22.945120,68.718704,-21.245785
5.137500,8.365451,-2.896965,-21.286900,-22.724693,77.882324,-21.002815
5.143750,-9.396468,-2.903263,-22.794266,-22.444622,85.287018,-20.761608
5.150000,-26.879396,-2.909349,-23.653105,-22.115541,90.435638,-20.619093
5.156250,-43.549473,-2.914928,-25.243109,-21.746275,94.390793,-20.497288
5.162500,-58.917126,-2.920192,-25.416695,-21.338394,96.397202,-20.405125
5.168750,-72.555656,-2.925019,-24.407236,-20.919069,96.364204,-20.353128
5.175000,-84.124603,-2.929029,-22.483335,-20.513094,94.754410,-20.339071
5.181250,-93.387802,-2.932155,-19.890327,-20.140606,92.164452,-20.351738
5.187500,-100.225746,-2.934405,-16.908539,-19.820827,89.275986,-20.373274
5.193750,-104.639420,-2.936042,-13.852611,-19.573074,84.735008,-20.425543
5.200000,-106.751663,-2.937119,-11.041581,-19.417389,80.841499,-20.579885
5.206250,-106.801170,-2.938033,-6.580370,-19.364080,77.780731,-20.698204
5.212500,-105.127800,-2.938775,-1.958385,-19.385988,74.519630,-20.820415
5.218750,-102.155647,-2.938965,1.199995,-19.482908,72.250153,-20.964771
5.225000,-98.376091,-2.938161,4.672872,-19.635715,70.823395,-21.131279
5.231250,-94.324257,-2.936531,8.213327,-19.775249,70.033829,-21.315798
5.237500,-88.382500,-2.934498,10.464031,-20.041452,69.562988,-21.526436
5.243750,-82.447517,-2.932637,11.936884,-20.356459,69.035271,-21.768137
5.250000,-76.520882,-2.931621,12.152156,-20.700062,68.126053,-22.034349
5.256250,-70.599243,-2.931364,12.819048,-21.054531,66.497169,-22.319788
5.262500,-64.676262,-2.930751,12.160905,-21.402617,63.837372,-22.616922
5.268750,-58.750225,-2.929178,10.413648,-21.738411,59.882149,-22.910975
5.275000,-52.830406,-2.928043,7.832554,-22.057661,54.363354,-23.183758
5.281250,-46.923656,-2.928874,4.617525,-22.353401,47.105583,-23.411654
5.287500,-41.023247,-2.931217,0.952584,-22.617239,38.311596,-23.637421
5.293750,-35.116234,-2.933029,-2.994241,-22.842442,28.173702,-23.840195
5.300000,-29.203720,-2.934206,-7.052609,-23.020315,16.742268,-23.998346
5.306250,-23.298141,-2.936618,-11.032452,-23.139355,4.370568,-24.096851
5.312500,-17.402456,-2.941145,-14.774632,-23.192495,-8.503323,-24.127008
5.318750,-11.506128,-2.946805,-18.152124,-23.174524,-21.410255,-24.082405
5.325000,-5.601199,-2.952642,-21.048513,-23.081188,-33.862461,-23.954596
5.331250,0.309770,-2.959098,-23.411495,-22.920046,-45.422798,-23.732288
5.337500,6.224594,-2.966300,-23.100206,-22.742971,-55.897392,-23.479685
5.343750,12.149259,-2.973074,-23.267559,-22.491621,-64.708565,-23.168415
5.350000,18.084543,-2.978796,-21.713573,-22.222925,-71.817657,-22.843613
5.356250,24.024693,-2.984385,-18.831942,-21.969530,-77.079597,-22.541182
5.362500,29.966085,-2.990211,-14.760579,-21.756042,-80.424034,-22.297916
5.368750,35.915783,-2.995124,-9.694272,-21.598909,-81.950287,-22.117516
5.375000,41.876610,-2.997952,-3.861488,-21.503872,-81.977859,-21.982151
5.381250,47.841503,-2.999445,2.464638,-21.467346,-80.646210,-21.847919
5.387500,53.803204,-3.000265,8.943065,-21.482315,-78.406265,-21.852222
5.393750,59.763485,-2.999913,13.199691,-21.572958,-74.397247,-21.964542
5.400000,65.725327,-2.997747,18.649332,-21.733725,-70.024338,-22.170065
5.406250,71.682320,-2.994642,23.227400,-21.945452,-65.566940,-22.468088
5.412500,77.628021,-2.991745,26.757362,-22.182016,-61.227985,-22.810007
5.418750,83.565048,-2.988683,29.116224,-22.417473,-56.972923,-23.152027
5.425000,89.498650,-2.984848,30.214106,-22.629848,-53.247818,-23.486353
5.431250,95.425156,-2.980969,30.091967,-22.798512,-50.145988,-23.793354
5.437500,99.443550,-2.978301,28.972820,-22.907591,-47.629589,-24.044903
5.443750,103.178009,-2.977197,27.229902,-22.948732,-45.640659,-24.215609
5.450000,106.102699,-2.977250,25.217955,-22.909481,-44.129173,-24.290911
5.456250,107.728638,-2.978317,23.321754,-22.781986,-42.954163,-24.260284
5.462500,107.629555,-2.980395,20.087439,-22.572271,-41.931416,-24.133255
5.468750,105.467430,-2.982835,17.591145,-22.294247,-40.865990,-23.945133
5.475000,101.004944,-2.985731,15.792070,-21.951731,-39.175659,-23.613394
5.481250,94.116585,-2.990128,14.648165,-21.556690,-36.802086,-23.212288
5.487500,84.803871,-2.996415,13.960981,-21.140396,-33.727386,-22.784908
5.493750,73.196960,-3.003035,13.573895,-20.733040,-29.664677,-22.364695
5.500000,59.540623,-3.008330,13.398120,-20.356462,-24.371622,-21.978508
5.506250,44.169983,-3.012712,13.374720,-20.023523,-17.670927,-21.644497
5.512500,27.501556,-3.017473,13.436531,-19.734444,-9.527202,-21.346033
5.518750,10.028579,-3.022323,13.525152,-19.449141,-0.197220,-21.097530
5.525000,-7.708806,-3.026037,13.568835,-19.263206,9.583363,-20.943430
5.531250,-25.164576,-3.028398,13.573848,-19.149452,20.043238,-20.871517
5.537500,-41.813454,-3.030066,13.649071,-19.098780,30.729799,-20.870770
5.543750,-57.165119,-3.031202,13.559364,-19.114979,41.105648,-20.925879
5.550000,-70.791122,-3.031434,13.072999,-19.203901,50.707115,-21.056934
5.556250,-82.349953,-3.030718,12.016777,-19.371525,59.315350,-21.311312
5.562500,-91.608437,-3.029232,10.249835,-19.627020,66.922798,-21.568995
5.568750,-98.445671,-3.026997,7.741812,-19.944855,73.110840,-21.870001
5.575000,-102.861351,-3.023917,6.719009,-20.315092,77.680428,-22.216784
5.581250,-104.979881,-3.020438,3.771074,-20.738226,80.833115,-22.596756
5.587500,-105.039902,-3.017010,1.046195,-21.208599,82.869217,-22.982714
5.593750,-103.381302,-3.013414,-1.478241,-21.724960,84.069199,-23.393660
5.600000,-100.429771,-3.009789,-3.791971,-22.268837,82.730499,-23.806408
5.606250,-96.680428,-3.007030,-5.792097,-22.812002,81.134514,-24.200354
5.612500,-92.665833,-3.005299,-7.505932,-23.339617,79.004234,-24.574415
5.618750,-86.756615,-3.003510,-8.961883,-23.837574,76.213356,-24.925167
5.625000,-80.844681,-3.000959,-10.151616,-24.291233,72.693153,-25.252407
5.631250,-74.939224,-2.999208,-11.045311,-24.682476,68.394440,-25.552990
5.637500,-69.047134,-2.999773,-13.507898,-24.992199,63.216614,-25.791002
5.643750,-63.158936,-3.001787,-13.737020,-25.198879,58.961739,-25.934818
5.650000,-57.263359,-3.003543,-13.634136,-25.279243,54.128639,-25.945545
5.656250,-51.362679,-3.005296,-13.312959,-25.238586,48.789696,-25.923862
5.662500,-45.467285,-3.008513,-12.969514,-25.089712,43.385490,-25.831758
5.668750,-39.578026,-3.013625,-12.630611,-24.831978,38.431450,-25.655430
5.675000,-33.685390,-3.019667,-12.382664,-24.477264,34.132751,-25.396135
5.681250,-27.783493,-3.025897,-12.375558,-24.045359,30.641638,-25.058912
5.687500,-21.875143,-3.032376,-12.745623,-23.566095,28.110542,-24.648582
5.693750,-15.962178,-3.039011,-13.680429,-23.082798,26.719664,-24.182714
5.700000,-10.043792,-3.045448,-15.626223,-22.552261,26.844521,-23.694601
5.706250,-4.121733,-3.052145,-16.659882,-22.034721,26.767981,-23.204315
5.712500,1.801683,-3.059760,-18.142439,-21.575392,28.003483,-22.744278
5.718750,7.730891,-3.067411,-19.817642,-21.198662,30.073372,-22.345337
5.725000,13.673408,-3.073630,-21.466528,-20.915365,32.487679,-22.014353
5.731250,19.627367,-3.078074,-22.909540,-20.725407,36.550861,-21.725481
5.737500,25.582428,-3.081812,-24.006338,-20.617149,40.248878,-21.453491
5.743750,31.534723,-3.085242,-24.676727,-20.569019,43.188351,-21.316216
5.750000,37.490002,-3.087404,-24.971275,-20.589666,45.416237,-21.272373
5.756250,43.448586,-3.087937,-25.049866,-20.673553,46.986313,-21.304825
5.762500,49.404770,-3.087655,-22.667923,-20.795761,47.702042,-21.399765
5.768750,55.352783,-3.087199,-21.133326,-20.929913,47.378586,-21.550020
5.775000,61.295368,-3.086225,-18.457090,-21.050337,45.823418,-21.776764
5.781250,67.233810,-3.084722,-14.929482,-21.143654,43.831062,-21.957043
5.787500,73.164856,-3.083359,-10.938273,-21.205057,40.823376,-22.156961
5.793750,79.086647,-3.083020,-6.828459,-21.224684,37.003147,-22.366390
5.800000,85.002213,-3.083411,-2.946525,-21.194250,32.531593,-22.565430
5.806250,90.916214,-3.084255,0.349077,-21.111469,27.570974,-22.729031
5.812500,94.934921,-3.085284,2.709857,-20.979624,22.326305,-22.833176
5.818750,98.679161,-3.086665,6.009350,-20.806999,17.150200,-22.891794
5.825000,101.613647,-3.089017,8.635921,-20.613047,10.292762,-22.922075
5.831250,103.245338,-3.093301,10.894031,-20.435125,3.382430,-22.905649
5.837500,103.151146,-3.099486,13.199801,-20.265223,-3.502044,-22.815363
5.843750,101.000465,-3.106188,14.362118,-20.094189,-10.611982,-22.682314
5.850000,96.563759,-3.111549,16.025835,-19.967299,-18.019236,-22.532606
5.856250,89.715607,-3.115382,17.993931,-19.902308,-25.624550,-22.383621
5.862500,80.444176,-3.118831,20.159536,-19.904058,-33.303612,-22.251188
5.868750,68.867340,-3.122571,22.406975,-19.961329,-40.982296,-22.145796
5.875000,55.226059,-3.125876,24.702692,-20.038115,-48.662098,-22.054882
5.881250,39.865040,-3.128380,27.327358,-20.196672,-56.506042,-21.988403
5.887500,23.208633,-3.130141,30.394352,-20.409666,-62.400982,-21.960508
5.893750,5.747199,-3.130929,31.897367,-20.656328,-67.656075,-21.962782
5.900000,-11.986453,-3.130665,33.593540,-20.934418,-71.875687,-21.984312
5.906250,-29.450819,-3.129978,35.110085,-21.257711,-74.691994,-22.027100
5.912500,-46.116379,-3.129722,36.160149,-21.628624,-77.787300,-22.100800
5.918750,-61.487194,-3.129270,36.891121,-21.983557,-79.578499,-22.188200
5.925000,-75.130142,-3.127572,36.821548,-22.357903,-80.484589,-22.283445
5.931250,-86.709145,-3.125356,35.765160,-22.760790,-80.835007,-22.388559
5.937500,-95.995087,-3.124071,33.748215,-23.186619,-80.900307,-22.505970
5.943750,-102.865952,-3.123728,30.885115,-23.618954,-80.893173,-22.634449
5.950000,-107.311447,-3.123073,27.563276,-24.041138,-81.033020,-22.785902
5.956250,-109.452461,-3.122136,24.173584,-24.433554,-81.656639,-22.822689
5.962500,-109.533112,-3.122180,20.830830,-24.778076,-80.347702,-22.898048
5.968750,-107.893929,-3.123246,17.613066,-25.062523,-79.265961,-22.972767
5.975000,-104.953133,-3.123551,14.604991,-25.274090,-77.867302,-23.042068
5.981250,-101.201591,-3.122824,11.892967,-25.404573,-75.731461,-23.105143
5.987500,-97.183769,-3.122808,9.540183,-25.447344,-72.501884,-23.161053
5.993750,-91.283638,-3.124732,7.613277,-25.397854,-67.875816,-23.207302
6.000000,-85.385376,-3.127681,6.149213,-25.255108,-61.649857,-23.241976
6.006250,-79.480415,-3.130521,5.178420,-25.015064,-53.752502,-23.251192
6.012500,-73.572479,-3.133655,4.710727,-24.664898,-44.408802,-23.210083
6.018750,-67.665932,-3.137734,4.650317,-24.239897,-34.162121,-23.156820
6.025000,-61.756115,-3.141997,4.844759,-23.786327,-22.995914,-23.095144
6.031250,-55.839336,-3.145876,5.712924,-23.313553,-11.268175,-23.034271
6.037500,-49.919178,-3.149895,7.075348,-22.855108,0.461667,-22.987690
6.043750,-43.998558,-3.154464,8.721669,-22.453365,11.658148,-22.960636
6.050000,-38.073456,-3.158630,10.501592,-22.125074,21.976238,-22.915373
6.056250,-32.139893,-3.161749,12.393412,-21.874027,31.076582,-22.875935
6.062500,-26.204260,-3.164559,14.098092,-21.731819,38.636784,-22.874153
6.068750,-20.270611,-3.167521,13.521333,-21.713850,44.471798,-22.913828
6.075000,-14.334048,-3.169725,14.386180,-21.816458,48.561588,-22.992416
6.081250,-8.390676,-3.170169,14.780841,-22.018412,51.014446,-23.108479
6.087500,-2.448581,-3.169719,14.715657,-22.270269,51.978035,-23.251350
6.093750,3.483286,-3.169863,14.181679,-22.527884,51.495815,-23.389410
6.100000,9.406217,-3.170690,12.687179,-22.826811,49.711594,-23.531378
6.106250,15.329390,-3.171477,10.435609,-23.107244,47.014305,-23.675804
6.112500,21.253290,-3.171952,7.490757,-23.333439,43.654579,-23.811115
6.118750,27.173189,-3.172732,3.799053,-23.483730,39.813728,-23.921665
6.125000,33.088490,-3.174222,-0.669244,-23.548443,35.658016,-23.987843
6.131250,39.000118,-3.176580,-3.727361,-23.526953,31.383471,-23.962864
6.137500,44.911369,-3.179934,-6.655846,-23.425379,27.398586,-23.905304
6.143750,50.824802,-3.183760,-10.685353,-23.238867,22.547867,-23.788721
6.150000,56.745010,-3.187110,-13.591536,-22.982548,17.973244,-23.611671
6.156250,62.671448,-3.189711,-15.463815,-22.683443,13.526382,-23.387390
6.162500,68.597359,-3.192416,-16.358171,-22.365988,9.214467,-23.131447
6.168750,74.519562,-3.195786,-16.318552,-22.049255,5.094995,-22.856627
6.175000,80.443832,-3.199173,-15.435185,-21.751760,1.237579,-22.576803
6.181250,86.374184,-3.201543,-13.853745,-21.489862,-2.294980,-22.304760
6.187500,92.308281,-3.203156,-11.745223,-21.276743,-5.391906,-22.075043
6.193750,96.345329,-3.204649,-9.322515,-21.130850,-7.825700,-21.878035
6.200000,100.107483,-3.205876,-6.810689,-21.062464,-10.289003,-21.717699
6.206250,103.064117,-3.206498,-3.998513,-21.040867,-12.044926,-21.629061
6.212500,104.721786,-3.206834,-0.943379,-21.087097,-13.277924,-21.629053
6.218750,104.650536,-3.207381,2.038185,-21.199059,-14.150550,-21.742811
6.225000,102.511108,-3.208129,4.755513,-21.357821,-14.893245,-21.900818
6.231250,98.068939,-3.208797,6.960637,-21.564001,-14.863053,-22.125277
6.237500,91.202896,-3.209419,8.284431,-21.825270,-15.255878,-22.436186
6.243750,81.913559,-3.209832,8.649416,-22.121777,-15.893173,-22.820997
6.250000,70.322670,-3.209767,10.124053,-22.437296,-16.769384,-23.261984
6.256250,56.665752,-3.209521,11.244143,-22.761433,-17.878122,-23.736719
6.262500,41.279022,-3.209905,10.547884,-23.087946,-19.181377,-24.220730
6.268750,24.592148,-3.210735,10.122541,-23.408075,-20.522171,-24.674473
6.275000,7.103505,-3.210679,9.932382,-23.700788,-21.452841,-25.084263
6.281250,-10.653335,-3.209430,9.906899,-23.954752,-21.840622,-25.440151
6.287500,-28.143194,-3.208486,9.910962,-24.166662,-21.631712,-25.725370
6.293750,-44.839748,-3.209272,9.860561,-24.331276,-20.542654,-25.924543
6.300000,-60.242226,-3.211045,9.731332,-24.437466,-18.251976,-26.022097
6.306250,-73.913933,-3.212460,9.500328,-24.472292,-14.483357,-26.004721
6.312500,-85.516479,-3.213725,9.128663,-24.421896,-9.056172,-25.861132
6.318750,-94.820580,-3.215943,8.548115,-24.278360,-1.945009,-25.606756
6.325000,-101.704903,-3.219207,9.758797,-24.068333,6.582155,-25.299742
6.331250,-106.163239,-3.222982,11.274142,-23.806818,16.249758,-24.911158
6.337500,-108.315231,-3.227196,11.800669,-23.484125,26.623964,-24.463207
6.343750,-108.400589,-3.232275,13.368386,-23.117435,37.500278,-24.003496
6.350000,-106.757545,-3.237783,15.660332,-22.735632,48.311920,-23.569424
6.356250,-103.808105,-3.242750,18.408306,-22.366947,58.390030,-23.191324
6.362500,-100.044754,-3.246893,21.373085,-22.034735,67.061958,-22.887745
6.368750,-96.006287,-3.250662,24.323032,-21.757114,73.684265,-22.635468
6.375000,-90.072449,-3.254034,27.021994,-21.548048,77.650711,-22.486683
6.381250,-84.136307,-3.256722,29.191477,-21.495148,79.533485,-22.468336
6.387500,-78.198662,-3.258876,32.150768,-21.454769,78.459404,-22.567539
6.393750,-72.262650,-3.260724,34.115189,-21.517035,74.585457,-22.758039
6.400000,-66.326088,-3.261880,35.775749,-21.689161,68.247032,-22.964760
6.406250,-60.389080,-3.261963,37.113636,-21.963593,59.745831,-23.232998
6.412500,-54.455589,-3.261851,38.065617,-22.323761,48.309605,-23.567694
6.418750,-48.529648,-3.262462,38.550419,-22.751690,35.321236,-23.923483
6.425000,-42.607803,-3.263367,38.508293,-23.219486,21.222656,-24.268007
6.431250,-36.683601,-3.263726,37.911186,-23.696026,6.551847,-24.571516
6.437500,-30.759586,-3.263686,36.710056,-24.149490,-8.149684,-24.808634
6.443750,-24.842051,-3.264362,37.049820,-24.544359,-22.353848,-24.952147
6.450000,-18.930368,-3.266113,35.643490,-24.851398,-35.624321,-25.009241
6.456250,-13.018538,-3.268254,34.516964,-25.065336,-47.774876,-25.046396
6.462500,-7.103512,-3.270505,33.532116,-25.181683,-58.681011,-24.960562
6.468750,-1.188101,-3.273058,32.631599,-25.195114,-66.501816,-24.800917
6.475000,4.728954,-3.275642,31.732697,-25.107462,-72.466888,-24.605930
6.481250,10.649626,-3.277864,30.730526,-24.936295,-76.284187,-24.405096
6.487500,16.571003,-3.280089,29.506382,-24.711714,-77.792725,-24.224630
6.493750,22.490595,-3.282976,28.052065,-24.451981,-76.871140,-24.061066
6.500000,28.410515,-3.285896,26.459862,-24.164110,-75.330597,-23.902344
6.506250,34.336891,-3.288067,22.828915,-23.872852,-71.728104,-23.740755
6.512500,40.266266,-3.289672,18.775251,-23.598665,-66.626480,-23.625267
6.518750,46.191803,-3.291870,15.922960,-23.378681,-60.424252,-23.563017
6.525000,52.114761,-3.294661,12.477946,-23.226992,-53.941410,-23.537201
6.531250,58.042786,-3.296941,8.677796,-23.144522,-47.740463,-23.537298
6.537500,63.976986,-3.298187,4.702112,-23.128487,-42.295921,-23.556332
6.543750,69.909943,-3.299380,0.699923,-23.173044,-38.012211,-23.592861
6.550000,75.837975,-3.301033,-3.189579,-23.268927,-35.244560,-23.638151
6.556250,81.765976,-3.302657,-6.813621,-23.391447,-32.519157,-23.656088
6.562500,87.696571,-3.303805,-9.976026,-23.421953,-31.463224,-23.666605
6.568750,93.627151,-3.304762,-12.049071,-23.537252,-31.588654,-23.670347
6.575000,97.661133,-3.305654,-14.438850,-23.647129,-32.523800,-23.675837
6.581250,101.420097,-3.306308,-15.633986,-23.733820,-33.889236,-23.686432
6.587500,104.371269,-3.307187,-15.799680,-23.792679,-35.097500,-23.690166
6.593750,106.020828,-3.308787,-15.113130,-23.826542,-37.618629,-23.692551
6.600000,105.943855,-3.310620,-13.751081,-23.840742,-39.420910,-23.699110
6.606250,103.805656,-3.311699,-11.876630,-23.837564,-40.615849,-23.710768
6.612500,99.366592,-3.312189,-9.660659,-23.819374,-41.323402,-23.727686
6.618750,92.497162,-3.313338,-7.286529,-23.787266,-41.687786,-23.747717
6.625000,83.197083,-3.315724,-4.937215,-23.741066,-41.851383,-23.766502
6.631250,71.593597,-3.318492,-0.641940,-23.683281,-41.970768,-23.783094
6.637500,57.929096,-3.321077,2.158210,-23.614229,-42.187721,-23.795406
6.643750,42.540482,-3.324064,5.443878,-23.524454,-41.374973,-23.743599
6.650000,25.852375,-3.327894,9.002594,-23.400742,-42.308937,-23.686993
6.656250,8.361381,-3.331836,12.521628,-23.243307,-43.708141,-23.620680
6.662500,-9.396341,-3.335074,15.651886,-23.052399,-45.754456,-23.536905
6.668750,-26.878096,-3.337963,18.127567,-22.818745,-48.613598,-23.425251
6.675000,-43.556026,-3.341092,19.667183,-22.546265,-52.495506,-23.299000
6.681250,-58.937286,-3.344655,19.924803,-22.257957,-55.509125,-23.179850
6.687500,-72.592293,-3.348343,20.874149,-21.960741,-59.080559,-23.072296
6.693750,-84.178528,-3.352084,21.026430,-21.678629,-62.789013,-22.983765
6.700000,-93.457825,-3.355406,20.699436,-21.461380,-66.293968,-22.934139
6.706250,-100.307045,-3.357678,19.868530,-21.229822,-69.207291,-22.936426
6.712500,-104.729279,-3.359093,18.824602,-21.052607,-71.018875,-22.972511
6.718750,-106.851822,-3.360465,18.013176,-20.963646,-71.546364,-23.060928
6.725000,-106.912178,-3.362153,17.514639,-20.975723,-70.653244,-23.196554
6.731250,-105.245552,-3.363417,17.332119,-21.091429,-68.082779,-23.371578
6.737500,-102.276306,-3.363638,17.420389,-21.301056,-65.503494,-23.619057
6.743750,-98.500511,-3.363024,17.680401,-21.598969,-61.429771,-23.906694
6.750000,-94.455780,-3.362213,17.907711,-21.995634,-56.369209,-24.202456
6.756250,-88.519981,-3.361259,20.220089,-22.432306,-50.700241,-24.472105
6.762500,-82.587120,-3.360351,21.454947,-22.884647,-44.865871,-24.704052
6.768750,-76.657234,-3.359664,23.265322,-23.354101,-39.395000,-24.892715
6.775000,-70.728333,-3.358733,25.451782,-23.825085,-32.488804,-25.025227
6.781250,-64.797951,-3.357073,27.831949,-24.278723,-25.869801,-25.094440
6.787500,-58.870472,-3.355096,30.203913,-24.695007,-19.368807,-25.097158
6.793750,-52.950676,-3.353861,32.360371,-25.056376,-12.801304,-25.032780
6.800000,-47.038486,-3.353771,34.091919,-25.347961,-5.975019,-24.903017
6.806250,-41.127811,-3.354076,35.212425,-25.558100,1.300100,-24.710720
6.812500,-35.215153,-3.354561,35.560925,-25.680096,9.204547,-24.452299
6.818750,-29.303644,-3.355880,37.162487,-25.716181,17.934130,-24.078201
6.825000,-23.394386,-3.357988,38.533474,-25.692556,24.759550,-23.738712
6.831250,-17.481327,-3.360109,38.252056,-25.591867,32.248798,-23.393156
6.837500,-11.564090,-3.361994,38.626839,-25.426508,39.531727,-23.082071
6.843750,-5.648479,-3.364721,39.287659,-25.233313,45.958603,-22.850588
6.850000,0.264747,-3.368632,40.177467,-25.034403,50.819981,-22.674553
6.856250,6.183097,-3.372408,41.276760,-24.845770,55.457821,-22.580400
6.862500,12.111498,-3.374835,42.565216,-24.677584,58.071655,-22.588127
6.868750,18.043835,-3.376540,44.043480,-24.528969,58.889812,-22.694374
6.875000,23.970751,-3.378690,45.715958,-24.384941,58.199318,-22.885521
6.881250,29.892855,-3.381434,45.725628,-24.201199,56.358952,-23.129007
6.887500,35.816593,-3.384095,46.149731,-24.076954,53.716251,-23.393814
6.893750,41.743141,-3.386385,46.601688,-23.982950,50.441532,-23.685755
6.900000,47.670567,-3.388373,46.501396,-23.923689,47.012978,-23.965607
6.906250,53.597996,-3.389934,45.623478,-23.932489,44.002060,-24.193293
6.912500,59.523640,-3.391114,44.433617,-23.888546,39.941803,-24.342876
6.918750,65.444069,-3.392811,42.417072,-23.855350,36.797394,-24.401745
6.925000,71.358398,-3.395667,39.539444,-23.835194,34.332157,-24.364185
6.931250,77.272614,-3.399010,35.977890,-23.797638,32.314030,-24.226707
6.937500,83.191231,-3.402276,31.795570,-23.773193,30.464277,-24.000063
6.943750,89.113304,-3.405555,27.130327,-23.766600,28.427803,-23.723635
6.950000,95.036362,-3.408982,22.668610,-23.754318,25.824818,-23.414200
6.956250,99.067307,-3.411944,18.548161,-23.722383,23.816647,-23.038029
6.962500,102.829636,-3.413983,14.844451,-23.659494,20.762892,-22.651745
6.968750,105.784935,-3.416021,11.580283,-23.564854,16.892773,-22.289639
6.975000,107.435226,-3.419246,8.741059,-23.443058,12.275133,-21.975683
6.981250,107.359367,-3.423082,6.342010,-23.295280,6.990177,-21.723167
6.987500,105.225555,-3.426135,4.392912,-23.123125,1.117335,-21.538485
6.993750,100.797302,-3.427843,2.877904,-22.924335,-5.267302,-21.414724
7.000000,93.943542,-3.429116,1.775765,-22.688801,-12.106120,-21.338068
7.006250,84.659035,-3.431032,1.002331,-22.398226,-17.344736,-21.337790
7.012500,73.068016,-3.433514,2.483927,-22.105053,-22.442341,-21.408974
7.018750,59.412582,-3.436249,4.398007,-21.856386,-26.768497,-21.528435
7.025000,44.035320,-3.438919,5.540945,-21.601746,-29.894497,-21.683453
7.031250,27.363678,-3.441239,8.071900,-21.355021,-31.212227,-21.902328
7.037500,9.888587,-3.443278,11.223577,-21.163286,-32.070461,-22.147820
7.043750,-7.859113,-3.445516,14.617711,-21.062790,-31.370796,-22.440563
7.050000,-25.333836,-3.448061,17.949255,-21.079927,-29.462389,-22.789331
7.056250,-41.998596,-3.450135,20.979507,-21.223661,-26.596077,-23.196417
7.062500,-57.358116,-3.450920,25.705774,-21.485355,-23.038940,-23.663626
7.068750,-70.989693,-3.450764,28.611568,-21.869850,-19.094812,-24.202080
7.075000,-82.558960,-3.450387,31.611654,-22.365692,-14.995657,-24.759869
7.081250,-91.828651,-3.449867,34.555744,-22.930548,-10.687434,-25.301176
7.087500,-98.674194,-3.448539,37.296261,-23.491209,-8.793343,-25.843035
7.093750,-103.095436,-3.446430,38.973221,-24.140202,-5.785440,-26.378922
7.100000,-105.218056,-3.443891,39.781376,-24.794189,-3.655361,-26.889259
7.106250,-105.281227,-3.441243,39.593464,-25.419277,-2.456836,-27.350414
7.112500,-103.625420,-3.438723,38.171963,-26.003992,-2.208146,-27.735586
7.118750,-100.678551,-3.436670,35.277344,-26.530773,-2.872772,-28.015474
7.125000,-96.932129,-3.435269,32.543007,-26.921783,-4.336185,-28.144314
7.131250,-92.915138,-3.433990,28.711506,-27.199381,-6.371024,-28.104807
7.137500,-87.004753,-3.432668,24.242279,-27.374989,-10.407783,-27.951445
7.143750,-81.100052,-3.432212,19.407450,-27.454762,-14.992149,-27.662271
7.150000,-75.203865,-3.433646,14.479218,-27.443687,-20.260788,-27.242279
7.156250,-69.309837,-3.436316,9.728043,-27.345556,-26.150229,-26.709932
7.162500,-63.407738,-3.438802,5.397037,-27.167421,-32.519707,-26.094456
7.168750,-57.498138,-3.440772,1.675203,-26.922400,-39.198830,-25.439810
7.175000,-51.588551,-3.443168,-1.284315,-26.627275,-46.012428,-24.797541
7.181250,-45.680645,-3.446251,-3.362537,-26.300200,-52.983166,-24.142698
7.187500,-39.768700,-3.449353,-4.471353,-25.958450,-58.049168,-23.529573
7.193750,-33.849796,-3.451835,-4.552383,-25.609383,-62.435692,-23.001266
7.200000,-27.927788,-3.454044,-5.477430,-25.240627,-65.497055,-22.583834
7.206250,-22.005077,-3.456144,-3.616593,-24.910395,-66.625076,-22.270502
7.212500,-16.080463,-3.457808,-1.260134,-24.628340,-67.196159,-22.057951
7.218750,-10.153928,-3.459208,1.731311,-24.390621,-65.677788,-21.986412
7.225000,-4.229539,-3.461019,5.135473,-24.193230,-62.219997,-22.031595
7.231250,1.692989,-3.463468,8.729961,-24.030554,-57.178741,-22.172827
7.237500,7.619273,-3.465593,12.222427,-23.903635,-51.047947,-22.384659
7.243750,13.551502,-3.466838,15.288092,-23.821026,-44.360100,-22.630375
7.250000,19.483906,-3.467740,19.891550,-23.771420,-37.681366,-22.856604
7.256250,25.411787,-3.468977,22.601788,-23.743959,-31.683813,-23.073195
7.262500,31.335985,-3.470699,25.322556,-23.738104,-27.368109,-23.287874
7.268750,37.259052,-3.472715,27.777618,-23.761839,-22.702871,-23.448568
7.275000,43.181892,-3.475404,29.799185,-23.782698,-19.397327,-23.525026
7.281250,49.104202,-3.478801,31.361418,-23.781925,-17.468903,-23.520824
7.287500,55.030571,-3.482025,32.095417,-23.764084,-16.789091,-23.440571
7.293750,60.963886,-3.484132,31.915936,-23.706581,-17.088631,-23.290297
7.300000,66.901031,-3.485173,30.915224,-23.594412,-18.073763,-23.081696
7.306250,72.835327,-3.485876,29.686066,-23.486929,-19.448971,-22.835335
7.312500,78.761826,-3.487142,28.305710,-23.358229,-20.917341,-22.576935
7.318750,84.682854,-3.489293,26.995758,-23.205671,-22.210106,-22.337664
7.325000,90.603104,-3.492015,24.265928,-23.040630,-23.162447,-22.132404
7.331250,96.528412,-3.494423,22.243904,-22.852610,-23.772308,-21.965633
7.337500,100.565399,-3.495808,20.871468,-22.647856,-23.892183,-21.869589
7.343750,104.330826,-3.496418,19.892607,-22.451742,-23.518154,-21.862623
7.350000,107.286049,-3.497226,19.156782,-22.280912,-22.815315,-21.934046
7.356250,108.937592,-3.498783,18.576780,-22.142508,-20.071089,-22.052763
7.362500,108.863319,-3.500743,18.057829,-22.038292,-16.835211,-22.270866
7.368750,106.726463,-3.502417,17.481100,-21.963938,-14.843192,-22.558029
7.375000,102.289192,-3.503799,16.705305,-21.914175,-12.596498,-22.877970
7.381250,95.427063,-3.505215,17.695921,-21.886183,-10.301176,-23.195858
7.387500,86.139183,-3.506931,18.852175,-21.890831,-8.171248,-23.483027
7.393750,74.546844,-3.509428,20.298599,-21.938225,-4.348966,-23.736685
7.400000,60.888264,-3.512496,21.970860,-21.989349,-0.421750,-23.939850
7.406250,45.509296,-3.515375,24.134241,-22.064236,2.113476,-24.075092
7.412500,28.839531,-3.517255,26.855572,-22.179701,5.164182,-24.135910
7.418750,11.366102,-3.518549,29.981562,-22.344522,8.438212,-24.122877
7.425000,-6.384315,-3.520195,33.280098,-22.566162,11.633644,-24.044195
7.431250,-23.865316,-3.522382,36.498657,-22.847223,14.481875,-23.909401
7.437500,-40.538826,-3.524487,41.574120,-23.185040,16.768957,-23.722843
7.443750,-55.910904,-3.526128,45.027882,-23.567921,18.327644,-23.479719
7.450000,-69.556091,-3.527759,48.795414,-23.969006,18.941328,-23.207495
7.456250,-81.135857,-3.529086,52.519157,-24.407455,18.320230,-22.944620
7.462500,-90.408653,-3.529465,55.662910,-24.900587,16.491556,-22.709555
7.468750,-97.255035,-3.528811,58.116718,-25.445091,13.564326,-22.519585
7.475000,-101.680397,-3.527948,59.724258,-26.019379,9.694417,-22.384661
7.481250,-103.808601,-3.527125,60.578720,-26.580118,5.159252,-22.299751
7.487500,-103.872879,-3.525803,58.473274,-27.133680,0.239249,-22.267424
7.493750,-102.211380,-3.523537,54.943703,-27.672312,-4.776282,-22.286642
7.500000,-99.256790,-3.521257,49.579605,-28.168983,-9.447428,-22.338108
7.506250,-95.506111,-3.519784,44.230801,-28.590775,-13.210773,-22.415241
7.512500,-91.487930,-3.518750,37.204800,-28.933464,-15.374694,-22.521301
7.518750,-85.575546,-3.517556,28.769934,-29.186291,-15.468986,-22.629362
7.525000,-79.666054,-3.516764,19.417034,-29.331839,-13.049200,-22.722925
7.531250,-73.763878,-3.517214,9.599298,-29.365713,-9.512779,-22.797640
7.537500,-67.865509,-3.518553,-0.247088,-29.301804,-4.910487,-22.832581
7.543750,-61.965790,-3.520229,-9.645801,-29.142702,1.938957,-22.817776
7.550000,-56.064999,-3.522366,-17.949896,-28.871719,10.059656,-22.766373
7.556250,-50.165749,-3.525619,-24.896042,-28.527725,18.557817,-22.692719
7.562500,-44.265808,-3.529679,-32.077759,-28.136192,26.618891,-22.612976
7.568750,-38.360298,-3.533882,-37.461376,-27.704065,33.511120,-22.549555
7.575000,-32.447414,-3.537610,-41.165447,-27.248249,38.627647,-22.493650
7.581250,-26.529367,-3.540899,-43.082119,-26.819853,41.618927,-22.436218
7.587500,-20.608395,-3.543547,-43.488075,-26.412632,44.024113,-22.404488
7.593750,-14.685403,-3.545515,-42.741337,-26.030415,44.179127,-22.411074
7.600000,-8.763618,-3.547230,-41.088821,-25.678978,42.526508,-22.456326
7.606250,-2.846376,-3.549393,-38.744747,-25.361668,39.598396,-22.532608
7.612500,3.069100,-3.551901,-35.930016,-25.076939,35.956516,-22.627344
7.618750,8.987414,-3.553970,-32.876373,-24.818644,32.146126,-22.732363
7.625000,14.908170,-3.555565,-27.676443,-24.581480,28.634268,-22.859159
7.631250,20.825777,-3.557444,-21.984838,-24.362684,25.849043,-23.048210
7.637500,26.739578,-3.560065,-17.463745,-24.155355,24.144754,-23.201023
7.643750,32.652027,-3.563015,-12.273985,-23.941381,23.109564,-23.330381
7.650000,38.566807,-3.566118,-6.734068,-23.682001,23.504219,-23.454828
7.656250,44.481152,-3.569843,-1.363127,-23.384417,25.065016,-23.583876
7.662500,50.394176,-3.574746,2.997409,-23.090693,27.321527,-23.728567
7.668750,56.309708,-3.580250,8.243039,-22.793619,29.776878,-23.886419
7.675000,62.234509,-3.585467,12.700573,-22.496738,31.960966,-24.057421
7.681250,68.168037,-3.589682,16.518393,-22.213621,33.315784,-24.244692
7.687500,74.107140,-3.593112,19.883108,-21.964672,35.132111,-24.451374
7.693750,80.046509,-3.596095,23.031960,-21.769184,35.212719,-24.681202
7.700000,85.985413,-3.598726,24.390045,-21.625357,33.578712,-24.942175
7.706250,91.924797,-3.600827,25.919006,-21.535770,30.330500,-25.245329
7.712500,95.970467,-3.602262,27.273321,-21.507248,26.113750,-25.506456
7.718750,99.741776,-3.603171,28.199327,-21.527615,21.403358,-25.759100
7.725000,102.705719,-3.603507,28.449118,-21.596165,16.033381,-26.022793
7.731250,104.369339,-3.603399,27.600504,-21.735592,10.414546,-26.281178
7.737500,104.302162,-3.603323,25.605143,-21.917284,4.914030,-26.511091
7.743750,102.163330,-3.603874,24.573265,-22.114487,-0.154473,-26.681791
7.750000,97.716446,-3.605341,22.985106,-22.308872,-4.553501,-26.756842
7.756250,90.844666,-3.607218,21.174656,-22.483974,-8.176755,-26.737432
7.762500,81.551163,-3.609027,19.427753,-22.631788,-11.157649,-26.636736
7.768750,69.955879,-3.611164,17.930445,-22.751818,-13.279645,-26.440838
7.775000,56.292053,-3.614297,16.884893,-22.839876,-14.503048,-26.149004
7.781250,40.903194,-3.618459,16.472881,-22.899267,-14.908097,-25.774445
7.787500,24.223267,-3.622639,16.763861,-22.939999,-14.624681,-25.341722
7.793750,6.747215,-3.625916,17.763103,-22.972263,-13.777346,-24.881252
7.800000,-10.995879,-3.628458,19.415871,-23.006973,-12.458592,-24.411852
7.806250,-28.465351,-3.630807,21.644686,-23.049118,-10.620310,-23.917309
7.812500,-45.128223,-3.632809,22.465065,-23.095263,-8.417057,-23.377638
7.818750,-60.489853,-3.633926,25.476625,-23.156126,-7.809960,-22.911591
7.825000,-74.124687,-3.634257,28.540936,-23.244738,-6.325227,-22.528809
7.831250,-85.696678,-3.634367,31.410389,-23.383663,-4.914171,-22.222420
7.837500,-94.967484,-3.634145,33.910023,-23.589602,-3.711937,-21.991627
7.843750,-101.812737,-3.632853,35.938950,-23.886889,-2.724082,-21.832678
7.850000,-106.234856,-3.630840,37.563156,-24.202412,-1.912003,-21.750418
7.856250,-108.361671,-3.629115,38.830460,-24.551781,-1.261195,-21.743956
7.862500,-108.429367,-3.627999,39.359283,-24.939228,-0.655093,-21.805222
7.868750,-106.773056,-3.626569,37.284866,-25.347664,-2.061861,-21.920546
7.875000,-103.815392,-3.624233,34.285435,-25.750904,-3.877782,-22.070255
7.881250,-100.054634,-3.621543,32.010410,-26.141577,-6.334449,-22.223652
7.887500,-96.028976,-3.619381,28.601078,-26.508051,-9.631868,-22.339724
7.893750,-90.115067,-3.617710,24.302872,-26.829149,-11.984826,-22.476542
7.900000,-84.203506,-3.616283,19.362415,-27.088039,-14.922439,-22.583807
7.906250,-78.296021,-3.615695,14.080489,-27.259100,-17.707651,-22.641857
7.912500,-72.393730,-3.616403,8.771756,-27.331705,-20.084639,-22.659340
7.918750,-66.490974,-3.616403,3.643464,-27.331705,-21.701786,-22.659340
7.925000,-66.490974,-3.616403,3.643464,-27.331705,-21.701786,-22.659340
7.931250,-66.490974,-3.616403,3.643464,-27.331705,-21.701786,-22.659340
7.937500,-66.490974,-3.616403,3.643464,-27.331705,-21.701786,-22.659340
7.943750,-66.490974,-3.616403,3.643464,-27.331705,-21.701786,-22.659340
7.950000,-66.490974,-3.616403,3.643464,-27.331705,-21.701786,-22.659340
7.956250,-66.490974,-3.616403,3.643464,-27.331705,-21.701786,-22.659340
7.962500,-66.490974,-3.616403,3.643464,-27.331705,-21.701786,-22.659340
7.968750,-66.490974,-3.616403,3.643464,-27.331705,-21.701786,-22.659340
7.975000,-66.490974,-3.616403,3.643464,-27.331705,-21.701786,-22.659340
7.981250,-66.490974,-3.616403,3.643464,-27.331705,-21.701786,-22.659340
7.987500,-66.490974,-3.616403,3.643464,-27.331705,-21.701786,-22.659340
7.993750,-66.490974,-3.616403,3.643464,-27.331705,-21.701786,-22.659340
8.000000,-66.490974,-3.616403,3.643464,-27.331705,-21.701786,-22.659340
