Anritsu VNA Frequency[GHz],S21[deg],S21[dB],S11[deg],S11[dB],S22[deg],S22[dB]
1338053681.73,2012_05_26_18:34:41,+62.478,+180.95,+165.77,+181.31,+186.95,+189.13,+183.32,+184.96,168.149277,-5.625
3.006250,46.793064,-2.492661,71.094177,-27.654827,-75.636757,-28.568058
3.012500,46.793064,-2.492661,71.094177,-27.654827,-75.636757,-28.568058
3.018750,46.793064,-2.492661,71.094177,-27.654827,-75.636757,-28.568058
3.025000,46.793064,-2.492661,71.094177,-27.654827,-75.636757,-28.568058
3.031250,46.793064,-2.492661,71.094177,-27.654827,-75.636757,-28.568058
3.037500,46.793064,-2.492661,71.094177,-27.654827,-75.636757,-28.568058
3.043750,46.793064,-2.492661,71.094177,-27.654827,-75.636757,-28.568058
3.050000,46.793064,-2.492661,71.094177,-27.654827,-75.636757,-28.568058
3.056250,46.793064,-2.492661,71.094177,-27.654827,-75.636757,-28.568058
3.062500,46.793064,-2.492661,71.094177,-27.654827,-75.636757,-28.568058
3.068750,46.793064,-2.492661,71.094177,-27.654827,-75.636757,-28.568058
3.075000,46.793064,-2.492661,71.094177,-27.654827,-75.636757,-28.568058
3.081250,46.793064,-2.492661,71.094177,-27.654827,-75.636757,-28.568058
3.087500,46.793064,-2.492661,71.094177,-27.654827,-75.636757,-28.568058
3.093750,46.793064,-2.495104,71.094177,-27.457579,-75.636757,-28.406887
3.100000,52.728321,-2.497951,67.217926,-27.278595,-76.026581,-28.220915
3.106250,58.663273,-2.500976,62.433285,-27.141504,-75.604134,-28.011326
3.112500,64.599251,-2.504061,55.390335,-27.063177,-74.097549,-27.766340
3.118750,70.535240,-2.507258,48.229599,-27.068342,-71.284676,-27.457474
3.125000,76.470581,-2.510606,41.352718,-27.051916,-67.100677,-27.114353
3.131250,82.405449,-2.514087,34.855625,-27.055197,-61.640537,-26.741423
3.137500,88.339294,-2.517816,28.691198,-27.090555,-54.595539,-26.326090
3.143750,94.271568,-2.522074,23.141508,-27.157135,-45.992302,-25.876993
3.150000,98.309662,-2.526664,18.491753,-27.244247,-37.838905,-25.409563
3.156250,102.077278,-2.531111,14.984859,-27.339176,-28.652979,-24.945007
3.162500,105.041214,-2.535264,12.809599,-27.427233,-19.147636,-24.507095
3.168750,106.708115,-2.539411,12.105763,-27.492941,-10.003522,-24.126551
3.175000,106.649269,-2.543726,12.982351,-27.517931,-1.844520,-23.841892
3.181250,104.524887,-2.548146,13.719232,-27.485699,5.124835,-23.569054
3.187500,100.100121,-2.552420,16.082972,-27.405977,10.405704,-23.346785
3.193750,93.252769,-2.556500,19.373350,-27.283352,13.585170,-23.200396
3.200000,83.982880,-2.560319,22.973122,-27.122269,14.703297,-23.142651
3.206250,72.411591,-2.563799,26.390997,-26.929899,13.802423,-23.168917
3.212500,58.775127,-2.566981,29.185610,-26.717466,11.031625,-23.281336
3.218750,43.412800,-2.570266,30.985113,-26.498127,6.682951,-23.501793
3.225000,26.751684,-2.573514,33.689911,-26.276089,0.989301,-23.739077
3.231250,9.286580,-2.576365,35.767246,-26.050383,-6.018059,-23.995203
3.237500,-8.450499,-2.578813,35.657028,-25.825396,-13.538726,-24.275522
3.243750,-25.916729,-2.581331,35.331596,-25.596003,-19.441109,-24.563627
3.250000,-42.580860,-2.584394,34.617477,-25.358059,-25.170891,-24.836473
3.256250,-57.947746,-2.587715,33.137981,-25.155493,-30.111105,-25.080004
3.262500,-71.586906,-2.590810,30.737226,-24.981358,-33.728703,-25.283617
3.268750,-83.158401,-2.593466,27.402943,-24.828747,-35.530685,-25.435102
3.275000,-92.428101,-2.596058,22.971668,-24.696508,-35.146503,-25.527035
3.281250,-99.276489,-2.599072,17.278334,-24.578096,-32.354851,-25.556973
3.287500,-103.702492,-2.602529,10.193978,-24.463461,-27.112986,-25.529552
3.293750,-105.824554,-2.606168,3.805297,-24.334850,-19.556681,-25.446161
3.300000,-105.878769,-2.609710,-3.272865,-24.148186,-9.942412,-25.307730
3.306250,-104.205574,-2.613029,-10.948363,-24.006186,1.344649,-25.128891
3.312500,-101.232910,-2.616138,-18.825930,-23.877840,13.778916,-24.934546
3.318750,-97.453926,-2.619230,-26.305967,-23.758057,26.741699,-24.749342
3.325000,-93.401337,-2.622187,-33.125504,-23.655899,39.591743,-24.590780
3.331250,-87.452614,-2.624904,-39.064369,-23.585415,53.864677,-24.469471
3.337500,-81.502228,-2.627181,-43.957664,-23.571718,67.576775,-24.392239
3.343750,-75.550972,-2.629078,-47.704834,-23.668274,80.654015,-24.360037
3.350000,-69.599953,-2.630610,-50.270294,-23.791702,91.168282,-24.355301
3.356250,-63.649387,-2.631774,-52.559189,-23.970007,100.728699,-24.341978
3.362500,-57.699802,-2.632771,-51.892799,-24.251347,108.415207,-24.410263
3.368750,-51.751942,-2.633482,-50.106773,-24.644243,113.760765,-24.536957
3.375000,-45.804466,-2.633685,-47.129108,-25.134630,116.545845,-24.729010
3.381250,-39.858418,-2.633411,-43.013611,-25.698265,116.501328,-24.994534
3.387500,-33.916550,-2.633189,-37.915501,-26.304499,113.838707,-25.261612
3.393750,-27.980766,-2.633536,-32.054790,-26.917183,108.492584,-25.542059
3.400000,-22.048761,-2.634284,-25.695972,-27.495079,100.622467,-25.792553
3.406250,-16.116768,-2.634960,-19.174955,-28.009058,90.932838,-26.078833
3.412500,-10.185149,-2.635620,-12.869604,-28.437021,80.583748,-26.376450
3.418750,-4.257366,-2.636882,-6.791132,-28.754065,70.047028,-26.651024
3.425000,1.666627,-2.639063,-0.945581,-28.946089,58.114075,-26.887585
3.431250,7.591292,-2.641551,4.379516,-29.010147,47.129829,-27.080315
3.437500,13.519282,-2.643903,8.958237,-28.950262,37.557026,-27.233620
3.443750,19.447536,-2.646578,12.726583,-28.743376,29.902918,-27.311602
3.450000,25.373602,-2.650219,15.578506,-28.410973,22.749308,-27.308680
3.456250,31.300917,-2.654338,17.369326,-27.985470,17.789883,-27.237705
3.462500,37.235130,-2.658009,18.208782,-27.501747,14.669595,-27.102720
3.468750,43.175228,-2.661021,18.337431,-26.996778,13.050217,-26.902502
3.475000,49.116440,-2.663746,18.064087,-26.511385,12.579138,-26.644407
3.481250,55.056076,-2.666523,17.735176,-26.083601,12.858593,-26.342680
3.487500,60.994350,-2.669496,16.090322,-25.676443,13.485466,-25.998951
3.493750,66.931999,-2.672765,15.114209,-25.331646,14.056747,-25.614246
3.500000,72.869354,-2.676384,14.504356,-25.072536,14.146937,-25.199690
3.506250,78.808823,-2.680034,14.216370,-24.900854,13.393290,-24.767677
3.512500,84.751915,-2.683029,14.217109,-24.804989,11.516800,-24.330074
3.518750,90.696327,-2.685679,14.478705,-24.751673,8.313940,-23.895407
3.525000,94.741501,-2.688908,14.972183,-24.664257,3.649453,-23.470554
3.531250,98.508850,-2.693225,15.650983,-24.607811,-0.413256,-23.067165
3.537500,101.471222,-2.698121,17.421480,-24.553734,-5.299627,-22.700697
3.543750,103.140984,-2.702738,19.620636,-24.470654,-10.536532,-22.391922
3.550000,103.090103,-2.707290,22.414381,-24.347519,-15.750944,-22.118967
3.556250,100.973633,-2.712335,24.133146,-24.165432,-20.736012,-21.851542
3.562500,96.555992,-2.717823,26.519798,-23.937061,-25.008802,-21.593275
3.568750,89.720543,-2.722828,29.036366,-23.688059,-28.779175,-21.427525
3.575000,80.470337,-2.726738,31.250063,-23.444084,-32.005333,-21.346621
3.581250,68.923134,-2.729494,32.772568,-23.236473,-34.719234,-21.370808
3.587500,55.310940,-2.731649,33.250469,-23.098862,-35.381565,-21.476929
3.593750,39.972412,-2.733392,32.440029,-23.053045,-36.407150,-21.637897
3.600000,23.337852,-2.734371,32.429256,-23.091810,-37.247852,-21.884367
3.606250,5.900900,-2.734056,31.697128,-23.228638,-37.849602,-22.216457
3.612500,-11.808805,-2.732722,30.574652,-23.468805,-38.281101,-22.614901
3.618750,-29.249638,-2.730821,29.480072,-23.805370,-38.678406,-23.046278
3.625000,-45.888786,-2.728429,28.696173,-24.261438,-39.335934,-23.523172
3.631250,-61.232544,-2.725223,28.555075,-24.815855,-38.466831,-24.032782
3.637500,-74.855354,-2.721498,29.465902,-25.432758,-37.465168,-24.541695
3.643750,-86.420647,-2.717944,29.730967,-26.074688,-36.042702,-25.025501
3.650000,-95.692139,-2.715011,31.030287,-26.700455,-34.038853,-25.463511
3.656250,-102.545990,-2.712672,32.783695,-27.258509,-31.357849,-25.836655
3.662500,-106.980087,-2.711003,34.330521,-27.697119,-27.965666,-26.131151
3.668750,-109.115517,-2.710113,36.873394,-28.048010,-23.908953,-26.345985
3.675000,-109.188698,-2.710048,38.377151,-28.274794,-19.313234,-26.485294
3.681250,-107.537582,-2.710495,38.878651,-28.358786,-14.326931,-26.549494
3.687500,-104.589127,-2.711356,38.253750,-28.299692,-9.140959,-26.541014
3.693750,-100.838181,-2.713284,36.426460,-28.114990,-3.999092,-26.468136
3.700000,-96.817215,-2.716502,33.392891,-27.841902,0.841560,-26.344645
3.706250,-90.898926,-2.720299,29.314333,-27.482731,5.165849,-26.182550
3.712500,-84.974846,-2.723933,24.568914,-27.054567,8.857344,-25.979431
3.718750,-79.047729,-2.727641,17.280539,-26.607828,11.829662,-25.737972
3.725000,-73.121483,-2.731966,9.338136,-26.176617,14.001815,-25.459019
3.731250,-67.194016,-2.736593,0.582972,-25.786894,15.532585,-25.179165
3.737500,-61.261433,-2.740841,-7.013522,-25.481035,16.867363,-24.935907
3.743750,-55.324348,-2.744573,-14.888656,-25.272240,18.123743,-24.740189
3.750000,-49.385933,-2.748124,-22.456696,-25.153116,19.683018,-24.587265
3.756250,-43.448341,-2.751478,-29.255474,-25.116106,20.354361,-24.429842
3.762500,-37.509819,-2.754520,-34.924023,-25.147631,22.086481,-24.264021
3.768750,-31.570990,-2.757326,-39.105007,-25.219097,22.644814,-24.120056
3.775000,-25.633018,-2.760266,-41.546303,-25.307619,23.929941,-24.034920
3.781250,-19.695990,-2.763212,-42.209354,-25.416920,25.147713,-23.981255
3.787500,-13.758039,-2.765788,-40.985676,-25.526327,25.941858,-23.945824
3.793750,-7.820144,-2.768176,-39.663460,-25.622095,26.061985,-23.925623
3.800000,-1.884147,-2.770846,-36.678356,-25.715454,25.334061,-23.919149
3.806250,4.049538,-2.773824,-32.493114,-25.714453,23.732758,-23.901287
3.812500,9.983231,-2.776975,-27.692137,-25.647736,21.318279,-23.854485
3.818750,15.916949,-2.780393,-23.261082,-25.537439,18.005405,-23.785517
3.825000,21.849600,-2.784229,-17.565809,-25.397293,13.875346,-23.697607
3.831250,27.783974,-2.788164,-12.406668,-25.239975,9.174880,-23.595205
3.837500,33.721436,-2.791784,-7.633503,-25.078381,4.232183,-23.489363
3.843750,39.659958,-2.795264,-3.041265,-24.922421,-0.583478,-23.406368
3.850000,45.596661,-2.799168,1.650949,-24.766851,-4.756016,-23.289400
3.856250,51.533062,-2.803243,4.806962,-24.614290,-9.584528,-23.151581
3.862500,57.472198,-2.806808,8.215789,-24.471554,-13.413191,-23.016809
3.868750,63.412174,-2.810171,11.558399,-24.336767,-16.370272,-22.891619
3.875000,69.348099,-2.814279,14.544263,-24.196850,-18.581915,-22.774193
3.881250,75.279800,-2.819615,16.900358,-24.021488,-20.209980,-22.654572
3.887500,81.213287,-2.825362,18.269329,-23.823244,-21.480495,-22.524141
3.893750,87.153351,-2.830695,18.126701,-23.611160,-22.727757,-22.389616
3.900000,93.096931,-2.835938,18.586588,-23.363405,-24.292107,-22.251879
3.906250,97.143860,-2.842000,18.110907,-23.071898,-26.450298,-22.108669
3.912500,100.915413,-2.849160,16.988483,-22.736523,-29.510939,-21.956251
3.918750,103.885223,-2.856993,15.507264,-22.360399,-33.785332,-21.788626
3.925000,105.564720,-2.864815,13.887674,-21.958115,-37.681255,-21.592422
3.931250,105.527000,-2.872309,12.292520,-21.552429,-43.121140,-21.370068
3.937500,103.430359,-2.879485,10.886267,-21.165545,-47.916069,-21.177418
3.943750,99.036118,-2.886254,9.842144,-20.819201,-53.028744,-21.016058
3.950000,92.223518,-2.892297,9.271781,-20.534336,-57.545311,-20.892902
3.956250,82.993683,-2.896987,9.217401,-20.329493,-60.733128,-20.819937
3.962500,71.466812,-2.900029,9.668368,-20.218548,-61.961121,-20.809166
3.968750,57.876537,-2.901667,10.596502,-20.205816,-62.594128,-20.870167
3.975000,42.559994,-2.902040,12.225551,-20.281883,-60.626518,-21.012194
3.981250,25.942915,-2.901244,14.746374,-20.411469,-56.361458,-21.262600
3.987500,8.517158,-2.899300,17.797800,-20.670732,-50.198212,-21.564592
3.993750,-9.186343,-2.896379,21.112482,-21.012211,-42.357334,-21.943592
4.000000,-26.622824,-2.892723,24.779737,-21.414328,-33.831539,-22.415327
4.006250,-43.259392,-2.888336,28.450012,-21.869114,-25.116455,-22.984594
4.012500,-58.605236,-2.883351,31.887777,-22.359278,-16.762676,-23.681997
4.018750,-72.235374,-2.878481,34.913826,-22.861380,-9.473901,-24.370182
4.025000,-83.810234,-2.874213,37.357265,-23.351984,-4.288872,-25.032089
4.031250,-93.090263,-2.870449,37.116856,-23.822268,0.502242,-25.721621
4.037500,-99.951065,-2.867089,37.815971,-24.261177,4.497706,-26.420080
4.043750,-104.393631,-2.864589,37.524727,-24.652456,6.589801,-27.090437
4.050000,-106.539207,-2.863210,36.236389,-24.988800,7.306224,-27.708561
4.056250,-106.620941,-2.862374,33.990204,-25.267426,7.207013,-28.256840
4.062500,-104.976151,-2.861477,30.954720,-25.469353,5.025213,-28.717373
4.068750,-102.035500,-2.860938,27.377689,-25.588221,3.088200,-29.062080
4.075000,-98.296585,-2.862057,23.405504,-25.637863,1.507602,-29.281084
4.081250,-94.289131,-2.864785,19.321718,-25.629080,0.339848,-29.373491
4.087500,-88.382607,-2.867938,15.517870,-25.568008,-0.276133,-29.336891
4.093750,-82.467041,-2.870518,10.527526,-25.458811,-0.151935,-29.170435
4.100000,-76.549492,-2.873033,6.391481,-25.308249,0.895655,-28.881849
4.106250,-70.636185,-2.876440,2.991447,-25.122890,0.861728,-28.491547
4.112500,-64.725502,-2.880805,0.248398,-24.904154,1.268552,-28.024668
4.118750,-58.812649,-2.885673,-1.915777,-24.651339,1.940309,-27.449600
4.125000,-52.896610,-2.891052,-3.671639,-24.374781,2.495520,-26.805962
4.131250,-46.978432,-2.896968,-5.194372,-24.086016,2.462915,-26.131365
4.137500,-41.056820,-2.903240,-6.601759,-23.793617,1.632842,-25.454735
4.143750,-35.129524,-2.909448,-7.969699,-23.501080,-0.116737,-24.798195
4.150000,-29.198088,-2.915591,-9.376536,-23.211124,-0.692932,-24.179016
4.156250,-23.264759,-2.922003,-8.742105,-22.925501,-1.479224,-23.605581
4.162500,-17.330061,-2.928743,-7.515331,-22.644411,-1.963955,-23.060457
4.168750,-11.392085,-2.935664,-7.187847,-22.367188,-1.753500,-22.630894
4.175000,-5.450632,-2.942742,-5.780035,-22.087736,-2.495779,-22.257561
4.181250,0.494878,-2.949772,-3.614647,-21.819784,-1.952313,-21.955008
4.187500,6.445123,-2.956503,-1.039554,-21.573332,-0.544422,-21.716772
4.193750,12.400113,-2.962839,1.629259,-21.356581,1.463471,-21.484396
4.200000,18.358961,-2.968646,4.071840,-21.177364,3.971753,-21.363939
4.206250,24.321028,-2.973704,5.974955,-21.043198,7.293473,-21.341467
4.212500,30.285902,-2.977714,9.231777,-20.958975,8.515480,-21.392939
4.218750,36.250973,-2.980801,12.273510,-20.918335,10.369903,-21.453445
4.225000,42.213459,-2.983440,15.440225,-20.911945,10.880774,-21.547861
4.231250,48.171825,-2.985868,17.095737,-20.930637,10.032776,-21.675707
4.237500,54.127396,-2.988085,19.092615,-20.962296,7.696423,-21.822721
4.243750,60.080730,-2.989846,21.023115,-21.015785,5.902712,-21.975695
4.250000,66.032776,-2.991261,22.436758,-21.092949,3.126340,-22.136044
4.256250,71.982887,-2.992185,23.052622,-21.175049,-0.190516,-22.293356
4.262500,77.929062,-2.992909,22.527224,-21.245506,-3.541740,-22.432371
4.268750,83.869148,-2.994013,20.508900,-21.291162,-6.488110,-22.537849
4.275000,89.801590,-2.996095,18.865070,-21.304081,-8.659550,-22.597597
4.281250,95.730766,-2.998956,15.968162,-21.276054,-9.745372,-22.600153
4.287500,99.766022,-3.002241,12.098893,-21.197069,-9.499438,-22.527260
4.293750,103.527901,-3.006323,7.496663,-21.068954,-7.818933,-22.364508
4.300000,106.481621,-3.011814,2.363022,-20.902939,-4.961875,-22.166538
4.306250,108.139900,-3.018118,-3.016448,-20.701818,-1.045347,-21.927036
4.312500,108.082451,-3.024160,-8.357912,-20.471308,3.880344,-21.646135
4.318750,105.967697,-3.029655,-13.430331,-20.219877,9.522062,-21.332314
4.325000,101.551247,-3.035456,-18.052197,-19.962074,15.514997,-21.000629
4.331250,94.709824,-3.042105,-22.090649,-19.715687,21.460825,-20.668015
4.337500,85.449348,-3.048754,-25.435221,-19.500481,26.977095,-20.348576
4.343750,73.895874,-3.054565,-28.028282,-19.362221,31.703945,-20.044859
4.350000,60.284027,-3.059463,-27.656679,-19.230110,35.322979,-19.751160
4.356250,44.951183,-3.063623,-27.124302,-19.157946,39.392056,-19.540215
4.362500,28.324032,-3.066586,-25.054907,-19.180601,42.374687,-19.414787
4.368750,10.894671,-3.068211,-21.385403,-19.300959,44.694412,-19.394379
4.375000,-6.808860,-3.069041,-16.228409,-19.515463,46.691284,-19.547043
4.381250,-24.242743,-3.069244,-9.801762,-19.812695,48.546253,-19.730949
4.387500,-40.872169,-3.068461,-2.391955,-20.173395,50.219524,-19.979174
4.393750,-56.203598,-3.066423,5.639596,-20.577387,52.632797,-20.299395
4.400000,-69.815788,-3.064021,13.855944,-21.010126,54.257725,-20.737810
4.406250,-81.370506,-3.061755,19.915939,-21.458014,56.418110,-21.249756
4.412500,-90.627899,-3.059196,27.222775,-21.904209,58.705059,-21.805220
4.418750,-97.463127,-3.056007,33.549778,-22.333277,60.864464,-22.380018
4.425000,-101.879700,-3.052836,38.639626,-22.723330,62.712669,-22.947479
4.431250,-104.002914,-3.050328,42.418816,-23.032141,64.184784,-23.461023
4.437500,-104.067322,-3.048328,44.745770,-23.257936,65.200111,-23.895126
4.443750,-102.409630,-3.046506,45.559223,-23.406172,65.616692,-24.237707
4.450000,-99.459068,-3.045416,45.030853,-23.477327,65.465759,-24.475563
4.456250,-95.710648,-3.045928,43.446697,-23.470934,64.875229,-24.599031
4.462500,-91.692924,-3.047757,41.175690,-23.390511,63.999336,-24.604605
4.468750,-85.777321,-3.050039,38.675388,-23.244570,63.030807,-24.496220
4.475000,-79.858467,-3.052812,34.556992,-23.050697,62.200336,-24.293480
4.481250,-73.939781,-3.056421,30.999914,-22.812836,61.827110,-23.986685
4.487500,-68.019768,-3.060731,28.087563,-22.533720,60.512566,-23.575626
4.493750,-62.095871,-3.065103,25.697229,-22.240261,59.901981,-23.104086
4.500000,-56.169552,-3.070030,23.753658,-21.955166,59.672161,-22.606529
4.506250,-50.244503,-3.076426,22.253801,-21.692289,59.586430,-22.109747
4.512500,-44.315926,-3.083582,21.205948,-21.455444,59.418869,-21.634739
4.518750,-38.376225,-3.090226,20.597561,-21.235723,58.932724,-21.198475
4.525000,-32.424774,-3.095642,20.386475,-20.984539,57.872555,-20.819433
4.531250,-26.469343,-3.100688,20.430597,-20.783512,55.926884,-20.542660
4.537500,-20.515909,-3.106107,22.036407,-20.641296,52.622219,-20.332933
4.543750,-14.560343,-3.111657,22.445223,-20.521225,49.298813,-20.191076
4.550000,-8.597541,-3.116459,23.610935,-20.415092,44.523472,-20.125090
4.556250,-2.627925,-3.120198,25.025736,-20.345934,38.573151,-20.067348
4.562500,3.344477,-3.123288,26.289108,-20.334234,31.906136,-20.159094
4.568750,9.317811,-3.125791,27.083052,-20.401436,25.349628,-20.371178
4.575000,15.292622,-3.127665,27.113325,-20.577820,18.763618,-20.709690
4.581250,21.270796,-3.128454,26.144068,-20.945240,11.985671,-21.063038
4.587500,27.250237,-3.128001,26.819349,-21.329803,5.896771,-21.486284
4.593750,33.229134,-3.126417,25.320387,-21.827654,0.830185,-21.983316
4.600000,39.204296,-3.124043,23.659758,-22.447170,-3.093964,-22.540871
4.606250,45.174393,-3.120904,21.860952,-23.190720,-5.872168,-23.142435
4.612500,51.139633,-3.117691,19.882011,-24.050865,-7.646786,-23.785480
4.618750,57.123302,-3.113579,17.970009,-24.978069,-8.562773,-24.448858
4.625000,63.070648,-3.110005,16.080223,-25.952015,-8.757664,-25.111677
4.631250,69.010796,-3.106773,14.224059,-26.942177,-8.479228,-25.757298
4.637500,74.948517,-3.102982,12.480470,-27.910019,-8.029175,-26.374619
4.643750,80.883705,-3.098504,9.055359,-28.809399,-7.735217,-26.940489
4.650000,86.808693,-3.094591,5.663607,-29.589626,-7.985257,-27.412029
4.656250,92.718407,-3.092647,3.999393,-30.199875,-9.120461,-27.753887
4.662500,98.618233,-3.092600,2.185071,-30.612644,-11.493402,-27.976217
4.668750,102.621185,-3.093780,0.139359,-30.819439,-13.550393,-28.094721
4.675000,106.351639,-3.096202,-2.048579,-30.804144,-16.813536,-28.091583
4.681250,109.275833,-3.100038,-4.307504,-30.561787,-21.046667,-27.959452
4.687500,110.903824,-3.104870,-6.633945,-30.107124,-26.058563,-27.703022
4.693750,110.809906,-3.110656,-9.063427,-29.473131,-31.645031,-27.334108
4.700000,108.651634,-3.117924,-11.630638,-28.709459,-37.541676,-26.863483
4.706250,104.191498,-3.127131,-14.450972,-27.841484,-43.437958,-26.297016
4.712500,97.315567,-3.137168,-17.898129,-26.880383,-49.005531,-25.621984
4.718750,88.031052,-3.146479,-21.861420,-25.883375,-53.763214,-24.920061
4.725000,76.455879,-3.154958,-24.371986,-24.922556,-59.126060,-24.232719
4.731250,62.818851,-3.163497,-27.169943,-24.053354,-63.707218,-23.586277
4.737500,47.459511,-3.172014,-29.872450,-23.296949,-67.637115,-23.021164
4.743750,30.811085,-3.179418,-32.204006,-22.667601,-71.298637,-22.475658
4.750000,13.365119,-3.185457,-33.967625,-22.168375,-74.794540,-21.976419
4.756250,-4.352650,-3.190841,-34.988514,-21.777815,-78.027519,-21.513430
4.762500,-21.799168,-3.195767,-35.136608,-21.398685,-80.508362,-21.202091
4.768750,-38.437767,-3.199766,-35.089828,-21.197701,-82.827293,-20.992638
4.775000,-53.775799,-3.202594,-32.329849,-21.075754,-85.168953,-20.866253
4.781250,-67.390350,-3.204638,-30.112276,-20.996862,-87.597717,-20.810495
4.787500,-78.944321,-3.206454,-26.539061,-20.931347,-90.157082,-20.818846
4.793750,-88.200661,-3.208233,-21.990200,-20.863754,-92.850143,-20.863232
4.800000,-95.036247,-3.210127,-16.965944,-20.786186,-95.562698,-20.915581
4.806250,-99.449776,-3.212164,-11.887082,-20.691271,-98.453789,-20.974888
4.812500,-101.562767,-3.214285,-7.228663,-20.578243,-101.530487,-21.030464
4.818750,-101.610451,-3.216519,-3.418760,-20.447563,-104.682945,-21.061260
4.825000,-99.935089,-3.219338,1.332432,-20.303049,-107.740341,-21.055273
4.831250,-96.963615,-3.222894,5.334790,-20.155962,-110.455925,-21.026766
4.837500,-93.183281,-3.226219,8.838387,-20.021364,-112.606461,-20.986128
4.843750,-89.123055,-3.228531,12.157537,-19.913704,-113.972702,-20.916315
4.850000,-83.166847,-3.230480,13.836143,-19.814035,-114.116341,-20.794033
4.856250,-77.216675,-3.233499,15.848824,-19.734852,-112.999298,-20.646387
4.862500,-71.270866,-3.237525,17.857580,-19.693462,-110.464897,-20.493542
4.868750,-65.318916,-3.241079,19.696478,-19.691078,-106.296188,-20.345173
4.875000,-59.357967,-3.243403,21.277761,-19.715210,-100.331009,-20.206337
4.881250,-53.395939,-3.245339,22.528656,-19.739145,-92.541916,-20.083803
4.887500,-47.438694,-3.247565,23.500950,-19.763506,-83.025864,-19.983595
4.893750,-41.484177,-3.250081,24.566109,-19.814018,-71.987663,-19.913555
4.900000,-35.528503,-3.252525,25.598856,-19.874142,-59.745789,-19.877422
4.906250,-29.571512,-3.254906,26.635788,-19.942482,-46.685410,-19.868097
4.912500,-23.614498,-3.257133,27.739796,-20.007866,-33.271816,-19.866558
4.918750,-17.656641,-3.259251,28.874495,-20.057266,-19.961006,-19.840200
4.925000,-11.700026,-3.261520,30.219458,-20.110102,-6.844373,-19.864908
4.931250,-5.744265,-3.264254,31.849092,-20.184284,5.717312,-19.920572
4.937500,0.213259,-3.266728,33.722179,-20.289110,17.173820,-19.998543
4.943750,6.178071,-3.268040,35.750290,-20.431507,27.317242,-20.099756
4.950000,12.145064,-3.268322,37.821125,-20.611961,36.044651,-20.226234
4.956250,18.107473,-3.268728,37.942787,-20.825207,43.360584,-20.379988
4.962500,24.064112,-3.269447,39.785744,-21.061859,49.332085,-20.569172
4.968750,30.021839,-3.269641,41.351784,-21.302753,54.087910,-20.872568
4.975000,35.981407,-3.269160,42.506123,-21.546457,58.093185,-21.086754
4.981250,41.938339,-3.268618,42.998394,-21.801271,59.593880,-21.351786
4.987500,47.891289,-3.267948,42.843410,-22.050314,60.201344,-21.671804
4.993750,53.845284,-3.266486,42.010479,-22.286987,59.872559,-22.042986
5.000000,59.798454,-3.264188,40.456741,-22.506023,58.501091,-22.460443
5.006250,65.743835,-3.262219,38.214840,-22.699686,55.997253,-22.919466
5.012500,71.679359,-3.261273,35.358311,-22.857359,52.257599,-23.405474
5.018750,77.612198,-3.260588,32.004784,-22.960485,48.911083,-23.840038
5.025000,83.546936,-3.259514,26.372498,-22.995998,44.241005,-24.231283
5.031250,89.479965,-3.258480,22.220043,-22.994776,38.587097,-24.607615
5.037500,95.406677,-3.257945,17.742542,-22.960779,32.514053,-24.944487
5.043750,99.434952,-3.257870,13.198600,-22.904060,26.446846,-25.223991
5.050000,103.187943,-3.258307,8.721413,-22.864691,20.702574,-25.435722
5.056250,106.132408,-3.259691,4.463433,-22.812277,15.604314,-25.567308
5.062500,107.777328,-3.261707,1.294626,-22.739439,11.489285,-25.604136
5.068750,107.701530,-3.263408,-1.349628,-22.693069,8.624390,-25.543543
5.075000,105.562828,-3.264615,-5.065143,-22.686081,7.211236,-25.389700
5.081250,101.115952,-3.266887,-7.932141,-22.713398,7.456253,-25.147062
5.087500,94.236778,-3.270983,-10.215672,-22.755260,9.550659,-24.825315
5.093750,84.935341,-3.275924,-12.121737,-22.807356,13.616207,-24.443020
5.100000,73.340233,-3.280301,-13.735035,-22.874163,19.650150,-24.031792
5.106250,59.684952,-3.284585,-15.357743,-22.933813,27.451136,-23.597483
5.112500,44.302036,-3.289782,-17.237495,-22.963730,36.419197,-23.125511
5.118750,27.621023,-3.295878,-19.509756,-22.947695,46.502781,-22.662392
5.125000,10.139873,-3.301784,-22.276793,-22.877033,57.291500,-22.236332
5.131250,-7.606900,-3.307437,-25.598499,-22.746323,68.184868,-21.863939
5.137500,-25.079336,-3.313492,-27.315598,-22.554375,78.541641,-21.551838
5.143750,-41.745441,-3.320143,-28.768002,-22.303799,87.732155,-21.293098
5.150000,-57.108753,-3.326818,-29.411596,-22.001436,95.188690,-20.987320
5.156250,-70.738823,-3.333027,-30.647736,-21.662371,100.062767,-20.850950
5.162500,-82.297371,-3.338788,-30.399523,-21.290174,104.219414,-20.734770
5.168750,-91.548759,-3.344100,-28.793253,-20.895426,106.165451,-20.655861
5.175000,-98.372322,-3.348636,-26.174826,-20.505434,106.094673,-20.618860
5.181250,-102.768089,-3.352368,-22.862949,-20.142372,104.487389,-20.616770
5.187500,-104.859177,-3.355313,-19.173561,-19.825249,101.947159,-20.632627
5.193750,-104.884102,-3.357548,-15.450123,-19.572218,99.181091,-20.653952
5.200000,-103.184807,-3.359099,-12.044789,-19.400976,94.990974,-20.739113
5.206250,-100.189537,-3.360373,-7.113664,-19.329546,91.544243,-20.879654
5.212500,-96.390831,-3.361414,-2.251994,-19.349445,87.640533,-20.989695
5.218750,-92.318794,-3.361910,1.041996,-19.440489,84.704567,-21.111883
5.225000,-86.350525,-3.361354,4.524471,-19.600372,82.487732,-21.254934
5.231250,-80.383469,-3.359898,7.863142,-19.789343,80.829941,-21.417429
5.237500,-74.421829,-3.358039,10.772073,-20.039753,79.502335,-21.602751
5.243750,-68.467239,-3.356260,12.158344,-20.372370,78.189743,-21.821606
5.250000,-62.520481,-3.355082,12.387160,-20.752983,76.577438,-22.074434
5.256250,-56.579666,-3.354695,13.237627,-21.165777,74.371330,-22.356482
5.262500,-50.639473,-3.354133,12.912109,-21.579996,71.283928,-22.664074
5.268750,-44.697006,-3.352711,11.605837,-21.985783,67.086098,-22.986687
5.275000,-38.758495,-3.351203,9.635706,-22.381611,61.557865,-23.309130
5.281250,-32.831913,-3.351305,7.209641,-22.760765,54.479523,-23.604944
5.287500,-26.914822,-3.353157,4.485641,-23.111927,45.807049,-23.875158
5.293750,-20.994865,-3.355108,1.598115,-23.424385,35.995293,-24.147232
5.300000,-15.068609,-3.356318,-1.339048,-23.687920,24.989151,-24.387712
5.306250,-9.145777,-3.358210,-4.194444,-23.888376,13.028683,-24.574312
5.312500,-3.233451,-3.362181,-6.850008,-24.014780,0.519617,-24.692507
5.318750,2.676499,-3.367752,-9.225224,-24.059214,-12.092978,-24.732565
5.325000,8.593900,-3.373663,-11.245058,-24.014881,-24.339960,-24.684637
5.331250,14.519162,-3.379973,-12.878149,-23.882475,-35.782700,-24.540956
5.337500,20.447811,-3.387104,-11.979792,-23.678537,-46.070019,-24.335043
5.343750,26.383425,-3.394366,-11.890526,-23.436550,-55.095551,-24.057261
5.350000,32.329651,-3.400910,-10.249192,-23.123917,-62.242168,-23.733870
5.356250,38.283634,-3.407180,-7.440498,-22.795578,-67.643372,-23.404928
5.362500,44.240421,-3.413652,-3.711366,-22.484858,-71.217621,-23.109047
5.368750,50.203659,-3.419625,0.749239,-22.216799,-73.000031,-22.881285
5.375000,56.178616,-3.423745,5.741368,-22.006311,-73.253296,-22.697023
5.381250,62.161446,-3.426255,11.034719,-21.859882,-72.296120,-22.552034
5.387500,68.143356,-3.427977,16.365715,-21.770926,-70.344009,-22.458864
5.393750,74.123314,-3.428724,19.519091,-21.747618,-66.390114,-22.504595
5.400000,80.105179,-3.427763,23.832432,-21.809898,-62.038349,-22.655260
5.406250,86.085693,-3.425408,27.261957,-21.942780,-57.458961,-22.900787
5.412500,92.057297,-3.422794,29.706161,-22.126928,-52.916092,-23.231224
5.418750,96.125160,-3.420037,31.088480,-22.334810,-48.513771,-23.580338
5.425000,99.914894,-3.416508,31.374605,-22.541092,-44.411209,-23.925755
5.431250,102.893150,-3.412579,30.585726,-22.720438,-40.913342,-24.251272
5.437500,104.561569,-3.409422,28.901474,-22.848145,-38.040825,-24.531649
5.443750,104.492332,-3.407728,26.721788,-22.922749,-35.728615,-24.737106
5.450000,102.351845,-3.407167,24.462912,-22.931318,-33.938622,-24.847406
5.456250,97.906921,-3.407505,22.456190,-22.857595,-32.583851,-24.848495
5.462500,91.035873,-3.408800,19.230721,-22.698521,-31.480553,-24.737047
5.468750,81.740967,-3.410825,16.846251,-22.462530,-30.434052,-24.533390
5.475000,70.144524,-3.413371,15.212324,-22.160986,-29.190643,-24.228468
5.481250,56.481499,-3.417133,14.260902,-21.799192,-27.139570,-23.809513
5.487500,41.092373,-3.422858,13.867856,-21.397087,-24.448059,-23.335812
5.493750,24.410252,-3.429584,13.816486,-20.986267,-20.915405,-22.849318
5.500000,6.936532,-3.435451,13.952230,-20.593365,-16.283131,-22.384901
5.506250,-10.797124,-3.440279,14.180235,-20.236755,-10.331499,-21.970432
5.512500,-28.254868,-3.445143,14.412954,-19.928141,-2.938183,-21.626341
5.518750,-44.907005,-3.450417,14.578154,-19.657080,5.832923,-21.307402
5.525000,-60.254307,-3.454996,14.880799,-19.414087,15.486585,-21.085989
5.531250,-73.866791,-3.458205,15.022462,-19.270174,25.671900,-20.968000
5.537500,-85.409431,-3.460423,15.105811,-19.196388,36.380993,-20.943079
5.543750,-94.649963,-3.462142,15.031112,-19.189726,47.104500,-20.996851
5.550000,-101.465828,-3.462972,14.563226,-19.254978,57.301445,-21.113834
5.556250,-105.855469,-3.462804,13.519190,-19.395885,66.653488,-21.343498
5.562500,-107.943596,-3.461790,11.758460,-19.619432,74.964211,-21.639149
5.568750,-107.968704,-3.459965,9.206507,-19.918905,82.186020,-21.964676
5.575000,-106.270866,-3.457254,8.095378,-20.272011,87.792831,-22.330574
5.581250,-103.279793,-3.453871,5.115756,-20.676733,91.850311,-22.728992
5.587500,-99.490189,-3.450468,2.375748,-21.126177,94.591682,-23.140781
5.593750,-95.434914,-3.447097,-0.142091,-21.613489,96.312683,-23.547722
5.600000,-89.490471,-3.443647,-2.458495,-22.130394,95.328476,-23.966921
5.606250,-83.551888,-3.440756,-4.521924,-22.652586,93.731323,-24.358337
5.612500,-77.621567,-3.438859,-6.291510,-23.159294,91.405876,-24.718870
5.618750,-71.694008,-3.437336,-7.796757,-23.636093,88.181061,-25.046894
5.625000,-65.763588,-3.435187,-9.054811,-24.070271,84.011009,-25.342646
5.631250,-59.836414,-3.433242,-10.056579,-24.447670,78.902000,-25.609400
5.637500,-53.920898,-3.433149,-12.672783,-24.752777,72.882774,-25.842394
5.643750,-48.013428,-3.434957,-13.103379,-24.969801,65.865013,-25.999310
5.650000,-42.101833,-3.436943,-13.234294,-25.078455,59.820801,-26.054457
5.656250,-36.183762,-3.438577,-13.110579,-25.068996,53.258587,-26.030018
5.662500,-30.267839,-3.441163,-12.888739,-24.955673,46.216358,-25.970377
5.668750,-24.360201,-3.445482,-12.686733,-24.744322,39.450653,-25.851046
5.675000,-18.452740,-3.451054,-12.544460,-24.442144,33.361168,-25.666628
5.681250,-12.538565,-3.456872,-12.574892,-24.064255,28.192802,-25.418270
5.687500,-6.618447,-3.462778,-12.894605,-23.632111,24.161480,-25.106501
5.693750,-0.695484,-3.468952,-13.646099,-23.185236,21.455215,-24.731371
5.700000,5.230335,-3.475168,-15.044474,-22.729763,20.344929,-24.319025
5.706250,11.158659,-3.481601,-15.505223,-22.252098,19.388083,-23.896027
5.712500,17.088079,-3.488826,-16.271175,-21.811047,20.122734,-23.479464
5.718750,23.020374,-3.496553,-17.032505,-21.440216,21.983299,-23.096645
5.725000,28.963495,-3.503392,-17.597565,-21.154894,24.494064,-22.771933
5.731250,34.918999,-3.508550,-17.817394,-20.958155,27.095171,-22.485136
5.737500,40.878593,-3.512774,-17.604755,-20.843063,31.113430,-22.214487
5.743750,46.836468,-3.516827,-16.930120,-20.792776,34.475899,-22.013535
5.750000,52.795975,-3.520038,-15.850362,-20.796373,36.741425,-21.910809
5.756250,58.760113,-3.521728,-14.576327,-20.859140,38.176517,-21.884743
5.762500,64.725555,-3.522428,-11.034139,-20.962130,38.668377,-21.922342
5.768750,70.685120,-3.522871,-8.555513,-21.081524,38.074810,-22.011265
5.775000,76.640099,-3.523053,-5.180308,-21.193983,36.270695,-22.149021
5.781250,82.593056,-3.522667,-1.206600,-21.280701,35.307423,-22.305538
5.787500,88.542328,-3.522103,2.985943,-21.333565,32.318645,-22.452444
5.793750,94.484451,-3.522223,7.007878,-21.345844,28.935558,-22.606466
5.800000,98.525932,-3.523086,10.512120,-21.309731,25.291353,-22.756147
5.806250,102.292213,-3.524436,13.171034,-21.222210,21.502420,-22.882725
5.812500,105.252823,-3.525912,14.675613,-21.085545,17.684015,-22.962070
5.818750,106.914566,-3.527641,16.948847,-20.905338,14.004172,-22.977036
5.825000,106.848923,-3.530088,18.445641,-20.694984,10.819590,-22.957418
5.831250,104.713020,-3.534050,19.531309,-20.479816,6.217700,-22.912689
5.837500,100.272400,-3.539859,20.617861,-20.292221,1.784056,-22.813017
5.843750,93.413643,-3.546446,20.364618,-20.108646,-2.585645,-22.659103
5.850000,84.145432,-3.552107,20.950790,-19.949953,-7.240685,-22.482233
5.856250,72.588211,-3.556029,21.971184,-19.847227,-12.306843,-22.305731
5.862500,58.968056,-3.559203,23.305805,-19.813736,-17.792082,-22.149797
5.868750,43.619499,-3.562640,24.856737,-19.850286,-23.712290,-22.033537
5.875000,26.971941,-3.565972,26.572433,-19.928213,-30.097498,-21.957645
5.881250,9.523620,-3.568485,28.498280,-20.050390,-37.117153,-21.907505
5.887500,-8.194381,-3.570156,31.108902,-20.252441,-42.772091,-21.904333
5.893750,-25.638832,-3.571067,32.311337,-20.500038,-48.372253,-21.950102
5.900000,-42.277435,-3.571013,33.798553,-20.781263,-53.443123,-22.032906
5.906250,-57.620369,-3.570312,35.189720,-21.098009,-57.619049,-22.135273
5.912500,-71.243980,-3.569912,36.178688,-21.463112,-60.441910,-22.271791
5.918750,-82.806847,-3.569634,36.611897,-21.835947,-63.619125,-22.429878
5.925000,-92.065605,-3.568475,36.474056,-22.211994,-65.640617,-22.590832
5.931250,-98.899857,-3.566509,35.393475,-22.607407,-66.846992,-22.749210
5.937500,-103.317261,-3.565073,33.317917,-23.024029,-67.513184,-22.904911
5.943750,-105.442307,-3.564795,30.346651,-23.448822,-67.849930,-23.054302
5.950000,-105.503090,-3.564730,26.880486,-23.867254,-68.056870,-23.197351
5.956250,-103.835663,-3.564175,23.321871,-24.261320,-68.361847,-23.356459
5.962500,-100.872665,-3.564059,19.801594,-24.611893,-69.275490,-23.412199
5.968750,-97.110001,-3.564967,16.422010,-24.905020,-68.007416,-23.476536
5.975000,-93.074089,-3.565793,13.265694,-25.128511,-66.924294,-23.539057
5.981250,-87.138680,-3.565595,10.421650,-25.273466,-65.499184,-23.598953
5.987500,-81.205872,-3.565482,7.955944,-25.333981,-63.322758,-23.656813
5.993750,-75.284706,-3.567109,5.936400,-25.305616,-60.029354,-23.711235
6.000000,-69.368683,-3.570159,4.403633,-25.188410,-55.329662,-23.762098
6.006250,-63.447823,-3.573224,3.382669,-24.982218,-49.033794,-23.808159
6.012500,-57.521366,-3.576234,2.885311,-24.685160,-41.113243,-23.825880
6.018750,-51.595158,-3.580030,2.871033,-24.292202,-31.963999,-23.808477
6.025000,-45.668739,-3.584380,3.427413,-23.855965,-21.824511,-23.786499
6.031250,-39.736511,-3.588559,4.529752,-23.401024,-10.778915,-23.765446
6.037500,-33.799400,-3.592580,6.205546,-22.946800,0.725852,-23.753410
6.043750,-27.860493,-3.597073,8.241406,-22.525410,12.144017,-23.757902
6.050000,-21.919243,-3.601540,10.409050,-22.171076,22.989367,-23.764990
6.056250,-15.970467,-3.605141,12.566161,-21.893522,32.978939,-23.748348
6.062500,-10.017180,-3.608134,14.581020,-21.705860,41.781445,-23.749464
6.068750,-4.064849,-3.611188,14.300428,-21.627327,49.096210,-23.781118
6.075000,1.888082,-3.613871,15.360680,-21.663145,54.753120,-23.840780
6.081250,7.847113,-3.615084,15.802174,-21.803234,58.773621,-23.927460
6.087500,13.808221,-3.615007,15.616990,-22.016308,61.272350,-24.042103
6.093750,19.762032,-3.615025,14.812405,-22.250998,62.352398,-24.161623
6.100000,25.705938,-3.615833,13.265074,-22.515575,61.952602,-24.269495
6.106250,31.646648,-3.616835,10.741770,-22.787468,60.399464,-24.378649
6.112500,37.588676,-3.617538,7.471536,-23.025652,57.996243,-24.486458
6.118750,43.528839,-3.618328,3.483784,-23.202469,54.925076,-24.582388
6.125000,49.464989,-3.619689,-1.221398,-23.303587,51.326553,-24.652971
6.131250,55.396725,-3.621769,-4.440843,-23.322809,47.351391,-24.677330
6.137500,61.328152,-3.624764,-7.457578,-23.264015,43.207813,-24.582294
6.143750,67.260612,-3.628383,-11.539258,-23.131905,39.491325,-24.484589
6.150000,73.197960,-3.631916,-14.424972,-22.924788,34.773762,-24.326841
6.156250,79.141747,-3.634800,-16.142056,-22.662241,30.277704,-24.112183
6.162500,85.087967,-3.637529,-16.824728,-22.371323,25.916182,-23.855242
6.168750,91.031540,-3.640871,-16.558475,-22.072897,21.709894,-23.569735
6.175000,96.975578,-3.644575,-15.441886,-21.785236,17.715948,-23.269894
6.181250,101.030502,-3.647566,-13.629145,-21.525620,13.988771,-22.969709
6.187500,104.818687,-3.649684,-11.298092,-21.306536,10.610261,-22.680244
6.193750,107.801529,-3.651501,-8.661362,-21.142069,7.720331,-22.501780
6.200000,109.484398,-3.653162,-5.960783,-21.048563,5.968869,-22.296410
6.206250,109.442352,-3.654370,-1.228377,-21.017778,3.819594,-22.161676
6.212500,107.335030,-3.655177,2.178000,-21.041182,2.517105,-22.123053
6.218750,102.922287,-3.656062,6.019594,-21.127373,1.874077,-22.194315
6.225000,96.082687,-3.657151,10.000579,-21.272242,1.708303,-22.558474
6.231250,86.818497,-3.658142,13.847351,-21.462872,3.047924,-22.816441
6.237500,75.252007,-3.659023,17.229404,-21.700653,3.935067,-23.215086
6.243750,61.620365,-3.659712,19.810781,-21.980511,4.842471,-23.746847
6.250000,46.263939,-3.660012,23.572546,-22.286671,5.785353,-24.386518
6.256250,29.609247,-3.659944,26.983471,-22.604111,6.680490,-25.101019
6.262500,12.145244,-3.660165,28.480198,-22.923180,7.443706,-25.851675
6.268750,-5.595980,-3.660901,30.018841,-23.236898,8.029758,-26.592709
6.275000,-23.064001,-3.661300,31.427557,-23.532248,8.572030,-27.280207
6.281250,-39.722260,-3.660551,32.580963,-23.790091,9.463779,-27.893675
6.287500,-55.085369,-3.659642,33.316475,-24.004044,10.592544,-28.402046
6.293750,-68.734779,-3.660113,33.472084,-24.171520,12.039671,-28.779753
6.300000,-80.326408,-3.661977,32.978065,-24.286512,14.063661,-29.005003
6.306250,-89.612244,-3.663853,31.828644,-24.339495,16.949141,-29.061079
6.312500,-96.468254,-3.665276,30.037689,-24.320446,20.932991,-28.936693
6.318750,-100.902786,-3.667167,27.643097,-24.216570,26.177174,-28.629602
6.325000,-103.040947,-3.670331,26.816406,-24.030800,32.675713,-28.177921
6.331250,-103.115044,-3.674414,24.238667,-23.791021,40.238968,-27.644840
6.337500,-101.460526,-3.678953,22.096294,-23.505995,48.581123,-26.992411
6.343750,-98.505318,-3.684182,20.501919,-23.172628,57.352024,-26.279852
6.350000,-94.741600,-3.689895,19.388245,-22.810011,66.445488,-25.569412
6.356250,-90.698174,-3.695341,18.587692,-22.448046,75.333298,-24.911600
6.362500,-84.751762,-3.700065,18.003157,-22.112839,83.426277,-24.348143
6.368750,-78.801918,-3.704289,17.569323,-21.825851,90.129425,-23.902433
6.375000,-72.851494,-3.708260,17.230749,-21.602819,94.846901,-23.489157
6.381250,-66.899017,-3.711670,16.908827,-21.461420,96.654121,-23.300245
6.387500,-60.943680,-3.714364,16.454767,-21.437120,96.977753,-23.278570
6.393750,-54.988468,-3.716552,16.654821,-21.458214,94.591331,-23.416685
6.400000,-49.033115,-3.718217,17.040949,-21.577557,89.706940,-23.673599
6.406250,-43.077518,-3.718881,17.657999,-21.796833,82.661812,-23.791023
6.412500,-37.123207,-3.718976,18.503571,-22.104519,72.245895,-24.154968
6.418750,-31.174809,-3.719437,19.518602,-22.485899,60.302402,-24.551922
6.425000,-25.231831,-3.720307,20.606852,-22.920246,46.834900,-24.943766
6.431250,-19.287945,-3.720789,21.684669,-23.378899,32.348873,-25.297773
6.437500,-13.342278,-3.720587,22.628572,-23.834078,17.390059,-25.587620
6.443750,-7.401136,-3.720619,25.479490,-24.253624,2.517633,-25.788359
6.450000,-1.467628,-3.721800,26.857365,-24.604237,-11.725144,-25.879843
6.456250,4.463046,-3.723679,28.704565,-24.866817,-24.942604,-25.893162
6.462500,10.396558,-3.725742,30.714853,-25.038931,-36.890842,-25.865103
6.468750,16.331623,-3.727925,32.633801,-25.115290,-46.150764,-25.698517
6.475000,22.267305,-3.730356,34.259239,-25.092974,-53.436573,-25.472008
6.481250,28.205677,-3.732614,35.386105,-24.977865,-58.370850,-25.220463
6.487500,34.145004,-3.734758,35.784801,-24.793150,-60.755489,-24.974195
6.493750,40.082993,-3.737485,35.300003,-24.567408,-60.493664,-24.754822
6.500000,46.019558,-3.740683,33.908264,-24.315687,-57.529881,-24.555838
6.506250,51.961010,-3.743410,29.800125,-24.049444,-53.833427,-24.370213
6.512500,57.907234,-3.745413,26.787437,-23.787806,-48.045616,-24.179878
6.518750,63.852242,-3.747591,23.035490,-23.554296,-40.718163,-24.057144
6.525000,69.793335,-3.750460,18.623764,-23.379482,-32.408234,-23.989126
6.531250,75.736549,-3.753221,13.755421,-23.273439,-24.063303,-23.957617
6.537500,81.686737,-3.754961,8.722165,-23.233805,-16.304073,-23.952225
6.543750,87.638382,-3.756173,3.753475,-23.254900,-9.667025,-23.964388
6.550000,93.585579,-3.757695,-0.956104,-23.328487,-4.606057,-23.998369
6.556250,97.635841,-3.759398,-5.231616,-23.439270,-1.510066,-24.025240
6.562500,101.414825,-3.760643,-8.882148,-23.548531,1.046633,-24.033482
6.568750,104.389061,-3.761540,-11.734357,-23.615618,1.563994,-24.039181
6.575000,106.063133,-3.762478,-14.317271,-23.726675,0.448616,-24.040476
6.581250,106.009430,-3.763336,-15.676834,-23.826290,-1.884666,-24.049604
6.587500,103.888847,-3.764268,-15.934010,-23.899422,-4.939640,-24.060680
6.593750,99.462997,-3.765725,-15.262807,-23.943396,-9.953837,-24.067566
6.600000,92.610382,-3.767644,-13.879910,-23.962767,-14.805791,-24.076962
6.606250,83.335541,-3.769240,-11.979726,-23.961523,-19.485176,-24.091541
6.612500,71.761009,-3.770175,-9.743590,-23.943151,-23.949810,-24.111954
6.618750,58.117413,-3.771386,-7.363260,-23.910053,-28.158836,-24.136808
6.625000,42.741779,-3.773828,-5.022093,-23.861784,-32.071613,-24.161581
6.631250,26.065315,-3.777069,-0.746223,-23.800333,-35.658577,-24.180752
6.637500,8.587090,-3.780326,2.018623,-23.726875,-38.910271,-24.184065
6.643750,-9.160941,-3.783639,5.230155,-23.639498,-41.786045,-24.141384
6.650000,-26.636074,-3.787610,8.664051,-23.529909,-44.789814,-24.077108
6.656250,-43.304241,-3.791884,12.085541,-23.386692,-47.679939,-23.989641
6.662500,-58.669521,-3.795647,15.164419,-23.213875,-50.680592,-23.879162
6.668750,-72.305618,-3.798926,17.591696,-23.009661,-53.897923,-23.741779
6.675000,-83.876511,-3.802362,19.135635,-22.766254,-57.449940,-23.574467
6.681250,-93.146675,-3.806274,19.541759,-22.493565,-61.555252,-23.400299
6.687500,-99.991386,-3.810359,20.694855,-22.209059,-64.271675,-23.235422
6.693750,-104.407776,-3.814356,21.118547,-21.923887,-67.048714,-23.086473
6.700000,-106.517014,-3.817951,21.217113,-21.667006,-69.541313,-22.965021
6.706250,-106.555534,-3.820695,21.328892,-21.489456,-71.435905,-22.892363
6.712500,-104.865761,-3.822621,21.204607,-21.295626,-72.408600,-22.876652
6.718750,-101.879524,-3.824268,21.393059,-21.169447,-72.144730,-22.912964
6.725000,-98.090714,-3.826189,22.151752,-21.138502,-70.537613,-23.005457
6.731250,-94.028290,-3.827987,23.442591,-21.214079,-67.527969,-23.134455
6.737500,-88.066849,-3.828837,25.165890,-21.393250,-62.928478,-23.320158
6.743750,-82.103050,-3.828754,27.180368,-21.665203,-58.376881,-23.576267
6.750000,-76.142273,-3.828298,29.257795,-22.026398,-52.722992,-23.864407
6.756250,-70.185837,-3.827736,33.326199,-22.469103,-46.447510,-24.151342
6.762500,-64.232224,-3.827173,36.031193,-22.941959,-39.982262,-24.408642
6.768750,-58.281864,-3.826674,39.343086,-23.426533,-33.849850,-24.629742
6.775000,-52.333351,-3.826041,42.784061,-23.915279,-26.381920,-24.804356
6.781250,-46.384392,-3.824825,46.070957,-24.392632,-19.302444,-24.920944
6.787500,-40.437031,-3.823041,48.960190,-24.839138,-12.464782,-24.973118
6.793750,-34.496288,-3.821720,51.228687,-25.236469,-5.708144,-24.958723
6.800000,-28.564444,-3.821535,52.669617,-25.568615,1.141084,-24.878212
6.806250,-22.636015,-3.822023,53.117699,-25.822588,8.262530,-24.734291
6.812500,-16.705585,-3.822592,52.455490,-25.989538,15.829147,-24.531015
6.818750,-10.774388,-3.823527,52.780163,-26.065552,24.013189,-24.262083
6.825000,-4.846008,-3.825270,52.706535,-26.057072,32.980370,-23.928114
6.831250,1.082746,-3.827509,50.845604,-25.985323,40.336338,-23.605614
6.837500,7.015122,-3.829591,49.452179,-25.832436,48.172005,-23.295826
6.843750,12.948440,-3.832134,48.524632,-25.628464,55.810139,-23.040133
6.850000,18.879927,-3.835799,47.907593,-25.402279,62.645668,-22.886848
6.856250,24.813417,-3.839807,47.624958,-25.175180,67.810234,-22.773998
6.862500,30.756048,-3.842776,47.707043,-24.963173,72.799591,-22.751122
6.868750,36.705044,-3.844767,48.193359,-24.774445,75.793953,-22.832119
6.875000,42.651375,-3.846884,49.117718,-24.609079,76.961205,-23.012566
6.881250,48.591713,-3.849746,48.607903,-24.448009,76.554497,-23.274698
6.887500,54.532013,-3.852780,48.342274,-24.242901,74.884216,-23.582438
6.893750,60.476200,-3.855292,48.457901,-24.114082,72.243401,-23.911398
6.900000,66.422775,-3.857362,48.301907,-24.016172,68.894684,-24.248671
6.906250,72.368660,-3.859097,47.453144,-23.959902,65.324532,-24.558693
6.912500,78.312859,-3.860480,45.794445,-23.925291,62.076622,-24.804750
6.918750,84.252884,-3.862134,43.692451,-23.868099,57.708511,-24.962006
6.925000,90.187325,-3.864766,40.732121,-23.819025,54.201115,-25.019150
6.931250,96.119713,-3.868167,36.964905,-23.771893,51.352684,-24.969908
6.937500,100.161217,-3.871532,30.667057,-23.710049,48.948826,-24.814430
6.943750,103.933899,-3.874619,25.668238,-23.657322,46.717567,-24.569582
6.950000,106.902397,-3.877851,20.128244,-23.611576,44.332203,-24.282120
6.956250,108.572769,-3.881066,14.384657,-23.557514,41.399158,-23.937080
6.962500,108.521675,-3.883562,8.635532,-23.482370,39.080082,-23.536131
6.968750,106.406166,-3.885696,3.041604,-23.378632,35.849979,-23.131632
6.975000,101.983482,-3.888510,-2.295103,-23.248693,31.847212,-22.757303
6.981250,95.133041,-3.892217,-7.266616,-23.095842,27.148886,-22.435017
6.987500,85.862305,-3.895669,-11.755222,-22.924088,21.833530,-22.179316
6.993750,74.297363,-3.897820,-15.661870,-22.735075,15.974039,-21.995724
7.000000,60.669186,-3.899167,-18.899195,-22.525312,9.646459,-21.875364
7.006250,45.310616,-3.900861,-21.427572,-22.285957,2.874154,-21.817202
7.012500,28.648640,-3.903152,-21.121582,-22.010025,-2.342722,-21.850101
7.018750,11.180409,-3.905883,-19.637323,-21.759314,-7.363889,-21.959473
7.025000,-6.558066,-3.908655,-18.589012,-21.577894,-11.631616,-22.120602
7.031250,-24.020138,-3.911186,-15.715323,-21.371763,-14.722337,-22.311684
7.037500,-40.673756,-3.913491,-11.270901,-21.197964,-15.725676,-22.562670
7.043750,-56.028206,-3.915874,-6.094715,-21.097675,-16.363739,-22.856180
7.050000,-69.657425,-3.918621,-0.602094,-21.097563,-15.468797,-23.198778
7.056250,-81.218468,-3.921272,4.819726,-21.218113,-13.282574,-23.592045
7.062500,-90.470116,-3.922970,11.987783,-21.461313,-10.040621,-24.034136
7.068750,-97.292244,-3.923496,17.360630,-21.819166,-6.020049,-24.524370
7.075000,-101.691391,-3.923625,22.729559,-22.285540,-1.509649,-25.062016
7.081250,-103.791603,-3.923679,27.741369,-22.838800,3.317402,-25.588690
7.087500,-103.826630,-3.923156,32.111900,-23.430563,6.326718,-26.093931
7.093750,-102.135529,-3.921737,35.535694,-24.046026,8.582240,-26.581949
7.100000,-99.148651,-3.919646,37.274242,-24.702917,11.452713,-27.044128
7.106250,-95.361633,-3.917332,37.466129,-25.348206,12.943067,-27.462267
7.112500,-91.307739,-3.915019,35.985111,-25.954351,13.024058,-27.814367
7.118750,-85.365463,-3.912933,34.847816,-26.518559,11.728612,-28.078888
7.125000,-79.429260,-3.911313,32.581387,-27.013464,9.170614,-28.226912
7.131250,-73.497307,-3.909922,29.061810,-27.365911,5.571159,-28.209307
7.137500,-67.567017,-3.908448,25.251497,-27.611526,1.300982,-28.051811
7.143750,-61.641258,-3.907419,21.502424,-27.760851,-4.925970,-27.782154
7.150000,-55.723827,-3.907970,18.038912,-27.821999,-11.648859,-27.389351
7.156250,-49.812336,-3.910203,15.060733,-27.799658,-18.822241,-26.884371
7.162500,-43.896244,-3.912725,12.750374,-27.697533,-26.272305,-26.289555
7.168750,-37.971596,-3.914701,11.223738,-27.523905,-33.787712,-25.638582
7.175000,-32.044304,-3.916718,10.534306,-27.291258,-41.140491,-24.978640
7.181250,-26.119753,-3.919469,10.694079,-27.014151,-48.127022,-24.354021
7.187500,-20.194305,-3.922723,11.674546,-26.709230,-54.847813,-23.735407
7.193750,-14.262880,-3.925630,13.417209,-26.388254,-61.015171,-23.180893
7.200000,-8.326064,-3.928120,13.958608,-26.052654,-64.446434,-22.727085
7.206250,-2.388004,-3.930592,16.977249,-25.670130,-66.715195,-22.391823
7.212500,3.551515,-3.932953,20.215824,-25.344711,-69.163452,-22.157383
7.218750,9.493900,-3.934989,23.309830,-25.052301,-69.858765,-22.057266
7.225000,15.436936,-3.937170,26.353907,-24.789976,-69.246078,-22.083534
7.231250,21.378916,-3.939899,29.106388,-24.558170,-67.443932,-22.215746
7.237500,27.322975,-3.942662,31.339823,-24.355074,-64.802277,-22.432199
7.243750,33.273502,-3.944520,32.859928,-24.182480,-61.696529,-22.703009
7.250000,39.227009,-3.945699,33.728096,-24.046207,-58.518776,-22.990324
7.256250,45.177654,-3.946934,34.100582,-23.940136,-55.702225,-23.250156
7.262500,51.123440,-3.948731,33.888741,-23.859854,-53.814537,-23.498962
7.268750,57.066784,-3.950898,32.975609,-23.807848,-51.222515,-23.721323
7.275000,63.010624,-3.953499,31.291334,-23.786503,-49.379528,-23.873550
7.281250,68.954811,-3.956494,28.900835,-23.765921,-48.007965,-23.935816
7.287500,74.901115,-3.959486,25.894016,-23.736506,-47.011288,-23.912373
7.293750,80.852287,-3.961605,22.192909,-23.695112,-46.180244,-23.808811
7.300000,86.806961,-3.962652,17.923193,-23.612600,-45.261097,-23.633766
7.306250,92.759659,-3.963336,13.351301,-23.485802,-44.022499,-23.402178
7.312500,96.809975,-3.964407,9.473686,-23.373024,-42.279636,-23.136957
7.318750,100.581062,-3.966372,6.223296,-23.241022,-39.891144,-22.867445
7.325000,103.543892,-3.969129,2.104658,-23.089775,-36.783150,-22.627840
7.331250,105.212448,-3.971899,-0.787778,-22.928854,-33.034115,-22.429548
7.337500,105.162437,-3.973859,-2.479810,-22.748873,-28.874357,-22.283089
7.343750,103.050217,-3.974948,-3.066473,-22.558409,-24.376493,-22.224056
7.350000,98.632812,-3.975970,-2.835980,-22.381666,-19.809004,-22.264889
7.356250,91.785179,-3.977664,-1.996369,-22.233448,-15.578163,-22.382814
7.362500,82.511230,-3.980008,-0.726671,-22.122328,-10.119385,-22.557783
7.368750,70.937035,-3.982194,0.775231,-22.048853,-5.015265,-22.844080
7.375000,57.300911,-3.983959,2.289218,-22.008924,-0.064837,-23.200300
7.381250,41.940472,-3.985546,5.712037,-21.998823,2.690668,-23.587971
7.387500,25.281000,-3.987190,9.383832,-22.014223,4.917697,-23.969250
7.393750,7.813628,-3.989310,13.425322,-22.071424,8.556081,-24.315456
7.400000,-9.928391,-3.992034,17.800385,-22.159035,11.973372,-24.619102
7.406250,-27.394722,-3.994791,22.353256,-22.255236,13.630475,-24.858997
7.412500,-44.049809,-3.996792,27.208813,-22.378738,15.546330,-25.018063
7.418750,-59.403492,-3.997936,32.253067,-22.540495,17.502169,-25.088472
7.425000,-73.034607,-3.999214,37.204403,-22.748150,19.259445,-25.071913
7.431250,-84.605042,-4.001218,43.914921,-23.006830,20.602402,-24.976030
7.437500,-93.873573,-4.003523,50.719418,-23.316832,21.368759,-24.808455
7.443750,-100.713570,-4.005465,55.950947,-23.676487,21.450190,-24.572922
7.450000,-105.125267,-4.007145,61.462036,-24.072165,20.791964,-24.269556
7.456250,-107.234421,-4.008680,66.911339,-24.483021,19.253323,-23.932579
7.462500,-107.275391,-4.009777,71.839317,-24.926111,16.704683,-23.597506
7.468750,-105.588310,-4.009864,75.751366,-25.410320,13.295116,-23.283411
7.475000,-102.602989,-4.009436,78.471786,-25.931627,9.200106,-23.011143
7.481250,-98.816132,-4.008987,79.855888,-26.470011,4.644922,-22.791002
7.487500,-94.759064,-4.008254,79.879318,-26.997042,-0.054865,-22.622660
7.493750,-88.806282,-4.006676,76.531288,-27.510015,-4.624989,-22.512821
7.500000,-82.855537,-4.004602,71.436249,-27.994745,-8.770523,-22.457716
7.506250,-76.912399,-4.003028,66.425667,-28.425320,-12.095351,-22.439058
7.512500,-70.977219,-4.002077,59.881969,-28.773119,-14.091262,-22.455997
7.518750,-65.044052,-4.001104,52.073437,-29.034731,-14.147807,-22.506712
7.525000,-59.112423,-4.000166,43.309280,-29.204384,-13.833166,-22.563248
7.531250,-53.186756,-4.000026,34.087921,-29.268171,-11.148783,-22.611059
7.537500,-47.266987,-4.001029,24.868769,-29.225359,-6.189889,-22.650576
7.543750,-41.348774,-4.002616,16.057867,-29.090710,-1.268862,-22.660490
7.550000,-35.429249,-4.004604,8.102856,-28.861485,4.740814,-22.630535
7.556250,-29.510290,-4.007423,1.516849,-28.538158,10.942797,-22.572672
7.562500,-23.592258,-4.011232,-5.402706,-28.153696,16.554462,-22.501501
7.568750,-17.671032,-4.015467,-10.777713,-27.728199,20.926077,-22.432550
7.575000,-11.742495,-4.019384,-14.832327,-27.267450,23.502768,-22.392550
7.581250,-5.808095,-4.022746,-17.729374,-26.804619,23.910192,-22.365290
7.587500,0.129120,-4.025579,-19.434227,-26.372080,24.226082,-22.345797
7.593750,6.067749,-4.027821,-20.298086,-25.966841,22.653746,-22.361721
7.600000,12.006327,-4.029649,-20.605427,-25.591877,19.649250,-22.422773
7.606250,17.941616,-4.031711,-20.527018,-25.252201,15.822142,-22.526909
7.612500,23.873735,-4.034269,-20.212666,-24.949411,11.807007,-22.664019
7.618750,29.807329,-4.036654,-19.775515,-24.679966,8.215692,-22.821129
7.625000,35.744499,-4.038365,-17.174114,-24.435368,5.573442,-22.994144
7.631250,41.680920,-4.039985,-15.820663,-24.208855,4.285824,-23.194134
7.637500,47.613453,-4.042228,-13.760056,-23.995930,4.714411,-23.504753
7.643750,53.542011,-4.045063,-11.265277,-23.795654,7.113899,-23.720722
7.650000,59.472256,-4.048194,-8.563227,-23.586254,10.635060,-23.933258
7.656250,65.403465,-4.051733,-5.892410,-23.342056,15.998996,-24.155611
7.662500,71.334106,-4.056252,-3.679594,-23.071461,22.653841,-24.392048
7.668750,77.265633,-4.061705,-2.422827,-22.798027,29.870073,-24.646622
7.675000,83.204140,-4.067391,-0.205021,-22.524084,36.922791,-24.916033
7.681250,89.151993,-4.072238,1.425095,-22.256327,43.098675,-25.197025
7.687500,95.107338,-4.076168,2.774377,-22.008663,47.633274,-25.487696
7.693750,99.170044,-4.079587,4.160464,-21.798721,49.771099,-25.786304
7.700000,102.958435,-4.082801,4.027841,-21.646229,48.827057,-26.092203
7.706250,105.940994,-4.085721,4.382864,-21.548895,46.420776,-26.406702
7.712500,107.626801,-4.088112,5.091493,-21.503403,40.844715,-26.716558
7.718750,107.587875,-4.089872,5.839426,-21.516001,32.560867,-26.973175
7.725000,105.482567,-4.090985,6.378811,-21.577669,21.815434,-27.197077
7.731250,101.072266,-4.091551,6.455854,-21.695431,8.974370,-27.396849
7.737500,94.232590,-4.092021,5.729096,-21.877722,-5.217366,-27.557213
7.743750,84.962807,-4.092873,6.304135,-22.098246,-19.971184,-27.656445
7.750000,73.384964,-4.094481,6.704447,-22.334854,-34.530708,-27.670456
7.756250,59.739155,-4.096481,7.228117,-22.568918,-48.185383,-27.565685
7.762500,44.369724,-4.098388,8.125742,-22.783457,-60.371052,-27.357128
7.768750,27.703382,-4.100349,9.533826,-22.970566,-70.823753,-27.064367
7.775000,10.228717,-4.103029,11.498165,-23.124588,-78.905754,-26.679310
7.781250,-7.521681,-4.106883,14.076760,-23.241640,-84.294952,-26.210443
7.787500,-24.995672,-4.111286,17.250998,-23.326176,-86.876686,-25.679949
7.793750,-41.654716,-4.114985,20.930099,-23.383776,-86.667389,-25.116743
7.800000,-57.007099,-4.117800,24.952686,-23.424126,-83.789803,-24.557688
7.806250,-70.632774,-4.120344,29.119804,-23.457691,-78.430878,-24.015028
7.812500,-82.193024,-4.122873,33.517822,-23.485262,-70.757858,-23.477556
7.818750,-91.448166,-4.124874,38.222309,-23.510122,-63.167118,-22.872257
7.825000,-98.275070,-4.125993,42.942894,-23.539383,-54.522423,-22.420958
7.831250,-102.677605,-4.126687,47.385071,-23.587118,-44.684494,-22.059174
7.837500,-104.778786,-4.127243,51.233917,-23.676462,-35.203304,-21.781361
7.843750,-104.813644,-4.127140,54.289013,-23.820795,-26.592442,-21.586279
7.850000,-103.121765,-4.126138,56.449497,-24.025751,-19.209711,-21.471390
7.856250,-100.134392,-4.124728,57.713814,-24.263584,-13.361427,-21.434502
7.862500,-96.347160,-4.123718,58.046219,-24.531944,-9.267035,-21.470449
7.868750,-92.289726,-4.122563,55.405457,-24.830418,-6.985743,-21.570427
7.875000,-86.334961,-4.120545,51.452572,-25.144922,-6.409714,-21.719400
7.881250,-80.380470,-4.117612,47.950340,-25.451214,-7.288072,-21.896387
7.887500,-74.432999,-4.114787,43.142498,-25.743883,-9.280072,-22.073677
7.893750,-68.494354,-4.112527,37.169521,-26.018658,-12.022059,-22.236534
7.900000,-62.560699,-4.110667,30.406015,-26.258097,-15.247139,-22.404932
7.906250,-56.631115,-4.109292,23.235361,-26.446716,-18.403709,-22.539881
7.912500,-50.706409,-4.108953,16.085621,-26.560177,-20.919725,-22.629999
7.918750,-44.784637,-4.108953,9.327373,-26.560177,-22.520706,-22.629999
7.925000,-44.784637,-4.108953,9.327373,-26.560177,-22.520706,-22.629999
7.931250,-44.784637,-4.108953,9.327373,-26.560177,-22.520706,-22.629999
7.937500,-44.784637,-4.108953,9.327373,-26.560177,-22.520706,-22.629999
7.943750,-44.784637,-4.108953,9.327373,-26.560177,-22.520706,-22.629999
7.950000,-44.784637,-4.108953,9.327373,-26.560177,-22.520706,-22.629999
7.956250,-44.784637,-4.108953,9.327373,-26.560177,-22.520706,-22.629999
7.962500,-44.784637,-4.108953,9.327373,-26.560177,-22.520706,-22.629999
7.968750,-44.784637,-4.108953,9.327373,-26.560177,-22.520706,-22.629999
7.975000,-44.784637,-4.108953,9.327373,-26.560177,-22.520706,-22.629999
7.981250,-44.784637,-4.108953,9.327373,-26.560177,-22.520706,-22.629999
7.987500,-44.784637,-4.108953,9.327373,-26.560177,-22.520706,-22.629999
7.993750,-44.784637,-4.108953,9.327373,-26.560177,-22.520706,-22.629999
8.000000,-44.784637,-4.108953,9.327373,-26.560177,-22.520706,-22.629999
