Anritsu VNA Frequency[GHz],S21[deg],S21[dB],S11[deg],S11[dB],S22[deg],S22[dB]
1338086737.35,2012_05_27_03:45:37,+40.672,+10.304,+55.069,+10.322,+13.940,+13.752,+14.045,+13.798,10.410895,-16.655
3.006250,33.543251,-1.747443,58.821651,-26.668890,-80.748749,-27.424829
3.012500,33.543251,-1.747443,58.821651,-26.668890,-80.748749,-27.424829
3.018750,33.543251,-1.747443,58.821651,-26.668890,-80.748749,-27.424829
3.025000,33.543251,-1.747443,58.821651,-26.668890,-80.748749,-27.424829
3.031250,33.543251,-1.747443,58.821651,-26.668890,-80.748749,-27.424829
3.037500,33.543251,-1.747443,58.821651,-26.668890,-80.748749,-27.424829
3.043750,33.543251,-1.747443,58.821651,-26.668890,-80.748749,-27.424829
3.050000,33.543251,-1.747443,58.821651,-26.668890,-80.748749,-27.424829
3.056250,33.543251,-1.747443,58.821651,-26.668890,-80.748749,-27.424829
3.062500,33.543251,-1.747443,58.821651,-26.668890,-80.748749,-27.424829
3.068750,33.543251,-1.747443,58.821651,-26.668890,-80.748749,-27.424829
3.075000,33.543251,-1.747443,58.821651,-26.668890,-80.748749,-27.424829
3.081250,33.543251,-1.747443,58.821651,-26.668890,-80.748749,-27.424829
3.087500,33.543251,-1.747443,58.821651,-26.668890,-80.748749,-27.424829
3.093750,33.543251,-1.749188,58.821651,-26.470350,-80.748749,-27.178982
3.100000,39.448593,-1.751255,56.155029,-26.321920,-82.724403,-26.949629
3.106250,45.354187,-1.753339,52.611168,-26.245777,-83.094238,-26.738100
3.112500,51.260284,-1.755453,48.545586,-26.261097,-81.498940,-26.516895
3.118750,57.165546,-1.757750,42.562759,-26.307549,-79.777023,-26.220665
3.125000,63.069859,-1.760212,37.774689,-26.354006,-75.701874,-25.959229
3.131250,68.973785,-1.762781,33.405041,-26.427729,-69.544006,-25.670666
3.137500,74.876823,-1.765657,29.705675,-26.528618,-61.662479,-25.345554
3.143750,80.778488,-1.769113,26.884497,-26.648447,-52.245956,-24.992317
3.150000,86.680740,-1.772815,25.118748,-26.772511,-41.447926,-24.623331
3.156250,92.586357,-1.776286,24.527550,-26.886225,-29.441587,-24.257341
3.162500,96.599548,-1.779481,25.177782,-26.976370,-16.426481,-23.917526
3.168750,100.339386,-1.782791,27.090595,-27.036160,-2.613088,-23.654245
3.175000,103.272942,-1.786384,30.309620,-27.043371,9.942863,-23.408470
3.181250,104.909554,-1.790054,33.077824,-26.986088,23.273706,-23.186563
3.187500,104.823830,-1.793530,36.857700,-26.881273,36.055058,-23.019327
3.193750,102.674530,-1.796757,40.944870,-26.741043,47.796535,-22.922192
3.200000,98.223991,-1.799664,44.772442,-26.573584,58.081974,-22.898685
3.206250,91.350601,-1.802162,47.859020,-26.389824,66.527321,-22.948509
3.212500,82.052826,-1.804534,49.786858,-26.203903,72.817291,-23.080181
3.218750,70.450623,-1.807107,50.243652,-26.026119,76.727341,-23.275999
3.225000,56.782230,-1.809554,51.231339,-25.850409,77.882126,-23.480774
3.231250,41.391094,-1.811434,51.283569,-25.677305,76.455597,-23.703215
3.237500,24.702087,-1.813001,48.911110,-25.505756,74.450958,-23.934866
3.243750,7.203691,-1.814890,46.225502,-25.313255,70.285965,-24.153679
3.250000,-10.571915,-1.817321,43.089813,-25.141121,64.560623,-24.339752
3.256250,-28.074127,-1.819909,39.156841,-25.001078,57.831715,-24.492476
3.262500,-44.767590,-1.822115,34.659027,-24.876057,50.729603,-24.600746
3.268750,-60.162033,-1.823989,29.540184,-24.762573,43.949120,-24.655958
3.275000,-73.833412,-1.825987,23.675753,-24.659664,38.077667,-24.657646
3.281250,-85.441978,-1.828385,16.959084,-24.558407,33.617302,-24.614050
3.287500,-94.748650,-1.831129,9.296206,-24.445276,30.951656,-24.538633
3.293750,-101.629387,-1.833967,0.652383,-24.282166,30.344381,-24.431925
3.300000,-106.083778,-1.836738,-6.799368,-24.114780,31.950233,-24.294748
3.306250,-108.233101,-1.839244,-15.471843,-23.980433,35.751427,-24.153954
3.312500,-108.314827,-1.841537,-24.147171,-23.859776,41.566113,-24.041418
3.318750,-106.671021,-1.843732,-32.535229,-23.760544,49.129173,-23.977837
3.325000,-103.729012,-1.845725,-40.370617,-23.700525,58.100929,-23.973686
3.331250,-99.979713,-1.847398,-47.398361,-23.703739,68.050255,-24.031586
3.337500,-95.956749,-1.848710,-53.434429,-23.831778,78.460037,-24.150095
3.343750,-90.038902,-1.849683,-58.472977,-23.993746,88.792488,-24.314581
3.350000,-84.121239,-1.850314,-62.912991,-24.214340,96.646324,-24.468296
3.356250,-78.204651,-1.850600,-66.357971,-24.537458,105.258049,-24.667007
3.362500,-72.290207,-1.850771,-67.083755,-24.984844,111.522003,-24.916183
3.368750,-66.377533,-1.850658,-66.735817,-25.538048,115.567238,-25.205389
3.375000,-60.465401,-1.849985,-65.190620,-26.170269,116.998375,-25.582020
3.381250,-54.555576,-1.848931,-62.464905,-26.847836,115.640388,-25.916201
3.387500,-48.652065,-1.848279,-58.652615,-27.532349,112.125061,-26.238264
3.393750,-42.755077,-1.848381,-53.914116,-28.179102,105.895905,-26.540775
3.400000,-36.860550,-1.848857,-48.471127,-28.746029,97.514275,-26.815840
3.406250,-30.964691,-1.849122,-42.658295,-29.212122,87.984444,-27.094984
3.412500,-25.069490,-1.849547,-36.802177,-29.552326,77.968872,-27.343653
3.418750,-19.178970,-1.850873,-28.967775,-29.745136,66.108452,-27.540838
3.425000,-13.291488,-1.853107,-22.697762,-29.786642,54.693150,-27.680508
3.431250,-7.401025,-1.855476,-16.137487,-29.691944,44.154434,-27.768360
3.437500,-1.506416,-1.857704,-9.544344,-29.445074,34.945553,-27.808142
3.443750,4.387701,-1.860566,-2.942027,-29.044996,27.748777,-27.747856
3.450000,10.280387,-1.864345,3.150327,-28.536472,20.844402,-27.617004
3.456250,16.177361,-1.868292,8.574159,-27.958298,16.009592,-27.428839
3.462500,22.083021,-1.871586,13.320702,-27.353350,12.954058,-27.184881
3.468750,27.993906,-1.874234,17.477003,-26.768488,11.365413,-26.882336
3.475000,33.905094,-1.876614,21.151232,-26.268221,10.888011,-26.536871
3.481250,39.815838,-1.878854,24.599569,-25.805614,11.128427,-26.164211
3.487500,45.726147,-1.881115,26.557283,-25.410164,11.721929,-25.758512
3.493750,51.634781,-1.883787,28.411276,-25.117483,12.236200,-25.326698
3.500000,57.542850,-1.886885,29.987871,-24.932350,12.237141,-24.881008
3.506250,63.453922,-1.889727,31.181486,-24.839954,11.390499,-24.431669
3.512500,69.369377,-1.891760,31.903427,-24.807558,9.425674,-23.988571
3.518750,75.284798,-1.893593,32.127495,-24.748732,6.143094,-23.556326
3.525000,81.194313,-1.896363,32.001389,-24.731432,1.389974,-23.141502
3.531250,87.098976,-1.900218,32.112736,-24.718372,-2.807272,-22.758507
3.537500,93.006386,-1.904337,32.111420,-24.672798,-7.910864,-22.424166
3.543750,97.024750,-1.908154,32.236477,-24.585033,-13.494142,-22.134563
3.550000,100.772720,-1.912169,32.830559,-24.427856,-19.272898,-21.852789
3.556250,103.713913,-1.916920,32.334724,-24.202490,-24.775202,-21.523645
3.562500,105.359764,-1.921990,32.455479,-23.938721,-29.706570,-21.282112
3.568750,105.289742,-1.926273,32.853443,-23.663303,-32.854664,-21.111969
3.575000,103.163307,-1.929213,33.251400,-23.402954,-35.225819,-21.013988
3.581250,98.737694,-1.931100,33.367352,-23.192019,-36.553833,-21.001490
3.587500,91.886360,-1.932595,32.940281,-23.066431,-36.854652,-21.034475
3.593750,82.609520,-1.933736,31.862677,-23.016285,-35.999271,-21.136387
3.600000,71.032791,-1.933802,30.070963,-23.052902,-33.833904,-21.321262
3.606250,57.393562,-1.932547,29.417709,-23.190248,-30.518038,-21.582851
3.612500,42.027107,-1.930471,28.442665,-23.414232,-26.326527,-21.894976
3.618750,25.357519,-1.927992,27.550741,-23.742188,-21.654854,-22.232847
3.625000,7.878663,-1.924908,26.852116,-24.183994,-17.284777,-22.638538
3.631250,-9.875436,-1.920984,26.955772,-24.702518,-11.411938,-23.074261
3.637500,-27.361748,-1.916689,28.168472,-25.262630,-5.759378,-23.511396
3.643750,-44.051712,-1.912788,30.628998,-25.827688,-0.352251,-23.930157
3.650000,-59.451988,-1.909529,32.474678,-26.352373,4.719895,-24.313663
3.656250,-73.132156,-1.906864,35.265549,-26.762081,9.372055,-24.645056
3.662500,-84.750755,-1.904907,38.180412,-27.101429,13.510409,-24.919186
3.668750,-94.070465,-1.903869,42.140766,-27.349045,16.992300,-25.142506
3.675000,-100.967262,-1.903399,45.468311,-27.476719,19.732864,-25.313583
3.681250,-105.438820,-1.903013,47.895306,-27.481655,21.674028,-25.431021
3.687500,-107.608513,-1.903116,49.182926,-27.377060,22.737938,-25.497822
3.693750,-107.716866,-1.904489,49.183517,-27.188576,22.871616,-25.522959
3.700000,-106.102455,-1.906938,47.899658,-26.921810,22.081568,-25.517237
3.706250,-103.186211,-1.909553,45.490097,-26.594997,20.496864,-25.473619
3.712500,-99.458092,-1.911879,41.938309,-26.246834,18.335249,-25.385750
3.718750,-95.456429,-1.914516,35.535408,-25.904469,15.745764,-25.258759
3.725000,-89.561813,-1.917816,28.204277,-25.583731,13.060407,-25.108385
3.731250,-83.665428,-1.921163,19.674246,-25.329077,10.883455,-24.973589
3.737500,-77.764030,-1.924011,11.881778,-25.164442,9.627844,-24.866613
3.743750,-71.860519,-1.926593,3.576247,-25.074949,9.704260,-24.808880
3.750000,-65.958252,-1.929251,-4.694393,-25.048534,9.716166,-24.716311
3.756250,-60.057224,-1.931889,-12.532829,-25.081141,9.635859,-24.608482
3.762500,-54.155148,-1.934317,-19.519667,-25.151793,10.796611,-24.486784
3.768750,-48.253155,-1.936790,-25.216013,-25.224611,12.938984,-24.399914
3.775000,-42.352703,-1.939520,-29.391136,-25.310369,15.603080,-24.336084
3.781250,-36.452499,-1.942356,-31.936279,-25.396883,18.190374,-24.280056
3.787500,-30.550926,-1.944904,-32.501942,-25.463118,20.338526,-24.225042
3.793750,-24.649305,-1.947546,-31.002485,-25.523056,21.739262,-24.174648
3.800000,-18.749458,-1.950602,-29.357214,-25.523417,22.197912,-24.121103
3.806250,-12.850276,-1.953961,-25.211168,-25.436312,21.728037,-24.028219
3.812500,-6.949677,-1.957493,-20.080517,-25.302341,20.190590,-23.904114
3.818750,-1.048323,-1.961387,-14.512918,-25.138626,17.473219,-23.760250
3.825000,4.853563,-1.965593,-9.042553,-24.959084,13.707943,-23.602993
3.831250,10.759611,-1.969468,-2.018052,-24.778336,9.163385,-23.443256
3.837500,16.669312,-1.972746,4.746471,-24.610542,4.161415,-23.318054
3.843750,22.578379,-1.976110,11.409809,-24.451353,-0.961204,-23.181255
3.850000,28.484594,-1.979964,16.285444,-24.294760,-6.889093,-23.015604
3.856250,34.391979,-1.983616,21.053276,-24.150417,-12.432801,-22.860729
3.862500,40.303532,-1.986529,25.291908,-24.016911,-17.571022,-22.724876
3.868750,46.214294,-1.989306,28.670879,-23.880951,-22.279779,-22.604797
3.875000,52.118370,-1.993106,30.870283,-23.720987,-26.585056,-22.489622
3.881250,58.018211,-1.998150,31.537359,-23.542383,-30.558470,-22.363878
3.887500,63.921864,-2.003295,30.273119,-23.346840,-34.382195,-22.231619
3.893750,69.832085,-2.008000,27.006111,-23.116549,-38.312614,-22.098007
3.900000,75.743683,-2.012980,23.813713,-22.841501,-42.481354,-21.955370
3.906250,81.652428,-2.019040,19.247744,-22.521383,-45.190392,-21.802233
3.912500,87.561104,-2.026130,13.775057,-22.158127,-48.306442,-21.633442
3.918750,93.476143,-2.033611,7.861576,-21.758644,-51.542778,-21.435747
3.925000,97.505196,-2.040919,1.870784,-21.349777,-54.656124,-21.183502
3.931250,101.269264,-2.047869,-3.855401,-20.957371,-57.714516,-20.964987
3.937500,104.234261,-2.054395,-8.888373,-20.600859,-58.510738,-20.776657
3.943750,105.907379,-2.060291,-12.899760,-20.303743,-58.126114,-20.626877
3.950000,105.862732,-2.065028,-15.668732,-20.087614,-56.095566,-20.529612
3.956250,103.759354,-2.068087,-17.073038,-19.970657,-52.063911,-20.499971
3.962500,99.357529,-2.069426,-17.053162,-19.962786,-45.780506,-20.550516
3.968750,92.531418,-2.069343,-15.607893,-20.061939,-37.106709,-20.689606
3.975000,83.278816,-2.067900,-14.684928,-20.234989,-26.046652,-20.927773
3.981250,71.720276,-2.065178,-10.593991,-20.529116,-12.765560,-21.289459
3.987500,58.091240,-2.061297,-6.249904,-20.931036,1.126133,-21.695755
3.993750,42.730362,-2.056626,-0.968374,-21.396292,16.285646,-22.204018
4.000000,26.063904,-2.051265,4.605077,-21.920691,31.911886,-22.821705
4.006250,8.584568,-2.045234,10.116978,-22.487772,47.137661,-23.582104
4.012500,-9.177579,-2.039026,15.300202,-23.070139,60.887939,-24.337566
4.018750,-26.678389,-2.033560,19.905033,-23.635117,73.847702,-25.067696
4.025000,-43.383961,-2.028974,23.642555,-24.166922,84.066475,-25.808855
4.031250,-58.797470,-2.024880,28.378084,-24.655672,92.449211,-26.564537
4.037500,-72.490036,-2.021332,30.743824,-25.080425,98.121658,-27.280798
4.043750,-84.124100,-2.019090,32.782066,-25.428326,101.371124,-27.928047
4.050000,-93.460831,-2.018197,34.345001,-25.698980,102.592758,-28.489349
4.056250,-100.372612,-2.017713,35.364712,-25.883028,102.315536,-28.954994
4.062500,-104.856438,-2.016982,35.921829,-25.962486,99.341461,-29.292198
4.068750,-107.040451,-2.017010,35.960087,-25.954391,96.070786,-29.486885
4.075000,-107.166748,-2.019049,35.499981,-25.876003,92.561340,-29.546913
4.081250,-105.569214,-2.022397,34.721386,-25.740780,89.043938,-29.476318
4.087500,-102.665009,-2.025540,33.879890,-25.557592,83.678696,-29.275927
4.093750,-98.946419,-2.028030,33.276402,-25.334991,78.193642,-28.952154
4.100000,-94.955322,-2.030832,31.330214,-25.087534,72.448112,-28.525734
4.106250,-89.073349,-2.034507,30.038387,-24.821014,66.343353,-28.035257
4.112500,-83.191414,-2.038728,29.308636,-24.526556,59.963112,-27.438967
4.118750,-77.306183,-2.043259,28.887251,-24.221277,53.473579,-26.772663
4.125000,-71.419357,-2.048378,28.463465,-23.920284,46.610657,-26.076910
4.131250,-65.531258,-2.054134,27.875597,-23.633068,39.525810,-25.381794
4.137500,-59.638317,-2.059932,27.010691,-23.363079,32.416721,-24.710758
4.143750,-53.739265,-2.065432,25.780653,-23.109463,25.495102,-24.080988
4.150000,-47.837112,-2.070918,24.101192,-22.871094,18.949955,-23.505466
4.156250,-41.935062,-2.076816,24.068590,-22.644445,12.953355,-22.984634
4.162500,-36.031616,-2.083008,24.271141,-22.418550,7.649948,-22.536377
4.168750,-30.124479,-2.089330,23.296907,-22.181793,4.755136,-22.155169
4.175000,-24.213615,-2.095707,23.003262,-21.954065,1.688556,-21.844183
4.181250,-18.298954,-2.102013,23.196466,-21.739569,0.171118,-21.595531
4.187500,-12.379689,-2.107988,23.680094,-21.543383,0.085929,-21.346647
4.193750,-6.455962,-2.113539,24.229176,-21.371126,1.490583,-21.211924
4.200000,-0.528466,-2.118498,24.615112,-21.230417,2.466849,-21.161022
4.206250,5.402378,-2.122560,24.621929,-21.128336,3.694075,-21.171623
4.212500,11.335904,-2.125487,24.086664,-21.061909,6.201785,-21.200665
4.218750,17.268326,-2.127727,25.067999,-21.020151,7.758077,-21.252970
4.225000,23.196814,-2.129655,24.160589,-20.998789,8.357368,-21.328741
4.231250,29.121330,-2.131490,23.343351,-20.986469,7.853389,-21.413897
4.237500,35.043602,-2.133044,22.409588,-20.982531,6.075283,-21.485886
4.243750,40.963768,-2.134355,21.021772,-21.003548,4.940547,-21.553772
4.250000,46.882462,-2.135337,19.021887,-21.034870,2.830262,-21.616940
4.256250,52.799110,-2.135890,16.263536,-21.058813,0.270427,-21.658915
4.262500,58.711651,-2.136466,12.514025,-21.060799,-2.327900,-21.668648
4.268750,64.616791,-2.137858,7.573404,-21.030155,-4.607600,-21.635780
4.275000,70.515549,-2.140404,1.263103,-20.959772,-6.257198,-21.553379
4.281250,76.413864,-2.143552,-4.411721,-20.837494,-7.002548,-21.409222
4.287500,82.314552,-2.147132,-10.979380,-20.660442,-6.644608,-21.175072
4.293750,88.214371,-2.151844,-18.187159,-20.451752,-5.283951,-20.920496
4.300000,94.113647,-2.157898,-25.661209,-20.213284,-3.188670,-20.648333
4.306250,98.125114,-2.164150,-32.958946,-19.948236,-0.162592,-20.355864
4.312500,101.875328,-2.169510,-39.763367,-19.667500,3.585801,-20.052881
4.318750,104.826431,-2.174409,-45.803497,-19.385702,7.792748,-19.752747
4.325000,106.478516,-2.179836,-50.876949,-19.124069,12.154431,-19.473356
4.331250,106.406624,-2.185622,-54.837181,-18.905973,16.361341,-19.229275
4.337500,104.277420,-2.190705,-57.585072,-18.780693,20.141249,-19.023081
4.343750,99.854469,-2.194624,-59.135563,-18.653368,23.273798,-18.797508
4.350000,93.011566,-2.197639,-58.498898,-18.599131,25.279285,-18.676853
4.356250,83.746780,-2.199567,-56.557285,-18.652628,27.832041,-18.641319
4.362500,72.182251,-2.199890,-53.114071,-18.813126,29.687948,-18.701639
4.368750,58.552391,-2.199017,-48.257153,-19.072104,31.198633,-18.884277
4.375000,43.191803,-2.197777,-42.189327,-19.416349,32.611874,-19.128887
4.381250,26.527737,-2.196067,-35.185375,-19.824137,33.979771,-19.417461
4.387500,9.057056,-2.193193,-27.568352,-20.269346,36.104946,-19.758198
4.393750,-8.689353,-2.189486,-19.754286,-20.735134,37.308002,-20.178736
4.400000,-26.172274,-2.186092,-12.200435,-21.208851,39.152569,-20.654697
4.406250,-42.858521,-2.183205,-3.112672,-21.672512,41.216434,-21.159571
4.412500,-58.249851,-2.179903,3.925220,-22.112761,43.207493,-21.674969
4.418750,-71.918541,-2.176364,10.757263,-22.523205,44.913391,-22.186840
4.425000,-83.529335,-2.173512,17.210789,-22.842772,46.251148,-22.647169
4.431250,-92.846245,-2.171715,23.111864,-23.070623,47.229328,-23.028708
4.437500,-99.741745,-2.170277,28.071024,-23.218719,47.616257,-23.327436
4.443750,-104.213882,-2.169063,32.043179,-23.294708,47.412170,-23.536573
4.450000,-106.388023,-2.168873,35.094482,-23.300434,46.746277,-23.648582
4.456250,-106.502480,-2.170232,37.354534,-23.240843,45.788326,-23.662212
4.462500,-104.891541,-2.172311,39.024200,-23.125992,44.719467,-23.583626
4.468750,-101.978447,-2.174653,40.392319,-22.975355,43.761497,-23.434690
4.475000,-98.258308,-2.177769,39.943424,-22.788265,43.211452,-23.200905
4.481250,-94.265213,-2.181711,39.845539,-22.557425,41.794964,-22.869541
4.487500,-88.372040,-2.185607,39.757858,-22.315468,41.039703,-22.486755
4.493750,-82.473785,-2.189189,39.491329,-22.084044,40.648308,-22.082272
4.500000,-76.576523,-2.193683,38.979214,-21.874296,40.402134,-21.677782
4.506250,-70.682373,-2.199704,38.196255,-21.686611,40.091183,-21.287804
4.512500,-64.782852,-2.206157,37.135662,-21.508083,39.497242,-20.922016
4.518750,-58.870300,-2.211537,35.796761,-21.281797,38.373692,-20.590311
4.525000,-52.948982,-2.216002,34.199627,-21.098433,36.402107,-20.328354
4.531250,-47.028507,-2.220716,33.444469,-20.963198,33.129818,-20.123423
4.537500,-41.109921,-2.226053,33.013821,-20.831690,29.925646,-19.953957
4.543750,-35.185535,-2.231200,31.504541,-20.693520,25.286167,-19.830505
4.550000,-29.252491,-2.235375,30.634474,-20.575562,19.538086,-19.729298
4.556250,-23.314054,-2.238637,30.116156,-20.500381,13.085531,-19.710474
4.562500,-17.374043,-2.241408,29.733978,-20.487242,6.636931,-19.790710
4.568750,-11.432963,-2.243692,29.262510,-20.561789,0.170602,-19.967476
4.575000,-5.489315,-2.245163,28.475863,-20.783335,-6.138656,-20.186535
4.581250,0.457749,-2.245430,27.202810,-21.067522,-11.961636,-20.460066
4.587500,6.405648,-2.244431,24.147156,-21.437113,-16.794950,-20.800840
4.593750,12.351720,-2.242491,22.201509,-21.910969,-20.456789,-21.201326
4.600000,18.293848,-2.239745,19.494568,-22.493526,-22.900824,-21.640957
4.606250,24.232271,-2.235937,15.897389,-23.246510,-24.271694,-22.131353
4.612500,30.165794,-2.231168,12.332573,-24.037500,-24.835733,-22.662703
4.618750,36.089710,-2.226421,8.166791,-24.899723,-24.660828,-23.212568
4.625000,42.001511,-2.222430,3.733706,-25.812693,-24.028654,-23.765720
4.631250,47.906902,-2.218587,-0.677301,-26.743113,-23.261000,-24.308449
4.637500,53.811138,-2.213898,-4.802979,-27.648100,-22.719551,-24.823393
4.643750,59.710396,-2.208864,-8.396977,-28.474823,-22.766739,-25.275579
4.650000,65.595886,-2.205139,-13.153752,-29.162971,-23.753431,-25.617153
4.656250,71.467056,-2.203459,-15.208645,-29.684166,-26.061440,-25.856005
4.662500,77.332222,-2.203319,-16.611546,-30.031393,-28.262701,-26.013226
4.668750,83.196281,-2.204460,-17.228249,-30.174179,-31.735189,-26.062550
4.675000,89.060280,-2.207132,-17.084175,-30.100260,-36.244484,-25.995779
4.681250,94.924698,-2.211162,-16.309771,-29.812664,-41.584606,-25.813780
4.687500,98.898903,-2.215942,-15.107748,-29.335545,-47.533154,-25.528030
4.693750,102.603699,-2.221697,-13.720551,-28.707170,-53.822426,-25.149994
4.700000,105.502800,-2.229434,-12.442425,-27.955750,-60.107407,-24.682056
4.706250,107.107201,-2.238935,-11.765146,-27.085037,-66.022293,-24.116833
4.712500,107.001015,-2.248352,-11.927697,-26.136536,-71.127823,-23.508245
4.718750,104.847008,-2.256514,-13.275729,-25.187092,-76.836418,-22.912054
4.725000,100.398727,-2.264123,-14.237501,-24.297308,-81.673164,-22.348804
4.731250,93.527397,-2.272020,-16.358770,-23.489889,-85.790878,-21.853662
4.737500,84.236755,-2.279512,-19.385954,-22.783344,-89.415009,-21.390907
4.743750,72.654190,-2.285405,-23.102615,-22.190821,-92.820732,-20.967777
4.750000,59.011860,-2.290064,-27.255260,-21.708828,-93.944611,-20.591080
4.756250,43.642227,-2.294366,-31.546597,-21.278994,-94.327728,-20.320019
4.762500,26.973070,-2.298068,-35.706623,-20.984913,-93.525948,-20.147161
4.768750,9.501462,-2.300518,-38.174591,-20.804358,-91.391426,-20.052391
4.775000,-8.242864,-2.301885,-39.392868,-20.699945,-87.623215,-20.022694
4.781250,-25.718716,-2.302777,-38.765636,-20.634407,-81.971832,-20.057474
4.787500,-42.395672,-2.303681,-37.620792,-20.542931,-74.232498,-20.130045
4.793750,-57.779343,-2.304616,-34.812458,-20.491030,-65.911530,-20.192957
4.800000,-71.441414,-2.305710,-30.005081,-20.436731,-55.705048,-20.261999
4.806250,-83.040115,-2.306916,-23.837385,-20.373301,-44.250320,-20.329773
4.812500,-92.337624,-2.308132,-16.865074,-20.298782,-32.147972,-20.383432
4.818750,-99.212242,-2.309554,-9.646578,-20.212954,-19.984844,-20.409740
4.825000,-103.666840,-2.311970,-2.744974,-20.122627,-8.313313,-20.413918
4.831250,-105.819344,-2.315027,5.452942,-20.044218,2.345326,-20.419651
4.837500,-105.899849,-2.317324,13.123577,-19.990118,11.581301,-20.402912
4.843750,-104.248787,-2.318552,18.640560,-19.926964,19.481756,-20.330370
4.850000,-101.302963,-2.320092,23.748543,-19.873667,25.443846,-20.239300
4.856250,-97.560043,-2.323161,27.943527,-19.845154,29.432098,-20.144844
4.862500,-93.544426,-2.326819,30.965158,-19.845139,31.604345,-20.054621
4.868750,-87.625061,-2.329596,32.679676,-19.860176,32.231270,-19.966253
4.875000,-81.699219,-2.331480,33.040203,-19.868076,31.632431,-19.878967
4.881250,-75.776024,-2.333535,32.113190,-19.860514,30.112051,-19.798668
4.887500,-69.857124,-2.336062,30.273714,-19.860270,28.011581,-19.729338
4.893750,-63.938629,-2.338824,27.686335,-19.858297,25.695278,-19.674154
4.900000,-58.018360,-2.341635,24.519650,-19.854572,23.505522,-19.630100
4.906250,-52.096672,-2.344578,21.065317,-19.847448,21.756403,-19.584461
4.912500,-46.173119,-2.347350,17.516825,-19.821789,20.733767,-19.513817
4.918750,-40.246815,-2.349850,14.206424,-19.795643,20.890799,-19.465019
4.925000,-34.320698,-2.352659,11.496032,-19.791721,22.714497,-19.445824
4.931250,-28.393747,-2.355597,9.562499,-19.826050,23.974049,-19.453756
4.937500,-22.461254,-2.357695,8.515332,-19.908337,26.181534,-19.492676
4.943750,-16.521042,-2.358259,8.395949,-20.044987,28.979702,-19.570522
4.950000,-10.581385,-2.358134,9.209216,-20.233965,32.014828,-19.692923
4.956250,-4.647723,-2.358181,10.916880,-20.467176,34.944405,-19.870331
4.962500,1.283431,-2.357895,11.525726,-20.723803,37.404148,-20.162786
4.968750,7.217357,-2.356546,14.672972,-20.996080,38.198944,-20.374958
4.975000,13.149652,-2.354759,18.035086,-21.304443,39.316402,-20.661188
4.981250,19.075405,-2.353074,21.535238,-21.623775,39.141415,-21.011671
4.987500,24.998819,-2.350832,24.973131,-21.943459,37.706429,-21.414867
4.993750,30.923517,-2.347288,28.087322,-22.256651,34.951874,-21.862162
5.000000,36.842403,-2.343475,30.667797,-22.551676,30.850582,-22.341682
5.006250,42.748249,-2.340812,32.563553,-22.811930,27.288652,-22.831480
5.012500,48.644875,-2.339148,33.651676,-23.012949,22.562172,-23.263102
5.018750,54.541981,-2.337412,33.829678,-23.130219,17.153915,-23.632618
5.025000,60.439934,-2.335453,33.098316,-23.203667,11.206878,-23.976500
5.031250,66.333153,-2.334032,31.635370,-23.229856,5.513911,-24.263775
5.037500,72.220451,-2.333253,29.578415,-23.212498,0.458775,-24.479509
5.043750,78.106163,-2.332878,26.905136,-23.196131,-3.708250,-24.619095
5.050000,83.989227,-2.333421,23.573130,-23.137508,-6.758044,-24.676611
5.056250,89.868904,-2.335352,20.715754,-23.042654,-8.442632,-24.639252
5.062500,95.750916,-2.337557,17.447407,-22.958916,-8.624008,-24.511158
5.068750,99.746361,-2.338885,14.171797,-22.903183,-7.251314,-24.303268
5.075000,103.470116,-2.340065,11.279045,-22.875153,-4.258119,-24.025438
5.081250,106.379700,-2.342951,7.264299,-22.860321,0.402043,-23.686464
5.087500,107.986115,-2.347501,4.153891,-22.848236,6.722649,-23.302837
5.093750,107.875305,-2.351951,1.910580,-22.851553,14.590562,-22.900486
5.100000,105.708191,-2.355731,0.346890,-22.854195,23.713787,-22.485765
5.106250,101.238884,-2.360098,-0.825236,-22.836639,33.525726,-22.051334
5.112500,94.341591,-2.365704,-1.787367,-22.782841,43.801758,-21.630985
5.118750,85.024841,-2.371426,-2.704870,-22.684855,54.154228,-21.247253
5.125000,73.414444,-2.376435,-3.738389,-22.539137,64.021088,-20.913170
5.131250,59.742268,-2.381399,-5.010797,-22.342911,72.817230,-20.631771
5.137500,44.343037,-2.387081,-6.623433,-22.097427,79.993454,-20.391911
5.143750,27.647882,-2.393098,-6.501795,-21.809359,85.077782,-20.114435
5.150000,10.153862,-2.398705,-6.082679,-21.493799,88.654510,-19.998762
5.156250,-7.606879,-2.403836,-6.776413,-21.142094,90.730820,-19.880558
5.162500,-25.090790,-2.408724,-6.502062,-20.770399,90.812103,-19.796337
5.168750,-41.765087,-2.413022,-5.572510,-20.405012,89.301491,-19.752266
5.175000,-57.137268,-2.416369,-4.203601,-20.065603,86.780289,-19.743771
5.181250,-70.781387,-2.418778,-2.600934,-19.767784,83.908134,-19.758781
5.187500,-82.359131,-2.420365,-1.000020,-19.527760,79.244408,-19.789124
5.193750,-91.634796,-2.421206,0.348211,-19.362341,74.992012,-19.871363
5.200000,-98.488594,-2.421563,1.214553,-19.290407,71.423088,-20.033432
5.206250,-102.921707,-2.421889,3.622789,-19.301420,67.819725,-20.152504
5.212500,-105.054871,-2.422134,4.341845,-19.368311,64.982452,-20.288427
5.218750,-105.121300,-2.421840,5.226445,-19.492775,62.887997,-20.448082
5.225000,-103.461281,-2.420677,6.075687,-19.629759,61.396935,-20.626060
5.231250,-100.504326,-2.418719,6.839324,-19.824780,60.287670,-20.819944
5.237500,-96.746635,-2.416330,6.186069,-20.086031,59.222218,-21.040499
5.243750,-92.723457,-2.414268,4.845746,-20.376892,57.884727,-21.285839
5.250000,-86.814522,-2.413335,2.457502,-20.679705,56.002125,-21.547249
5.256250,-80.910149,-2.413199,-1.311584,-20.980930,53.278481,-21.819321
5.262500,-75.002594,-2.412465,-4.577449,-21.268955,49.466969,-22.093615
5.268750,-69.092377,-2.410783,-8.894740,-21.537382,44.340214,-22.352068
5.275000,-63.190735,-2.409981,-13.918573,-21.780769,37.701778,-22.577412
5.281250,-57.302341,-2.411495,-19.335447,-21.993746,29.511406,-22.772985
5.287500,-51.417225,-2.414144,-24.861504,-22.171515,20.090767,-22.960808
5.293750,-45.522881,-2.415966,-30.238289,-22.310499,9.500942,-23.119175
5.300000,-39.624271,-2.417386,-35.217102,-22.403973,-2.050601,-23.232054
5.306250,-33.734497,-2.420409,-39.562901,-22.443699,-14.181756,-23.287922
5.312500,-27.853312,-2.425488,-43.110382,-22.426495,-26.463169,-23.280769
5.318750,-21.967697,-2.431382,-45.746338,-22.349092,-38.449226,-23.204472
5.325000,-16.072874,-2.437464,-47.400208,-22.210270,-49.693531,-23.047377
5.331250,-10.172956,-2.444351,-48.107609,-22.031532,-59.825851,-22.873264
5.337500,-4.268143,-2.451762,-45.885643,-21.825909,-68.910973,-22.618607
5.343750,1.649158,-2.458196,-43.571804,-21.578993,-76.184128,-22.344090
5.350000,7.577751,-2.463459,-39.711838,-21.340115,-81.838112,-22.085390
5.356250,13.509209,-2.468685,-34.476322,-21.133770,-85.759918,-21.873594
5.362500,19.441652,-2.473986,-28.112423,-20.980091,-87.953110,-21.735590
5.368750,25.383446,-2.477793,-20.930775,-20.890118,-88.625206,-21.654329
5.375000,31.335930,-2.479389,-13.258348,-20.863329,-88.047913,-21.612846
5.381250,37.289536,-2.479819,-5.469771,-20.888325,-86.383057,-21.590122
5.387500,43.238270,-2.479567,1.987491,-20.970459,-83.087143,-21.708593
5.393750,49.186562,-2.477817,8.790074,-21.131062,-79.151520,-21.914740
5.400000,55.135323,-2.474200,14.945539,-21.353186,-74.938553,-22.201427
5.406250,61.075893,-2.470023,20.223644,-21.614365,-70.737335,-22.576973
5.412500,67.002701,-2.466354,24.411867,-21.885731,-66.565048,-22.938278
5.418750,72.921928,-2.462476,27.336037,-22.146555,-62.590664,-23.291384
5.425000,78.838158,-2.457923,28.906239,-22.377747,-59.220573,-23.623379
5.431250,84.745476,-2.453713,29.182161,-22.562008,-56.457905,-23.912779
5.437500,90.638847,-2.451028,28.388561,-22.682619,-54.248413,-24.131374
5.443750,96.522194,-2.450018,26.861183,-22.727657,-52.542763,-24.259251
5.450000,100.508240,-2.450301,24.954624,-22.687551,-51.266556,-24.284803
5.456250,104.221031,-2.451785,23.077171,-22.559874,-50.258160,-24.204254
5.462500,107.129250,-2.454197,21.666262,-22.356556,-49.350643,-24.047132
5.468750,108.744308,-2.456841,19.304001,-22.089869,-48.347187,-23.784857
5.475000,108.637154,-2.459954,18.173698,-21.752373,-46.370438,-23.408594
5.481250,106.462189,-2.464767,18.129452,-21.370758,-43.914734,-22.982166
5.487500,101.985382,-2.471278,18.895117,-20.977432,-40.676464,-22.542809
5.493750,95.096001,-2.477590,20.297756,-20.598831,-36.357430,-22.121614
5.500000,85.799362,-2.482266,22.185568,-20.251587,-30.727541,-21.740931
5.506250,74.207825,-2.486253,24.410124,-19.942030,-23.637823,-21.407400
5.512500,60.548756,-2.490711,26.803391,-19.651613,-15.120111,-21.043776
5.518750,45.167629,-2.494961,29.194433,-19.405642,-5.798006,-20.800344
5.525000,28.498312,-2.497738,30.960821,-19.245268,4.122326,-20.630280
5.531250,11.030072,-2.499192,32.694592,-19.145966,14.602941,-20.527803
5.537500,-6.712484,-2.500233,34.077805,-19.107868,25.117506,-20.483198
5.543750,-24.183199,-2.500725,34.789459,-19.137545,35.136944,-20.490673
5.550000,-40.846745,-2.500253,34.574665,-19.241291,44.272434,-20.599262
5.556250,-56.211761,-2.498913,33.248631,-19.426310,52.255322,-20.782459
5.562500,-69.854546,-2.496899,30.692192,-19.700266,59.419643,-20.989838
5.568750,-81.434738,-2.494228,26.950886,-20.028986,64.906082,-21.250521
5.575000,-90.715240,-2.490870,24.253447,-20.411474,68.838112,-21.563030
5.581250,-97.577614,-2.487372,19.275787,-20.847727,71.485405,-21.910015
5.587500,-102.022339,-2.483938,14.264492,-21.336815,73.188248,-22.254257
5.593750,-104.169250,-2.480210,9.304125,-21.878899,74.079521,-22.655779
5.600000,-104.256073,-2.476660,4.599739,-22.440716,72.722626,-23.053934
5.606250,-102.626900,-2.474236,0.344857,-23.002373,71.242989,-23.443449
5.612500,-99.706619,-2.472763,-3.427121,-23.551834,69.382385,-23.821911
5.618750,-95.978493,-2.470808,-6.606376,-24.073088,67.010262,-24.184740
5.625000,-91.974884,-2.468122,-9.076230,-24.548922,64.020683,-24.529240
5.631250,-86.086517,-2.466755,-10.727200,-24.957932,60.302116,-24.836298
5.637500,-80.212013,-2.467893,-11.479109,-25.276482,55.702423,-25.068649
5.643750,-74.338211,-2.470058,-13.201027,-25.476662,52.103863,-25.184238
5.650000,-68.455093,-2.471548,-12.143633,-25.536797,47.882343,-25.211420
5.656250,-62.568947,-2.473336,-10.447831,-25.479017,42.679012,-25.184425
5.662500,-56.690739,-2.476848,-8.316733,-25.303598,37.443817,-25.071943
5.668750,-50.817451,-2.482197,-5.826042,-25.009781,32.438576,-24.865665
5.675000,-44.938446,-2.488266,-3.222952,-24.613890,27.848110,-24.570065
5.681250,-39.049900,-2.494574,-0.788899,-24.139439,23.850122,-24.192755
5.687500,-33.155701,-2.501176,1.198975,-23.622520,20.655376,-23.744818
5.693750,-27.255529,-2.507712,2.362854,-23.070797,18.560509,-23.254805
5.700000,-21.348740,-2.513848,2.083265,-22.483231,18.005129,-22.745199
5.706250,-15.439175,-2.520448,2.400838,-21.921410,17.149845,-22.246914
5.712500,-9.528961,-2.528038,1.690404,-21.424110,17.655643,-21.795687
5.718750,-3.610987,-2.535309,0.161079,-21.011768,19.125061,-21.418728
5.725000,2.321740,-2.540803,-1.984082,-20.694370,22.964605,-21.105665
5.731250,8.264521,-2.544565,-4.552687,-20.471394,27.046524,-20.826715
5.737500,14.206094,-2.547876,-7.349837,-20.329496,31.544952,-20.621395
5.743750,20.145479,-2.550760,-10.225900,-20.249094,35.610794,-20.541315
5.750000,26.089174,-2.552027,-13.167933,-20.249943,39.716011,-20.552296
5.756250,32.035709,-2.551686,-16.149557,-20.318378,43.571064,-20.638342
5.762500,37.977806,-2.550753,-16.776148,-20.428926,46.828495,-20.785789
5.768750,43.911160,-2.549592,-18.210022,-20.552561,49.136818,-20.997507
5.775000,49.840263,-2.547822,-18.318420,-20.663481,50.037025,-21.203384
5.781250,55.765442,-2.545483,-17.299232,-20.758993,50.480633,-21.410540
5.787500,61.681614,-2.543625,-15.407280,-20.830091,49.512814,-21.622667
5.793750,67.587875,-2.542860,-12.846726,-20.865019,47.288738,-21.824160
5.800000,73.489029,-2.542908,-9.898875,-20.855459,43.893818,-21.993605
5.806250,79.389023,-2.543355,-6.887321,-20.799156,39.455482,-22.108431
5.812500,85.288818,-2.543966,-4.151364,-20.698793,34.201328,-22.163542
5.818750,91.186844,-2.545012,-2.015126,-20.564526,28.526863,-22.180103
5.825000,97.080345,-2.547188,1.376738,-20.422129,20.605787,-22.179766
5.831250,101.073769,-2.551530,4.388500,-20.332561,12.323426,-22.101351
5.837500,104.793724,-2.557763,5.726183,-20.195780,3.754648,-21.971098
5.843750,107.719154,-2.564214,7.421078,-20.080563,-5.342510,-21.822418
5.850000,109.363747,-2.569243,8.913288,-20.019447,-14.819023,-21.677555
5.856250,109.294601,-2.572885,10.139140,-20.020754,-24.442791,-21.550739
5.862500,107.158905,-2.576332,11.050342,-20.082176,-33.999405,-21.453953
5.868750,102.718742,-2.579916,11.617929,-20.181828,-43.344543,-21.386976
5.875000,95.856537,-2.583014,11.977015,-20.321455,-52.448265,-21.339617
5.881250,86.574730,-2.585405,12.581985,-20.527308,-61.420395,-21.330256
5.887500,74.992416,-2.587153,13.408502,-20.772560,-68.022705,-21.357214
5.893750,61.345860,-2.587813,14.633194,-21.043352,-73.578423,-21.407503
5.900000,45.975136,-2.587306,14.607996,-21.344612,-77.702141,-21.470451
5.906250,29.301910,-2.586684,15.219513,-21.709730,-82.135002,-21.558674
5.912500,11.815451,-2.586612,16.280249,-22.067024,-85.071320,-21.663090
5.918750,-5.945342,-2.585955,18.023283,-22.426207,-86.885201,-21.770666
5.925000,-23.429188,-2.583920,19.666460,-22.808834,-87.960228,-21.879894
5.931250,-40.111290,-2.581700,21.093555,-23.218744,-88.576225,-21.994345
5.937500,-55.506966,-2.580582,22.232641,-23.645226,-88.967346,-22.115513
5.943750,-69.184296,-2.580048,23.041889,-24.069344,-89.319717,-22.243656
5.950000,-80.792885,-2.578887,23.718042,-24.473658,-89.873482,-22.333504
5.956250,-90.098679,-2.577655,24.443670,-24.838875,-91.121666,-22.386604
5.962500,-96.988365,-2.577812,25.117380,-25.149715,-90.344673,-22.448030
5.968750,-101.457733,-2.578632,25.611921,-25.395897,-89.779083,-22.507801
5.975000,-103.617531,-2.578276,25.839548,-25.565725,-88.975609,-22.561913
5.981250,-103.708260,-2.577027,25.721920,-25.653170,-87.503647,-22.610222
5.987500,-102.083786,-2.576927,25.198738,-25.652576,-84.977432,-22.651003
5.993750,-99.173439,-2.578834,24.250742,-25.560741,-81.065689,-22.680628
6.000000,-95.456398,-2.581359,22.869192,-25.376141,-75.546967,-22.691200
6.006250,-91.459389,-2.583785,21.089029,-25.089605,-68.367546,-22.639469
6.012500,-85.566666,-2.586943,18.968182,-24.661232,-59.920422,-22.568560
6.018750,-79.675392,-2.591038,18.420576,-24.220119,-50.480484,-22.483622
6.025000,-73.778557,-2.595137,16.132835,-23.743282,-40.006847,-22.386480
6.031250,-67.874222,-2.598772,14.539884,-23.256489,-28.960167,-22.291420
6.037500,-61.968430,-2.602790,13.492905,-22.802574,-17.879387,-22.214920
6.043750,-56.061951,-2.607335,12.919049,-22.427193,-7.210674,-22.141752
6.050000,-50.149448,-2.611198,12.879765,-22.120998,2.787988,-22.056257
6.056250,-44.228527,-2.613981,13.374817,-21.911777,11.659189,-21.995285
6.062500,-38.307720,-2.616725,14.122179,-21.828274,19.159414,-21.979948
6.068750,-32.388847,-2.619540,13.162100,-21.877533,25.145519,-22.011469
6.075000,-26.464933,-2.621124,12.099277,-22.047432,29.615934,-22.086664
6.081250,-20.534163,-2.620848,12.556455,-22.304863,32.647739,-22.201258
6.087500,-14.607586,-2.619960,12.653919,-22.572788,34.308842,-22.332453
6.093750,-8.692895,-2.619940,12.313460,-22.884132,34.575920,-22.467642
6.100000,-2.784781,-2.620484,10.912663,-23.206432,33.629871,-22.610996
6.106250,3.124865,-2.620701,8.906742,-23.489433,31.761648,-22.753523
6.112500,9.034820,-2.620613,6.211626,-23.702259,29.139778,-22.880772
6.118750,14.940288,-2.621004,2.740118,-23.826519,25.897532,-22.975529
6.125000,20.841200,-2.622179,-1.553544,-23.857170,22.180471,-23.015156
6.131250,26.739386,-2.624388,-4.495869,-23.799896,18.244598,-22.998375
6.137500,32.637405,-2.627592,-7.350557,-23.653595,14.922798,-22.938786
6.143750,38.538952,-2.631157,-11.311016,-23.417274,10.320748,-22.819466
6.150000,44.449753,-2.634083,-14.257704,-23.118536,5.877892,-22.654285
6.156250,50.366249,-2.636311,-16.239431,-22.785551,1.561002,-22.457125
6.162500,56.280994,-2.638863,-17.267836,-22.441725,-2.593967,-22.241631
6.168750,62.192490,-2.642205,-17.370785,-22.106018,-6.517607,-22.018066
6.175000,68.108101,-2.645252,-16.634577,-21.797405,-10.141029,-21.798368
6.181250,74.031029,-2.647200,-15.198345,-21.531912,-13.394266,-21.597660
6.187500,79.955620,-2.648558,-13.223077,-21.323587,-16.139971,-21.490784
6.193750,85.877075,-2.649951,-10.927089,-21.196323,-18.677486,-21.361488
6.200000,91.797859,-2.650979,-8.495520,-21.130886,-20.761860,-21.293810
6.206250,95.824516,-2.651288,-5.645803,-21.120045,-22.306850,-21.306305
6.212500,99.575867,-2.651402,-2.642777,-21.183069,-23.479134,-21.409115
6.218750,102.516388,-2.651805,0.336412,-21.307522,-24.454666,-21.645241
6.225000,104.155655,-2.652356,3.107282,-21.468628,-23.828608,-21.879831
6.231250,104.069229,-2.652866,5.308913,-21.694143,-24.108526,-22.195503
6.237500,101.916481,-2.653329,6.635059,-21.968681,-24.409025,-22.588511
6.243750,97.461380,-2.653405,7.064364,-22.273792,-24.653934,-23.044270
6.250000,90.582733,-2.652872,8.599408,-22.596334,-24.872541,-23.543318
6.256250,81.276764,-2.652351,9.762530,-22.929049,-25.086685,-24.065870
6.262500,69.661446,-2.652666,9.091606,-23.267496,-25.278631,-24.592543
6.268750,55.979591,-2.653259,8.709031,-23.594320,-25.189739,-25.063690
6.275000,40.578186,-2.652561,8.592466,-23.889776,-24.500769,-25.485359
6.281250,23.882635,-2.650737,8.609948,-24.149082,-23.321383,-25.848377
6.287500,6.372970,-2.649639,8.651187,-24.367872,-21.504770,-26.135435
6.293750,-11.421588,-2.650356,8.664713,-24.536491,-18.799036,-26.329414
6.300000,-28.943369,-2.651734,8.636757,-24.640287,-14.945496,-26.412443
6.306250,-45.651394,-2.652578,8.536887,-24.662735,-9.747547,-26.367838
6.312500,-61.058651,-2.653613,8.309381,-24.585812,-3.117302,-26.180901
6.318750,-74.744698,-2.655871,7.829411,-24.418238,4.769085,-25.906315
6.325000,-86.365349,-2.658993,9.016972,-24.194672,13.535956,-25.549852
6.331250,-95.678383,-2.662306,8.641739,-23.906883,22.948614,-25.102848
6.337500,-102.563202,-2.666194,8.946856,-23.550070,32.762592,-24.605394
6.343750,-107.022720,-2.671095,9.635811,-23.156698,42.542736,-24.097321
6.350000,-109.174797,-2.676281,10.477293,-22.757339,51.718430,-23.612701
6.356250,-109.251465,-2.680717,11.313980,-22.379059,59.689968,-23.179810
6.362500,-107.595749,-2.684373,12.018387,-22.043497,65.880768,-22.809223
6.368750,-104.640724,-2.687731,12.472049,-21.766075,69.777664,-22.445377
6.375000,-100.879616,-2.690520,12.553168,-21.556372,71.544731,-22.247686
6.381250,-96.844070,-2.692566,11.995466,-21.431656,70.814445,-22.168228
6.387500,-90.914749,-2.694283,11.938109,-21.376492,67.469803,-22.208439
6.393750,-84.988564,-2.695761,11.510297,-21.408367,61.823200,-22.322199
6.400000,-79.062408,-2.696459,10.978856,-21.527229,54.272034,-22.423616
6.406250,-73.136536,-2.696135,10.411345,-21.725172,43.180424,-22.653963
6.412500,-67.216492,-2.695932,9.835894,-21.987719,30.994781,-22.947577
6.418750,-61.305145,-2.696543,9.244669,-22.300074,17.507267,-23.269318
6.425000,-55.396606,-2.697320,8.638948,-22.636436,3.204962,-23.587400
6.431250,-49.485832,-2.697495,8.013179,-22.970572,-11.366450,-23.872728
6.437500,-43.576408,-2.697640,7.309273,-23.275442,-25.679077,-24.095469
6.443750,-37.673698,-2.698843,8.637580,-23.520569,-39.237179,-24.223721
6.450000,-31.775717,-2.700935,10.511683,-23.694363,-51.791546,-24.306313
6.456250,-25.874481,-2.703135,11.336640,-23.801151,-63.235321,-24.330227
6.462500,-19.970280,-2.705429,13.107604,-23.836376,-71.614304,-24.255114
6.468750,-14.066327,-2.708091,15.628857,-23.797760,-78.282379,-24.116831
6.475000,-8.159721,-2.710625,18.625946,-23.694511,-82.769325,-23.944689
6.481250,-2.248526,-2.712563,21.771584,-23.551325,-84.858589,-23.766552
6.487500,3.662031,-2.714715,24.762634,-23.397541,-84.444588,-23.598265
6.493750,9.570483,-2.717372,27.446966,-23.233938,-81.408569,-23.419415
6.500000,15.480869,-2.719705,29.712778,-23.069094,-77.726929,-23.231508
6.506250,21.397821,-2.720964,29.408998,-22.917027,-71.967094,-23.061329
6.512500,27.314730,-2.721927,30.164171,-22.803741,-64.633209,-22.938923
6.518750,33.225475,-2.723681,29.889473,-22.756641,-56.496346,-22.857134
6.525000,39.134056,-2.725837,28.690485,-22.769459,-48.269897,-22.807493
6.531250,45.049026,-2.727167,26.661606,-22.834290,-40.561165,-22.784807
6.537500,50.968384,-2.727602,23.861528,-22.941690,-33.914612,-22.785442
6.543750,56.883747,-2.728279,20.371811,-23.080667,-28.798052,-22.809477
6.550000,62.793888,-2.729452,16.308107,-23.236256,-23.751263,-22.833494
6.556250,68.705208,-2.730493,11.853355,-23.374710,-20.779318,-22.846968
6.562500,74.618706,-2.731186,7.339306,-23.491055,-19.329454,-22.860678
6.568750,80.531372,-2.731819,3.719004,-23.618107,-19.042999,-22.872440
6.575000,86.442604,-2.732334,-0.876860,-23.721550,-19.610247,-22.904331
6.581250,92.353104,-2.732538,-4.437400,-23.794737,-20.574177,-22.935352
6.587500,96.366035,-2.733211,-7.039029,-23.841574,-21.418507,-22.966017
6.593750,100.101715,-2.734752,-8.708404,-23.867214,-23.660074,-23.002132
6.600000,103.032372,-2.736376,-9.477793,-23.876852,-25.243162,-23.045996
6.606250,104.671410,-2.736962,-9.381617,-23.871223,-26.275179,-23.095697
6.612500,104.586060,-2.737161,-8.493407,-23.852158,-26.883553,-23.149265
6.618750,102.427628,-2.738369,-6.928308,-23.819633,-27.209551,-23.202738
6.625000,97.961075,-2.740654,-4.829134,-23.773821,-25.499514,-23.252645
6.631250,91.072861,-2.742941,-2.385111,-23.717800,-23.531649,-23.310940
6.637500,81.764809,-2.745032,2.384184,-23.648123,-20.996542,-23.296293
6.643750,70.152794,-2.747834,6.073186,-23.545649,-19.704443,-23.264328
6.650000,56.473213,-2.751586,10.578156,-23.405983,-17.698133,-23.216036
6.656250,41.073265,-2.755195,15.477872,-23.232986,-15.377959,-23.141823
6.662500,24.382387,-2.758064,20.404215,-23.021151,-13.109077,-23.030077
6.668750,6.888230,-2.760571,25.008844,-22.758978,-11.304399,-22.876345
6.675000,-10.881964,-2.763370,28.840315,-22.465441,-10.503340,-22.712175
6.681250,-28.380053,-2.766549,31.420181,-22.156916,-8.978809,-22.549494
6.687500,-45.071274,-2.769965,34.658203,-21.843502,-8.384046,-22.396643
6.693750,-60.462181,-2.773485,36.869423,-21.558378,-8.585624,-22.269808
6.700000,-74.123421,-2.776521,38.143890,-21.285238,-9.444104,-22.208797
6.706250,-85.712341,-2.778439,38.367184,-21.030132,-10.639343,-22.185032
6.712500,-94.997543,-2.779563,38.010063,-20.839283,-11.610287,-22.213598
6.718750,-101.862602,-2.780885,37.207409,-20.735968,-12.527933,-22.319201
6.725000,-106.307030,-2.782498,36.027905,-20.728352,-13.068281,-22.492458
6.731250,-108.446434,-2.783580,34.496288,-20.816490,-14.957810,-22.745348
6.737500,-108.516632,-2.783609,32.630428,-20.988634,-16.223972,-23.080582
6.743750,-106.863091,-2.783026,30.389450,-21.249342,-17.147730,-23.462685
6.750000,-103.917145,-2.782250,27.651806,-21.629543,-17.878864,-23.853310
6.756250,-100.169716,-2.781378,25.132299,-22.000500,-18.496738,-24.215834
6.762500,-96.153152,-2.780638,22.809387,-22.408754,-19.209940,-24.547607
6.768750,-90.246071,-2.780154,20.533022,-22.847563,-20.141459,-24.830584
6.775000,-84.340218,-2.779323,18.381748,-23.298683,-19.157846,-25.047689
6.781250,-78.433441,-2.777642,16.387747,-23.742445,-17.695835,-25.188183
6.787500,-72.530991,-2.775903,14.562565,-24.159086,-15.318794,-25.244728
6.793750,-66.637062,-2.775045,12.900834,-24.530636,-11.625080,-25.213207
6.800000,-60.749229,-2.775078,11.385144,-24.840462,-6.269676,-25.091921
6.806250,-54.860229,-2.775302,9.988677,-25.075317,-1.139397,-24.879601
6.812500,-48.970123,-2.775916,8.663294,-25.226675,5.347739,-24.555359
6.818750,-43.081890,-2.777636,7.326787,-25.303717,13.091098,-24.200102
6.825000,-37.192680,-2.779997,8.010194,-25.347019,20.554256,-23.809872
6.831250,-31.296320,-2.781953,7.759016,-25.281254,28.470713,-23.420750
6.837500,-25.394213,-2.783720,8.454667,-25.166948,36.052689,-23.081823
6.843750,-19.494303,-2.786635,9.873868,-25.031549,42.616867,-22.811018
6.850000,-13.595062,-2.790667,11.983462,-24.890638,49.305302,-22.605389
6.856250,-7.687001,-2.794178,14.720907,-24.755032,54.164982,-22.496193
6.862500,-1.767654,-2.796203,18.000498,-24.628765,57.383369,-22.491238
6.868750,4.153490,-2.797749,21.741678,-24.503448,59.148205,-22.580042
6.875000,10.068385,-2.799939,25.868486,-24.354307,59.720596,-22.743383
6.881250,15.980300,-2.802478,30.422302,-24.212946,59.417358,-22.928831
6.887500,21.893959,-2.804758,33.859291,-24.102953,58.435722,-23.154802
6.893750,27.809475,-2.806715,37.531639,-24.019253,56.685509,-23.403952
6.900000,33.724289,-2.808410,40.926224,-24.009571,54.902851,-23.627007
6.906250,39.638672,-2.809521,43.557533,-23.968086,53.479191,-23.788788
6.912500,45.550884,-2.810272,46.159187,-23.926332,50.802475,-23.872789
6.918750,51.456310,-2.811641,47.481750,-23.902843,48.752403,-23.871475
6.925000,57.355240,-2.814038,47.549469,-23.880077,47.050766,-23.780523
6.931250,63.255009,-2.816713,46.427006,-23.802832,45.418003,-23.599844
6.937500,69.158669,-2.819239,45.802227,-23.781471,43.507721,-23.354176
6.943750,75.063835,-2.822000,42.691280,-23.761776,42.796818,-23.084095
6.950000,80.970131,-2.824787,39.487709,-23.724133,41.169140,-22.751442
6.956250,86.881165,-2.826689,36.207867,-23.656174,38.775627,-22.390131
6.962500,92.796555,-2.827600,32.856232,-23.553654,36.001587,-22.036221
6.968750,96.813217,-2.828961,29.415281,-23.422714,32.924324,-21.715290
6.975000,100.548859,-2.831693,25.899050,-23.269630,29.553543,-21.444508
6.981250,103.480270,-2.834830,22.382269,-23.096189,25.897760,-21.231113
6.987500,105.122955,-2.836844,18.943172,-22.903164,21.936768,-21.074089
6.993750,105.047363,-2.837679,15.655272,-22.685408,17.627096,-20.956205
7.000000,102.902512,-2.838567,12.595218,-22.424603,12.842599,-20.888447
7.006250,98.448006,-2.840294,9.770785,-22.097902,9.389207,-20.892290
7.012500,91.567581,-2.842581,8.832705,-21.824556,5.933387,-20.945915
7.018750,82.265068,-2.845153,8.545082,-21.590424,2.895567,-21.028975
7.025000,70.663437,-2.847656,8.008452,-21.326616,0.662803,-21.177467
7.031250,56.999664,-2.849871,8.809773,-21.096205,-2.314670,-21.373220
7.037500,41.613247,-2.851923,10.547550,-20.939354,-3.994142,-21.598654
7.043750,24.929157,-2.854332,12.965360,-20.890886,-5.242651,-21.883377
7.050000,7.440394,-2.856956,15.827350,-20.974819,-6.210565,-22.239201
7.056250,-10.315536,-2.858734,18.968287,-21.181351,-6.985023,-22.670897
7.062500,-27.790953,-2.859137,20.324556,-21.506489,-7.658011,-23.188118
7.068750,-44.459591,-2.858742,23.315243,-21.954813,-8.335633,-23.823399
7.075000,-59.834339,-2.858240,25.859615,-22.501131,-8.459541,-24.420322
7.081250,-73.486397,-2.857323,27.879719,-23.056589,-10.524220,-25.039320
7.087500,-85.072220,-2.855424,29.387363,-23.698097,-13.069349,-25.683859
7.093750,-94.356331,-2.852706,29.114464,-24.373865,-14.374438,-26.333025
7.100000,-101.221680,-2.849672,27.876257,-25.036119,-16.180454,-26.957321
7.106250,-105.669098,-2.846481,25.455780,-25.658394,-18.340216,-27.524261
7.112500,-107.820915,-2.843512,21.680952,-26.228901,-20.685562,-27.998877
7.118750,-107.915009,-2.841246,16.320555,-26.693117,-23.024733,-28.338619
7.125000,-106.289619,-2.839647,11.300161,-27.027426,-27.272404,-28.494678
7.131250,-103.368088,-2.838074,5.408361,-27.240908,-31.590248,-28.506371
7.137500,-99.641930,-2.836574,-0.946213,-27.344000,-36.059830,-28.364100
7.143750,-95.649803,-2.836359,-7.394045,-27.341867,-40.978153,-28.060726
7.150000,-89.771690,-2.838211,-13.570809,-27.239708,-46.349670,-27.608252
7.156250,-83.892700,-2.841087,-19.156256,-27.044319,-52.082119,-27.029432
7.162500,-78.003944,-2.843613,-23.885853,-26.768366,-58.033928,-26.360014
7.168750,-72.108948,-2.845870,-27.567461,-26.431084,-64.056183,-25.653336
7.175000,-66.215088,-2.848854,-30.056065,-26.053823,-70.050926,-24.925411
7.181250,-60.321102,-2.852391,-31.255724,-25.658564,-76.153412,-24.190781
7.187500,-54.420403,-2.855558,-31.124359,-25.264906,-80.044319,-23.509789
7.193750,-48.512947,-2.858102,-29.660521,-24.874512,-83.189171,-22.924782
7.200000,-42.603928,-2.860485,-28.813925,-24.489550,-84.979729,-22.463068
7.206250,-36.694092,-2.862645,-25.369131,-24.180744,-84.815620,-22.085924
7.212500,-30.781111,-2.864142,-21.147001,-23.930349,-84.111580,-21.833742
7.218750,-24.866724,-2.865418,-16.423649,-23.744555,-81.662567,-21.736696
7.225000,-18.956146,-2.867272,-11.472121,-23.611389,-77.346863,-21.767069
7.231250,-13.047109,-2.869564,-6.578790,-23.518915,-71.589706,-21.902258
7.237500,-7.132735,-2.871261,-2.145189,-23.477961,-64.911568,-22.112438
7.243750,-1.213515,-2.872120,3.618006,-23.484989,-57.856445,-22.349424
7.250000,4.703954,-2.872871,9.192796,-23.519854,-50.995358,-22.531288
7.256250,10.616516,-2.874012,14.843176,-23.571821,-45.648544,-22.779165
7.262500,16.526955,-2.875391,18.876797,-23.646152,-39.776569,-23.009325
7.268750,22.436672,-2.877090,23.132963,-23.740810,-35.049316,-23.163412
7.275000,28.344893,-2.879636,27.579975,-23.787926,-31.517895,-23.238750
7.281250,34.251911,-2.882964,31.741550,-23.809235,-29.229401,-23.241282
7.287500,40.164463,-2.885940,35.229427,-23.799295,-28.013874,-23.172873
7.293750,46.085819,-2.887600,37.947342,-23.733131,-27.631205,-23.038950
7.300000,52.010540,-2.888180,39.993988,-23.638140,-27.848867,-22.855272
7.306250,57.930939,-2.888536,41.643013,-23.522028,-28.429489,-22.642572
7.312500,63.843697,-2.889545,42.851402,-23.376328,-29.142048,-22.425528
7.318750,69.751289,-2.891385,43.815361,-23.211855,-29.829224,-22.219604
7.325000,75.658844,-2.893740,42.971012,-23.030008,-30.446539,-22.032770
7.331250,81.572243,-2.895557,42.450382,-22.815653,-30.882774,-21.890034
7.337500,87.491570,-2.896297,41.952644,-22.596758,-31.084953,-21.813057
7.343750,93.411018,-2.896441,41.228630,-22.397221,-31.152784,-21.806852
7.350000,97.429482,-2.897037,40.182968,-22.228109,-29.341482,-21.847179
7.356250,101.169647,-2.898384,38.769718,-22.092382,-27.349310,-21.944014
7.362500,104.103950,-2.899978,36.937157,-21.988451,-24.419014,-22.116796
7.368750,105.742851,-2.901347,34.635529,-21.906944,-22.555702,-22.330132
7.375000,105.657967,-2.902542,31.797905,-21.838854,-20.086235,-22.552147
7.381250,103.506142,-2.903922,30.459175,-21.781361,-17.210052,-22.749889
7.387500,99.049614,-2.905808,29.016718,-21.766941,-14.221668,-22.919455
7.393750,92.167282,-2.908572,27.653128,-21.768860,-9.344439,-23.059858
7.400000,82.861259,-2.911844,26.580580,-21.775145,-4.099522,-23.152332
7.406250,71.259422,-2.914645,26.185171,-21.806131,-0.097609,-23.188501
7.412500,57.599461,-2.916367,26.519770,-21.876389,4.473944,-23.169844
7.418750,42.215504,-2.917691,27.515089,-21.996393,9.244216,-23.102633
7.425000,25.529381,-2.919482,29.028841,-22.175011,13.850927,-22.998957
7.431250,8.035954,-2.921498,30.898582,-22.414829,17.972027,-22.865690
7.437500,-9.727121,-2.923099,32.956036,-22.710566,21.361286,-22.695385
7.443750,-27.213795,-2.924378,37.201683,-23.042429,23.783710,-22.489311
7.450000,-43.893772,-2.925670,40.181000,-23.391775,24.808649,-22.299232
7.456250,-59.275162,-2.926476,43.475838,-23.819269,24.287914,-22.141071
7.462500,-72.925064,-2.925984,46.868313,-24.312496,22.300030,-22.026554
7.468750,-84.508293,-2.924535,50.199379,-24.880331,18.945318,-21.965414
7.475000,-93.793709,-2.923135,53.355999,-25.450729,14.437226,-21.951929
7.481250,-100.659531,-2.921691,56.156670,-26.031214,9.084334,-21.979561
7.487500,-105.100784,-2.919463,56.275867,-26.622532,3.184932,-22.047180
7.493750,-107.238884,-2.916386,55.252800,-27.204929,-2.830657,-22.142874
7.500000,-107.318115,-2.913762,52.578026,-27.738096,-8.350897,-22.255459
7.506250,-105.681091,-2.912075,49.925228,-28.199707,-12.663744,-22.385138
7.512500,-102.748871,-2.910536,45.344311,-28.592960,-15.173798,-22.512213
7.518750,-99.010216,-2.908844,39.140625,-28.888887,-15.335346,-22.617443
7.525000,-95.002831,-2.907856,31.657360,-29.071758,-12.604836,-22.696468
7.531250,-89.107628,-2.908276,23.210447,-29.144299,-8.614506,-22.743225
7.537500,-83.214249,-2.909401,14.171166,-29.119658,-3.345934,-22.729031
7.543750,-77.318405,-2.910718,5.107907,-28.968332,4.504909,-22.669479
7.550000,-71.422173,-2.912654,-3.516651,-28.714605,13.940525,-22.581953
7.556250,-65.528641,-2.915839,-11.431292,-28.392635,24.066841,-22.485006
7.562500,-59.633778,-2.919609,-20.051582,-28.020319,34.009621,-22.402245
7.568750,-53.732616,-2.923251,-27.209433,-27.603260,42.970547,-22.350281
7.575000,-47.825844,-2.926466,-32.815685,-27.183537,50.437298,-22.287407
7.581250,-41.916359,-2.929243,-36.670429,-26.776535,55.639030,-22.248903
7.587500,-36.004848,-2.931334,-39.043953,-26.385836,60.075882,-22.253935
7.593750,-30.092785,-2.932669,-40.126385,-26.022015,62.077000,-22.306015
7.600000,-24.184259,-2.933956,-40.009609,-25.690252,62.010296,-22.398098
7.606250,-18.281404,-2.935771,-38.796707,-25.392591,60.311401,-22.516491
7.612500,-12.380569,-2.937725,-36.627850,-25.124615,57.459618,-22.645899
7.618750,-6.477044,-2.939165,-33.687180,-24.880470,53.903076,-22.786686
7.625000,-0.574004,-2.940421,-30.240829,-24.654951,50.035446,-22.964209
7.631250,5.323680,-2.942320,-24.417225,-24.445765,46.271358,-23.137983
7.637500,11.218158,-2.944887,-19.768822,-24.244560,42.478661,-23.264153
7.643750,17.112581,-2.947569,-14.398652,-24.010715,39.379780,-23.366222
7.650000,23.008869,-2.950464,-8.672076,-23.705509,37.018902,-23.449163
7.656250,28.902430,-2.954269,-3.378633,-23.402525,35.186245,-23.527792
7.662500,34.793461,-2.959417,0.859510,-23.097734,33.571487,-23.606106
7.668750,40.688995,-2.965034,6.018236,-22.786470,31.908573,-23.681688
7.675000,46.594688,-2.970061,10.340345,-22.478453,31.774727,-23.760252
7.681250,52.508358,-2.974098,13.972370,-22.192890,31.150253,-23.851843
7.687500,58.425526,-2.977514,17.117964,-21.953245,30.142969,-23.965673
7.693750,64.342392,-2.980509,20.063513,-21.768433,28.836712,-24.113308
7.700000,70.259674,-2.983021,21.315762,-21.630089,27.280254,-24.325453
7.706250,76.177841,-2.984930,22.723660,-21.552305,25.489878,-24.545004
7.712500,82.096016,-2.986179,23.979462,-21.531580,22.576761,-24.741932
7.718750,88.012733,-2.986973,24.862150,-21.552881,21.219894,-24.978092
7.725000,93.928688,-2.987157,24.978479,-21.648218,19.750769,-25.245646
7.731250,97.947891,-2.986782,24.077261,-21.800354,18.464462,-25.521631
7.737500,101.688568,-2.986518,22.141470,-21.979836,17.491930,-25.776039
7.743750,104.616844,-2.987102,21.176151,-22.160688,16.914047,-25.966532
7.750000,106.243240,-2.988582,19.619577,-22.323673,16.714430,-26.059927
7.756250,106.145935,-2.990307,17.761229,-22.456553,16.553801,-26.094088
7.762500,103.987152,-2.991971,15.813250,-22.560982,16.416355,-26.040476
7.768750,99.526253,-2.994054,13.967885,-22.634048,16.337969,-25.887821
7.775000,92.639053,-2.997240,12.468977,-22.671911,16.184431,-25.638432
7.781250,83.329582,-3.001276,11.473104,-22.682932,15.812515,-25.307894
7.787500,71.726135,-3.004972,11.037127,-22.680157,15.106078,-24.921616
7.793750,58.067169,-3.007761,11.180707,-22.676413,14.027453,-24.505043
7.800000,42.687634,-3.010064,11.885529,-22.682625,12.679832,-24.046591
7.806250,26.011009,-3.012075,13.131314,-22.699450,11.205425,-23.536654
7.812500,8.531284,-3.013433,12.964714,-22.728281,9.654500,-23.034653
7.818750,-9.218183,-3.013758,14.979002,-22.782503,6.961755,-22.606453
7.825000,-26.694761,-3.013574,17.054380,-22.890078,4.717199,-22.245058
7.831250,-43.369946,-3.013342,18.979137,-23.073666,2.860163,-21.954937
7.837500,-58.747730,-3.012493,20.688019,-23.363102,1.471448,-21.734995
7.843750,-72.397995,-3.010387,22.095562,-23.702787,0.703744,-21.586569
7.850000,-83.986214,-3.007909,23.754971,-24.076870,0.649183,-21.518940
7.856250,-93.281639,-3.006116,24.864681,-24.504904,-0.762979,-21.529751
7.862500,-100.158157,-3.004887,25.484097,-24.972548,-2.006876,-21.607557
7.868750,-104.609474,-3.003032,23.769575,-25.450020,-3.398639,-21.735769
7.875000,-106.754906,-3.000354,21.355349,-25.915251,-5.195291,-21.888851
7.881250,-106.839149,-2.997700,19.768166,-26.366009,-7.586569,-22.013889
7.887500,-105.206673,-2.995707,17.232258,-26.776686,-10.679890,-22.145468
7.893750,-102.279343,-2.993956,13.937029,-27.128679,-13.492438,-22.288839
7.900000,-98.547005,-2.992295,10.080652,-27.392792,-16.407749,-22.381763
7.906250,-94.546242,-2.991645,5.959983,-27.543873,-19.294706,-22.432873
7.912500,-88.655182,-2.992290,1.692277,-27.590555,-21.872028,-22.454309
7.918750,-82.760399,-2.992290,-2.517916,-27.590555,-23.742172,-22.454309
7.925000,-82.760399,-2.992290,-2.517916,-27.590555,-23.742172,-22.454309
7.931250,-82.760399,-2.992290,-2.517916,-27.590555,-23.742172,-22.454309
7.937500,-82.760399,-2.992290,-2.517916,-27.590555,-23.742172,-22.454309
7.943750,-82.760399,-2.992290,-2.517916,-27.590555,-23.742172,-22.454309
7.950000,-82.760399,-2.992290,-2.517916,-27.590555,-23.742172,-22.454309
7.956250,-82.760399,-2.992290,-2.517916,-27.590555,-23.742172,-22.454309
7.962500,-82.760399,-2.992290,-2.517916,-27.590555,-23.742172,-22.454309
7.968750,-82.760399,-2.992290,-2.517916,-27.590555,-23.742172,-22.454309
7.975000,-82.760399,-2.992290,-2.517916,-27.590555,-23.742172,-22.454309
7.981250,-82.760399,-2.992290,-2.517916,-27.590555,-23.742172,-22.454309
7.987500,-82.760399,-2.992290,-2.517916,-27.590555,-23.742172,-22.454309
7.993750,-82.760399,-2.992290,-2.517916,-27.590555,-23.742172,-22.454309
8.000000,-82.760399,-2.992290,-2.517916,-27.590555,-23.742172,-22.454309
