1338038382.75,2012_05_26_14:19:42,+298.24,+298.27,+297.94,+298.13,+297.58,+298.62,+298.12,+298.64,243.683868,-5.838
1338038426.0,2012_05_26_14:20:26,+298.24,+298.27,+297.94,+298.14,+297.58,+298.62,+298.13,+298.65,243.685669,-5.827
1338039251.89,2012_05_26_14:34:11,+298.15,+298.29,+297.92,+298.17,+297.64,+298.69,+298.15,+298.68,243.717133,-5.783
1338039579.87,2012_05_26_14:39:39,+287.33,+297.34,+297.89,+297.48,+297.53,+298.56,+297.81,+298.28,243.502441,-5.766
1338039907.86,2012_05_26_14:45:07,+273.79,+295.91,+297.64,+296.12,+297.08,+297.97,+296.85,+297.10,242.764786,-5.744
1338040235.83,2012_05_26_14:50:35,+261.57,+293.08,+297.09,+293.23,+296.35,+297.03,+295.30,+295.36,241.722336,-5.736
1338040563.79,2012_05_26_14:56:03,+250.19,+290.24,+296.27,+290.63,+294.60,+295.79,+292.51,+292.47,240.525116,-5.723
1338040891.81,2012_05_26_15:01:31,+239.59,+287.69,+294.60,+288.06,+292.46,+293.22,+289.98,+290.01,239.238998,-5.711
1338041219.82,2012_05_26_15:06:59,+229.58,+285.04,+292.17,+285.45,+290.25,+290.96,+287.37,+287.47,237.893600,-5.714
1338041547.8,2012_05_26_15:12:27,+220.24,+282.37,+289.59,+282.77,+287.84,+288.73,+284.74,+284.86,236.512024,-5.725
1338041875.78,2012_05_26_15:17:55,+211.24,+279.67,+286.85,+280.09,+285.41,+286.26,+282.13,+282.20,235.079712,-5.723
1338042203.78,2012_05_26_15:23:23,+202.47,+276.94,+283.93,+277.41,+282.85,+283.75,+279.41,+279.57,233.599609,-5.703
1338042531.78,2012_05_26_15:28:51,+194.01,+274.19,+280.85,+274.65,+280.23,+281.23,+276.67,+276.88,232.075211,-5.690
1338042859.77,2012_05_26_15:34:19,+185.95,+271.38,+277.65,+271.84,+277.64,+278.60,+273.90,+274.13,230.505920,-5.670
1338043187.73,2012_05_26_15:39:47,+178.18,+268.59,+274.33,+269.01,+274.96,+275.91,+271.10,+271.33,228.900009,-5.652
1338043515.72,2012_05_26_15:45:15,+170.52,+265.79,+270.91,+266.18,+272.20,+273.21,+268.28,+268.55,227.253311,-5.639
1338043843.74,2012_05_26_15:50:43,+162.99,+262.93,+267.55,+263.34,+269.40,+270.49,+265.43,+265.75,225.579391,-5.594
1338044171.7,2012_05_26_15:56:11,+155.83,+260.06,+264.21,+260.51,+266.59,+267.73,+262.61,+262.97,223.864792,-5.584
1338044499.71,2012_05_26_16:01:39,+148.58,+257.18,+260.85,+257.66,+263.77,+264.95,+259.77,+260.18,222.141403,-5.564
1338044827.69,2012_05_26_16:07:07,+141.52,+254.29,+257.48,+254.78,+260.95,+262.14,+256.89,+257.35,220.358505,-5.553
1338045155.67,2012_05_26_16:12:35,+134.77,+251.39,+254.05,+251.89,+258.11,+259.31,+254.00,+254.49,218.541855,-5.531
1338045483.66,2012_05_26_16:18:03,+128.16,+248.49,+250.62,+249.00,+255.24,+256.47,+251.11,+251.63,216.695358,-5.522
1338045811.66,2012_05_26_16:23:31,+121.51,+245.58,+247.16,+246.04,+252.36,+253.63,+248.19,+248.75,214.818893,-5.500
1338046138.02,2012_05_26_16:28:58,+115.28,+242.70,+243.71,+243.13,+249.49,+250.79,+245.26,+245.88,212.926514,-5.491
1338046465.94,2012_05_26_16:34:25,+109.24,+239.82,+240.23,+240.20,+246.58,+247.93,+242.33,+243.00,211.001236,-5.468
1338046793.94,2012_05_26_16:39:53,+103.61,+236.90,+236.68,+237.28,+243.68,+245.05,+239.40,+240.12,209.055206,-5.463
1338047121.93,2012_05_26_16:45:21,+98.381,+234.02,+233.12,+234.40,+240.78,+242.19,+236.44,+237.26,207.096878,-5.458
1338047449.91,2012_05_26_16:50:49,+93.456,+231.16,+229.55,+231.54,+237.87,+239.34,+233.51,+234.42,205.128876,-5.449
1338047777.88,2012_05_26_16:56:17,+89.169,+228.33,+225.96,+228.71,+234.96,+236.50,+230.61,+231.62,203.153778,-5.441
1338048105.88,2012_05_26_17:01:45,+85.709,+225.54,+222.36,+225.92,+232.09,+233.69,+227.75,+228.85,201.173737,-5.433
1338048433.88,2012_05_26_17:07:13,+82.938,+222.80,+218.72,+223.15,+229.25,+230.90,+224.95,+226.11,199.194000,-5.427
1338048761.86,2012_05_26_17:12:41,+80.594,+220.07,+215.05,+220.40,+226.44,+228.14,+222.18,+223.39,197.211853,-5.425
1338049089.87,2012_05_26_17:18:09,+78.550,+217.37,+211.40,+217.68,+223.68,+225.42,+219.45,+220.70,195.229156,-5.428
1338049417.87,2012_05_26_17:23:37,+76.738,+214.70,+207.76,+214.98,+220.94,+222.72,+216.74,+218.04,193.247009,-5.432
1338049745.88,2012_05_26_17:29:05,+75.195,+212.05,+204.13,+212.31,+218.23,+220.05,+214.05,+215.40,191.267303,-5.433
1338050073.85,2012_05_26_17:34:33,+73.535,+209.42,+200.57,+209.66,+215.54,+217.40,+211.39,+212.78,189.286667,-5.436
1338050401.85,2012_05_26_17:40:01,+71.831,+206.76,+197.08,+207.02,+212.88,+214.78,+208.76,+210.19,187.312225,-5.448
1338050729.84,2012_05_26_17:45:29,+70.358,+204.11,+193.67,+204.38,+210.24,+212.18,+206.13,+207.61,185.341248,-5.454
1338051057.84,2012_05_26_17:50:57,+69.221,+201.48,+190.34,+201.76,+207.62,+209.60,+203.50,+205.01,183.384277,-5.458
1338051385.81,2012_05_26_17:56:25,+68.481,+198.86,+187.09,+199.16,+204.98,+207.01,+200.96,+202.48,181.438202,-5.476
1338051713.79,2012_05_26_18:01:53,+67.477,+196.26,+183.91,+196.57,+202.37,+204.43,+198.48,+200.02,179.501541,-5.492
1338052041.79,2012_05_26_18:07:21,+66.353,+193.65,+180.76,+193.98,+199.77,+201.85,+195.94,+197.49,177.568939,-5.507
1338052369.77,2012_05_26_18:12:49,+65.465,+191.07,+177.65,+191.41,+197.18,+199.29,+193.39,+194.96,175.649338,-5.524
1338052697.74,2012_05_26_18:18:17,+64.650,+188.50,+174.60,+188.87,+194.60,+196.72,+190.85,+192.44,173.765350,-5.543
1338053025.73,2012_05_26_18:23:45,+64.060,+185.96,+171.60,+186.34,+192.03,+194.18,+188.32,+189.92,171.881088,-5.576
1338053353.74,2012_05_26_18:29:13,+63.231,+183.45,+168.66,+183.82,+189.48,+191.64,+185.80,+187.42,170.009857,-5.599
1338053681.73,2012_05_26_18:34:41,+62.478,+180.95,+165.77,+181.31,+186.95,+189.13,+183.32,+184.96,168.149277,-5.625
1338054009.73,2012_05_26_18:40:09,+61.953,+178.47,+162.93,+178.82,+184.43,+186.64,+180.88,+182.52,166.301315,-5.663
1338054337.71,2012_05_26_18:45:37,+61.786,+176.00,+160.13,+176.34,+181.94,+184.15,+178.43,+180.09,164.467850,-5.699
1338054665.71,2012_05_26_18:51:05,+61.588,+173.54,+157.28,+173.87,+179.46,+181.66,+175.99,+177.66,162.649414,-5.735
1338054993.7,2012_05_26_18:56:33,+61.200,+171.10,+154.40,+171.43,+176.97,+179.17,+173.56,+175.24,160.849594,-5.779
1338055321.68,2012_05_26_19:02:01,+60.946,+168.68,+151.53,+169.00,+174.49,+176.70,+171.15,+172.85,159.066513,-5.825
1338055649.67,2012_05_26_19:07:29,+60.490,+166.23,+148.67,+166.56,+172.04,+174.24,+168.84,+170.55,157.292114,-5.881
1338055977.67,2012_05_26_19:12:57,+59.974,+163.78,+145.83,+164.11,+169.61,+171.81,+166.64,+168.35,155.517929,-5.933
1338056305.66,2012_05_26_19:18:25,+59.453,+161.35,+143.02,+161.67,+167.19,+169.40,+164.40,+166.12,153.751740,-5.999
1338056633.65,2012_05_26_19:23:53,+58.906,+158.95,+140.26,+159.27,+164.80,+167.00,+162.12,+163.86,152.002045,-6.060
1338056961.64,2012_05_26_19:29:21,+58.763,+156.48,+137.55,+156.79,+162.42,+164.62,+159.81,+161.55,150.273911,-6.129
1338057289.6,2012_05_26_19:34:49,+58.320,+154.03,+134.87,+154.34,+160.05,+162.24,+157.41,+159.22,148.566727,-6.213
1338057617.6,2012_05_26_19:40:17,+58.321,+151.59,+132.24,+151.89,+157.63,+159.88,+154.98,+156.79,146.874649,-6.316
1338057945.6,2012_05_26_19:45:45,+58.070,+149.17,+129.57,+149.45,+155.18,+157.45,+152.55,+154.34,145.195419,-6.399
1338058273.59,2012_05_26_19:51:13,+57.681,+146.75,+126.83,+147.03,+152.74,+154.99,+150.13,+151.91,143.384735,-6.504
1338058601.55,2012_05_26_19:56:41,+57.528,+144.36,+124.13,+144.63,+150.31,+152.54,+147.73,+149.49,141.866821,-6.621
1338058929.54,2012_05_26_20:02:09,+57.275,+142.03,+121.46,+142.30,+147.88,+150.09,+145.34,+147.09,140.220749,-6.742
1338059257.54,2012_05_26_20:07:37,+57.006,+139.65,+118.81,+139.92,+145.47,+147.65,+142.96,+144.69,138.572601,-6.888
1338059585.54,2012_05_26_20:13:05,+56.540,+137.27,+116.20,+137.54,+143.06,+145.23,+140.58,+142.29,136.909470,-7.040
1338059913.52,2012_05_26_20:18:33,+56.114,+134.91,+113.63,+135.16,+140.67,+142.82,+138.21,+139.91,135.227615,-7.188
1338060241.46,2012_05_26_20:24:01,+55.614,+132.55,+111.11,+132.80,+138.29,+140.42,+135.86,+137.53,133.524063,-7.369
1338060569.42,2012_05_26_20:29:29,+54.916,+130.19,+108.64,+130.46,+135.89,+138.00,+133.51,+135.17,131.792786,-7.558
1338060897.41,2012_05_26_20:34:57,+54.303,+127.71,+106.23,+127.97,+133.51,+135.61,+131.18,+132.82,130.021927,-7.782
1338061225.37,2012_05_26_20:40:25,+53.688,+125.22,+103.89,+125.49,+131.15,+133.23,+128.75,+130.47,128.201828,-7.992
1338061553.35,2012_05_26_20:45:53,+52.743,+122.74,+101.60,+123.01,+128.67,+130.84,+126.29,+127.98,126.317787,-8.279
1338061881.32,2012_05_26_20:51:21,+52.189,+120.29,+99.224,+120.57,+126.17,+128.33,+123.85,+125.50,124.352913,-8.535
1338062209.32,2012_05_26_20:56:49,+51.440,+117.86,+96.898,+118.14,+123.67,+125.81,+121.42,+123.03,122.294479,-8.798
1338062537.31,2012_05_26_21:02:17,+50.869,+115.42,+94.641,+115.70,+121.18,+123.30,+118.99,+120.57,120.111992,-9.116
1338062865.28,2012_05_26_21:07:45,+50.474,+112.98,+92.433,+113.27,+118.69,+120.78,+116.57,+118.10,117.785042,-9.430
1338063193.24,2012_05_26_21:13:13,+49.978,+110.54,+90.267,+110.83,+116.20,+118.27,+114.15,+115.64,115.328537,-9.766
1338063521.23,2012_05_26_21:18:41,+49.363,+108.09,+88.159,+108.40,+113.71,+115.75,+111.73,+113.18,112.779442,-10.055
1338063849.21,2012_05_26_21:24:09,+48.858,+105.67,+86.108,+105.97,+111.21,+113.22,+109.23,+110.64,110.200668,-10.332
1338064177.18,2012_05_26_21:29:37,+48.258,+103.23,+84.121,+103.54,+108.71,+110.70,+106.79,+108.16,107.638168,-10.545
1338064505.16,2012_05_26_21:35:05,+47.428,+100.74,+82.193,+101.07,+106.20,+108.17,+104.34,+105.68,105.087616,-10.753
1338064833.15,2012_05_26_21:40:33,+46.912,+98.095,+80.323,+98.430,+103.69,+105.63,+101.90,+103.19,102.532455,-10.957
1338065160.12,2012_05_26_21:46:00,+46.364,+95.435,+78.519,+95.766,+101.14,+103.08,+99.308,+100.64,99.946518,-11.119
1338065487.09,2012_05_26_21:51:27,+46.094,+92.768,+76.788,+93.104,+98.431,+100.43,+96.686,+97.957,97.317101,-11.256
1338065814.07,2012_05_26_21:56:54,+45.410,+90.080,+75.147,+90.417,+95.695,+97.633,+94.048,+95.257,94.639046,-11.708
1338066141.06,2012_05_26_22:02:21,+45.096,+87.427,+73.569,+87.762,+92.952,+94.819,+91.423,+92.573,91.940071,-11.840
1338066468.05,2012_05_26_22:07:48,+44.667,+84.657,+72.022,+84.994,+90.187,+91.977,+88.757,+89.845,89.188362,-11.917
1338066795.06,2012_05_26_22:13:15,+44.401,+81.827,+70.551,+82.162,+87.348,+89.065,+86.028,+87.055,86.341347,-12.064
1338067122.04,2012_05_26_22:18:42,+43.868,+78.939,+69.171,+79.265,+84.444,+86.084,+83.253,+84.213,83.403908,-12.147
1338067448.99,2012_05_26_22:24:08,+43.412,+75.979,+67.872,+76.301,+81.461,+83.025,+80.414,+81.299,79.938286,-12.250
1338067775.98,2012_05_26_22:29:35,+42.994,+72.908,+66.650,+73.230,+78.374,+79.865,+77.487,+78.303,77.265450,-12.372
1338068102.96,2012_05_26_22:35:02,+42.985,+69.628,+65.511,+69.898,+75.174,+76.593,+74.451,+75.193,74.016586,-12.485
1338068429.96,2012_05_26_22:40:29,+42.646,+66.159,+64.458,+66.375,+71.786,+73.184,+71.241,+71.906,70.584145,-12.623
1338068756.92,2012_05_26_22:45:56,+42.353,+62.484,+63.487,+62.624,+68.160,+69.507,+67.873,+68.403,66.959595,-12.799
1338069083.9,2012_05_26_22:51:23,+42.107,+58.438,+62.596,+58.609,+64.287,+65.580,+64.236,+64.641,63.081253,-13.004
1338069410.89,2012_05_26_22:56:50,+41.959,+54.150,+61.766,+54.213,+60.064,+61.292,+60.210,+60.498,58.856205,-13.233
1338069737.86,2012_05_26_23:02:17,+41.939,+49.226,+61.025,+49.325,+55.250,+56.399,+55.771,+55.972,54.138817,-13.525
1338070064.83,2012_05_26_23:07:44,+41.943,+43.468,+60.367,+43.484,+49.678,+50.790,+50.570,+50.693,48.656067,-13.926
1338070391.8,2012_05_26_23:13:11,+42.003,+35.923,+59.789,+36.113,+42.802,+43.831,+44.179,+43.953,41.803383,-14.485
1338070718.77,2012_05_26_23:18:38,+42.531,+24.511,+59.284,+24.583,+33.160,+33.912,+34.874,+34.543,31.045401,-15.384
1338071045.74,2012_05_26_23:24:05,+43.267,+13.110,+58.893,+13.163,+21.154,+20.868,+21.568,+21.545,15.161705,-17.009
1338071372.73,2012_05_26_23:29:32,+42.430,+10.976,+58.611,+11.033,+15.489,+15.304,+15.616,+15.459,11.613276,-17.705
1338071699.72,2012_05_26_23:34:59,+41.966,+10.625,+58.321,+10.663,+14.522,+14.329,+14.604,+14.397,10.990754,-17.941
1338072026.73,2012_05_26_23:40:26,+41.787,+10.490,+58.017,+10.524,+14.316,+14.125,+14.408,+14.188,10.779652,-18.102
1338072353.72,2012_05_26_23:45:53,+41.622,+10.461,+57.727,+10.488,+14.197,+14.008,+14.289,+14.061,10.656368,-18.122
1338072680.7,2012_05_26_23:51:20,+41.509,+10.441,+57.463,+10.462,+14.142,+13.954,+14.240,+14.007,10.605695,-18.118
1338073007.72,2012_05_26_23:56:47,+41.484,+10.425,+57.191,+10.449,+14.096,+13.909,+14.198,+13.962,10.565126,-18.120
1338073334.71,2012_05_27_00:02:14,+41.474,+10.367,+56.964,+10.388,+14.052,+13.863,+14.155,+13.916,10.512558,-18.133
1338073661.72,2012_05_27_00:07:41,+41.293,+10.314,+56.756,+10.332,+13.998,+13.808,+14.104,+13.861,10.453380,-18.118
1338073988.71,2012_05_27_00:13:08,+41.206,+10.344,+56.569,+10.358,+13.989,+13.800,+14.094,+13.850,10.456915,-18.096
1338074315.7,2012_05_27_00:18:35,+41.154,+10.341,+56.407,+10.360,+13.988,+13.800,+14.094,+13.850,10.463301,-17.935
1338074641.02,2012_05_27_00:24:01,+41.060,+10.300,+56.272,+10.316,+13.966,+13.776,+14.073,+13.827,10.429444,-18.055
1338074967.95,2012_05_27_00:29:27,+41.063,+10.330,+56.151,+10.342,+13.965,+13.777,+14.072,+13.826,10.437916,-18.030
1338075294.94,2012_05_27_00:34:54,+41.053,+10.329,+56.047,+10.346,+13.970,+13.782,+14.078,+13.833,10.449697,-18.036
1338075621.93,2012_05_27_00:40:21,+40.998,+10.241,+55.959,+10.257,+13.928,+13.737,+14.037,+13.789,10.372254,-18.008
1338075948.91,2012_05_27_00:45:48,+40.953,+10.253,+55.881,+10.263,+13.907,+13.716,+14.015,+13.767,10.355649,-17.996
1338076275.91,2012_05_27_00:51:15,+40.916,+10.275,+55.806,+10.287,+13.932,+13.742,+14.040,+13.792,10.389555,-17.963
1338076602.9,2012_05_27_00:56:42,+40.866,+10.268,+55.738,+10.285,+13.927,+13.737,+14.035,+13.788,10.388419,-17.942
1338076929.88,2012_05_27_01:02:09,+40.837,+10.308,+55.676,+10.320,+13.931,+13.742,+14.033,+13.786,10.404265,-17.899
1338077256.85,2012_05_27_01:07:36,+40.842,+10.312,+55.623,+10.325,+13.942,+13.754,+14.046,+13.799,10.422199,-17.855
1338077583.85,2012_05_27_01:13:03,+40.841,+10.301,+55.577,+10.317,+13.950,+13.760,+14.054,+13.807,10.424600,-17.767
1338077910.8,2012_05_27_01:18:30,+40.854,+10.350,+55.538,+10.360,+13.960,+13.773,+14.065,+13.818,10.450204,-17.796
1338078237.78,2012_05_27_01:23:57,+40.859,+10.347,+55.505,+10.362,+13.964,+13.777,+14.069,+13.823,10.454380,-17.746
1338078564.75,2012_05_27_01:29:24,+40.810,+10.264,+55.479,+10.277,+13.920,+13.730,+14.026,+13.778,10.382521,-17.640
1338078891.74,2012_05_27_01:34:51,+40.777,+10.238,+55.452,+10.252,+13.892,+13.700,+13.997,+13.747,10.338449,-17.699
1338079218.7,2012_05_27_01:40:18,+40.753,+10.253,+55.419,+10.262,+13.899,+13.708,+14.004,+13.755,10.353723,-17.647
1338079545.71,2012_05_27_01:45:45,+40.744,+10.251,+55.386,+10.268,+13.905,+13.714,+14.010,+13.761,10.362950,-17.594
1338079872.68,2012_05_27_01:51:12,+40.725,+10.295,+55.355,+10.307,+13.932,+13.743,+14.038,+13.790,10.405640,-17.566
1338080199.67,2012_05_27_01:56:39,+40.706,+10.314,+55.330,+10.326,+13.930,+13.741,+14.035,+13.787,10.402926,-17.522
1338080526.66,2012_05_27_02:02:06,+40.806,+10.355,+55.303,+10.373,+13.981,+13.795,+14.087,+13.841,10.474849,-17.464
1338080853.65,2012_05_27_02:07:33,+40.763,+10.343,+55.289,+10.359,+13.959,+13.772,+14.064,+13.817,10.446257,-17.425
1338081180.63,2012_05_27_02:13:00,+40.762,+10.334,+55.278,+10.346,+13.956,+13.768,+14.061,+13.814,10.438056,-17.428
1338081507.6,2012_05_27_02:18:27,+40.782,+10.367,+55.271,+10.377,+13.957,+13.770,+14.062,+13.815,10.446919,-17.367
1338081834.59,2012_05_27_02:23:54,+40.723,+10.250,+55.260,+10.266,+13.901,+13.711,+14.006,+13.757,10.356837,-17.345
1338082161.55,2012_05_27_02:29:21,+40.687,+10.231,+55.243,+10.241,+13.892,+13.700,+13.997,+13.747,10.339032,-17.287
1338082488.54,2012_05_27_02:34:48,+40.671,+10.250,+55.227,+10.268,+13.907,+13.717,+14.013,+13.763,10.369527,-17.227
1338082815.51,2012_05_27_02:40:15,+40.676,+10.301,+55.210,+10.312,+13.924,+13.735,+14.029,+13.780,10.395509,-17.204
1338083142.51,2012_05_27_02:45:42,+40.672,+10.299,+55.195,+10.310,+13.935,+13.746,+14.040,+13.792,10.404766,-17.043
1338083469.51,2012_05_27_02:51:09,+40.671,+10.303,+55.179,+10.313,+13.927,+13.739,+14.032,+13.784,10.397545,-17.103
1338083796.5,2012_05_27_02:56:36,+40.701,+10.302,+55.169,+10.320,+13.929,+13.741,+14.034,+13.786,10.401772,-17.058
1338084123.48,2012_05_27_03:02:03,+40.719,+10.308,+55.159,+10.320,+13.941,+13.752,+14.046,+13.799,10.412118,-16.982
1338084450.48,2012_05_27_03:07:30,+40.673,+10.263,+55.152,+10.278,+13.919,+13.728,+14.024,+13.775,10.378084,-16.960
1338084777.44,2012_05_27_03:12:57,+40.660,+10.241,+55.144,+10.255,+13.895,+13.705,+14.001,+13.751,10.345710,-16.939
1338085102.42,2012_05_27_03:18:22,+40.651,+10.269,+55.129,+10.279,+13.912,+13.722,+14.018,+13.769,10.375689,-16.880
1338085429.37,2012_05_27_03:23:49,+40.637,+10.279,+55.118,+10.295,+13.915,+13.726,+14.021,+13.772,10.383906,-16.878
1338085756.36,2012_05_27_03:29:16,+40.630,+10.302,+55.103,+10.317,+13.932,+13.744,+14.037,+13.789,10.408729,-16.795
1338086083.35,2012_05_27_03:34:43,+40.610,+10.250,+55.092,+10.264,+13.905,+13.715,+14.011,+13.762,10.360267,-16.761
1338086410.35,2012_05_27_03:40:10,+40.645,+10.324,+55.076,+10.334,+13.932,+13.744,+14.036,+13.788,10.407832,-16.715
1338086737.35,2012_05_27_03:45:37,+40.672,+10.304,+55.069,+10.322,+13.940,+13.752,+14.045,+13.798,10.410895,-16.655
1338087064.33,2012_05_27_03:51:04,+40.675,+10.301,+55.063,+10.311,+13.934,+13.746,+14.039,+13.791,10.403686,-16.641
1338087391.33,2012_05_27_03:56:31,+40.620,+10.254,+55.057,+10.269,+13.913,+13.723,+14.018,+13.769,10.367659,-16.634
1338087718.31,2012_05_27_04:01:58,+40.699,+10.277,+55.042,+10.290,+13.936,+13.747,+14.041,+13.793,10.411144,-16.579
1338088045.31,2012_05_27_04:07:25,+40.616,+10.242,+55.038,+10.260,+13.913,+13.723,+14.019,+13.770,10.368290,-16.561
1338088372.27,2012_05_27_04:12:52,+40.594,+10.294,+55.030,+10.306,+13.916,+13.728,+14.021,+13.772,10.383047,-16.514
1338088699.26,2012_05_27_04:18:19,+40.606,+10.250,+55.015,+10.264,+13.914,+13.724,+14.019,+13.770,10.368486,-16.487
1338089026.24,2012_05_27_04:23:46,+40.597,+10.294,+55.002,+10.306,+13.921,+13.732,+14.025,+13.776,10.390309,-16.452
1338089353.21,2012_05_27_04:29:13,+40.620,+10.298,+54.991,+10.310,+13.932,+13.744,+14.037,+13.789,10.402612,-16.470
1338089680.19,2012_05_27_04:34:40,+40.645,+10.316,+54.980,+10.333,+13.933,+13.746,+14.038,+13.790,10.409699,-16.401
1338090007.19,2012_05_27_04:40:07,+40.603,+10.265,+54.977,+10.275,+13.920,+13.730,+14.025,+13.776,10.377262,-16.387
1338090334.2,2012_05_27_04:45:34,+40.576,+10.255,+54.964,+10.267,+13.897,+13.706,+14.001,+13.752,10.348639,-16.389
1338090661.18,2012_05_27_04:51:01,+40.590,+10.268,+54.950,+10.282,+13.912,+13.722,+14.016,+13.767,10.371599,-16.358
1338090988.17,2012_05_27_04:56:28,+40.581,+10.251,+54.944,+10.266,+13.907,+13.717,+14.012,+13.763,10.362036,-16.317
1338091315.16,2012_05_27_05:01:55,+40.564,+10.266,+54.931,+10.276,+13.910,+13.721,+14.016,+13.767,10.365537,-16.280
1338091642.15,2012_05_27_05:07:22,+40.575,+10.249,+54.919,+10.267,+13.910,+13.720,+14.015,+13.767,10.362713,-16.261
1338091961.46,2012_05_27_05:12:41,+40.577,+10.285,+54.912,+10.300,+13.921,+13.732,+14.026,+13.777,10.385330,-16.240
1338092288.7,2012_05_27_05:18:08,+40.582,+10.295,+54.898,+10.307,+13.926,+13.737,+14.030,+13.782,10.392965,-16.223
1338092615.68,2012_05_27_05:23:35,+40.572,+10.289,+54.892,+10.304,+13.926,+13.738,+14.032,+13.783,10.390547,-16.194
1338092942.65,2012_05_27_05:29:02,+40.537,+10.241,+54.884,+10.252,+13.901,+13.710,+14.006,+13.757,10.346590,-16.188
1338093269.63,2012_05_27_05:34:29,+40.532,+10.240,+54.873,+10.255,+13.889,+13.698,+13.994,+13.744,10.334867,-16.162
1338093596.62,2012_05_27_05:39:56,+40.523,+10.233,+54.862,+10.245,+13.895,+13.704,+14.001,+13.751,10.342118,-16.159
1338093923.62,2012_05_27_05:45:23,+40.517,+10.293,+54.852,+10.304,+13.915,+13.726,+14.021,+13.772,10.379751,-16.149
1338094250.62,2012_05_27_05:50:50,+40.493,+10.238,+54.836,+10.250,+13.900,+13.709,+14.005,+13.755,10.347025,-16.139
1338094577.62,2012_05_27_05:56:17,+40.524,+10.280,+54.827,+10.294,+13.909,+13.721,+14.014,+13.765,10.370636,-16.135
1338094904.6,2012_05_27_06:01:44,+40.542,+10.293,+54.814,+10.305,+13.921,+13.733,+14.026,+13.777,10.385960,-16.072
1338095231.57,2012_05_27_06:07:11,+40.608,+10.313,+54.811,+10.327,+13.944,+13.757,+14.049,+13.802,10.416223,-16.097
1338095558.56,2012_05_27_06:12:38,+40.529,+10.275,+54.817,+10.288,+13.917,+13.728,+14.023,+13.774,10.372756,-16.079
1338095885.55,2012_05_27_06:18:05,+40.529,+10.249,+54.810,+10.259,+13.899,+13.709,+14.004,+13.755,10.350095,-16.066
1338096212.54,2012_05_27_06:23:32,+40.509,+10.245,+54.799,+10.263,+13.891,+13.701,+13.996,+13.746,10.341441,-16.093
1338096539.52,2012_05_27_06:28:59,+40.477,+10.260,+54.788,+10.274,+13.899,+13.709,+14.004,+13.754,10.358187,-16.050
1338096866.49,2012_05_27_06:34:26,+40.454,+10.244,+54.775,+10.260,+13.894,+13.704,+13.999,+13.749,10.350726,-16.045
1338097193.48,2012_05_27_06:39:53,+40.458,+10.239,+54.762,+10.249,+13.886,+13.695,+13.991,+13.741,10.334174,-16.025
1338097520.46,2012_05_27_06:45:20,+40.494,+10.286,+54.751,+10.302,+13.914,+13.725,+14.019,+13.771,10.384972,-16.029
1338097847.45,2012_05_27_06:50:47,+40.509,+10.291,+54.748,+10.301,+13.915,+13.726,+14.020,+13.772,10.382130,-16.025
1338098174.42,2012_05_27_06:56:14,+40.495,+10.317,+54.742,+10.332,+13.929,+13.742,+14.034,+13.786,10.408191,-15.994
1338098501.41,2012_05_27_07:01:41,+40.497,+10.262,+54.739,+10.279,+13.913,+13.723,+14.018,+13.769,10.376216,-16.038
1338098828.4,2012_05_27_07:07:08,+40.487,+10.232,+54.730,+10.250,+13.894,+13.704,+14.000,+13.750,10.347755,-15.895
1338099155.38,2012_05_27_07:12:35,+40.452,+10.253,+54.727,+10.264,+13.897,+13.707,+14.003,+13.753,10.358143,-15.987
1338099482.38,2012_05_27_07:18:02,+40.427,+10.288,+54.717,+10.302,+13.908,+13.719,+14.013,+13.764,10.379424,-15.987
1338099809.34,2012_05_27_07:23:29,+40.436,+10.237,+54.708,+10.250,+13.894,+13.703,+13.999,+13.750,10.346614,-15.989
1338100136.31,2012_05_27_07:28:56,+40.488,+10.279,+54.703,+10.290,+13.913,+13.724,+14.018,+13.770,10.378328,-16.004
1338100463.3,2012_05_27_07:34:23,+40.497,+10.290,+54.699,+10.307,+13.916,+13.728,+14.021,+13.772,10.386268,-15.962
1338100790.26,2012_05_27_07:39:50,+40.535,+10.299,+54.706,+10.308,+13.921,+13.733,+14.026,+13.778,10.390435,-15.969
1338101117.25,2012_05_27_07:45:17,+40.521,+10.288,+54.718,+10.304,+13.923,+13.734,+14.028,+13.779,10.395192,-15.971
1338101444.23,2012_05_27_07:50:44,+40.526,+10.256,+54.726,+10.266,+13.898,+13.708,+14.003,+13.753,10.354892,-15.960
1338101771.22,2012_05_27_07:56:11,+40.522,+10.239,+54.733,+10.254,+13.888,+13.698,+13.993,+13.743,10.342224,-15.940
1338102098.22,2012_05_27_08:01:38,+40.479,+10.271,+54.742,+10.282,+13.904,+13.714,+14.009,+13.760,10.365736,-15.980
1338102419.14,2012_05_27_08:06:59,+40.533,+10.275,+54.749,+10.292,+13.924,+13.735,+14.029,+13.781,10.393719,-15.985
1338102746.38,2012_05_27_08:12:26,+40.533,+10.291,+54.760,+10.304,+13.922,+13.733,+14.027,+13.779,10.395122,-15.983
1338103073.37,2012_05_27_08:17:53,+40.541,+10.284,+54.770,+10.298,+13.918,+13.729,+14.023,+13.774,10.386158,-15.934
1338103400.35,2012_05_27_08:23:20,+40.435,+10.279,+54.781,+10.288,+13.909,+13.719,+14.014,+13.764,10.374533,-15.967
1338103727.35,2012_05_27_08:28:47,+40.502,+10.276,+54.783,+10.292,+13.904,+13.715,+14.009,+13.759,10.369357,-15.956
1338104054.31,2012_05_27_08:34:14,+40.528,+10.223,+54.794,+10.236,+13.878,+13.687,+13.983,+13.732,10.325649,-15.956
1338104381.28,2012_05_27_08:39:41,+40.516,+10.225,+54.803,+10.237,+13.880,+13.689,+13.985,+13.734,10.329173,-15.956
1338104708.24,2012_05_27_08:45:08,+40.538,+10.271,+54.817,+10.288,+13.906,+13.717,+14.011,+13.762,10.370577,-15.933
1338105035.23,2012_05_27_08:50:35,+40.587,+10.291,+54.831,+10.308,+13.929,+13.741,+14.034,+13.786,10.405042,-15.922
1338105362.21,2012_05_27_08:56:02,+40.590,+10.296,+54.848,+10.308,+13.918,+13.730,+14.023,+13.774,10.392728,-15.938
1338105689.18,2012_05_27_09:01:29,+40.586,+10.297,+54.868,+10.309,+13.923,+13.734,+14.028,+13.780,10.396556,-15.946
1338106016.15,2012_05_27_09:06:56,+40.589,+10.303,+54.887,+10.317,+13.921,+13.733,+14.026,+13.777,10.395235,-15.962
1338106343.15,2012_05_27_09:12:23,+40.574,+10.247,+54.904,+10.256,+13.888,+13.697,+13.993,+13.743,10.338812,-15.949
1338106670.14,2012_05_27_09:17:50,+40.579,+10.218,+54.917,+10.239,+13.895,+13.704,+14.000,+13.749,10.354586,-15.963
1338106997.11,2012_05_27_09:23:17,+40.579,+10.254,+54.932,+10.264,+13.898,+13.707,+14.003,+13.753,10.356435,-15.918
1338107324.1,2012_05_27_09:28:44,+40.612,+10.295,+54.947,+10.311,+13.927,+13.738,+14.031,+13.783,10.400491,-15.948
1338107651.09,2012_05_27_09:34:11,+40.597,+10.267,+54.962,+10.277,+13.900,+13.711,+14.005,+13.755,10.360494,-15.937
1338107978.08,2012_05_27_09:39:38,+40.625,+10.294,+54.975,+10.307,+13.918,+13.730,+14.023,+13.774,10.391320,-15.919
1338108305.07,2012_05_27_09:45:05,+40.657,+10.305,+54.996,+10.316,+13.924,+13.735,+14.028,+13.780,10.397995,-15.944
1338108632.04,2012_05_27_09:50:32,+40.644,+10.279,+55.012,+10.295,+13.917,+13.728,+14.023,+13.774,10.386662,-15.814
1338108959.04,2012_05_27_09:55:59,+40.614,+10.269,+55.029,+10.281,+13.901,+13.711,+14.005,+13.756,10.362960,-15.942
1338109286.02,2012_05_27_10:01:26,+40.627,+10.245,+55.044,+10.256,+13.884,+13.693,+13.989,+13.738,10.342406,-15.947
1338109612.98,2012_05_27_10:06:52,+40.688,+10.306,+55.057,+10.322,+13.926,+13.738,+14.032,+13.784,10.404189,-15.813
1338109939.93,2012_05_27_10:12:19,+40.669,+10.288,+55.076,+10.302,+13.922,+13.733,+14.027,+13.779,10.392423,-15.897
1338110266.92,2012_05_27_10:17:46,+40.529,+10.248,+55.092,+10.260,+13.897,+13.707,+14.002,+13.752,10.352103,-15.900
1338110593.91,2012_05_27_10:23:13,+40.602,+10.274,+55.093,+10.284,+13.907,+13.718,+14.012,+13.763,10.371447,-15.923
1338110920.89,2012_05_27_10:28:40,+40.676,+10.305,+55.100,+10.323,+13.924,+13.736,+14.029,+13.780,10.402810,-15.904
1338111247.89,2012_05_27_10:34:07,+40.702,+10.303,+55.116,+10.313,+13.928,+13.739,+14.032,+13.784,10.403757,-15.884
1338111574.88,2012_05_27_10:39:34,+40.685,+10.266,+55.136,+10.283,+13.915,+13.725,+14.019,+13.771,10.380392,-15.881
1338111901.86,2012_05_27_10:45:01,+40.664,+10.236,+55.152,+10.250,+13.890,+13.699,+13.995,+13.745,10.343323,-15.885
1338112228.85,2012_05_27_10:50:28,+40.663,+10.251,+55.158,+10.265,+13.894,+13.704,+13.999,+13.749,10.355399,-15.863
1338112555.83,2012_05_27_10:55:55,+40.679,+10.280,+55.174,+10.292,+13.911,+13.723,+14.016,+13.767,10.380667,-15.892
1338112879.11,2012_05_27_11:01:19,+40.686,+10.266,+55.182,+10.283,+13.909,+13.720,+14.014,+13.765,10.373044,-15.876
1338113206.34,2012_05_27_11:06:46,+40.699,+10.300,+55.191,+10.315,+13.920,+13.731,+14.024,+13.775,10.393542,-15.895
1338113533.31,2012_05_27_11:12:13,+40.721,+10.288,+55.203,+10.302,+13.917,+13.727,+14.021,+13.772,10.386538,-15.884
1338113860.27,2012_05_27_11:17:40,+40.699,+10.303,+55.215,+10.312,+13.922,+13.733,+14.026,+13.778,10.395865,-15.876
1338114187.25,2012_05_27_11:23:07,+40.731,+10.279,+55.227,+10.296,+13.919,+13.730,+14.024,+13.775,10.386198,-15.721
1338114514.24,2012_05_27_11:28:34,+40.723,+10.238,+55.244,+10.254,+13.901,+13.710,+14.006,+13.757,10.356352,-15.883
1338114841.25,2012_05_27_11:34:01,+40.710,+10.232,+55.252,+10.246,+13.892,+13.701,+13.997,+13.747,10.345471,-15.882
1338115168.24,2012_05_27_11:39:28,+40.705,+10.272,+55.255,+10.282,+13.899,+13.709,+14.003,+13.754,10.363756,-15.866
1338115495.21,2012_05_27_11:44:55,+40.676,+10.273,+55.265,+10.291,+13.912,+13.723,+14.017,+13.768,10.381399,-15.882
1338115822.22,2012_05_27_11:50:22,+40.572,+10.263,+55.263,+10.273,+13.904,+13.714,+14.008,+13.759,10.365743,-15.887
1338117133.33,2012_05_27_12:12:13,+40.813,+10.334,+55.330,+10.348,+13.980,+13.793,+14.086,+13.841,10.847261,-15.692
1338117460.26,2012_05_27_12:17:40,+40.743,+10.247,+55.347,+10.262,+13.909,+13.718,+14.014,+13.764,10.461754,-15.792
1338117787.18,2012_05_27_12:23:07,+40.741,+10.267,+55.351,+10.276,+13.905,+13.714,+14.009,+13.760,10.411724,-15.817
1338118114.13,2012_05_27_12:28:34,+40.707,+10.273,+55.350,+10.291,+13.908,+13.719,+14.013,+13.765,10.395285,-15.817
1338118441.06,2012_05_27_12:34:01,+40.702,+10.269,+55.346,+10.282,+13.912,+13.723,+14.017,+13.769,10.388597,-15.848
1338118768.0,2012_05_27_12:39:28,+40.683,+10.284,+55.340,+10.296,+13.913,+13.724,+14.018,+13.770,10.388111,-15.863
1338119094.94,2012_05_27_12:44:54,+40.684,+10.300,+55.336,+10.316,+13.919,+13.731,+14.024,+13.776,10.402040,-15.829
1338119421.91,2012_05_27_12:50:21,+40.693,+10.291,+55.328,+10.300,+13.917,+13.728,+14.023,+13.774,10.391687,-15.864
1338119748.86,2012_05_27_12:55:48,+40.709,+10.285,+55.331,+10.302,+13.920,+13.731,+14.026,+13.778,10.395520,-15.819
1338120075.8,2012_05_27_13:01:15,+40.688,+10.243,+55.331,+10.257,+13.896,+13.705,+14.001,+13.752,10.355008,-15.842
1338120402.75,2012_05_27_13:06:42,+40.690,+10.224,+55.333,+10.240,+13.880,+13.688,+13.986,+13.735,10.333986,-15.840
1338120729.68,2012_05_27_13:12:09,+40.715,+10.262,+55.333,+10.273,+13.896,+13.705,+14.001,+13.752,10.360670,-15.833
1338121056.62,2012_05_27_13:17:36,+40.703,+10.256,+55.338,+10.269,+13.903,+13.713,+14.009,+13.760,10.368722,-15.840
1338121383.54,2012_05_27_13:23:03,+40.679,+10.275,+55.340,+10.289,+13.904,+13.714,+14.010,+13.761,10.372083,-15.840
1338121710.46,2012_05_27_13:28:30,+40.662,+10.262,+55.344,+10.274,+13.902,+13.712,+14.008,+13.759,10.368763,-15.837
1338122037.39,2012_05_27_13:33:57,+40.669,+10.286,+55.339,+10.302,+13.918,+13.729,+14.024,+13.775,10.396252,-15.838
1338122364.35,2012_05_27_13:39:24,+40.721,+10.292,+55.340,+10.303,+13.917,+13.728,+14.023,+13.775,10.391002,-15.775
1338122691.25,2012_05_27_13:44:51,+40.738,+10.269,+55.344,+10.282,+13.912,+13.723,+14.019,+13.770,10.382554,-15.822
1338123018.18,2012_05_27_13:50:18,+40.715,+10.214,+55.354,+10.230,+13.875,+13.683,+13.981,+13.730,10.323642,-15.842
1338123337.42,2012_05_27_13:55:37,+40.721,+10.256,+55.363,+10.271,+13.898,+13.708,+14.003,+13.754,10.363791,-15.794
1338123664.63,2012_05_27_14:01:04,+40.731,+10.297,+55.369,+10.308,+13.919,+13.731,+14.025,+13.777,10.399331,-15.817
1338123991.54,2012_05_27_14:06:31,+40.691,+10.287,+55.373,+10.302,+13.921,+13.732,+14.027,+13.778,10.399981,-15.808
