Anritsu VNA Frequency[GHz],S21[deg],S21[dB],S11[deg],S11[dB],S22[deg],S22[dB]
1337702750.13,2012_05_22_17:05:50,+288.00,+128.70,+296.77,+296.07,+297.68,+296.71,+296.43,+296.54,242.116852,-29.218
3.001581,-126.642632,0.561547,-177.090073,-20.337196,117.610504,-18.918894
3.006586,-119.373871,0.363092,-176.766144,-17.809855,124.511093,-18.134609
3.011592,-116.362122,0.379790,-162.465546,-16.641413,131.428207,-17.843637
3.016597,-109.745827,0.353990,-143.676880,-16.422472,138.233673,-17.994135
3.021603,-107.315346,0.539681,-124.038979,-18.823307,143.799271,-18.844055
3.026609,-99.526031,0.283344,-109.866394,-20.390112,150.337204,-20.389856
3.031614,-94.723030,0.337327,-106.965034,-22.066402,156.015396,-22.744684
3.036620,-92.353981,0.415118,-69.175804,-27.732153,161.940399,-26.039427
3.041625,-85.102211,0.491807,-65.457741,-26.867380,169.188065,-29.858810
3.046631,-82.404686,0.433020,-14.543052,-30.010809,179.096329,-34.209354
3.051637,-76.918648,0.451815,17.937443,-33.716339,-160.175186,-36.610924
3.056642,-73.657471,0.370088,3.970819,-28.211826,-125.916168,-36.049717
3.061648,-68.831390,0.585341,114.990120,-27.296566,-84.398865,-33.577049
3.066653,-63.519798,0.378336,-159.859497,-33.026512,-65.502777,-32.247955
3.071659,-59.294628,0.408379,92.189629,-34.731476,-47.916553,-31.415861
3.076664,-55.486088,0.438254,114.284241,-29.977093,-33.195518,-30.788656
3.081670,-50.374214,0.316739,-160.217331,-31.723639,-18.814051,-31.965149
3.086676,-46.416924,0.444005,-133.818481,-25.735523,-7.350001,-33.844742
3.091681,-43.222885,0.170399,-117.977829,-21.019182,-18.890587,-32.730923
3.096687,-37.179947,0.557373,-139.803879,-20.128515,-33.234756,-29.613298
3.101692,-31.472845,0.391863,-134.842209,-20.465046,-52.496380,-26.080595
3.106698,-27.393139,0.304703,-117.598915,-19.586321,-57.424538,-23.772087
3.111704,-23.169552,0.270922,-74.510948,-20.621277,-55.754051,-22.779173
3.116709,-17.108086,0.155589,-81.876610,-18.974768,-52.962418,-22.594252
3.121715,-12.211658,0.313712,-41.484295,-20.815874,-52.034622,-23.138186
3.126720,-7.958517,0.538014,-29.978912,-17.858917,-52.668724,-24.049347
3.131726,-3.934649,0.593524,2.569461,-20.870447,-53.607201,-25.950199
3.136732,-0.453054,0.390272,13.355395,-21.686701,-58.256931,-28.331612
3.141737,4.671124,0.548827,33.395287,-25.052490,-60.517357,-31.629147
3.146743,10.649551,0.290770,49.052578,-33.358479,-61.824196,-38.863789
3.151748,14.631218,0.375796,114.387733,-33.881874,-67.853790,-46.418148
3.156754,17.299795,0.426275,113.472687,-27.063204,-171.222595,-35.206745
3.161760,23.335131,0.511169,150.815750,-29.087620,171.658951,-30.182636
3.166765,28.289808,0.323189,75.897781,-24.523500,178.336502,-27.220505
3.171771,31.093817,0.324474,123.667717,-23.699459,-166.154617,-24.996908
3.176776,37.140255,0.237669,122.888763,-23.138866,-152.195938,-23.022705
3.181782,40.388500,0.483501,140.587540,-22.418217,-138.258240,-22.060799
3.186788,45.333244,0.303156,171.581284,-23.537357,-127.278725,-21.419506
3.191793,49.459896,0.390034,175.559372,-22.508047,-116.454399,-21.233921
3.196799,55.303303,0.351411,-164.759979,-23.353130,-106.899811,-21.303953
3.201804,60.488083,0.465171,-147.463867,-29.108892,-95.317421,-21.712662
3.206810,65.208824,0.323529,-169.120193,-29.892212,-81.507736,-21.848013
3.211815,68.957649,0.466197,130.702042,-27.285364,-62.831581,-21.646858
3.216821,73.911110,0.566564,101.486115,-26.002735,-43.800262,-20.938208
3.221827,78.400345,0.319417,114.858627,-22.859642,-24.116869,-20.070381
3.226832,84.106689,0.306218,129.564468,-19.242582,-9.151978,-19.276958
3.231838,87.674774,0.229495,143.161514,-19.692066,3.386322,-19.024923
3.236843,91.900673,0.565886,168.692230,-19.406664,13.918173,-19.056978
3.241849,97.441025,0.375228,176.822495,-18.981909,23.860224,-19.871443
3.246855,102.043671,0.227997,-160.663437,-21.205669,32.204147,-21.118534
3.251860,105.283073,0.344575,-166.446762,-20.496193,40.019093,-22.560755
3.256866,111.217270,0.323208,-151.202164,-23.678089,50.037479,-23.705391
3.261871,115.811508,0.470725,-162.314896,-28.183565,62.129692,-24.703327
3.266877,120.140244,0.458939,-165.783127,-25.577641,75.251251,-25.981684
3.271883,122.802605,0.381719,-163.452789,-26.949551,86.761269,-26.083662
3.276888,128.977493,0.307222,-171.249771,-25.767162,96.415024,-26.662529
3.281894,134.035461,0.583584,-155.651733,-25.868320,100.298164,-28.541159
3.286899,138.122742,0.075008,-151.128952,-22.840960,110.897942,-28.408098
3.291905,145.088959,0.532271,-135.862900,-23.805708,95.482460,-29.286533
3.296911,146.786652,0.429407,-108.782127,-21.136011,93.925598,-28.502565
3.301916,151.620758,0.372727,-104.021507,-26.662912,83.836784,-26.814991
3.306922,156.077881,0.302583,-65.875259,-25.456753,85.965256,-25.076744
3.311927,161.426483,0.307940,-85.676834,-20.635958,96.055458,-24.053221
3.316933,166.116684,0.438634,-119.490982,-21.777018,109.018539,-21.876839
3.321939,169.239105,0.598227,-115.249390,-18.284513,130.102371,-21.439249
3.326944,174.615570,0.195998,-98.532318,-19.310408,136.051224,-20.092186
3.331950,-179.699051,0.447639,-101.974579,-17.472029,143.294495,-19.484970
3.336955,-175.885849,0.431652,-82.800827,-16.350901,150.748917,-19.607853
3.341961,-171.550812,0.239300,-62.824898,-16.446938,153.763977,-19.979694
3.346967,-167.503525,0.331631,-50.245934,-16.033154,158.187897,-20.846540
3.351972,-162.980530,0.498108,-37.879585,-20.074306,164.842133,-22.230867
3.356978,-157.324432,0.377983,-18.125551,-26.873384,174.616180,-23.605446
3.361983,-152.988800,0.261807,-5.031030,-29.012537,-167.760468,-26.233391
3.366989,-147.205200,0.475947,-0.678713,-28.342510,-147.057312,-27.176815
3.371994,-143.954712,0.330488,-10.366488,-30.228472,-115.445763,-26.651850
3.377000,-139.003281,0.292562,54.944138,-34.329983,-77.797455,-25.475994
3.382006,-134.197464,0.493637,-35.019485,-28.718985,-50.076958,-24.395021
3.387011,-130.574234,0.245079,-179.554108,-27.139000,-30.870737,-23.882322
3.392017,-125.271774,0.307821,-124.063087,-25.583509,-15.258987,-23.551781
3.397022,-120.683998,0.610674,-177.410324,-25.957989,1.103284,-23.360056
3.402028,-116.201859,0.356158,171.494293,-27.384409,8.869582,-22.743092
3.407034,-110.259705,0.252970,-164.547668,-19.882374,16.160852,-22.721870
3.412039,-107.632156,0.549524,-143.355591,-22.518955,22.685162,-22.741976
3.417045,-101.692245,0.066336,-120.940605,-20.123108,24.817730,-22.934374
3.422050,-97.839600,0.688347,-117.508926,-21.642702,25.557800,-24.120838
3.427056,-92.821671,0.337270,-96.275719,-19.232737,23.861191,-25.255501
3.432062,-88.516518,0.355994,-53.219669,-19.159433,8.912144,-26.344763
3.437067,-83.211655,0.448856,-20.127926,-20.535126,-13.917406,-24.633160
3.442073,-79.289940,0.347053,-22.987310,-22.603910,-33.605904,-23.334599
3.447078,-74.541771,0.520723,17.601286,-20.717972,-40.184345,-22.496193
3.452084,-71.064240,0.425379,41.654148,-22.890650,-42.338718,-22.410549
3.457090,-66.174988,0.424065,61.997803,-23.920092,-35.572670,-22.959085
3.462095,-61.594284,0.418719,73.851730,-26.138704,-29.360758,-23.850506
3.467101,-56.810535,0.359749,80.267891,-24.834690,-20.150021,-24.584990
3.472106,-51.289490,0.361039,81.213753,-30.978977,-7.828569,-25.255484
3.477112,-47.242214,0.575790,54.883717,-34.258064,4.506261,-25.728437
3.482118,-42.522171,0.498150,86.194839,-21.008991,14.999125,-26.398190
3.487123,-38.209980,0.480102,74.349670,-31.538422,26.281698,-27.628292
3.492129,-31.724379,0.623240,69.487457,-25.196939,37.514912,-29.635111
3.497134,-28.414186,0.565152,103.568329,-28.575150,57.749619,-32.444248
3.502140,-25.669222,0.447756,133.756882,-31.058718,86.551987,-33.221855
3.507145,-20.269466,0.509920,-146.576019,-31.838211,140.496460,-30.108185
3.512151,-15.476969,0.242181,-115.974625,-27.305269,-177.440063,-27.859554
3.517157,-10.700892,0.298206,-77.747894,-29.741026,-154.592621,-27.130848
3.522162,-7.089169,0.511023,-11.681508,-27.313250,-136.960709,-27.925234
3.527168,-1.226785,0.498544,15.383675,-23.714598,-122.286293,-29.060163
3.532173,3.477691,0.694213,23.236298,-35.783279,-96.065933,-31.495098
3.537179,8.736700,0.392578,45.827358,-24.595404,-68.743706,-29.291725
3.542185,10.890472,0.404911,140.216415,-24.059883,-25.175804,-27.117243
3.547190,16.620943,0.210424,155.539780,-22.569094,-0.673566,-25.162933
3.552196,21.708807,0.398073,-177.208328,-20.445087,5.764485,-23.085871
3.557201,26.038525,0.330075,-162.990234,-21.808432,16.787279,-22.504408
3.562207,31.467926,0.589773,-128.604523,-26.111444,22.917751,-21.974400
3.567213,35.800350,0.581376,-164.901245,-24.280729,33.240921,-21.958536
3.572218,38.647579,0.369002,-137.917160,-24.292727,45.781975,-22.260290
3.577224,44.395432,0.345349,-125.684944,-23.547350,59.486015,-22.726364
3.582229,49.064919,0.518670,-155.315628,-23.040667,75.416817,-22.821760
3.587235,53.505245,0.270038,-174.002014,-24.239454,89.367790,-23.816895
3.592241,59.246315,0.442771,-119.512482,-22.449629,104.087837,-25.169655
3.597246,61.483833,0.387542,-147.017014,-25.524954,110.178665,-25.841206
3.602252,67.383812,0.360297,-140.455460,-27.871626,105.851280,-26.455462
3.607257,71.901764,0.449986,-101.885704,-25.070938,105.735229,-26.256866
3.612263,76.739830,0.758978,-107.974495,-28.809849,99.087830,-26.145573
3.617269,82.124092,0.555718,-78.836601,-31.637438,95.173767,-25.523947
3.622274,85.976669,0.522781,-94.284843,-28.050068,96.419174,-24.928640
3.627280,89.700935,0.344420,-104.402824,-27.103559,101.023064,-24.061220
3.632285,94.626709,0.307488,-126.744843,-23.789701,106.418259,-22.076721
3.637291,99.096497,0.277650,-99.497231,-22.041296,113.420288,-20.009716
3.642296,103.402069,0.566412,-100.379730,-16.380821,119.897232,-17.677908
3.647302,107.890106,0.255019,-70.541710,-16.732897,127.113876,-15.443121
3.652308,112.730431,0.348366,-49.167625,-14.178728,135.977234,-14.358813
3.657313,119.136131,0.395670,-45.626919,-14.627340,143.035080,-13.411659
3.662319,123.731422,0.574676,-17.990850,-14.081014,149.278305,-12.969191
3.667324,127.522163,0.400944,-12.679141,-14.233786,157.720200,-13.095893
3.672330,131.793716,0.229213,-0.413402,-15.226728,163.530197,-13.438144
3.677336,137.527573,0.545272,-0.546826,-16.636404,171.213058,-13.899916
3.682341,143.229050,0.592012,16.646265,-16.631504,179.784088,-14.444503
3.687347,146.371277,0.717205,19.393415,-17.932566,-169.868698,-14.549598
3.692352,150.841309,0.349680,12.783744,-18.253588,-157.961044,-14.980274
3.697358,156.124786,0.425535,13.735558,-18.945562,-148.035843,-15.450963
3.702364,158.796921,0.500479,23.628220,-18.068390,-136.607346,-16.164539
3.707369,164.179916,0.398078,9.566475,-20.865967,-122.799141,-17.259605
3.712375,168.478653,0.593844,50.428917,-24.381294,-109.305878,-18.578226
3.717380,174.395187,0.288739,25.455162,-29.005371,-93.431404,-20.074715
3.722386,177.415741,0.406374,1.018765,-28.736101,-75.937393,-21.649416
3.727392,-176.888855,0.493185,8.732405,-20.951330,-56.277168,-22.469194
3.732397,-173.061905,0.394998,-61.439228,-20.285179,-41.278168,-22.374208
3.737403,-167.048462,0.293508,-36.626396,-19.722580,-26.819895,-22.027615
3.742408,-163.624512,0.253227,-46.366676,-19.208305,-16.279539,-21.254690
3.747414,-158.717422,0.512975,-21.253622,-18.295464,-12.581424,-20.483450
3.752420,-152.918365,0.165441,-9.555434,-19.228544,-9.895950,-20.302412
3.757425,-149.643921,0.406963,4.230431,-16.115225,-8.808165,-20.239300
3.762431,-145.379456,0.413273,25.683399,-19.968304,-8.499975,-20.361185
3.767436,-139.387238,0.180933,34.983059,-16.560484,-7.459738,-20.778595
3.772442,-136.770615,0.478060,45.459740,-18.750473,-14.099065,-20.300850
3.777448,-130.481995,0.526947,65.973701,-19.794588,-15.777718,-20.178978
3.782453,-126.232353,0.198829,80.910049,-18.764774,-12.710786,-19.796186
3.787459,-120.512062,0.353177,78.918732,-20.244476,-6.266119,-19.311430
3.792464,-119.273621,0.282055,98.166679,-21.074507,1.939075,-19.039724
3.797470,-111.960526,0.477939,103.732422,-19.400089,10.225081,-19.164923
3.802475,-109.572723,0.506232,115.715698,-19.600933,19.435406,-19.439268
3.807481,-103.264664,0.441373,119.958900,-19.025887,27.867804,-20.444412
3.812487,-97.988792,0.427125,149.666656,-19.660393,33.083614,-22.019264
3.817492,-93.707886,0.447356,156.169937,-20.758465,38.851116,-24.390194
3.822498,-88.420105,0.275529,179.301453,-21.267460,44.552746,-27.773603
3.827503,-86.683792,0.585506,-164.986099,-26.037807,55.308235,-32.371494
3.832509,-81.503532,0.219402,-143.884460,-30.785244,79.812263,-38.290485
3.837515,-76.829109,0.625411,-137.793762,-32.940884,137.175125,-33.632126
3.842520,-70.730247,0.482080,-173.491714,-33.899624,-170.297287,-30.840763
3.847526,-67.065620,0.381319,11.941018,-30.109041,-135.314987,-29.612625
3.852531,-61.655453,0.308578,-131.341644,-32.331333,-104.013596,-28.567982
3.857537,-58.394920,0.352309,-166.389740,-25.598938,-68.283134,-25.705023
3.862543,-53.786564,0.452429,-138.741196,-25.560492,-39.248356,-22.896593
3.867548,-50.368423,0.408725,-99.601997,-19.409338,-17.069525,-20.950165
3.872554,-42.985123,0.504598,-81.772873,-22.005037,-4.519926,-20.353664
3.877559,-38.320835,0.313452,-59.898682,-19.814379,6.200922,-19.803724
3.882565,-36.464863,0.343257,-97.817375,-19.216259,14.966924,-19.885929
3.887571,-29.569155,0.545908,-54.548843,-18.955236,22.902311,-20.158777
3.892576,-27.507843,0.448153,-54.251865,-20.569183,31.882170,-20.400839
3.897582,-20.305439,0.470672,-70.669991,-23.414064,44.824780,-20.726175
3.902587,-14.931823,0.346831,-73.290558,-20.037371,59.071007,-20.472713
3.907593,-12.718979,0.497582,-44.873554,-22.080154,74.673233,-20.573631
3.912599,-8.521403,0.364082,-44.857517,-20.005043,93.687782,-21.112860
3.917604,-2.829695,0.512878,-49.253620,-21.422731,111.179718,-22.311043
3.922610,1.084196,0.527257,-32.601994,-20.969540,126.967209,-24.574091
3.927615,8.437501,0.572860,-17.101751,-24.181263,143.018936,-27.296299
3.932621,11.109112,0.434298,-21.494652,-29.034073,169.272171,-30.281284
3.937626,15.301461,0.567683,-13.396709,-34.495399,-154.251205,-30.938637
3.942632,19.286230,0.776779,176.775513,-30.048370,-110.191368,-29.461668
3.947638,24.469244,0.301372,-11.386738,-30.173822,-84.449509,-30.435818
3.952643,28.280720,0.298998,-157.600449,-32.282532,-68.764359,-32.209839
3.957649,34.304295,0.509113,-119.228722,-26.418501,-59.909103,-35.687458
3.962654,35.562424,0.236833,-79.060501,-21.930510,-54.306915,-43.844250
3.967660,42.193485,0.521468,-45.804096,-20.705143,72.767776,-32.437820
3.972666,47.663864,0.208044,-11.518377,-17.718973,103.941101,-25.088305
3.977671,50.553509,0.360625,19.531952,-16.675142,111.925323,-21.776802
3.982677,55.420612,0.322966,40.529545,-15.419151,120.682304,-19.466074
3.987682,61.663391,0.413916,48.574356,-15.634406,125.995438,-17.919920
3.992688,66.372330,0.401822,69.901512,-17.946249,135.862305,-17.115057
3.997694,71.586189,0.184136,90.978699,-15.671590,146.507187,-16.888372
4.002699,74.560432,0.565345,81.159378,-17.431646,158.307007,-17.034096
4.007705,80.615608,0.291634,104.321854,-17.018492,168.413818,-17.304951
4.012710,85.395782,0.204253,90.127419,-16.645563,-177.415543,-17.311079
4.017716,89.580498,0.099827,100.997597,-16.645159,-168.835236,-17.980381
4.022722,94.256195,0.334250,99.712372,-16.628759,-159.628693,-18.664295
4.027727,99.637093,0.494286,110.209045,-16.031105,-150.629745,-19.756159
4.032733,103.272820,0.590841,123.292847,-16.440187,-142.474976,-21.466305
4.037738,109.236107,0.599360,148.662491,-19.761486,-134.810959,-24.920677
4.042744,111.829750,0.442549,162.862228,-20.811943,-124.846664,-30.231359
4.047750,118.431786,0.457781,179.727585,-26.047714,-99.171196,-35.169060
4.052755,121.286095,0.618582,-123.279655,-29.397045,-23.626474,-29.739355
4.057761,126.838387,0.298889,-69.457756,-25.595118,35.036282,-26.436893
4.062766,132.607544,0.216884,-36.550583,-20.598316,50.000351,-25.646109
4.067772,136.227417,0.286421,-24.717609,-23.039833,61.685623,-25.915115
4.072777,141.009201,0.449978,0.181865,-26.043888,66.100716,-27.134827
4.077783,143.644806,0.353472,29.691896,-26.334494,68.306511,-29.555191
4.082789,149.623413,0.346946,48.436409,-28.888575,70.883186,-32.554459
4.087794,154.868469,0.650075,57.463161,-28.026443,70.887520,-36.220036
4.092800,157.956635,0.433658,83.228088,-32.490383,59.839443,-37.514549
4.097805,162.690811,0.717192,6.245954,-28.945078,44.624191,-35.825043
4.102811,168.946991,0.515932,89.610252,-23.308847,23.413313,-32.018826
4.107817,171.548294,0.428567,102.339722,-24.899288,8.981936,-27.340780
4.112822,177.286224,0.136685,91.877327,-23.913845,9.916388,-23.783037
4.117828,-179.365311,0.327406,114.222725,-20.696722,14.977314,-21.080208
4.122833,-174.434692,0.387433,121.840820,-19.596962,22.458735,-19.253962
4.127839,-169.005920,0.504635,144.193619,-19.388329,30.805382,-18.272169
4.132845,-164.574051,0.568426,158.925827,-20.098232,40.317940,-17.840605
4.137850,-158.972168,0.328183,167.476349,-19.189333,50.968155,-18.049416
4.142856,-155.717514,0.482930,-172.095718,-21.071007,62.322266,-18.687624
4.147861,-150.030853,0.517158,-168.738876,-26.285915,75.113274,-19.524464
4.152867,-147.124680,0.345803,159.237717,-26.439579,88.322311,-20.270700
4.157873,-142.197388,0.485373,141.061600,-22.459085,102.926079,-21.139500
4.162878,-134.767197,0.528643,168.835190,-21.256643,114.965347,-21.599295
4.167884,-131.794464,0.445296,158.489655,-20.189774,125.532837,-22.573568
4.172889,-127.518784,0.551917,178.737488,-22.159052,133.003220,-23.991802
4.177895,-121.337311,0.261551,-153.615906,-23.875740,142.212601,-27.676104
4.182901,-117.613510,0.451072,-147.970505,-26.661690,152.417282,-35.605869
4.187906,-114.154922,0.205087,-61.838818,-29.256264,178.356796,-33.640179
4.192912,-111.168732,0.404599,-74.941788,-24.100847,-40.255173,-25.816980
4.197917,-104.236107,0.296997,-30.845543,-24.279264,-16.597328,-21.949289
4.202923,-102.153473,0.276995,43.371494,-22.366680,-2.276534,-19.972916
4.207929,-96.388527,0.589224,32.331608,-20.807501,10.750676,-18.961800
4.212934,-91.897041,0.619067,56.170246,-21.692339,23.441027,-18.380665
4.217940,-87.318130,0.472716,31.174171,-22.348112,38.040440,-18.244686
4.222945,-83.253227,0.521699,38.533226,-24.288589,52.688194,-18.219231
4.227951,-76.333160,0.298225,41.965279,-22.572104,66.601212,-18.258268
4.232956,-72.716324,0.462507,17.887983,-22.848507,80.097885,-17.832546
4.237962,-68.642906,0.301340,40.465965,-23.973579,92.327484,-17.872572
4.242968,-62.993885,0.450206,34.807846,-21.755707,104.196388,-17.969238
4.247973,-59.841366,0.464990,66.383148,-30.931259,115.558998,-18.424467
4.252979,-53.511826,0.466800,27.947739,-28.482462,130.443268,-18.960022
4.257984,-50.936611,0.274559,122.033752,-34.316151,145.303513,-19.671791
4.262990,-44.282154,0.308476,-174.586517,-30.273249,164.405731,-20.057043
4.267996,-40.348469,0.165786,-36.226757,-25.499763,-174.095001,-20.465874
4.273001,-36.122005,0.334461,-122.029335,-19.048864,-157.565964,-20.738243
4.278007,-31.424704,0.308193,-41.585052,-20.871807,-146.517517,-21.129784
4.283012,-28.131397,0.446131,-49.484634,-19.742271,-139.728806,-21.417130
4.288018,-23.575169,0.346200,8.488079,-19.481440,-141.688583,-22.226042
4.293024,-18.163475,0.406768,14.981015,-22.422657,-147.960022,-22.377453
4.298029,-13.826563,0.316931,57.417759,-19.427698,-157.191711,-21.916191
4.303035,-8.739291,0.317422,58.728554,-17.530228,-167.623428,-20.825348
4.308040,-3.901068,0.488180,88.024307,-18.960873,-174.342300,-20.251757
4.313046,1.947482,0.495198,111.445412,-19.360809,179.116394,-18.641630
4.318052,5.413731,0.554452,111.336357,-17.261332,-179.485718,-17.113983
4.323057,10.131889,0.697925,124.710289,-18.071573,-173.843552,-15.692360
4.328063,15.984317,0.395960,116.166359,-17.280991,-166.302490,-14.601339
4.333068,18.595083,0.253614,130.118866,-14.816007,-159.177155,-13.813822
4.338074,23.449812,0.208133,133.965851,-14.889935,-149.137558,-13.346045
4.343080,27.490612,0.413726,149.592407,-14.362264,-139.163162,-13.255160
4.348085,32.079021,0.302809,148.331024,-14.207398,-130.376556,-13.620564
4.353091,39.202900,0.327254,159.918716,-14.770855,-121.691406,-14.024539
4.358096,40.881611,0.318680,175.897507,-15.964597,-113.124191,-14.804652
4.363102,47.160385,0.247300,-177.320877,-17.855007,-102.525177,-15.585504
4.368107,50.955841,0.242523,-176.910080,-19.216105,-93.516220,-16.473867
4.373113,55.886711,0.367090,-174.189117,-26.359936,-82.054497,-17.346409
4.378119,59.569939,0.270904,-152.599716,-22.859447,-67.238998,-18.260626
4.383124,67.349335,0.512745,168.928406,-24.313881,-51.786831,-18.853420
4.388130,69.492035,0.575861,174.231201,-24.331507,-35.109131,-19.676117
4.393135,75.288902,0.383913,145.511261,-21.312761,-17.942709,-21.479679
4.398141,81.665184,0.574838,165.002823,-21.239098,-2.035962,-23.450132
4.403147,87.030998,0.622243,-166.689056,-23.447695,9.341875,-26.258371
4.408152,88.382286,0.580008,-179.204559,-23.658762,16.971188,-30.662834
4.413158,93.207031,0.541074,-157.895172,-24.870979,17.458099,-35.177723
4.418163,97.968292,0.486533,-164.415939,-25.859453,3.543168,-34.843410
4.423169,103.509216,0.572678,-112.050484,-30.299894,-26.869757,-31.665483
4.428175,106.905159,0.077652,-151.931000,-27.814302,-21.633099,-29.075111
4.433180,110.546310,0.244530,164.540268,-27.883844,-21.656229,-26.715893
4.438186,116.859619,0.610786,-128.761017,-22.780560,-3.819742,-24.989462
4.443191,120.620163,0.192651,-152.613846,-18.916670,6.048218,-23.936182
4.448197,126.711189,0.474161,-101.730812,-24.025682,10.672006,-22.536758
4.453203,130.005630,0.292260,-115.068871,-20.370790,16.587156,-21.435593
4.458208,133.894012,0.292190,-93.000267,-19.043459,23.367970,-20.873701
4.463214,138.882538,0.209528,-102.519844,-19.906643,33.286472,-20.529730
4.468219,143.655991,0.399619,-76.603546,-21.913740,48.876228,-20.317911
4.473225,148.961121,0.287782,-95.011826,-24.673901,68.624115,-19.944378
4.478231,151.751816,0.642470,-87.139305,-22.412060,87.291969,-19.470068
4.483236,157.625229,0.500172,-112.744820,-22.901985,107.692810,-19.393597
4.488242,163.074615,0.308840,-106.800667,-22.486317,125.238609,-19.888796
4.493247,165.544952,0.346225,-114.661209,-18.459784,140.213104,-20.480003
4.498253,171.190353,0.068958,-78.456688,-17.061426,150.951263,-21.615976
4.503258,175.695679,0.405584,-83.092995,-20.272161,162.698959,-23.726297
4.508264,178.918839,0.338915,-45.292248,-22.240063,176.774857,-25.670649
4.513270,-174.693436,0.136036,-37.179363,-22.506502,-159.760239,-27.408270
4.518275,-170.905273,0.408641,13.492624,-28.132921,-125.440414,-26.455139
4.523281,-165.479630,0.595606,-0.651998,-24.618814,-86.869385,-24.545242
4.528286,-161.426025,0.325551,52.368042,-24.057987,-58.447407,-22.512785
4.533292,-156.496414,0.197286,55.645069,-22.973078,-31.474009,-21.085960
4.538298,-151.240448,0.368143,51.580433,-20.095217,-11.189095,-20.128429
4.543303,-146.687317,0.203183,59.759644,-21.683313,8.897464,-19.517139
4.548309,-141.963364,0.544616,77.051491,-20.931259,23.685322,-18.884613
4.553314,-138.710754,0.411986,72.355530,-18.551685,39.979507,-18.990158
4.558320,-131.744614,0.306016,94.916634,-17.364227,51.873234,-19.210159
4.563326,-130.118988,0.526114,94.601746,-18.625210,60.336166,-19.579313
4.568331,-123.390182,0.309032,121.214806,-16.824684,66.287735,-20.423700
4.573337,-118.337250,0.596799,137.236053,-20.921232,71.695992,-21.525908
4.578342,-115.837837,0.553207,133.087723,-23.774599,76.870316,-23.490479
4.583348,-111.447220,0.417696,175.285690,-25.088594,82.253113,-27.163206
4.588354,-106.035950,0.570832,-157.071487,-25.902796,88.387276,-35.470695
4.593359,-101.789452,0.462612,-140.363327,-31.881247,91.774849,-39.775829
4.598365,-95.132164,0.352565,-27.040398,-27.596033,-63.283558,-28.739590
4.603370,-92.500748,0.548848,1.577455,-25.739677,-45.300858,-25.360130
4.608376,-88.268867,0.418270,2.295564,-28.131779,-31.517843,-23.579805
4.613382,-84.220177,0.433737,75.287521,-25.384417,-11.128446,-22.651123
4.618387,-79.603485,0.450352,51.299496,-43.625259,11.965098,-22.331165
4.623393,-73.229851,0.482089,117.035149,-31.598764,36.513805,-21.847389
4.628398,-69.389893,0.487435,-56.975380,-32.228672,57.037876,-21.737997
4.633404,-64.028145,0.503209,-28.613550,-28.104406,76.345833,-21.645306
4.638410,-59.815994,0.523063,-128.807693,-36.772572,95.287338,-21.350161
4.643415,-57.477631,-0.076278,-152.282974,-27.273418,112.682106,-20.540909
4.648421,-49.264282,0.575392,137.454361,-21.984797,134.357224,-19.599844
4.653426,-46.692623,0.228456,-149.668869,-19.127491,148.355545,-17.950613
4.658432,-41.885864,0.452697,-160.936981,-18.532757,165.082581,-16.459553
4.663437,-37.911194,0.290799,-143.879211,-15.225869,179.398575,-15.280807
4.668443,-32.407154,0.357845,-126.935257,-14.637339,-167.802795,-14.604648
4.673449,-28.143970,0.239284,-123.062584,-15.453171,-155.280014,-14.481270
4.678454,-20.961014,0.342811,-113.835716,-16.239037,-142.968796,-14.966812
4.683460,-17.749714,0.474385,-103.848846,-16.251003,-130.325211,-16.103498
4.688465,-13.499663,0.407300,-86.492622,-20.381758,-115.483398,-17.581364
4.693471,-7.579109,0.558427,-66.873085,-22.936344,-98.272675,-19.031651
4.698477,-4.412035,0.390795,-76.310059,-26.326548,-82.172401,-20.128273
4.703482,1.925585,0.235056,-110.864647,-23.473177,-62.138981,-21.074381
4.708488,3.838814,0.542985,-144.320831,-34.446892,-43.128887,-21.754606
4.713493,10.582287,0.448751,-136.423370,-28.783934,-26.283566,-22.171764
4.718499,14.634689,0.544976,-148.879288,-25.284397,-8.259950,-22.747917
4.723505,18.884174,0.297398,-85.272255,-39.383545,9.348006,-23.494514
4.728510,24.684853,0.507955,-128.531555,-38.551029,35.769535,-23.887497
4.733516,28.796268,0.470107,-64.569252,-29.898857,58.134579,-24.231047
4.738521,32.172970,0.413698,174.394562,-25.165501,82.336731,-24.079193
4.743527,36.472908,0.610385,129.183487,-25.750683,104.660461,-24.683928
4.748533,43.307400,0.488719,142.454178,-26.585447,119.456551,-26.549812
4.753538,47.657272,0.496010,-145.207809,-22.527008,128.334427,-29.643860
4.758544,51.472965,0.337375,175.890167,-30.609303,124.861351,-32.495945
4.763549,55.984867,0.452939,-178.740372,-28.720846,100.870804,-31.392199
4.768555,60.401661,0.529962,-103.498535,-29.101950,59.083641,-28.445843
4.773561,64.024101,0.586456,-85.675110,-29.031021,48.398811,-26.072392
4.778566,70.248291,0.518680,-111.543976,-25.167061,51.114662,-24.548037
4.783572,74.110275,0.433751,-42.366833,-31.655472,54.724442,-22.867630
4.788577,77.995750,0.443557,-88.482651,-25.330887,60.890862,-21.035820
4.793583,82.701286,0.371682,-104.233330,-27.595814,71.990257,-19.452009
4.798588,88.772285,0.286087,-117.367241,-20.481476,86.632301,-17.702234
4.803594,92.329620,0.335740,-75.995667,-20.525881,99.554131,-16.121355
4.808600,97.954422,0.442777,-82.192474,-16.497931,113.355316,-15.118797
4.813605,100.800217,0.461810,-67.609039,-17.677238,126.010986,-14.787545
4.818611,106.261963,0.255971,-34.509670,-15.636070,136.856476,-14.989895
4.823616,111.141975,0.529714,-41.277737,-18.172775,146.733948,-15.843955
4.828622,115.776192,0.474235,-32.018490,-17.397924,155.713547,-17.277790
4.833628,119.638893,0.280927,-15.568009,-16.068745,163.667404,-18.853569
4.838633,125.756142,0.334849,1.317330,-26.895613,172.780350,-20.791161
4.843639,128.453140,0.580320,9.644004,-25.463646,176.624863,-22.600069
4.848644,133.117493,0.391322,-12.780221,-24.552582,-174.871124,-24.716900
4.853650,139.060303,0.513924,-50.229912,-24.402735,-162.411194,-28.054766
4.858656,141.851974,0.458911,15.214258,-28.436743,-149.998169,-36.454567
4.863661,146.722565,0.485817,48.753555,-23.102438,-140.087570,-36.684231
4.868667,152.224121,0.550462,43.479958,-24.253689,65.858887,-25.693697
4.873672,156.684967,0.432613,129.563202,-21.936029,65.674004,-21.471601
4.878678,161.780899,0.485294,137.132660,-19.700022,74.492020,-18.272470
4.883684,163.674911,0.406546,162.472504,-19.875931,86.427399,-17.010120
4.888689,169.038605,0.477113,171.173340,-15.299335,99.827393,-16.717289
4.893695,174.375732,0.215380,-158.806122,-17.201868,112.826355,-17.073702
4.898700,178.305206,0.378272,-141.114136,-27.402493,127.113609,-17.843134
4.903706,-177.278702,0.400031,-137.265686,-22.533272,142.447449,-18.654079
4.908712,-170.475494,0.196053,-154.568100,-28.337152,159.813568,-19.640985
4.913717,-169.402908,0.321699,-121.089622,-28.235161,174.196747,-19.961090
4.918723,-161.638214,0.298121,-96.362198,-33.965729,-165.626465,-20.303368
4.923728,-156.913162,0.372536,128.619949,-28.861279,-149.722198,-20.174341
4.928734,-151.388412,0.496842,176.975845,-29.956888,-134.486725,-20.633753
4.933739,-148.550018,0.281688,159.233917,-34.779400,-115.654228,-21.139874
4.938745,-143.724228,0.330312,95.556877,-29.748289,-95.399155,-21.856928
4.943751,-139.366165,0.695204,100.585243,-26.834944,-72.100761,-22.644667
4.948756,-135.375854,0.646925,56.667038,-28.880323,-45.764580,-23.385746
4.953762,-131.319107,0.465320,89.196007,-24.896832,-18.708258,-24.452871
4.958767,-126.447990,0.406795,75.118713,-23.043324,9.138363,-25.817930
4.963773,-122.330261,0.449915,112.324936,-30.304680,37.530048,-27.086418
4.968779,-115.021652,0.474085,106.863037,-22.293587,79.763359,-25.453585
4.973784,-111.902618,0.504731,-160.576843,-21.651394,122.040314,-22.533346
4.978790,-107.319389,0.233528,-118.677444,-18.191370,155.397217,-19.536968
4.983795,-103.609047,0.204385,-83.079308,-15.732141,173.968033,-17.324982
4.988801,-99.519249,0.306273,-71.903679,-14.683857,-173.138641,-15.481320
4.993807,-91.395370,0.640339,-65.462196,-16.466717,-163.127701,-14.383084
4.998812,-87.033272,0.575055,-48.457546,-15.661208,-152.529724,-13.742085
5.003818,-83.847862,0.548212,-34.084938,-17.613552,-141.929352,-13.524114
5.008823,-77.950737,0.488684,-29.005335,-20.491253,-129.804001,-13.692538
5.013829,-74.541229,0.394342,-24.346655,-20.051355,-115.123314,-14.008348
5.018835,-69.517365,0.680818,-26.936502,-17.834623,-100.278938,-14.497210
5.023840,-63.567051,0.445937,-43.136547,-17.111797,-84.943527,-15.013672
5.028846,-59.950302,0.373685,-43.161171,-16.241575,-70.393570,-15.594345
5.033851,-56.073277,0.653009,-47.899441,-17.291401,-58.542961,-16.482849
5.038857,-49.147800,0.439056,-49.282845,-15.633418,-49.367630,-17.219376
5.043863,-47.014404,0.426966,-31.384693,-18.026880,-41.659443,-18.398123
5.048868,-41.356102,0.411354,-14.947069,-22.534166,-34.161434,-20.278093
5.053874,-35.430969,0.332398,1.997835,-22.005569,-25.459936,-22.737619
5.058879,-32.457054,0.279368,21.610764,-27.331217,-12.946998,-26.227852
5.063885,-26.692968,0.602309,-67.812057,-29.548594,7.057221,-31.425173
5.068891,-22.220516,0.341497,-44.899399,-29.322809,46.123882,-34.430592
5.073896,-19.659866,0.488440,-135.124084,-24.500227,104.357887,-32.348724
5.078902,-14.034411,0.383797,-62.109230,-22.533743,172.957214,-29.730675
5.083907,-9.434134,0.697705,-26.356434,-28.130625,-131.376358,-26.343258
5.088913,-5.214589,0.450522,11.885933,-33.419647,-98.784035,-23.727972
5.093918,1.726554,0.314747,43.892620,-26.796658,-76.081932,-22.244802
5.098924,6.177112,0.520740,41.009796,-31.058201,-59.241493,-22.309071
5.103930,10.043440,0.819818,106.319122,-32.395363,-42.952297,-23.660774
5.108935,11.869616,0.344122,140.704407,-27.161592,-27.137297,-26.185541
5.113941,16.101439,0.475321,-138.583267,-24.750669,-9.854241,-29.363827
5.118946,23.500544,0.611000,-95.988770,-21.895300,21.295631,-29.713324
5.123952,27.017189,0.513676,-52.096294,-18.611578,71.964676,-25.856728
5.128958,32.207581,0.277102,-15.695574,-17.224495,99.748695,-22.382015
5.133963,36.050205,0.076565,-6.616290,-16.040794,112.637070,-19.995564
5.138969,42.325687,0.530103,16.309889,-15.033563,124.122673,-18.349152
5.143974,47.249146,0.475069,23.284065,-15.027899,133.999069,-17.466866
5.148980,51.278648,0.357103,33.134888,-15.039216,147.430176,-17.127766
5.153986,54.684563,0.542798,39.982399,-15.342819,162.030807,-17.266861
5.158991,59.258389,0.394049,40.012501,-17.594238,178.513733,-17.733963
5.163997,64.950249,0.495792,43.986206,-17.765966,-162.397034,-18.375887
5.169002,70.236298,0.483531,40.533855,-17.815586,-142.485107,-19.187567
5.174008,74.244926,0.520427,53.411690,-16.400335,-122.770966,-20.450739
5.179014,77.397530,0.347282,42.122986,-20.041996,-103.686966,-22.150269
5.184019,82.008118,0.392721,60.284767,-21.865038,-82.053352,-23.456264
5.189025,86.838593,0.115241,89.952278,-27.476078,-52.466839,-23.159719
5.194030,91.123329,0.462303,105.512558,-22.020567,-16.518633,-20.798128
5.199036,96.959328,0.086757,-178.195435,-23.310682,13.810595,-17.891771
5.204042,100.392082,0.350040,-155.326691,-19.258488,33.373131,-16.121641
5.209047,104.610588,0.394895,-117.342850,-15.375299,48.479019,-14.949292
5.214053,107.513580,0.275670,-103.921036,-17.447567,60.764217,-14.264391
5.219058,113.353889,0.681253,-87.955330,-16.802174,74.125755,-14.474362
5.224064,119.846619,0.537177,-63.063499,-19.236755,85.400688,-15.272775
5.229069,121.946686,0.441056,-42.513660,-20.616467,97.551422,-16.521742
5.234075,129.981094,0.449258,-34.825264,-22.565878,112.038536,-18.041927
5.239081,131.926697,0.241853,-61.608700,-19.035013,126.307648,-19.683363
5.244086,136.291351,0.437485,-44.948376,-29.130114,142.855576,-20.944338
5.249092,141.261826,0.447912,-91.652367,-22.524080,156.069077,-22.741192
5.254097,145.666519,0.889526,-99.607780,-26.768103,171.882065,-24.733477
5.259103,152.371765,0.402839,-34.685776,-35.088673,-174.646088,-28.710470
5.264109,155.846069,0.444201,-58.687508,-28.614904,-150.543274,-33.184277
5.269114,159.209412,0.652478,1.072500,-36.413563,-88.046127,-28.370846
5.274120,165.957321,0.575704,130.154343,-22.721424,-26.359785,-23.374701
5.279125,169.447403,0.658758,88.860817,-25.593094,-0.047426,-20.809227
5.284131,173.922409,0.446480,109.499290,-21.452402,19.512703,-19.704403
5.289137,179.143860,0.466284,120.837570,-27.576504,38.581177,-19.293806
5.294142,-179.103806,0.497686,142.222763,-46.152500,60.745922,-19.380337
5.299148,-171.331329,0.480980,-18.435062,-28.162872,85.344131,-18.912201
5.304153,-167.398254,0.370845,-14.547799,-26.458860,110.979767,-18.329832
5.309159,-163.144974,0.395079,39.202164,-22.548265,135.880325,-17.624317
5.314165,-160.046997,0.214904,33.766590,-17.865196,154.585144,-16.970268
5.319170,-154.335007,0.681665,56.629204,-18.508993,169.470139,-16.667933
5.324176,-148.749634,0.593044,52.965099,-17.714060,-177.989288,-16.612263
5.329181,-144.082138,0.576710,78.441666,-20.012915,-166.256668,-16.690990
5.334187,-140.045441,0.434688,80.236572,-20.495813,-153.471725,-16.804522
5.339193,-134.807770,0.356542,72.169586,-21.664154,-137.780746,-16.703344
5.344198,-131.297897,0.336549,81.010277,-20.536106,-119.569443,-16.587736
5.349204,-125.364746,0.539654,51.651978,-21.331976,-99.832542,-16.324545
5.354209,-122.932480,0.456465,85.335838,-18.557552,-81.042862,-16.380932
5.359215,-117.299118,0.501271,61.543072,-18.989613,-63.060764,-16.999952
5.364220,-112.526360,0.295032,79.434883,-18.098618,-46.055923,-18.140640
5.369226,-107.027969,0.464562,65.867203,-23.271992,-28.310295,-19.914728
5.374232,-104.033295,0.429920,88.995201,-21.600782,-9.882852,-22.018522
5.379237,-97.873459,0.582462,93.127975,-22.468887,11.321539,-23.721724
5.384243,-94.968941,0.357185,128.938538,-26.452848,35.619324,-24.984137
5.389248,-89.518890,0.369188,154.675644,-43.741943,59.341965,-25.764614
5.394254,-85.231171,0.143585,153.642288,-33.485748,81.330757,-26.492071
5.399260,-79.049721,0.419155,-44.158314,-23.985088,101.829414,-27.840372
5.404265,-75.349510,0.445428,113.939896,-21.024162,122.779648,-29.568439
5.409271,-70.500008,0.594278,162.472610,-20.829500,159.138565,-28.735392
5.414276,-65.559166,0.483742,166.700394,-18.464542,-154.367172,-25.322676
5.419282,-60.534798,0.374383,-171.844284,-16.549034,-120.812889,-23.300295
5.424288,-55.710423,0.482386,-150.542999,-17.875893,-97.229614,-22.610224
5.429293,-51.710796,0.650443,-135.622925,-16.900768,-83.862297,-23.569016
5.434299,-48.875801,0.622964,-127.409134,-16.216169,-67.795853,-26.638626
5.439304,-43.840862,0.398377,-107.536346,-19.537798,-51.571602,-34.557056
5.444310,-36.615051,0.297272,-68.228683,-20.117582,-17.793781,-30.797379
5.449316,-34.075542,0.638703,-56.368061,-25.412153,94.130249,-23.894047
5.454321,-29.079916,0.366948,-28.027430,-24.575016,120.884750,-20.425762
5.459327,-24.861050,0.329370,49.599014,-21.787088,132.858063,-18.428507
5.464332,-19.619312,0.289696,72.340919,-19.418297,140.822693,-16.593596
5.469338,-15.374242,0.519188,82.651535,-18.749353,149.907898,-15.140784
5.474344,-10.792916,0.525985,91.839745,-20.556637,159.388306,-13.768070
5.479349,-6.935092,0.319775,70.935234,-17.353718,170.464050,-12.584171
5.484355,-2.654134,0.459244,72.509949,-14.365552,-177.245438,-11.677640
5.489360,1.192823,0.314615,86.879143,-12.624754,-164.601089,-11.201884
5.494366,6.849825,0.198144,92.134995,-13.994907,-152.673615,-11.130735
5.499371,14.528237,0.554596,98.675667,-14.128816,-140.429932,-11.594599
5.504377,18.650694,0.142300,120.011574,-12.881213,-130.419037,-12.721416
5.509383,22.323681,0.337223,122.671234,-14.779611,-119.866440,-14.282684
5.514388,28.078222,0.307204,155.560989,-17.524435,-110.719727,-16.495306
5.519394,30.602112,0.283368,164.943405,-19.449966,-100.211075,-19.132826
5.524399,35.229115,0.539952,-176.217453,-21.262720,-88.738800,-22.062021
5.529405,39.371601,0.230170,-115.569427,-29.152021,-69.461884,-24.439062
5.534411,44.184673,0.600406,-122.775879,-28.124502,-42.502953,-25.418646
5.539416,49.380798,0.441181,-50.271698,-24.153484,-4.765316,-24.858704
5.544422,53.715679,0.339723,-10.779219,-26.698906,31.695543,-23.280441
5.549427,56.860489,0.316589,1.489739,-27.989714,65.031670,-21.917471
5.554433,61.885216,0.301128,9.364033,-25.705637,94.458504,-20.643866
5.559439,66.957664,0.328472,-62.400635,-24.389912,120.562096,-19.555094
5.564444,71.182297,0.391068,-59.439480,-21.244219,145.276810,-18.967112
5.569450,75.866463,0.490175,-22.642628,-21.970474,166.186691,-19.344378
5.574455,80.349487,0.544979,-20.594597,-24.426563,-174.182327,-20.310726
5.579461,85.679604,0.503273,-5.900993,-27.513420,-156.295624,-21.978270
5.584467,85.810257,0.545163,20.393160,-31.158346,-132.680374,-23.698971
5.589472,93.063446,0.609503,113.458061,-27.659286,-100.703903,-24.117853
5.594478,98.744377,0.731461,134.947983,-25.484781,-67.245377,-22.961584
5.599483,103.629044,0.632163,174.847412,-20.663054,-38.671562,-21.782427
5.604489,106.508316,0.556808,-162.585449,-19.066933,-18.614704,-20.817698
5.609495,112.493950,0.796115,-126.734169,-19.646484,-2.675658,-20.440315
5.614500,116.074036,0.405930,-116.492126,-19.845757,13.689450,-20.703648
5.619506,121.216156,0.437686,-105.654015,-24.316858,34.022457,-20.676760
5.624511,125.290962,0.456917,-67.575752,-32.516090,62.866692,-19.933203
5.629517,132.152588,0.396143,36.261391,-41.425751,92.223015,-18.442240
5.634523,138.652466,0.719614,168.681976,-21.949314,120.137329,-16.845249
5.639528,141.952301,0.563624,138.887146,-21.623989,141.821198,-15.858049
5.644534,144.364426,0.583403,135.599152,-25.006649,158.983490,-15.383715
5.649539,149.998657,0.343914,155.981812,-20.582232,174.834137,-15.289027
5.654545,153.788406,0.544357,-155.973022,-23.085596,-169.828796,-15.407551
5.659550,160.354446,0.442343,-167.011169,-29.683741,-152.816101,-15.405934
5.664556,160.464310,0.484674,-174.710190,-28.037678,-135.092575,-14.958377
5.669562,168.567596,0.582482,93.182396,-29.053339,-116.921104,-14.354369
5.674567,172.458267,0.701886,85.048882,-19.240356,-99.763443,-13.809804
5.679573,179.313904,0.342590,73.251167,-19.060381,-83.778076,-13.577795
5.684578,-178.280304,0.227313,103.734367,-18.505358,-68.402550,-13.620726
5.689584,-172.813766,0.352225,119.111343,-21.255701,-53.020390,-14.015307
5.694590,-168.458450,0.477297,122.686958,-24.741699,-36.724903,-14.818658
5.699595,-163.003235,0.703555,100.898682,-24.720213,-19.109640,-16.066687
5.704601,-158.095901,0.294053,66.985817,-20.621332,-1.823432,-17.120029
5.709606,-155.542343,0.361675,67.379532,-20.273682,15.458104,-18.359062
5.714612,-150.179688,0.558436,80.432426,-19.537445,27.966467,-19.753311
5.719618,-146.317734,0.416100,51.617950,-18.453522,36.872395,-21.536797
5.724623,-140.872543,0.342712,102.956749,-19.017292,38.599995,-23.868311
5.729629,-138.689117,0.302491,107.568871,-20.877718,34.205357,-26.491533
5.734634,-131.789261,0.425998,165.929276,-19.205931,21.604801,-29.018606
5.739640,-127.422485,0.382810,-150.697845,-21.703604,-10.478114,-26.704103
5.744646,-122.892609,0.757154,-120.634964,-26.789436,-47.603172,-22.952456
5.749651,-118.973511,0.840662,-71.129288,-19.382105,-60.579773,-19.918539
5.754657,-113.377876,0.169381,-86.940361,-19.824507,-59.336922,-17.729687
5.759662,-108.731270,0.310939,-77.028130,-19.197906,-51.375645,-16.856432
5.764668,-104.055145,0.514446,-35.564106,-21.264982,-38.277550,-16.518526
5.769674,-99.020393,0.567711,-7.123578,-26.752787,-22.055386,-16.440836
5.774679,-95.864174,0.398652,1.747221,-33.742256,-3.593437,-17.016598
5.779685,-90.401657,0.585697,-61.380333,-31.353989,15.735567,-17.616491
5.784690,-84.211792,0.507399,-60.745277,-27.229929,35.082493,-18.447315
5.789696,-84.744980,0.484003,-85.283150,-30.355743,55.921566,-19.669203
5.794701,-76.070808,0.339275,-10.394181,-33.898636,77.859650,-20.718199
5.799707,-72.310730,0.638453,123.473030,-20.561821,103.252098,-20.506990
5.804713,-67.476692,0.351318,94.073792,-17.599123,132.105774,-19.531528
5.809718,-64.834015,0.491764,129.405716,-16.385630,157.101761,-17.742300
5.814724,-58.744392,0.385155,138.667801,-15.076455,177.258423,-16.080528
5.819729,-52.262718,0.703315,171.468231,-13.970195,-167.481995,-15.059583
5.824735,-49.242397,0.270061,173.960602,-12.838435,-154.253708,-14.731689
5.829741,-43.649448,0.137488,-171.823929,-14.446920,-140.946381,-15.133365
5.834746,-38.831303,0.432947,-149.013626,-15.346590,-126.985558,-16.297995
5.839752,-36.699009,0.325580,-132.356888,-17.353165,-113.071045,-18.022814
5.844757,-31.768307,0.439083,-130.301392,-21.778217,-94.902008,-20.148432
5.849763,-25.739241,0.438252,-105.177986,-27.757523,-73.291504,-21.940222
5.854769,-21.981249,0.728358,-78.835045,-34.055408,-42.423134,-22.988781
5.859774,-18.140472,0.234738,-150.957764,-32.568043,-9.290058,-22.755287
5.864780,-11.043464,0.378753,-131.303925,-38.268200,18.992968,-21.983448
5.869785,-7.414383,0.598003,-146.402023,-34.761868,47.113686,-20.963703
5.874791,-3.391612,0.430798,40.057640,-24.287167,77.235237,-19.608051
5.879797,0.797237,0.344445,6.591247,-20.971096,99.718521,-17.882780
5.884802,8.216565,0.539442,20.265228,-19.001760,119.331833,-16.290049
5.889808,7.844425,0.461581,44.151539,-17.168779,137.424683,-15.827755
5.894813,17.506792,0.407028,43.697865,-18.165550,153.962967,-15.584743
5.899819,19.083839,0.613643,67.409584,-14.482854,169.772644,-16.059635
5.904825,24.799196,0.520317,70.350342,-18.563974,-172.317184,-17.230534
5.909830,29.778034,0.340253,94.672661,-21.807289,-155.516617,-18.828861
5.914836,33.435371,0.459880,70.234238,-23.432283,-134.852936,-20.345808
5.919841,38.890469,0.574242,92.049248,-27.750324,-108.637764,-21.573771
5.924847,40.636150,0.362948,150.412292,-25.197590,-82.355621,-21.820448
5.929852,46.660767,0.412925,38.899883,-23.093365,-55.344151,-22.054398
5.934858,50.726604,0.385843,51.455723,-25.986109,-32.727428,-21.921940
5.939864,57.429214,0.301576,33.282967,-32.804131,-8.519966,-21.597324
5.944869,61.854923,0.646532,-40.137619,-22.473293,16.586885,-20.310194
5.949875,66.611366,0.424561,115.760796,-25.523195,42.190105,-18.718161
5.954880,70.158829,0.400514,158.898697,-20.398586,68.466713,-16.994642
5.959886,74.378204,0.419775,175.509323,-21.546619,90.548859,-15.515244
5.964892,77.725060,0.515829,-130.842575,-19.215565,110.481789,-14.587923
5.969897,83.117126,0.378932,-121.970741,-18.166864,128.035202,-14.121143
5.974903,87.757736,0.679210,-125.708992,-19.446569,144.753677,-14.265399
5.979908,94.542816,0.596080,-106.277809,-20.996233,161.611328,-14.504025
5.984914,97.233742,0.240677,-101.792320,-19.661625,178.568100,-15.141932
5.989920,102.014015,0.377927,-111.210381,-22.003408,-163.924118,-15.920472
5.994925,105.939705,0.321596,-153.530594,-18.015308,-147.117981,-16.565653
5.999931,111.735695,0.464004,-143.858780,-19.814684,-130.283279,-17.345856
6.004936,116.375572,0.352430,-121.446182,-17.514362,-114.572639,-18.163582
6.009942,120.208374,0.395137,-136.919250,-20.919167,-99.499535,-19.454937
6.014948,126.425552,0.435798,-91.639938,-20.708426,-82.466553,-20.969284
6.019953,131.492920,0.321356,-62.026527,-42.915691,-60.472759,-22.169256
6.024959,135.903580,0.672223,-162.744781,-28.837006,-27.675009,-22.029966
6.029964,139.939453,0.526038,173.268005,-22.576717,7.151925,-20.606485
6.034970,144.534637,0.775571,125.687195,-22.769848,38.071922,-19.539997
6.039976,148.243851,0.602094,127.750542,-17.562010,60.807335,-19.140574
6.044981,153.139572,0.456913,157.273239,-15.385896,78.674782,-19.817900
6.049987,159.204590,0.014064,-166.433121,-19.289097,96.175522,-21.007833
6.054992,160.742569,0.665181,-166.038208,-18.820538,115.983261,-22.688383
6.059998,167.196152,0.306764,-116.543198,-21.288200,148.295761,-22.894951
6.065004,171.420151,0.423911,-77.006943,-20.565874,-176.905167,-21.393778
6.070009,176.519485,0.507773,-38.683922,-18.634407,-146.333191,-19.842554
6.075015,-179.581589,0.233923,-16.057632,-20.817230,-125.102196,-18.445972
6.080020,-175.355835,0.344790,19.634747,-18.492180,-107.586769,-17.735397
6.085026,-170.366547,0.353844,11.329779,-23.827209,-92.874306,-17.260811
6.090031,-164.479248,0.391055,29.004959,-22.535416,-75.773781,-17.363787
6.095037,-162.103210,0.631885,35.632713,-24.674795,-58.930698,-17.819143
6.100043,-155.647919,0.468861,7.145067,-24.308846,-41.182392,-18.693007
6.105048,-153.100586,0.380391,21.914030,-17.236925,-22.632154,-20.062689
6.110054,-146.846527,0.690058,40.148293,-20.262512,-4.317658,-23.388470
6.115059,-143.619888,0.563465,48.555725,-18.394028,14.502009,-29.735872
6.120065,-137.707718,0.484315,85.452103,-18.303856,44.573265,-32.311562
6.125071,-132.553650,0.658481,125.643021,-15.714021,157.063446,-23.709721
6.130076,-127.473122,0.589417,150.804092,-16.585688,-168.682510,-19.223677
6.135082,-122.501617,0.530733,-169.473343,-14.167018,-154.516159,-16.441446
6.140087,-120.338448,0.331341,-160.867584,-12.895673,-146.427536,-14.498403
6.145093,-115.468040,0.423809,-141.104218,-13.929006,-138.539398,-13.067204
6.150099,-109.907738,0.258920,-122.089630,-13.894147,-130.366013,-12.073108
6.155104,-104.468735,0.350749,-114.493141,-13.595034,-120.632805,-11.481477
6.160110,-99.913498,0.078798,-104.110535,-13.042589,-109.589584,-11.133014
6.165115,-95.844421,0.500878,-99.387367,-13.946285,-96.554184,-11.062199
6.170121,-89.676674,0.434723,-108.804703,-14.817934,-82.231888,-11.326128
6.175127,-86.600067,0.306071,-100.940338,-15.335673,-66.865952,-11.736211
6.180132,-81.822380,0.137295,-103.825508,-16.372004,-51.295883,-12.491469
6.185138,-76.971512,0.517229,-101.274857,-17.135191,-35.323971,-13.564600
6.190143,-71.123550,0.309513,-91.966553,-17.576517,-19.255146,-15.000934
6.195149,-68.911972,0.387569,-97.999329,-19.137783,-2.022638,-16.707554
6.200155,-63.926220,0.749110,-102.962593,-24.239733,17.419235,-18.430519
6.205160,-59.936958,0.443516,-80.401352,-29.703041,42.928673,-19.632107
6.210166,-53.751892,0.419709,115.328453,-27.083872,69.474838,-19.391819
6.215171,-50.785759,0.377407,-172.701294,-22.234381,95.587875,-18.758062
6.220177,-46.822521,0.224281,125.727119,-19.612253,117.495041,-18.313034
6.225182,-41.356743,0.415332,-163.549759,-18.980217,136.486740,-18.345491
6.230188,-38.158081,0.550176,-179.220200,-16.214502,155.299606,-19.073727
6.235194,-31.538464,0.285950,-134.155243,-21.348894,175.673233,-19.862434
6.240199,-28.419167,0.845837,-98.915817,-22.967886,-159.386169,-19.948849
6.245205,-20.311085,0.464545,-110.521461,-34.342075,-130.363434,-20.043123
6.250210,-16.983721,0.463931,-29.140175,-23.212257,-101.243958,-19.781763
6.255216,-12.522961,0.452023,60.444382,-22.766554,-76.951500,-20.210539
6.260222,-7.274026,0.704568,92.737328,-28.423967,-56.011101,-21.075352
6.265227,-6.218776,0.271143,164.822189,-25.804310,-29.563505,-22.254074
6.270233,-0.215144,0.769551,157.828033,-30.084745,0.668637,-22.371990
6.275238,5.448727,0.580256,-41.637680,-18.125912,36.203876,-20.544096
6.280244,9.778006,0.332055,-64.082001,-17.959650,70.924683,-18.151148
6.285250,13.706564,0.162283,-49.436554,-17.857212,97.508568,-16.666752
6.290255,19.599405,0.453505,-46.213280,-17.296780,115.844612,-15.092393
6.295261,23.230253,-0.038370,-13.854778,-16.149008,133.091614,-14.301476
6.300266,26.485132,0.392144,-10.751694,-17.145781,149.190765,-13.676439
6.305272,32.000908,0.632105,-22.947773,-20.740145,166.670105,-13.188673
6.310278,36.296356,0.353915,3.854664,-15.966919,-174.760086,-12.879834
6.315283,41.873699,0.557621,-32.698303,-18.810923,-157.747711,-12.334763
6.320289,45.174881,0.211751,-18.328453,-16.418966,-141.519958,-12.378206
6.325294,49.156113,0.503744,-37.908836,-14.441114,-127.087852,-12.667795
6.330300,56.419136,0.303113,-25.576321,-15.830185,-113.619682,-13.142622
6.335306,60.142853,-0.000103,-3.507830,-18.037321,-99.326149,-13.811942
6.340311,63.822651,0.240080,-12.285943,-19.562351,-86.228424,-14.580328
6.345317,67.054314,0.622418,-6.847916,-20.010460,-69.585983,-15.335138
6.350322,75.013069,0.598656,52.589466,-29.425949,-49.968830,-15.709458
6.355328,78.709969,0.278742,80.745056,-29.243412,-27.716797,-15.470304
6.360333,83.263535,0.451055,176.900452,-21.865059,-5.750887,-15.362940
6.365339,90.096825,0.543044,-158.189514,-19.807320,14.154980,-15.621278
6.370345,93.511848,0.533358,-129.145966,-21.193542,30.700058,-16.434132
6.375350,95.824417,0.442998,-102.752289,-21.463989,47.377243,-18.143703
6.380356,103.203728,0.485421,-52.454563,-23.708054,60.426456,-21.275436
6.385361,105.871269,0.578498,-80.578751,-23.319458,73.627983,-27.270794
6.390367,111.199913,0.593015,-24.985664,-21.614767,85.444748,-44.277416
6.395373,116.210922,0.201345,-40.401375,-24.388449,10.237099,-27.218889
6.400378,121.253387,0.351719,-8.175473,-22.432720,-50.372822,-21.863832
6.405384,123.761101,0.427379,42.460968,-24.481552,-39.321121,-18.836832
6.410389,127.652382,0.145821,22.561220,-19.016888,-27.305872,-16.732176
6.415395,133.920166,0.684938,37.058720,-16.423117,-15.536087,-15.086351
6.420401,139.740097,0.536165,34.559536,-15.741947,-5.285647,-13.916168
6.425406,143.059235,0.519944,40.994560,-12.451168,3.278598,-12.950625
6.430412,149.258896,0.603624,66.082657,-12.070330,11.750284,-12.393119
6.435417,152.107208,0.425433,84.905617,-12.306566,20.735403,-12.260903
6.440423,156.675751,0.399310,85.769852,-12.903683,30.262350,-12.711440
6.445429,160.653610,0.435493,114.086060,-15.820254,41.816685,-13.617319
6.450434,168.490082,0.075127,135.049942,-21.428743,56.667908,-14.927481
6.455440,169.753754,0.210883,150.878983,-24.970009,77.287048,-15.992537
6.460445,177.118484,0.592997,-116.569138,-24.581081,103.921524,-16.120239
6.465451,179.048050,0.487618,-83.392097,-22.582211,133.643387,-15.654797
6.470457,-175.164886,0.448582,-43.118179,-16.769587,161.315781,-14.793919
6.475462,-171.745331,0.260121,-26.425293,-20.097553,-175.185623,-14.326978
6.480468,-168.905045,0.439103,-11.935833,-17.031631,-154.657211,-13.923982
6.485473,-164.179382,0.614553,-18.175035,-19.677006,-134.612717,-13.586214
6.490479,-160.306839,0.243492,-16.634460,-16.203917,-115.405807,-13.103577
6.495485,-152.724472,0.637449,-22.681221,-15.479251,-95.994217,-12.741906
6.500490,-149.123276,0.505767,-40.220505,-13.606268,-78.492218,-12.527242
6.505496,-142.774445,0.434922,-23.424683,-13.865550,-62.951408,-12.548031
6.510501,-138.691833,0.445311,-17.693130,-14.962222,-47.701622,-13.154876
6.515507,-133.920532,0.375287,0.631349,-17.643993,-32.976254,-14.089856
6.520512,-130.451736,0.228422,6.730514,-18.553349,-17.239233,-15.389191
6.525518,-122.879898,0.516319,10.048018,-20.177910,0.510803,-16.729902
6.530524,-119.819542,0.330220,65.929581,-32.431995,24.119028,-17.588428
6.535529,-114.353111,0.793177,77.806992,-28.123095,50.944969,-17.698990
6.540535,-110.769699,0.420824,130.953094,-18.219549,76.899696,-17.258144
6.545540,-104.287903,0.622619,-154.297684,-19.587616,99.235161,-17.010170
6.550546,-102.595558,0.186251,-158.833817,-23.932510,119.614151,-16.948690
6.555552,-100.038651,0.329462,-81.518875,-25.380781,138.521255,-17.507740
6.560557,-95.231155,0.575124,-73.421417,-31.610922,158.643326,-18.105204
6.565563,-87.540627,0.184218,-112.748634,-23.035812,-177.565918,-18.508085
6.570568,-81.217323,0.438248,177.034134,-17.020977,-151.502869,-18.211336
6.575574,-78.592522,0.579612,165.418793,-17.612392,-125.360779,-18.384975
6.580580,-73.082726,0.425494,173.492203,-19.745857,-102.321770,-18.948008
6.585585,-70.985451,0.312747,161.478760,-20.282736,-80.621895,-20.416731
6.590591,-65.789703,0.312872,-151.363693,-17.518341,-55.936214,-23.072754
6.595596,-61.108471,0.636631,-139.222626,-23.079245,-22.216087,-24.051502
6.600602,-57.144131,0.436659,-97.370010,-23.510508,28.673599,-21.172785
6.605608,-53.190281,0.346770,-55.792999,-21.126471,73.440620,-18.235424
6.610613,-48.308178,0.405398,-6.978581,-19.830631,99.818039,-16.132044
6.615619,-42.162018,0.194061,31.295139,-23.746979,116.921066,-14.691669
6.620624,-37.499905,0.191437,15.689363,-20.744925,130.432907,-13.820179
6.625630,-32.615013,0.381434,4.842360,-21.176460,143.356583,-12.955474
6.630636,-28.344963,0.292692,29.688368,-21.145458,157.250443,-12.090775
6.635641,-24.270073,0.427056,21.203030,-15.934798,170.138184,-11.324009
6.640647,-20.207062,0.305362,17.218851,-12.472966,-176.428772,-10.631584
6.645652,-13.516862,0.749328,21.193375,-13.588886,-163.534683,-10.240654
6.650658,-10.857183,0.095859,47.780109,-12.354115,-150.953964,-10.160160
6.655663,-4.958723,0.256099,49.729843,-11.951949,-139.610992,-10.611556
6.660669,-0.474886,0.450767,82.441628,-12.879678,-128.275421,-11.493328
6.665675,3.981713,0.399520,84.565125,-13.789556,-116.389595,-13.090054
6.670680,8.963075,0.459800,116.190262,-16.041864,-104.446175,-15.559732
6.675686,12.940543,0.780765,123.217812,-21.120062,-90.196213,-18.501654
6.680691,18.609221,0.033178,137.756958,-22.842344,-71.718452,-22.801638
6.685697,20.149620,0.430976,-175.713394,-23.224770,-45.147346,-26.450718
6.690703,25.218140,0.223814,-135.836639,-22.982082,-7.485383,-27.593939
6.695708,32.661526,0.566903,-116.589233,-29.110701,46.383949,-27.216007
6.700714,35.796062,0.568997,-109.524284,-21.775295,93.535454,-24.504494
6.705719,39.317390,0.994278,-114.277000,-25.372280,137.162750,-22.321053
6.710725,46.337585,0.263068,174.758469,-37.379093,163.560043,-20.358175
6.715731,48.203186,0.395704,-159.040482,-21.809406,-175.994675,-19.110344
6.720736,53.770325,0.844731,-105.452354,-25.107843,-160.216980,-18.580282
6.725742,57.881672,0.451714,-77.755058,-23.026207,-139.990021,-18.226353
6.730747,62.467255,0.469273,-98.268082,-26.140482,-120.846375,-17.879051
6.735753,68.187500,0.535385,-60.223820,-22.603445,-97.934860,-16.720442
6.740759,69.173660,0.392030,100.802025,-18.929411,-76.304710,-15.343269
6.745764,77.890175,0.206268,108.079590,-13.828011,-51.564461,-13.891282
6.750770,81.895813,0.576625,144.793045,-12.303509,-34.502022,-12.624792
6.755775,86.353340,0.353280,143.641357,-10.863816,-21.794153,-11.719973
6.760781,91.222168,0.620037,164.353745,-10.171523,-9.826040,-11.402100
6.765787,95.205353,0.480816,-176.066803,-10.442412,2.657614,-11.585488
6.770792,103.438370,0.237856,-160.715225,-13.133805,14.948679,-12.370380
6.775798,103.359772,0.276358,-147.389603,-17.196835,28.805916,-13.601339
6.780803,110.159081,0.543682,-128.332535,-17.125181,44.834183,-15.402348
6.785809,114.706367,0.380635,-133.207413,-22.206280,65.345093,-17.276024
6.790814,118.583923,0.668229,-117.223602,-25.410305,90.088760,-19.087526
6.795820,122.877617,0.190653,-127.093857,-40.300247,120.110184,-20.465815
6.800826,127.805229,0.532889,-174.451294,-31.247993,154.888626,-21.074373
6.805831,129.287628,0.328601,-51.235210,-27.613272,-168.548157,-20.391880
6.810837,135.145065,0.314356,-50.161892,-21.102898,-131.190536,-18.476353
6.815842,141.141129,0.055711,-72.324471,-15.737159,-100.354599,-16.368853
6.820848,146.020569,0.699134,-34.858635,-14.514289,-78.195740,-14.756950
6.825854,149.624329,0.336282,-20.268097,-12.542682,-62.115376,-13.555662
6.830859,154.479401,0.101713,10.388594,-12.219906,-50.102474,-12.640353
6.835865,159.008911,-0.042040,12.107773,-13.377825,-39.416912,-12.247283
6.840870,164.940247,0.250180,28.308794,-14.287264,-26.961149,-12.304916
6.845876,169.131302,0.520182,40.424133,-14.521541,-13.907598,-12.708200
6.850882,175.851608,0.179920,59.091839,-20.164774,2.049456,-12.962296
6.855887,178.191422,0.230913,65.100594,-20.001791,20.063862,-13.541882
6.860893,-174.773132,0.423336,11.556456,-17.397264,40.060688,-13.848761
6.865898,-173.659439,0.485012,-5.597988,-16.625990,60.910606,-14.302262
6.870904,-168.382736,0.586009,6.821188,-15.807634,82.130974,-15.320183
6.875910,-162.555176,0.508112,6.066606,-16.669884,103.083191,-16.371141
6.880915,-158.010757,0.914049,26.587145,-19.824568,126.293724,-17.577377
6.885921,-153.307755,0.840027,29.144402,-18.446922,153.184799,-18.424391
6.890926,-150.523972,0.388043,61.777382,-28.824312,-174.170013,-18.231955
6.895932,-143.241104,0.509811,-151.478271,-30.134010,-142.796295,-17.166510
6.900938,-141.390701,0.483396,-117.044724,-19.990053,-117.503517,-16.413578
6.905943,-134.008942,0.691067,-119.417679,-21.564581,-97.672539,-16.160471
6.910949,-131.689865,0.697468,-63.844913,-20.491646,-82.641052,-16.276859
6.915954,-125.643799,0.259788,-64.945755,-20.579262,-67.511703,-16.813663
6.920960,-120.013626,0.303510,-34.063820,-26.291140,-49.701851,-17.803837
6.925966,-116.209503,0.454009,11.417569,-30.000921,-30.784863,-18.857002
6.930971,-115.343323,0.153676,46.540516,-29.251711,-10.593237,-19.387840
6.935977,-107.841011,0.303669,-39.664368,-28.207388,12.063495,-20.292088
6.940982,-102.734329,0.536145,170.453323,-30.833252,37.415051,-21.071688
6.945988,-99.225037,0.418591,-147.742462,-23.291353,67.642433,-21.383402
6.950993,-94.631874,0.755036,36.031715,-24.302763,103.753647,-20.151955
6.955999,-88.907539,0.583676,21.554548,-19.080465,142.627777,-17.233170
6.961005,-85.430244,0.302789,45.778065,-14.276295,172.851089,-14.720591
6.966010,-81.309914,0.218769,75.838821,-12.510002,-168.730240,-12.790476
6.971016,-78.086876,0.229817,90.412025,-10.408640,-152.702759,-11.544792
6.976021,-72.539513,0.581739,103.801483,-10.414757,-139.681000,-10.925035
6.981027,-67.826149,0.498038,112.153198,-10.724059,-126.816254,-10.883657
6.986033,-61.853722,0.442696,128.477005,-12.790585,-114.085167,-11.390352
6.991038,-59.075336,0.426742,153.582138,-13.123765,-100.124840,-12.151628
6.996044,-54.012150,0.259091,150.483643,-17.557480,-85.305435,-13.428003
7.001050,-47.235672,0.358874,151.726135,-19.717375,-68.571106,-14.722661
