Anritsu VNA Frequency[GHz],S21[deg],S21[dB],S11[deg],S11[dB],S22[deg],S22[dB]
1338121056.62,2012_05_27_13:17:36,+40.703,+10.256,+55.338,+10.269,+13.903,+13.713,+14.009,+13.760,10.368722,-15.840
3.006250,34.338364,-1.758672,59.502541,-26.660286,-79.813103,-27.424637
3.012500,34.338364,-1.758672,59.502541,-26.660286,-79.813103,-27.424637
3.018750,34.338364,-1.758672,59.502541,-26.660286,-79.813103,-27.424637
3.025000,34.338364,-1.758672,59.502541,-26.660286,-79.813103,-27.424637
3.031250,34.338364,-1.758672,59.502541,-26.660286,-79.813103,-27.424637
3.037500,34.338364,-1.758672,59.502541,-26.660286,-79.813103,-27.424637
3.043750,34.338364,-1.758672,59.502541,-26.660286,-79.813103,-27.424637
3.050000,34.338364,-1.758672,59.502541,-26.660286,-79.813103,-27.424637
3.056250,34.338364,-1.758672,59.502541,-26.660286,-79.813103,-27.424637
3.062500,34.338364,-1.758672,59.502541,-26.660286,-79.813103,-27.424637
3.068750,34.338364,-1.758672,59.502541,-26.660286,-79.813103,-27.424637
3.075000,34.338364,-1.758672,59.502541,-26.660286,-79.813103,-27.424637
3.081250,34.338364,-1.758672,59.502541,-26.660286,-79.813103,-27.424637
3.087500,34.338364,-1.758672,59.502541,-26.660286,-79.813103,-27.424637
3.093750,34.338364,-1.760351,59.502541,-26.457005,-79.813103,-27.176119
3.100000,40.245934,-1.762307,56.823250,-26.301577,-81.829597,-26.944815
3.106250,46.153378,-1.764255,53.257965,-26.218061,-82.229172,-26.732094
3.112500,52.061306,-1.766184,49.175213,-26.225750,-80.650650,-26.512211
3.118750,57.968403,-1.768282,43.178108,-26.267317,-78.939140,-26.213497
3.125000,63.874241,-1.770512,38.386547,-26.309149,-74.891747,-25.952684
3.131250,69.779762,-1.772805,34.000637,-26.378031,-68.726898,-25.665575
3.137500,75.684113,-1.775434,30.285837,-26.475595,-60.839508,-25.341833
3.143750,81.586784,-1.778627,27.450811,-26.593622,-51.414894,-24.989573
3.150000,87.490410,-1.782090,25.674377,-26.717812,-40.608959,-24.621380
3.156250,93.397369,-1.785367,25.078026,-26.833282,-28.594061,-24.255663
3.162500,97.411858,-1.788356,25.726437,-26.927029,-15.571815,-23.916059
3.168750,101.153328,-1.791482,27.636528,-26.991440,-1.753808,-23.650640
3.175000,104.088112,-1.794890,30.850578,-27.004402,10.807268,-23.405758
3.181250,105.725746,-1.798412,33.611767,-26.953011,24.135227,-23.183950
3.187500,105.641113,-1.801773,37.390762,-26.854624,36.915859,-23.015644
3.193750,103.492943,-1.804910,41.480480,-26.721346,48.653172,-22.917168
3.200000,99.043861,-1.807726,45.309181,-26.561052,58.936226,-22.892181
3.206250,92.171608,-1.810173,48.395096,-26.383932,67.370895,-22.941233
3.212500,82.874527,-1.812425,50.321014,-26.203613,73.648857,-23.072014
3.218750,71.273186,-1.814913,50.773537,-26.030663,77.546387,-23.266790
3.225000,57.605671,-1.817282,51.753391,-25.858522,78.689575,-23.470892
3.231250,42.215172,-1.819134,51.799370,-25.687714,77.250107,-23.693014
3.237500,25.526947,-1.820675,49.424183,-25.518095,75.233963,-23.924578
3.243750,8.029166,-1.822533,46.734863,-25.327702,71.060646,-24.143303
3.250000,-9.745479,-1.824986,43.604694,-25.155722,65.330475,-24.329756
3.256250,-27.246765,-1.827584,39.672390,-25.015793,58.598293,-24.483032
3.262500,-43.939564,-1.829855,35.179588,-24.891186,51.496311,-24.592033
3.268750,-59.333027,-1.831848,30.066832,-24.778009,44.720547,-24.647949
3.275000,-73.003166,-1.833968,24.211248,-24.674568,38.855251,-24.650717
3.281250,-84.610504,-1.836486,17.504744,-24.572220,34.406116,-24.607622
3.287500,-93.915817,-1.839387,9.855973,-24.458132,31.755764,-24.532377
3.293750,-100.795227,-1.842428,1.230676,-24.294909,31.163208,-24.425797
3.300000,-105.248131,-1.845383,-6.196482,-24.126026,32.782917,-24.289276
3.306250,-107.396004,-1.848069,-14.854299,-23.990297,36.599285,-24.149107
3.312500,-107.476532,-1.850544,-23.508799,-23.868082,42.430813,-24.036371
3.318750,-105.831429,-1.852911,-31.873480,-23.766808,50.009819,-23.971836
3.325000,-102.887726,-1.855070,-39.689571,-23.703899,58.994202,-23.966679
3.331250,-99.137253,-1.856877,-46.694725,-23.705826,68.951370,-24.023857
3.337500,-95.113022,-1.858321,-52.698120,-23.845537,79.368866,-24.141472
3.343750,-89.193626,-1.859442,-57.769394,-24.003141,89.706711,-24.305271
3.350000,-83.274681,-1.860124,-62.194103,-24.225739,97.569450,-24.460081
3.356250,-77.356827,-1.860521,-65.623215,-24.554071,106.175690,-24.658173
3.362500,-71.440811,-1.860737,-66.352325,-25.009781,112.441711,-24.908016
3.368750,-65.526520,-1.860672,-66.014839,-25.573290,116.487808,-25.198164
3.375000,-59.612831,-1.860059,-64.486237,-26.217381,117.915520,-25.572868
3.381250,-53.701195,-1.859013,-61.779446,-26.907429,116.540306,-25.908669
3.387500,-47.795708,-1.858320,-57.989857,-27.604464,113.020302,-26.231655
3.393750,-41.896587,-1.858404,-53.273983,-28.263632,106.780357,-26.534616
3.400000,-36.000015,-1.858838,-47.850861,-28.841476,98.385040,-26.809923
3.406250,-30.101847,-1.859062,-42.054092,-29.317039,88.835312,-27.088570
3.412500,-24.204302,-1.859401,-36.210262,-29.664816,78.797119,-27.336618
3.418750,-18.311522,-1.860623,-28.386763,-29.862768,66.911926,-27.532824
3.425000,-12.421871,-1.862778,-22.122107,-29.906431,55.468475,-27.670929
3.431250,-6.529515,-1.865048,-15.566545,-29.810356,44.901222,-27.757330
3.437500,-0.632984,-1.867197,-8.976923,-29.560024,35.663666,-27.796152
3.443750,5.263327,-1.870011,-2.374259,-29.152658,28.442230,-27.734587
3.450000,11.157894,-1.873746,3.723835,-28.634586,21.515177,-27.602583
3.456250,17.056421,-1.877667,9.153740,-28.045153,16.665581,-27.413523
3.462500,22.963703,-1.881015,13.908272,-27.428391,13.597132,-27.169781
3.468750,28.876112,-1.883716,18.068846,-26.830770,11.999109,-26.868658
3.475000,34.788879,-1.886171,21.742153,-26.318932,11.519458,-26.525444
3.481250,40.701096,-1.888517,25.190968,-25.843740,11.767650,-26.154970
3.487500,46.612686,-1.890925,27.152292,-25.437645,12.372544,-25.751476
3.493750,52.522827,-1.893754,29.005463,-25.136818,12.900780,-25.322824
3.500000,58.432362,-1.897030,30.580652,-24.946856,12.919868,-24.880842
3.506250,64.344551,-1.900126,31.777882,-24.853409,12.095810,-24.435394
3.512500,70.261688,-1.902411,32.500286,-24.821352,10.158028,-23.995649
3.518750,76.178802,-1.904467,32.710896,-24.750856,6.901520,-23.566504
3.525000,82.089661,-1.907434,32.641602,-24.739901,2.173043,-23.154284
3.531250,87.995880,-1.911496,32.766788,-24.730383,-2.007047,-22.773787
3.537500,93.904640,-1.915799,32.775108,-24.687658,-7.090378,-22.440750
3.543750,97.924377,-1.919837,32.921223,-24.602352,-12.656830,-22.150618
3.550000,101.673340,-1.924049,33.539307,-24.447474,-18.424362,-21.868254
3.556250,104.615952,-1.928935,33.064701,-24.224142,-23.915817,-21.541388
3.562500,106.263115,-1.934141,33.207256,-23.961943,-28.825424,-21.298361
3.568750,106.194252,-1.938518,33.622372,-23.687458,-31.966375,-21.126163
3.575000,104.068520,-1.941557,34.032951,-23.427828,-34.327347,-21.026064
3.581250,99.644165,-1.943503,34.155178,-23.217434,-35.638832,-21.012077
3.587500,92.794006,-1.945026,33.731586,-23.093191,-35.918083,-21.043802
3.593750,83.518227,-1.946150,32.649536,-23.043392,-35.045967,-21.143463
3.600000,71.942421,-1.946249,30.858860,-23.079632,-32.862812,-21.326181
3.606250,58.304485,-1.944956,30.192806,-23.216980,-29.523497,-21.585890
3.612500,42.939564,-1.942795,29.208889,-23.441130,-25.306395,-21.895931
3.618750,26.271461,-1.940281,28.316769,-23.768812,-20.606293,-22.230976
3.625000,8.793904,-1.937099,27.630533,-24.212290,-16.212303,-22.633854
3.631250,-8.958874,-1.933071,27.752390,-24.733557,-10.319107,-23.066820
3.637500,-26.443243,-1.928704,28.985313,-25.296886,-4.652698,-23.501511
3.643750,-43.131527,-1.924637,31.469990,-25.864872,0.765413,-23.917990
3.650000,-58.530113,-1.921250,33.342052,-26.392351,5.846639,-24.298922
3.656250,-72.208961,-1.918431,36.165504,-26.803131,10.501925,-24.627892
3.662500,-83.826088,-1.916324,39.112118,-27.144876,14.632413,-24.899603
3.668750,-93.144447,-1.915096,43.100521,-27.394075,18.099981,-25.121328
3.675000,-100.039986,-1.914417,46.456345,-27.522581,20.820707,-25.291143
3.681250,-104.510384,-1.913853,48.906773,-27.527605,22.739534,-25.407648
3.687500,-106.678505,-1.913708,50.209358,-27.421883,23.779268,-25.473928
3.693750,-106.785645,-1.914785,50.212070,-27.231949,23.888247,-25.499231
3.700000,-105.169998,-1.916976,48.923615,-26.962715,23.071777,-25.494953
3.706250,-102.252304,-1.919280,46.495365,-26.632256,21.461981,-25.453018
3.712500,-98.523102,-1.921336,42.914444,-26.279659,19.279615,-25.367268
3.718750,-94.519966,-1.923715,36.475048,-25.932873,16.672674,-25.242937
3.725000,-88.623634,-1.926722,29.103537,-25.607521,13.973987,-25.095947
3.731250,-82.725227,-1.929793,20.525429,-25.348619,11.786771,-24.964386
3.737500,-76.822227,-1.932395,12.686922,-25.179491,10.525195,-24.860489
3.743750,-70.916931,-1.934759,4.331082,-25.086266,10.600660,-24.806604
3.750000,-65.013031,-1.937246,-3.982659,-25.057459,10.606326,-24.718130
3.756250,-59.109833,-1.939737,-11.861820,-25.088329,10.531948,-24.615055
3.762500,-53.206089,-1.942051,-18.882637,-25.158159,11.693051,-24.497290
3.768750,-47.302643,-1.944423,-24.607260,-25.229454,13.830066,-24.413845
3.775000,-41.400871,-1.947120,-28.800720,-25.314947,16.494810,-24.353815
3.781250,-35.499428,-1.949901,-31.364552,-25.402023,19.081158,-24.301149
3.787500,-29.596825,-1.952439,-31.929085,-25.469841,21.224306,-24.248930
3.793750,-23.694176,-1.955129,-30.418617,-25.534012,22.617725,-24.200565
3.800000,-17.793621,-1.958214,-28.758318,-25.535196,23.066854,-24.148438
3.806250,-11.893560,-1.961595,-24.587818,-25.450556,22.588100,-24.057175
3.812500,-5.992181,-1.965176,-19.435297,-25.318853,21.045076,-23.934099
3.818750,-0.090435,-1.969104,-13.840053,-25.157106,18.326740,-23.789974
3.825000,5.812202,-1.973424,-8.336306,-24.979626,14.563719,-23.631563
3.831250,11.719056,-1.977387,-1.271248,-24.800892,10.020065,-23.470276
3.837500,17.630096,-1.980794,5.535484,-24.634771,5.019659,-23.342445
3.843750,23.540569,-1.984274,12.238789,-24.476694,-0.093704,-23.204010
3.850000,29.448755,-1.988231,17.151623,-24.320749,-6.012497,-23.035551
3.856250,35.357903,-1.992047,21.952196,-24.176311,-11.539860,-22.877428
3.862500,41.271557,-1.995121,26.216211,-24.041731,-16.662529,-22.738388
3.868750,47.184578,-1.998049,29.614063,-23.904015,-21.356441,-22.615496
3.875000,53.090996,-2.002023,31.829382,-23.740993,-25.647903,-22.497808
3.881250,58.993160,-2.007174,32.504356,-23.558693,-29.606720,-22.369078
3.887500,64.898964,-2.012461,31.245424,-23.359411,-33.415863,-22.234386
3.893750,70.811516,-2.017267,27.980640,-23.125713,-37.334137,-22.098835
3.900000,76.725471,-2.022326,24.787657,-22.846878,-41.491249,-21.954483
3.906250,82.636032,-2.028416,20.214361,-22.522865,-44.190693,-21.799635
3.912500,88.546661,-2.035462,14.730597,-22.155029,-47.300186,-21.629545
3.918750,94.463539,-2.042906,8.801902,-21.750948,-50.532391,-21.431290
3.925000,98.494171,-2.050104,2.798606,-21.337955,-53.640778,-21.178183
3.931250,102.259911,-2.056954,-2.936253,-20.942074,-56.684975,-20.959251
3.937500,105.226273,-2.063323,-7.974769,-20.583078,-57.479759,-20.770504
3.943750,106.900719,-2.069074,-11.990417,-20.283743,-57.092060,-20.620565
3.950000,106.857643,-2.073690,-14.764655,-20.066166,-55.057117,-20.522999
3.956250,104.755913,-2.076652,-16.170252,-19.948351,-51.022110,-20.493689
3.962500,100.355728,-2.077879,-16.148005,-19.940084,-44.735233,-20.544275
3.968750,93.531395,-2.077733,-14.696902,-20.038437,-36.058918,-20.683477
3.975000,84.280426,-2.076234,-13.763602,-20.208467,-24.999537,-20.922283
3.981250,72.723511,-2.073533,-9.656539,-20.503307,-11.719958,-21.288614
3.987500,59.096123,-2.069719,-5.302934,-20.903776,2.150472,-21.696419
3.993750,43.737091,-2.065085,-0.009813,-21.366808,17.306723,-22.207520
4.000000,27.072414,-2.059842,5.578176,-21.888380,32.920223,-22.828501
4.006250,9.594879,-2.053921,11.106855,-22.452063,48.130695,-23.589888
4.012500,-8.165482,-2.047843,16.306540,-23.029703,61.860973,-24.350319
4.018750,-25.664602,-2.042471,20.927774,-23.588768,74.797409,-25.085649
4.025000,-42.368530,-2.037982,24.683649,-24.114204,84.992844,-25.830719
4.031250,-57.780590,-2.034006,29.437132,-24.596403,93.355736,-26.590183
4.037500,-71.471298,-2.030578,31.820648,-25.014729,99.009949,-27.309986
4.043750,-83.103607,-2.028349,33.877453,-25.356861,102.245323,-27.960154
4.050000,-92.438728,-2.027512,35.460194,-25.623055,103.458206,-28.523716
4.056250,-99.348602,-2.027019,36.500244,-25.803940,103.177795,-28.991087
4.062500,-103.830849,-2.026319,37.076611,-25.881712,100.204399,-29.329393
4.068750,-106.012894,-2.026368,37.130375,-25.873491,96.940063,-29.524876
4.075000,-106.137283,-2.028386,36.681690,-25.796509,93.442947,-29.584795
4.081250,-104.538086,-2.031707,35.911266,-25.664204,89.939331,-29.513891
4.087500,-101.632347,-2.034856,35.074497,-25.485285,84.591965,-29.313089
4.093750,-97.912292,-2.037370,34.477245,-25.268805,79.125961,-28.988329
4.100000,-93.919640,-2.040143,32.538666,-25.029230,73.399460,-28.560766
4.106250,-88.036140,-2.043870,31.252632,-24.770969,67.311028,-28.069675
4.112500,-82.153282,-2.048104,30.518476,-24.485176,60.939777,-27.472195
4.118750,-76.267105,-2.052667,30.080948,-24.188042,54.462261,-26.804777
4.125000,-70.379219,-2.057827,29.647491,-23.894726,47.606865,-26.107943
4.131250,-64.490250,-2.063583,29.050297,-23.613930,40.525848,-25.412140
4.137500,-58.596691,-2.069413,28.175535,-23.348915,33.415592,-24.740175
4.143750,-52.696907,-2.074963,26.935228,-23.098783,26.488089,-24.110233
4.150000,-46.794216,-2.080426,25.245810,-22.862282,19.933577,-23.534901
4.156250,-40.891422,-2.086311,25.201265,-22.636162,13.926268,-23.014908
4.162500,-34.987186,-2.092416,25.394901,-22.409319,8.608649,-22.562862
4.168750,-29.079412,-2.098627,24.407616,-22.171467,5.709948,-22.181393
4.175000,-23.167677,-2.104923,24.101576,-21.941000,2.629212,-21.868132
4.181250,-17.252037,-2.111099,24.283020,-21.722893,1.102568,-21.616663
4.187500,-11.332063,-2.116893,24.752407,-21.522089,1.006880,-21.367579
4.193750,-5.407175,-2.122304,25.288126,-21.344889,2.402370,-21.228741
4.200000,0.521451,-2.127091,25.659615,-21.199306,3.373860,-21.173700
4.206250,6.453595,-2.130980,25.650953,-21.092678,4.595811,-21.180971
4.212500,12.388520,-2.133758,25.099224,-21.022110,7.104155,-21.206425
4.218750,18.322176,-2.135810,26.066999,-20.976954,8.656522,-21.255058
4.225000,24.252106,-2.137644,25.144617,-20.952967,9.255989,-21.327383
4.231250,30.178352,-2.139299,24.312296,-20.938702,8.755400,-21.409544
4.237500,36.102032,-2.140785,23.361017,-20.933750,6.984229,-21.478962
4.243750,42.024117,-2.142023,21.952538,-20.954638,5.861661,-21.544653
4.250000,47.944443,-2.142975,19.931721,-20.986515,3.766546,-21.605906
4.256250,53.862762,-2.143534,17.152672,-21.011463,1.222970,-21.646620
4.262500,59.776955,-2.143929,13.384242,-21.014997,-1.354783,-21.655556
4.268750,65.680107,-2.145393,8.428606,-20.986742,-3.612826,-21.622505
4.275000,71.579773,-2.148015,2.105704,-20.919230,-5.239004,-21.540791
4.281250,77.479027,-2.151276,-3.580864,-20.799870,-5.961854,-21.397467
4.287500,83.380325,-2.154945,-10.158984,-20.626234,-5.582489,-21.163532
4.293750,89.281013,-2.159742,-17.371937,-20.420727,-4.196196,-20.909876
4.300000,95.181000,-2.165916,-24.845818,-20.185270,-2.081205,-20.638618
4.306250,99.192986,-2.172276,-32.139782,-19.923029,0.963608,-20.347242
4.312500,102.943535,-2.177741,-38.935036,-19.645002,4.727433,-20.045328
4.318750,105.895264,-2.182715,-44.963333,-19.365417,8.946183,-19.746399
4.325000,107.548050,-2.188165,-50.022873,-19.105433,13.315886,-19.468021
4.331250,107.476883,-2.193983,-53.967960,-18.888000,17.525103,-19.225109
4.337500,105.348175,-2.199104,-56.702160,-18.758278,21.302782,-19.019751
4.343750,100.925934,-2.203052,-58.245834,-18.634235,24.425814,-18.796307
4.350000,94.083900,-2.206075,-57.598392,-18.579315,26.425508,-18.676481
4.356250,84.819527,-2.208030,-55.656334,-18.630484,28.964437,-18.641760
4.362500,73.255707,-2.208390,-52.219521,-18.787458,30.805246,-18.702307
4.368750,59.626606,-2.207540,-47.375595,-19.042276,32.298393,-18.885807
4.375000,44.266781,-2.206278,-41.327560,-19.382017,33.693642,-19.130722
4.381250,27.603432,-2.204634,-34.349766,-19.785517,35.044365,-19.420485
4.387500,10.133343,-2.201833,-26.764544,-20.226456,37.147808,-19.760740
4.393750,-7.612577,-2.198187,-18.983147,-20.688274,38.329983,-20.181116
4.400000,-25.094805,-2.194823,-11.464212,-21.158270,40.159443,-20.656429
4.406250,-41.780457,-2.191966,-2.409973,-21.619003,42.212955,-21.160500
4.412500,-57.171375,-2.188768,4.596975,-22.056532,44.198757,-21.674677
4.418750,-70.839203,-2.185323,11.401182,-22.465504,45.902706,-22.185673
4.425000,-82.449051,-2.182563,17.832685,-22.784540,47.240963,-22.645721
4.431250,-91.764809,-2.180830,23.719305,-23.013174,48.225834,-23.026896
4.437500,-98.658829,-2.179481,28.671734,-23.163246,48.623325,-23.325838
4.443750,-103.128845,-2.178329,32.641186,-23.241934,48.432148,-23.535522
4.450000,-105.301041,-2.178194,35.693462,-23.250999,47.778652,-23.648403
4.456250,-105.413055,-2.179593,37.957794,-23.194914,46.834133,-23.662807
4.462500,-103.799957,-2.181710,39.635117,-23.084032,45.778236,-23.585020
4.468750,-100.884132,-2.184118,41.013878,-22.937197,44.831539,-23.436735
4.475000,-97.160805,-2.187281,40.576782,-22.753771,44.285240,-23.204813
4.481250,-93.164757,-2.191249,40.489376,-22.526566,42.871632,-22.874506
4.487500,-87.269028,-2.195219,40.412556,-22.287174,42.116627,-22.492191
4.493750,-81.367546,-2.198853,40.155701,-22.057095,41.719639,-22.087662
4.500000,-75.467407,-2.203354,39.651344,-21.847559,41.463173,-21.682457
4.506250,-69.570686,-2.209408,38.874405,-21.659054,41.136501,-21.291309
4.512500,-63.668953,-2.215905,37.817810,-21.479191,40.523861,-20.923563
4.518750,-57.754707,-2.221348,36.481846,-21.256470,39.379440,-20.589140
4.525000,-51.831783,-2.225821,34.892239,-21.068478,37.389503,-20.323236
4.531250,-45.909832,-2.230578,34.138622,-20.929146,34.110538,-20.116167
4.537500,-39.989822,-2.235900,33.712849,-20.794849,30.899200,-19.943260
4.543750,-34.064743,-2.241059,32.207085,-20.653940,26.251663,-19.816513
4.550000,-28.131128,-2.245197,31.344782,-20.532669,20.502504,-19.711264
4.556250,-22.192257,-2.248475,30.834410,-20.453739,14.054072,-19.689312
4.562500,-16.251888,-2.251223,30.458834,-20.436714,7.615292,-19.765778
4.568750,-10.310540,-2.253465,29.993940,-20.506832,1.165490,-19.937965
4.575000,-4.366736,-2.254916,29.210295,-20.722025,-5.116539,-20.153988
4.581250,1.580346,-2.255179,27.903601,-21.005564,-10.909835,-20.424887
4.587500,7.528540,-2.254216,24.852171,-21.372305,-15.714452,-20.762468
4.593750,13.475174,-2.252346,22.896421,-21.844893,-19.347313,-21.159590
4.600000,19.417908,-2.249651,20.168705,-22.425882,-21.760637,-21.595816
4.606250,25.356995,-2.245935,16.546982,-23.186779,-23.097363,-22.082745
4.612500,31.291786,-2.241279,12.966525,-23.982903,-23.629038,-22.611006
4.618750,37.216991,-2.236631,8.765892,-24.852846,-23.426823,-23.157784
4.625000,43.130253,-2.232762,4.301337,-25.776892,-22.771021,-23.708273
4.631250,49.037640,-2.229110,-0.137431,-26.721064,-21.986916,-24.248678
4.637500,54.943836,-2.224564,-4.286310,-27.642054,-21.437456,-24.761795
4.643750,60.845558,-2.219705,-7.895331,-28.486341,-21.486866,-25.213034
4.650000,66.733780,-2.216086,-12.658713,-29.192905,-22.482817,-25.555080
4.656250,72.607307,-2.214515,-14.710517,-29.732534,-24.801292,-25.794252
4.662500,78.475342,-2.214514,-16.100111,-30.096663,-27.021282,-25.953255
4.668750,84.342316,-2.215755,-16.695435,-30.254702,-30.519600,-26.005184
4.675000,90.208511,-2.218524,-16.520954,-30.193590,-35.056702,-25.941906
4.681250,94.180374,-2.222567,-15.709074,-29.915770,-40.424355,-25.763958
4.687500,97.883293,-2.227337,-14.463191,-29.444742,-46.396683,-25.482746
4.693750,100.784004,-2.233048,-13.031322,-28.818113,-52.706303,-25.110226
4.700000,102.386856,-2.240685,-11.710523,-28.063883,-59.006897,-24.648626
4.706250,102.267097,-2.250113,-10.981669,-27.188503,-64.931854,-24.090277
4.712500,100.095795,-2.259409,-11.094872,-26.233156,-70.050362,-23.486101
4.718750,95.639099,-2.267440,-12.395996,-25.273432,-75.765381,-22.894873
4.725000,88.766777,-2.274848,-13.314515,-24.371288,-80.599655,-22.335897
4.731250,79.471321,-2.282620,-15.403145,-23.550642,-84.712654,-21.844177
4.737500,67.878098,-2.289901,-18.407230,-22.831039,-88.314896,-21.385906
4.743750,54.229458,-2.295586,-22.109324,-22.225790,-91.704689,-20.965969
4.750000,38.862072,-2.300064,-26.256981,-21.732555,-92.810089,-20.593012
4.756250,22.194592,-2.304129,-30.549885,-21.295614,-93.181526,-20.323492
4.762500,4.720075,-2.307664,-34.680161,-20.991022,-92.363892,-20.151468
4.768750,-13.024370,-2.309969,-37.159771,-20.804543,-90.211319,-20.057795
4.775000,-30.495077,-2.311161,-38.386921,-20.696472,-86.423294,-20.029394
4.781250,-47.164604,-2.311958,-37.765320,-20.630827,-80.752388,-20.065096
4.787500,-62.542595,-2.312742,-36.626369,-20.533405,-72.999001,-20.139927
4.793750,-76.200317,-2.313624,-33.843296,-20.481310,-64.664879,-20.204035
4.800000,-87.795639,-2.314636,-29.046431,-20.427402,-54.444023,-20.274477
4.806250,-97.090446,-2.315808,-22.891535,-20.364487,-42.979595,-20.343744
4.812500,-103.962685,-2.316915,-15.935014,-20.290508,-30.870111,-20.399101
4.818750,-108.412048,-2.318360,-8.734704,-20.205261,-18.703287,-20.427429
4.825000,-110.562569,-2.320730,-1.853464,-20.115364,-7.028203,-20.433693
4.831250,-110.648384,-2.323817,6.321853,-20.037262,3.629675,-20.441065
4.837500,-109.002663,-2.326181,13.968302,-19.983761,12.858624,-20.426899
4.843750,-106.052727,-2.327427,19.459265,-19.921379,20.747654,-20.356174
4.850000,-102.299782,-2.328970,24.545128,-19.868654,26.699530,-20.266281
4.856250,-98.282227,-2.332075,28.718491,-19.840467,30.673462,-20.172239
4.862500,-92.370659,-2.335841,31.720284,-19.840630,32.828392,-20.082037
4.868750,-86.449615,-2.338721,33.415810,-19.856039,33.434727,-19.993252
4.875000,-80.522141,-2.340708,33.764347,-19.864962,32.815498,-19.904778
4.881250,-74.597343,-2.342898,32.833870,-19.859539,31.276871,-19.822802
4.887500,-68.676254,-2.345555,30.984962,-19.859875,29.161074,-19.751627
4.893750,-62.755920,-2.348461,28.389807,-19.857830,26.833487,-19.693726
4.900000,-56.833492,-2.351446,25.220583,-19.852903,24.637976,-19.646238
4.906250,-50.909763,-2.354565,21.771921,-19.844934,22.890348,-19.597675
4.912500,-44.983974,-2.357434,18.244616,-19.819818,21.877701,-19.525391
4.918750,-39.055779,-2.360074,14.954576,-19.793150,22.035648,-19.473646
4.925000,-33.127113,-2.362903,12.264444,-19.788187,23.871246,-19.452465
4.931250,-27.198530,-2.365923,10.353206,-19.821016,25.148407,-19.459326
4.937500,-21.264170,-2.368070,9.334612,-19.901533,27.374712,-19.498018
4.943750,-15.322186,-2.368632,9.246326,-20.036730,30.189898,-19.576771
4.950000,-9.380793,-2.368476,10.092494,-20.224365,33.240765,-19.700638
4.956250,-3.445462,-2.368459,11.833710,-20.456631,36.183155,-19.879765
4.962500,2.487293,-2.368109,12.475550,-20.713411,38.656197,-20.184740
4.968750,8.422756,-2.366675,15.650892,-20.986303,39.491123,-20.401125
4.975000,14.356718,-2.364763,19.041157,-21.295002,40.619377,-20.694050
4.981250,20.284384,-2.362984,22.564413,-21.615599,40.461109,-21.053467
4.987500,26.209480,-2.360638,26.019716,-21.936836,39.048325,-21.466995
4.993750,32.135849,-2.357032,29.145554,-22.251827,36.322754,-21.925159
5.000000,38.056805,-2.353122,31.734230,-22.549004,32.254246,-22.415464
5.006250,43.964680,-2.350383,33.632107,-22.811697,28.730251,-22.915470
5.012500,49.863564,-2.348666,34.717098,-23.015436,24.051010,-23.358732
5.018750,55.762589,-2.346923,34.888233,-23.135218,18.690826,-23.736864
5.025000,61.662701,-2.345015,34.149235,-23.210634,12.791261,-24.087523
5.031250,67.558296,-2.343643,32.672958,-23.238316,7.143082,-24.379564
5.037500,73.447929,-2.342886,30.598494,-23.222015,2.131839,-24.597811
5.043750,79.335556,-2.342573,27.903913,-23.203684,-1.992460,-24.737661
5.050000,85.220520,-2.343195,24.543655,-23.147095,-5.006252,-24.793617
5.056250,91.101891,-2.345262,21.665520,-23.051517,-6.663769,-24.752687
5.062500,96.985344,-2.347600,18.368540,-22.965649,-6.825205,-24.619028
5.068750,100.981819,-2.349090,15.063115,-22.907089,-5.444767,-24.403770
5.075000,104.706734,-2.350413,12.142624,-22.876520,-2.456393,-24.117350
5.081250,107.617546,-2.353432,8.101996,-22.860397,2.185691,-23.769737
5.087500,109.224792,-2.358087,4.963321,-22.847189,8.475993,-23.376991
5.093750,109.113953,-2.362705,2.681276,-22.848015,16.303658,-22.964876
5.100000,106.947289,-2.366577,1.083665,-22.848770,25.383068,-22.541805
5.106250,102.478142,-2.371078,-0.113821,-22.829737,35.148205,-22.099043
5.112500,95.581421,-2.376747,-1.095511,-22.775099,45.369335,-21.671297
5.118750,86.264938,-2.382598,-2.030264,-22.676853,55.670673,-21.281706
5.125000,74.654686,-2.387708,-3.074179,-22.531240,65.493652,-20.943338
5.131250,60.983101,-2.392749,-4.351933,-22.335569,74.255188,-20.659861
5.137500,45.584961,-2.398573,-5.963940,-22.090818,81.406471,-20.420607
5.143750,28.890741,-2.404697,-5.835850,-21.803337,86.473160,-20.134239
5.150000,11.398029,-2.410441,-5.404285,-21.488441,90.010841,-20.021116
5.156250,-6.361150,-2.415751,-6.079405,-21.137461,92.076202,-19.902939
5.162500,-23.843416,-2.420809,-5.781684,-20.766254,92.153404,-19.818233
5.168750,-40.515751,-2.425386,-4.824883,-20.401011,90.638031,-19.773451
5.175000,-55.885563,-2.429054,-3.425709,-20.061596,88.111946,-19.764454
5.181250,-69.527161,-2.431847,-1.791973,-19.763487,85.235405,-19.779522
5.187500,-81.102119,-2.433780,-0.158618,-19.522703,80.563744,-19.810436
5.193750,-90.375351,-2.434991,1.221519,-19.356182,76.290886,-19.890705
5.200000,-97.226204,-2.435716,2.116908,-19.282431,72.697960,-20.054678
5.206250,-101.656670,-2.436363,4.552350,-19.291775,69.094887,-20.173866
5.212500,-103.787445,-2.436918,5.294742,-19.356899,66.235619,-20.309671
5.218750,-103.851707,-2.436951,6.201183,-19.479769,64.122398,-20.469774
5.225000,-102.189217,-2.435985,7.070220,-19.617756,62.614269,-20.648273
5.231250,-99.230339,-2.434205,7.857259,-19.808586,61.495319,-20.842184
5.237500,-95.470818,-2.431863,7.215350,-20.066811,60.427139,-21.062716
5.243750,-91.445770,-2.429768,5.893385,-20.355572,59.090351,-21.307392
5.250000,-85.535408,-2.428694,3.527441,-20.657183,57.213005,-21.568188
5.256250,-79.629601,-2.428382,-0.222039,-20.957294,54.501217,-21.839211
5.262500,-73.721176,-2.427398,-3.474204,-21.243681,50.708626,-22.109671
5.268750,-67.809929,-2.425426,-7.778797,-21.509903,45.612675,-22.365530
5.275000,-61.906490,-2.424174,-12.787930,-21.751192,39.001518,-22.588255
5.281250,-56.016914,-2.425236,-18.189516,-21.962505,30.837332,-22.779676
5.287500,-50.130566,-2.427459,-23.702251,-22.138885,21.439531,-22.963732
5.293750,-44.234943,-2.428848,-29.065979,-22.276976,10.875775,-23.118618
5.300000,-38.335091,-2.429781,-34.033215,-22.369844,-0.652583,-23.228428
5.306250,-32.443638,-2.432346,-38.370865,-22.409269,-12.765650,-23.281654
5.312500,-26.560524,-2.436989,-41.912807,-22.392092,-25.033648,-23.272804
5.318750,-20.673853,-2.442434,-44.546898,-22.315107,-37.013367,-23.196003
5.325000,-14.777264,-2.448174,-46.201553,-22.176886,-48.257370,-23.039497
5.331250,-8.875844,-2.454770,-46.910004,-21.998184,-58.394169,-22.866947
5.337500,-2.969531,-2.461929,-44.686890,-21.793739,-67.533592,-22.614727
5.343750,2.949348,-2.468253,-42.381676,-21.547564,-74.826515,-22.342951
5.350000,8.879307,-2.473386,-38.527493,-21.309122,-80.519745,-22.087862
5.356250,14.812259,-2.478564,-33.294224,-21.102993,-84.496796,-21.879663
5.362500,20.746267,-2.483828,-26.933275,-20.949057,-86.754936,-21.745838
5.368750,26.689175,-2.487751,-19.755079,-20.858671,-87.492157,-21.671343
5.375000,32.643017,-2.489539,-12.087412,-20.831139,-86.986313,-21.637003
5.381250,38.598034,-2.490131,-4.301873,-20.855433,-85.392807,-21.616985
5.387500,44.548309,-2.490095,3.150542,-20.936335,-82.187393,-21.738934
5.393750,50.498093,-2.488615,9.950757,-21.095741,-78.314827,-21.948288
5.400000,56.448483,-2.485243,16.102795,-21.315985,-74.153122,-22.237171
5.406250,62.390530,-2.481332,21.377810,-21.575338,-69.990219,-22.615759
5.412500,68.319016,-2.477906,25.561293,-21.845675,-65.851379,-22.979294
5.418750,74.239731,-2.474268,28.479494,-22.106266,-61.882618,-23.333883
5.425000,80.157265,-2.469930,30.041290,-22.337275,-58.504845,-23.667559
5.431250,86.066216,-2.465901,30.303097,-22.520920,-55.720058,-23.958508
5.437500,91.960869,-2.463364,29.493793,-22.640930,-53.475632,-24.178791
5.443750,97.845520,-2.462462,27.953579,-22.686352,-51.722992,-24.308823
5.450000,101.832825,-2.462816,26.035748,-22.647413,-50.394806,-24.336708
5.456250,105.546288,-2.464384,24.145592,-22.521315,-49.327621,-24.258097
5.462500,108.455589,-2.466907,22.721300,-22.319601,-48.358784,-24.102079
5.468750,110.071342,-2.469601,20.347105,-22.054800,-47.304310,-23.842232
5.475000,109.964905,-2.472786,19.204723,-21.719404,-45.269604,-23.466892
5.481250,107.790962,-2.477672,19.151718,-21.339586,-42.766876,-23.040205
5.487500,103.314789,-2.484217,19.913328,-20.947886,-39.494614,-22.600037
5.493750,96.425926,-2.490654,21.315208,-20.570807,-35.153831,-22.177090
5.500000,87.130432,-2.495491,23.206249,-20.224987,-29.513561,-21.794159
5.506250,75.540016,-2.499578,25.437908,-19.916662,-22.424656,-21.458740
5.512500,61.882530,-2.504198,27.839748,-19.627821,-13.917357,-21.088316
5.518750,46.502731,-2.508635,30.237019,-19.382013,-4.557673,-20.839273
5.525000,29.834894,-2.511660,32.016979,-19.221777,5.350893,-20.662989
5.531250,12.368806,-2.513418,33.765636,-19.122683,15.833571,-20.553719
5.537500,-5.371260,-2.514714,35.161102,-19.083755,26.359459,-20.502800
5.543750,-22.839758,-2.515509,35.886032,-19.112263,36.395153,-20.503330
5.550000,-39.500702,-2.515335,35.683472,-19.213896,45.540447,-20.600773
5.556250,-54.862690,-2.514243,34.371052,-19.395786,53.519341,-20.781488
5.562500,-68.502480,-2.512555,31.824121,-19.665379,60.720028,-20.982861
5.568750,-80.079338,-2.510175,28.090725,-19.990377,66.220436,-21.238678
5.575000,-89.356804,-2.507080,25.395592,-20.368010,70.158707,-21.547865
5.581250,-96.215866,-2.503767,20.417700,-20.798445,72.805679,-21.893379
5.587500,-100.657425,-2.500433,15.404555,-21.280716,74.498367,-22.235653
5.593750,-102.801559,-2.496730,10.439471,-21.814831,75.381577,-22.638388
5.600000,-102.885551,-2.493138,5.723616,-22.369045,73.993301,-23.038998
5.606250,-101.253845,-2.490633,1.451498,-22.922764,72.485275,-23.431782
5.612500,-98.331444,-2.489026,-2.338003,-23.464140,70.587425,-23.813820
5.618750,-94.601524,-2.486871,-5.535652,-23.978018,68.173798,-24.180481
5.625000,-90.596275,-2.483935,-8.023583,-24.447119,65.139900,-24.528812
5.631250,-84.706429,-2.482222,-9.692463,-24.850613,61.380054,-24.840527
5.637500,-78.830528,-2.483066,-10.461960,-25.165195,56.747398,-25.077965
5.643750,-72.956383,-2.484974,-12.198834,-25.363228,53.116566,-25.198631
5.650000,-67.072891,-2.486302,-11.153629,-25.423122,48.878368,-25.228256
5.656250,-61.186329,-2.487834,-9.463525,-25.366392,43.660416,-25.203146
5.662500,-55.307655,-2.491125,-7.335307,-25.194033,38.426552,-25.092325
5.668750,-49.433632,-2.496373,-4.845482,-24.904728,33.439758,-24.886642
5.675000,-43.554432,-2.502381,-2.238912,-24.514458,28.880274,-24.590643
5.681250,-37.665558,-2.508702,0.202463,-24.046492,24.923651,-24.212067
5.687500,-31.770903,-2.515336,2.200379,-23.536531,21.776007,-23.761486
5.693750,-25.870268,-2.521958,3.389134,-22.994131,19.726517,-23.268478
5.700000,-19.962767,-2.528219,3.128746,-22.415009,19.217447,-22.754665
5.706250,-14.052114,-2.534908,3.467145,-21.860744,18.412823,-22.251377
5.712500,-8.141051,-2.542586,2.780482,-21.370022,18.958652,-21.794523
5.718750,-2.222283,-2.549988,1.278937,-20.963873,20.458750,-21.412399
5.725000,3.711474,-2.555578,-0.836391,-20.651661,24.320936,-21.094633
5.731250,9.655240,-2.559413,-3.374795,-20.433262,28.411901,-20.814152
5.737500,15.597913,-2.562807,-6.143664,-20.295561,32.934967,-20.599415
5.743750,21.538656,-2.565730,-8.991498,-20.219372,36.981647,-20.514614
5.750000,27.483242,-2.567082,-11.906646,-20.222305,41.077877,-20.521734
5.756250,33.431267,-2.566735,-14.861244,-20.292070,44.920963,-20.604391
5.762500,39.374577,-2.565777,-15.464190,-20.403799,48.160942,-20.748848
5.768750,45.309406,-2.564617,-16.882072,-20.528599,50.453323,-20.956476
5.775000,51.239895,-2.562823,-16.982140,-20.640915,51.346245,-21.162102
5.781250,57.166340,-2.560464,-15.957240,-20.736698,51.792118,-21.367561
5.787500,63.084003,-2.558499,-14.063921,-20.807859,50.819149,-21.578100
5.793750,68.991844,-2.557623,-11.509997,-20.842669,48.600468,-21.778625
5.800000,74.894249,-2.557571,-8.574694,-20.832396,45.217323,-21.947920
5.806250,80.795265,-2.557901,-5.581500,-20.774984,40.797131,-22.063604
5.812500,86.696350,-2.558471,-2.867745,-20.673264,35.563332,-22.119186
5.818750,92.595596,-2.559386,-0.755207,-20.537125,29.904716,-22.135368
5.825000,96.595657,-2.561402,2.612880,-20.392385,22.001160,-22.134808
5.831250,100.317139,-2.565557,5.601758,-20.298950,13.724918,-22.057373
5.837500,103.232361,-2.571641,6.922141,-20.158962,5.164769,-21.927267
5.843750,104.860474,-2.578018,8.599032,-20.040125,-3.928178,-21.777853
5.850000,104.780685,-2.582955,10.082935,-19.975306,-13.413585,-21.631804
5.856250,102.646835,-2.586482,11.308908,-19.972527,-23.058990,-21.503359
5.862500,98.209564,-2.589777,12.226739,-20.029728,-32.644772,-21.404163
5.868750,91.346062,-2.593266,12.808291,-20.125633,-42.025307,-21.334360
5.875000,82.060616,-2.596238,13.173610,-20.259398,-51.156303,-21.284245
5.881250,70.477196,-2.598511,13.792986,-20.460426,-60.154617,-21.272318
5.887500,56.830051,-2.600087,14.641577,-20.701399,-66.786423,-21.297350
5.893750,41.459232,-2.600538,15.887926,-20.967365,-72.367699,-21.345995
5.900000,24.791412,-2.599894,15.887238,-21.263933,-76.508148,-21.407366
5.906250,7.313245,-2.599015,16.524708,-21.626453,-80.954933,-21.494835
5.912500,-10.445598,-2.598688,17.637857,-21.977636,-83.894829,-21.599522
5.918750,-27.932581,-2.597874,19.395744,-22.332539,-85.705902,-21.708635
5.925000,-44.610294,-2.595632,21.070301,-22.711096,-86.772514,-21.819637
5.931250,-59.993729,-2.593131,22.541685,-23.117001,-87.378387,-21.936554
5.937500,-73.663742,-2.591863,23.731934,-23.540039,-87.759682,-22.060976
5.943750,-85.274788,-2.591211,24.597366,-23.961485,-88.103577,-22.192518
5.950000,-94.580101,-2.589980,25.332094,-24.364120,-88.647583,-22.289593
5.956250,-101.460785,-2.588734,26.118383,-24.728779,-89.878006,-22.346640
5.962500,-105.925621,-2.588871,26.851824,-25.040483,-89.095718,-22.413074
5.968750,-108.091339,-2.589823,27.402264,-25.288546,-88.523888,-22.477674
5.975000,-108.184776,-2.589659,27.677061,-25.461636,-87.714378,-22.536392
5.981250,-106.549164,-2.588553,27.596489,-25.553316,-86.233521,-22.588762
5.987500,-103.624870,-2.588684,27.098326,-25.557802,-83.697624,-22.632944
5.993750,-99.907158,-2.590785,26.160669,-25.471516,-79.774101,-22.665113
6.000000,-95.915436,-2.593562,24.772646,-25.292850,-74.241768,-22.677792
6.006250,-90.021820,-2.596233,22.970411,-25.012257,-67.042229,-22.628071
6.012500,-84.127037,-2.599566,20.812063,-24.590601,-58.556435,-22.557501
6.018750,-78.233322,-2.603877,20.213213,-24.154964,-49.082668,-22.472750
6.025000,-72.333855,-2.608120,17.868143,-23.682596,-38.578037,-22.374945
6.031250,-66.427132,-2.611864,16.208563,-23.199177,-27.496645,-22.277960
6.037500,-60.518368,-2.615973,15.095289,-22.747442,-16.377796,-22.199080
6.043750,-54.609249,-2.620533,14.456510,-22.372662,-5.672715,-22.124533
6.050000,-48.693520,-2.624413,14.362414,-22.065805,4.363289,-22.037714
6.056250,-42.769520,-2.627191,14.808318,-21.855103,13.259964,-21.974751
6.062500,-36.845280,-2.629913,15.526171,-21.769083,20.774431,-21.957529
6.068750,-30.923309,-2.632743,14.554782,-21.815037,26.763218,-21.987600
6.075000,-24.996281,-2.634377,13.500101,-21.982370,31.226530,-22.061831
6.081250,-19.062408,-2.634072,13.977704,-22.237539,34.237793,-22.175184
6.087500,-13.132702,-2.633259,14.106333,-22.501369,35.873394,-22.306215
6.093750,-7.214919,-2.633330,13.776231,-22.812984,36.120205,-22.441692
6.100000,-1.304460,-2.633965,12.428617,-23.135118,35.144901,-22.585449
6.106250,4.607253,-2.634346,10.467799,-23.418707,33.242779,-22.728394
6.112500,10.519519,-2.634480,7.809124,-23.633072,30.591938,-22.856045
6.118750,16.426863,-2.635020,4.365232,-23.759735,27.328331,-22.951250
6.125000,22.329233,-2.636397,0.089208,-23.793520,23.602345,-22.992022
6.131250,28.228535,-2.638743,-2.845280,-23.739487,19.666885,-22.977011
6.137500,34.126705,-2.642104,-5.701829,-23.596746,16.334251,-22.918240
6.143750,40.029079,-2.645811,-9.675573,-23.364124,11.742288,-22.799791
6.150000,45.939785,-2.648839,-12.647288,-23.069227,7.314547,-22.635662
6.156250,51.856213,-2.651161,-14.659101,-22.739269,3.015400,-22.439550
6.162500,57.771126,-2.653759,-15.726134,-22.398037,-1.122589,-22.225296
6.168750,63.682636,-2.657049,-15.874746,-22.064083,-5.027796,-22.002949
6.175000,69.598145,-2.660058,-15.189119,-21.756571,-8.634675,-21.784523
6.181250,75.520935,-2.661946,-13.803208,-21.491323,-11.873281,-21.584738
6.187500,81.445633,-2.663180,-11.879415,-21.282532,-14.609165,-21.482664
6.193750,87.367668,-2.664459,-9.630502,-21.153805,-17.087425,-21.354481
6.200000,93.288635,-2.665372,-7.248082,-21.086922,-19.164619,-21.288700
6.206250,97.315887,-2.665573,-4.441317,-21.073692,-20.690517,-21.303093
6.212500,101.068405,-2.665597,-1.468864,-21.133919,-21.834810,-21.408272
6.218750,104.010109,-2.665869,1.482967,-21.254351,-22.773558,-21.640642
6.225000,105.650887,-2.666359,4.229691,-21.411203,-22.090378,-21.878002
6.231250,105.566017,-2.666849,6.406968,-21.631853,-22.303349,-22.193657
6.237500,103.415085,-2.667299,7.718666,-21.900806,-22.538633,-22.584528
6.243750,98.961571,-2.667370,8.137485,-22.200043,-22.717592,-23.036165
6.250000,92.084518,-2.666844,9.663900,-22.516848,-22.868670,-23.529615
6.256250,82.780388,-2.666353,10.823025,-22.843929,-23.015593,-24.046181
6.262500,71.166771,-2.666694,10.156585,-23.176895,-23.140722,-24.566990
6.268750,57.485512,-2.667350,9.778089,-23.499746,-23.001087,-25.032290
6.275000,42.085213,-2.666780,9.668728,-23.792435,-22.277594,-25.447624
6.281250,25.390575,-2.665007,9.694955,-24.050493,-21.076229,-25.804802
6.287500,7.881231,-2.663945,9.745701,-24.269178,-19.255169,-26.087345
6.293750,-9.913264,-2.664699,9.768657,-24.439169,-16.565313,-26.278227
6.300000,-27.435503,-2.666116,9.747623,-24.545662,-12.747641,-26.359802
6.306250,-44.144386,-2.667012,9.651605,-24.572109,-7.604268,-26.315453
6.312500,-59.552620,-2.668095,9.424471,-24.500950,-1.042206,-26.129480
6.318750,-73.239182,-2.670390,8.941929,-24.339787,6.771204,-25.857311
6.325000,-84.860794,-2.673551,10.127680,-24.122871,15.455946,-25.504816
6.331250,-94.174438,-2.676917,9.749205,-23.841766,24.778864,-25.061741
6.337500,-101.059288,-2.680772,10.048761,-23.492039,34.507263,-24.568848
6.343750,-105.518677,-2.685664,10.735520,-23.105293,44.212685,-24.065361
6.350000,-107.670280,-2.690830,11.576664,-22.711891,53.325821,-23.585188
6.356250,-107.745995,-2.695251,12.414706,-22.338449,61.249504,-23.156055
6.362500,-106.088699,-2.698841,13.120376,-22.006771,67.410957,-22.788898
6.368750,-103.131348,-2.702156,13.579050,-21.732136,71.299187,-22.423872
6.375000,-99.367783,-2.704897,13.665146,-21.524517,73.018059,-22.227324
6.381250,-95.329117,-2.706872,13.118852,-21.400829,72.295303,-22.147274
6.387500,-89.396500,-2.708481,13.085083,-21.346344,68.955322,-22.187077
6.393750,-83.466812,-2.709848,12.674898,-21.378172,63.318314,-22.299757
6.400000,-77.537163,-2.710456,12.163285,-21.496773,55.798237,-22.406553
6.406250,-71.607590,-2.710082,11.615551,-21.694281,44.726620,-22.635580
6.412500,-65.684181,-2.709746,11.062400,-21.956316,32.551125,-22.931099
6.418750,-59.769714,-2.710297,10.491374,-22.268259,19.077473,-23.257153
6.425000,-53.858425,-2.710981,9.901377,-22.604385,4.786659,-23.581940
6.431250,-47.945145,-2.711094,9.289385,-22.938471,-9.777158,-23.875673
6.437500,-42.033489,-2.711162,8.593412,-23.243324,-24.086740,-24.107683
6.443750,-36.129116,-2.712296,9.921500,-23.488960,-37.649414,-24.245588
6.450000,-30.229025,-2.714300,11.794403,-23.662863,-50.205116,-24.337080
6.456250,-24.326887,-2.716413,12.615037,-23.769577,-61.655067,-24.370686
6.462500,-18.421566,-2.718630,14.379658,-23.804197,-70.041603,-24.303194
6.468750,-12.515779,-2.721218,16.892258,-23.765602,-76.719795,-24.170650
6.475000,-6.607987,-2.723684,19.879774,-23.661251,-81.216179,-24.002464
6.481250,-0.695699,-2.725569,23.019085,-23.516024,-83.311867,-23.826532
6.487500,5.216314,-2.727550,26.005796,-23.358068,-82.902939,-23.659367
6.493750,11.125954,-2.730139,28.683069,-23.190073,-79.869705,-23.479723
6.500000,17.037704,-2.732411,29.047781,-23.019955,-76.187187,-23.288593
6.506250,22.955965,-2.733660,28.468307,-22.861477,-70.431923,-23.113546
6.512500,28.874542,-2.734581,28.423771,-22.740055,-63.096882,-22.986181
6.518750,34.786827,-2.736336,26.860237,-22.683477,-54.958302,-22.898659
6.525000,40.697098,-2.738546,23.946892,-22.685938,-46.731903,-22.842989
6.531250,46.613068,-2.739999,19.864695,-22.740221,-39.024857,-22.814655
6.537500,52.533634,-2.740580,14.777644,-22.837566,-32.378593,-22.810749
6.543750,58.450581,-2.741503,8.882300,-22.967215,-27.261356,-22.832195
6.550000,64.362038,-2.742929,2.414677,-23.114668,-22.220261,-22.852787
6.556250,70.274368,-2.744264,-4.318492,-23.246891,-19.256308,-22.863882
6.562500,76.189255,-2.745302,-10.878176,-23.359228,-17.815348,-22.875860
6.568750,82.103333,-2.746335,-16.205376,-23.483660,-17.529785,-22.886202
6.575000,88.015900,-2.747309,-22.075451,-23.586964,-18.095263,-22.917578
6.581250,93.928207,-2.747998,-26.425138,-23.662737,-19.070028,-22.948717
6.587500,97.942917,-2.749088,-29.281418,-23.714439,-19.914982,-22.979727
6.593750,101.680656,-2.751157,-30.663685,-23.747002,-22.155024,-23.016403
6.600000,104.613266,-2.753226,-30.616138,-23.765133,-23.737644,-23.061323
6.606250,106.253899,-2.754350,-29.215317,-23.769499,-24.768635,-23.112591
6.612500,106.171127,-2.755015,-26.600218,-23.761227,-25.374142,-23.168314
6.618750,104.015038,-2.756613,-22.973343,-23.739721,-25.697695,-23.224321
6.625000,99.550720,-2.759295,-18.580208,-23.704821,-23.983160,-23.277336
6.631250,92.664711,-2.762002,-13.724094,-23.659124,-22.010334,-23.338190
6.637500,83.358986,-2.764420,-8.439815,-23.598877,-19.466158,-23.326216
6.643750,71.749542,-2.767512,-2.737965,-23.504652,-18.173958,-23.296928
6.650000,58.071888,-2.771479,3.012738,-23.371132,-16.166815,-23.250639
6.656250,42.673531,-2.775268,8.325038,-23.203377,-13.843945,-23.177826
6.662500,25.984425,-2.778278,12.809084,-22.995831,-11.571721,-23.066481
6.668750,8.491940,-2.780920,16.139341,-22.738138,-9.758871,-22.911432
6.675000,-9.276472,-2.783743,17.934185,-22.447199,-8.949094,-22.744606
6.681250,-26.772848,-2.786899,19.984676,-22.140406,-7.418883,-22.578236
6.687500,-43.462620,-2.790208,20.800297,-21.828093,-6.817278,-22.420242
6.693750,-58.852318,-2.793633,20.711809,-21.542988,-7.009697,-22.288651
6.700000,-72.512466,-2.796589,19.923153,-21.270351,-7.858089,-22.226782
6.706250,-84.100555,-2.798347,18.435846,-21.015549,-9.037666,-22.196867
6.712500,-93.384689,-2.799264,16.798662,-20.824419,-9.977276,-22.220968
6.718750,-100.248734,-2.800300,15.207446,-20.720404,-10.869474,-22.324478
6.725000,-104.692451,-2.801637,13.771569,-20.712061,-11.384079,-22.497524
6.731250,-106.831627,-2.802412,12.530290,-20.799307,-13.241255,-22.753311
6.737500,-106.901520,-2.802127,11.483143,-20.970581,-14.476952,-23.092972
6.743750,-105.248245,-2.801243,10.559799,-21.229956,-15.364409,-23.481302
6.750000,-102.302071,-2.800155,9.558546,-21.605507,-16.058153,-23.879467
6.756250,-98.554604,-2.798909,9.138512,-21.973877,-16.634096,-24.249825
6.762500,-94.538315,-2.797882,9.135684,-22.378902,-17.302128,-24.590065
6.768750,-88.631348,-2.797123,9.301477,-22.813683,-18.198593,-24.881456
6.775000,-82.725609,-2.796023,9.600785,-23.260117,-17.186413,-25.106213
6.781250,-76.819229,-2.794214,9.940116,-23.699028,-15.701463,-25.252945
6.787500,-70.916138,-2.792296,10.216174,-24.110382,-13.309607,-25.313900
6.793750,-65.022125,-2.791388,10.318196,-24.476404,-9.611201,-25.284952
6.800000,-59.133640,-2.791396,10.141677,-24.781252,-4.256561,-25.164196
6.806250,-53.243912,-2.791633,9.590161,-25.011856,0.863173,-24.950523
6.812500,-47.352795,-2.792260,8.573731,-25.160162,7.334411,-24.624372
6.818750,-41.463390,-2.794086,9.165741,-25.235376,15.042246,-24.264076
6.825000,-35.572865,-2.796548,9.877337,-25.280041,22.470522,-23.867085
6.831250,-29.675217,-2.798625,9.657332,-25.215487,30.347006,-23.470388
6.837500,-23.771301,-2.800465,10.375755,-25.104408,37.886478,-23.121969
6.843750,-17.869614,-2.803372,11.811961,-24.974691,44.403641,-22.841928
6.850000,-11.968701,-2.807402,13.931516,-24.841486,51.055550,-22.627979
6.856250,-6.058867,-2.810888,16.674215,-24.715540,55.875530,-22.510229
6.862500,-0.137764,-2.812812,19.952213,-24.599949,59.060322,-22.497166
6.868750,5.785277,-2.814236,23.686275,-24.485893,60.803036,-22.579094
6.875000,11.702259,-2.816217,27.802761,-24.349365,61.367794,-22.735407
6.881250,17.616117,-2.818475,32.346977,-24.219336,61.068684,-22.910202
6.887500,23.531628,-2.820477,35.762383,-24.119814,60.098743,-23.131929
6.893750,29.449411,-2.822172,39.410892,-24.045031,58.354290,-23.377415
6.900000,35.366352,-2.823637,42.783215,-24.040079,56.587997,-23.597027
6.906250,41.282700,-2.824444,45.411381,-24.004204,55.184341,-23.756212
6.912500,47.197247,-2.824916,47.984077,-23.964689,52.527458,-23.838608
6.918750,53.104965,-2.826045,49.290775,-23.940226,50.495365,-23.836988
6.925000,59.006519,-2.828174,49.348152,-23.912886,48.808876,-23.746960
6.931250,64.908257,-2.830612,48.223320,-23.832539,47.186836,-23.567894
6.937500,70.813927,-2.832963,47.568954,-23.804405,45.282082,-23.324860
6.943750,76.720886,-2.835535,44.453236,-23.775904,42.674080,-23.058254
6.950000,82.628670,-2.838253,41.247429,-23.728514,40.762264,-22.728296
6.956250,88.541191,-2.840121,37.961262,-23.651045,37.549831,-22.370218
6.962500,94.458252,-2.840976,34.604000,-23.539371,33.463200,-22.019196
6.968750,98.476242,-2.842314,31.158770,-23.400152,28.643473,-21.700827
6.975000,102.213333,-2.845057,27.638706,-23.240040,23.189281,-21.432018
6.981250,105.145775,-2.848286,24.118740,-23.061331,17.211374,-21.219864
6.987500,106.789528,-2.850456,20.678017,-22.864840,10.809143,-21.063234
6.993750,106.715294,-2.851490,17.391451,-22.645414,4.059756,-20.944767
7.000000,104.572014,-2.852542,14.331055,-22.384632,-3.035324,-20.875742
7.006250,100.118858,-2.854460,11.509610,-22.057653,-8.558869,-20.878649
7.012500,93.240120,-2.856958,10.561912,-21.787201,-13.743258,-20.930851
7.018750,83.939171,-2.859752,10.263453,-21.560814,-18.078741,-21.013996
7.025000,72.339485,-2.862465,9.731181,-21.301769,-21.113615,-21.167372
7.031250,58.677578,-2.864858,10.530817,-21.077938,-24.405657,-21.364256
7.037500,43.293304,-2.867024,12.261370,-20.928633,-25.794725,-21.593542
7.043750,26.611197,-2.869509,14.673440,-20.887842,-26.246437,-21.885189
7.050000,9.124234,-2.872180,17.537121,-20.978600,-25.932678,-22.249914
7.056250,-8.630023,-2.874008,20.686497,-21.190872,-25.010330,-22.692514
7.062500,-26.103743,-2.874405,22.042896,-21.521555,-23.654642,-23.221556
7.068750,-42.770813,-2.873979,25.048321,-21.972527,-22.076038,-23.874062
7.075000,-58.144390,-2.873416,27.614550,-22.519102,-19.809055,-24.484692
7.081250,-71.795609,-2.872439,29.660393,-23.074989,-19.495029,-25.117460
7.087500,-83.380440,-2.870513,31.177826,-23.711039,-19.783657,-25.775486
7.093750,-92.663734,-2.867768,30.943962,-24.379745,-19.062494,-26.437092
7.100000,-99.528160,-2.864666,29.744036,-25.033091,-19.177517,-27.072035
7.106250,-103.975052,-2.861430,27.364605,-25.646072,-20.067440,-27.647738
7.112500,-106.126198,-2.858446,23.636932,-26.209366,-21.627945,-28.128656
7.118750,-106.219574,-2.856258,18.320713,-26.663885,-23.703510,-28.471945
7.125000,-104.593864,-2.854776,13.319490,-26.988379,-26.056093,-28.627981
7.131250,-101.671432,-2.853347,7.453069,-27.193859,-30.361349,-28.638222
7.137500,-97.944267,-2.851973,1.122115,-27.291203,-34.808739,-28.491653
7.143750,-93.951004,-2.851882,-5.310142,-27.285564,-39.700500,-28.182194
7.150000,-88.071335,-2.853900,-11.482276,-27.182135,-45.037453,-27.722067
7.156250,-82.190865,-2.856954,-17.074799,-26.987999,-50.730236,-27.134375
7.162500,-76.300423,-2.859690,-21.823177,-26.715170,-56.640606,-26.455511
7.168750,-70.403427,-2.862213,-25.533073,-26.382725,-62.621639,-25.738794
7.175000,-64.507263,-2.865429,-28.056681,-26.011572,-68.577164,-25.001188
7.181250,-58.610870,-2.869215,-29.296371,-25.623755,-74.639450,-24.257233
7.187500,-52.707939,-2.872588,-29.205980,-25.238058,-78.502632,-23.567055
7.193750,-46.797939,-2.875316,-27.775087,-24.856783,-81.622200,-22.974466
7.200000,-40.886230,-2.877832,-26.950430,-24.475832,-83.399361,-22.506674
7.206250,-34.973690,-2.880096,-23.520073,-24.172274,-83.225281,-22.119860
7.212500,-29.058079,-2.881628,-19.304764,-23.925663,-82.473724,-21.862198
7.218750,-23.141718,-2.882840,-14.569222,-23.742254,-80.036247,-21.759964
7.225000,-17.229258,-2.884564,-9.587389,-23.610634,-75.719872,-21.785345
7.231250,-11.318717,-2.886734,-4.650293,-23.519102,-69.964516,-21.916721
7.237500,-5.403399,-2.888252,-0.163253,-23.478270,-63.287407,-22.123854
7.243750,0.516452,-2.888911,5.678353,-23.483784,-56.231586,-22.359470
7.250000,6.434559,-2.889414,11.330832,-23.517218,-49.364864,-22.535843
7.256250,12.347397,-2.890302,17.059797,-23.568201,-44.030895,-22.782183
7.262500,18.257999,-2.891412,21.170031,-23.642147,-38.160576,-23.010765
7.268750,24.167614,-2.892832,25.498077,-23.736204,-33.429581,-23.163107
7.275000,30.075300,-2.895150,30.014931,-23.784098,-29.900000,-23.237030
7.281250,35.981998,-2.898373,34.226391,-23.807453,-27.609715,-23.237770
7.287500,41.894371,-2.901350,37.748566,-23.799931,-26.389706,-23.167276
7.293750,47.815449,-2.903106,40.480801,-23.733480,-25.998823,-23.030695
7.300000,53.740116,-2.903758,42.526615,-23.640057,-26.205738,-22.843836
7.306250,59.661251,-2.904249,44.184433,-23.527088,-26.773678,-22.628195
7.312500,65.575020,-2.905375,45.380062,-23.384680,-27.468639,-22.408449
7.318750,71.483589,-2.907446,46.318787,-23.223036,-28.133274,-22.200727
7.325000,77.392456,-2.910084,45.439770,-23.043230,-28.737686,-22.010101
7.331250,83.307121,-2.912171,44.884720,-22.830601,-29.157681,-21.863951
7.337500,89.228058,-2.913164,44.350975,-22.613192,-29.342472,-21.784399
7.343750,95.149353,-2.913536,43.592899,-22.414965,-29.392328,-21.776398
7.350000,99.170174,-2.914250,42.518105,-22.247030,-27.568504,-21.815788
7.356250,102.912437,-2.915706,41.081779,-22.112337,-25.570930,-21.911776
7.362500,105.848763,-2.917320,39.234180,-22.009239,-22.645815,-22.083611
7.368750,107.489983,-2.918660,36.926125,-21.928185,-20.789122,-22.297119
7.375000,107.407150,-2.919801,34.085709,-21.859632,-18.330332,-22.519747
7.381250,105.257767,-2.921003,32.746250,-21.801855,-15.466243,-22.718811
7.387500,100.803337,-2.922610,31.286121,-21.786934,-12.493294,-22.889378
7.393750,93.922577,-2.925047,29.893169,-21.786240,-7.636973,-23.031254
7.400000,84.618370,-2.928019,28.810167,-21.789919,-2.413770,-23.125751
7.406250,73.017952,-2.930529,28.397715,-21.818600,1.568272,-23.164042
7.412500,59.359386,-2.931925,28.700186,-21.886166,6.120018,-23.147646
7.418750,43.976681,-2.932910,29.652178,-22.002920,10.875126,-23.082813
7.425000,27.291899,-2.934345,31.113647,-22.177382,15.468830,-22.981316
7.431250,9.799043,-2.936060,32.929794,-22.412687,19.580748,-22.851059
7.437500,-7.962349,-2.937419,34.937729,-22.703964,22.963171,-22.683277
7.443750,-25.447409,-2.938498,39.134308,-23.029593,25.385490,-22.479998
7.450000,-42.126541,-2.939712,42.077843,-23.374771,26.410015,-22.292273
7.456250,-57.505970,-2.940499,45.335476,-23.799458,25.891542,-22.136286
7.462500,-71.154190,-2.940073,48.712143,-24.291130,23.905182,-22.023933
7.468750,-82.734764,-2.938762,52.043987,-24.858820,20.549458,-21.965084
7.475000,-92.017128,-2.937546,55.263580,-25.427116,16.042419,-21.953476
7.481250,-98.879158,-2.936399,58.122395,-26.009989,10.690732,-21.982773
7.487500,-103.316269,-2.934510,58.321335,-26.605717,4.794526,-22.051582
7.493750,-105.450310,-2.931820,57.404373,-27.194363,-1.221734,-22.147604
7.500000,-105.524925,-2.929564,54.859779,-27.734974,-6.749170,-22.258995
7.506250,-103.883400,-2.928222,52.354298,-28.205631,-11.056283,-22.389080
7.512500,-100.946869,-2.927095,47.923615,-28.608616,-13.562433,-22.516436
7.518750,-97.203781,-2.925781,41.869572,-28.914440,-13.721495,-22.621220
7.525000,-93.192314,-2.925124,34.527458,-29.107176,-10.989517,-22.698957
7.531250,-87.293564,-2.925775,26.201963,-29.189177,-6.997845,-22.743904
7.537500,-81.397018,-2.927107,17.259436,-29.172834,-1.718837,-22.727772
7.543750,-75.498528,-2.928558,8.270195,-29.027498,6.133641,-22.666117
7.550000,-69.600174,-2.930602,-0.315204,-28.778429,15.573505,-22.575565
7.556250,-63.704720,-2.933727,-8.227430,-28.458748,25.703144,-22.474632
7.562500,-57.808876,-2.937458,-16.872618,-28.086582,35.647667,-22.386942
7.568750,-51.907310,-2.941019,-24.078407,-27.668501,44.607571,-22.330011
7.575000,-46.000153,-2.944121,-29.731073,-27.247173,52.079544,-22.260603
7.581250,-40.090675,-2.946746,-33.669720,-26.836420,57.276043,-22.214924
7.587500,-34.179501,-2.948680,-36.142487,-26.440418,61.708344,-22.212601
7.593750,-28.267849,-2.949811,-37.324398,-26.070593,63.709969,-22.257011
7.600000,-22.359221,-2.950938,-37.302273,-25.732578,63.643948,-22.341753
7.606250,-16.456409,-2.952589,-36.174065,-25.428810,61.951241,-22.453054
7.612500,-10.555798,-2.954422,-34.083027,-25.155149,59.108006,-22.575369
7.618750,-4.653428,-2.955765,-31.213785,-24.905403,55.569553,-22.710390
7.625000,1.248823,-2.956962,-27.823612,-24.676699,51.721657,-22.884438
7.631250,7.146429,-2.958786,-22.052069,-24.464617,47.980656,-23.056124
7.637500,13.040206,-2.961377,-17.438454,-24.260025,44.202732,-23.180126
7.643750,18.934780,-2.964065,-12.092270,-24.023050,41.126396,-23.281925
7.650000,24.830635,-2.966959,-6.376475,-23.714602,38.794693,-23.365881
7.656250,30.724171,-2.970800,-1.131966,-23.412251,36.990040,-23.447294
7.662500,36.615440,-2.975956,3.085400,-23.106750,35.395397,-23.529211
7.668750,42.511063,-2.981617,8.227995,-22.795080,33.742592,-23.608620
7.675000,48.417496,-2.986728,12.535717,-22.487173,33.610260,-23.690897
7.681250,54.332314,-2.990805,16.150084,-22.201948,32.984776,-23.786299
7.687500,60.250595,-2.994254,19.276400,-21.963305,31.970413,-23.903631
7.693750,66.169357,-2.997294,22.201218,-21.780704,30.650530,-24.054733
7.700000,72.088593,-2.999800,23.434992,-21.644232,29.074192,-24.271503
7.706250,78.008842,-3.001685,24.825872,-21.568151,27.243881,-24.492224
7.712500,83.929131,-3.002984,26.069475,-21.548700,24.308702,-24.692263
7.718750,89.847931,-3.003764,26.938992,-21.571152,22.912849,-24.931305
7.725000,95.766121,-3.003917,27.037565,-21.668280,21.410690,-25.201729
7.731250,99.786957,-3.003602,26.120232,-21.821690,20.089174,-25.480717
7.737500,103.529427,-3.003361,24.173885,-22.001667,19.083517,-25.738533
7.743750,106.459389,-3.003967,23.198685,-22.182564,18.476803,-25.932568
7.750000,108.086441,-3.005523,21.628437,-22.344763,18.254114,-26.029154
7.756250,107.989616,-3.007434,19.748041,-22.476583,18.065945,-26.067694
7.762500,105.831177,-3.009302,17.775330,-22.579876,17.915655,-26.018436
7.768750,101.370537,-3.011601,15.905282,-22.651186,17.830645,-25.870127
7.775000,94.483582,-3.015089,14.382165,-22.687250,17.675152,-25.624973
7.781250,85.173782,-3.019404,13.356685,-22.696238,17.307005,-25.298494
7.787500,73.569824,-3.023480,12.887922,-22.691721,16.611652,-24.916275
7.793750,59.911129,-3.026655,12.997339,-22.685671,15.546702,-24.503464
7.800000,44.532063,-3.029315,13.672837,-22.689268,14.216040,-24.048470
7.806250,27.856129,-3.031729,14.889716,-22.704262,12.768032,-23.540567
7.812500,10.377340,-3.033421,14.693744,-22.730703,11.239376,-23.039639
7.818750,-7.370354,-3.034005,16.683460,-22.782835,8.585917,-22.613840
7.825000,-24.845612,-3.034057,18.741253,-22.889030,6.376142,-22.254459
7.831250,-41.518547,-3.033999,20.665318,-23.071728,4.548944,-21.966497
7.837500,-56.893974,-3.033275,22.381912,-23.366488,3.184233,-21.748056
7.843750,-70.541954,-3.031256,23.822945,-23.701164,2.440839,-21.600836
7.850000,-82.127327,-3.028762,25.521322,-24.075167,2.409714,-21.534159
7.856250,-91.419792,-3.026910,26.679649,-24.504889,1.017040,-21.545906
7.862500,-98.294281,-3.025640,27.365505,-24.975691,-0.217084,-21.624218
7.868750,-102.742928,-3.023723,25.737246,-25.456957,-1.605841,-21.752695
7.875000,-104.886375,-3.020953,23.426413,-25.925919,-3.407027,-21.905149
7.881250,-104.968346,-3.018245,21.953537,-26.381329,-5.806799,-22.027102
7.887500,-103.334679,-3.016165,19.534548,-26.797049,-8.896590,-22.159073
7.893750,-100.405960,-3.014310,16.354750,-27.154037,-11.724257,-22.299145
7.900000,-96.672783,-3.012635,12.611691,-27.422411,-14.648943,-22.388624
7.906250,-92.671173,-3.011987,8.589464,-27.577753,-17.543970,-22.436449
7.912500,-86.779198,-3.012621,4.403567,-27.628088,-20.127642,-22.454054
7.918750,-80.884285,-3.012621,0.257023,-27.628088,-22.000185,-22.454054
7.925000,-80.884285,-3.012621,0.257023,-27.628088,-22.000185,-22.454054
7.931250,-80.884285,-3.012621,0.257023,-27.628088,-22.000185,-22.454054
7.937500,-80.884285,-3.012621,0.257023,-27.628088,-22.000185,-22.454054
7.943750,-80.884285,-3.012621,0.257023,-27.628088,-22.000185,-22.454054
7.950000,-80.884285,-3.012621,0.257023,-27.628088,-22.000185,-22.454054
7.956250,-80.884285,-3.012621,0.257023,-27.628088,-22.000185,-22.454054
7.962500,-80.884285,-3.012621,0.257023,-27.628088,-22.000185,-22.454054
7.968750,-80.884285,-3.012621,0.257023,-27.628088,-22.000185,-22.454054
7.975000,-80.884285,-3.012621,0.257023,-27.628088,-22.000185,-22.454054
7.981250,-80.884285,-3.012621,0.257023,-27.628088,-22.000185,-22.454054
7.987500,-80.884285,-3.012621,0.257023,-27.628088,-22.000185,-22.454054
7.993750,-80.884285,-3.012621,0.257023,-27.628088,-22.000185,-22.454054
8.000000,-80.884285,-3.012621,0.257023,-27.628088,-22.000185,-22.454054
