Anritsu VNA Frequency[GHz],S21[deg],S21[dB],S11[deg],S11[dB],S22[deg],S22[dB]
1338038720.38,2012_05_26_14:25:20,+298.24,+298.27,+297.93,+298.15,+297.60,+298.65,+298.13,+298.66,243.696899,-5.800
3.006250,-58.128201,-18.897976,-93.111015,-9.252798,30.153345,-10.015603
3.012500,-58.128201,-18.897976,-93.111015,-9.252798,30.153345,-10.015603
3.018750,-58.128201,-18.897976,-93.111015,-9.252798,30.153345,-10.015603
3.025000,-58.128201,-18.897976,-93.111015,-9.252798,30.153345,-10.015603
3.031250,-58.128201,-18.897976,-93.111015,-9.252798,30.153345,-10.015603
3.037500,-58.128201,-18.897976,-93.111015,-9.252798,30.153345,-10.015603
3.043750,-58.128201,-18.897976,-93.111015,-9.252798,30.153345,-10.015603
3.050000,-58.128201,-18.897976,-93.111015,-9.252798,30.153345,-10.015603
3.056250,-58.128201,-18.897976,-93.111015,-9.252798,30.153345,-10.015603
3.062500,-58.128201,-18.897976,-93.111015,-9.252798,30.153345,-10.015603
3.068750,-58.128201,-18.897976,-93.111015,-9.252798,30.153345,-10.015603
3.075000,-58.128201,-18.897976,-93.111015,-9.252798,30.153345,-10.015603
3.081250,-58.128201,-18.897976,-93.111015,-9.252798,30.153345,-10.015603
3.087500,-58.128201,-18.897976,-93.111015,-9.252798,30.153345,-10.015603
3.093750,-58.128201,-19.086250,-93.111015,-9.091222,30.153345,-9.813199
3.100000,-60.237247,-19.255737,-85.180115,-8.937217,25.925135,-9.610731
3.106250,-62.013798,-19.399164,-76.316505,-8.800651,21.362139,-9.418145
3.112500,-63.506367,-19.510824,-64.938942,-8.692031,16.515757,-9.243928
3.118750,-64.759865,-19.585127,-53.024429,-8.620054,11.446097,-9.094761
3.125000,-65.823395,-19.617500,-40.700447,-8.589355,6.219155,-8.975897
3.131250,-66.760651,-19.606554,-28.116631,-8.602923,0.897837,-8.890985
3.137500,-67.644417,-19.553591,-15.415422,-8.664880,-4.472554,-8.843394
3.143750,-68.547310,-19.462971,-2.751117,-8.776998,-9.862057,-8.834324
3.150000,-69.534279,-19.341415,9.702532,-8.937417,-15.244347,-8.861659
3.156250,-70.657967,-19.196262,21.770718,-9.141109,-20.594681,-8.919980
3.162500,-71.950523,-19.034000,33.290661,-9.378857,-25.893023,-9.001963
3.168750,-73.432686,-18.862080,44.125473,-9.637800,-31.127529,-9.099388
3.175000,-75.132805,-18.689501,54.178673,-9.903205,-36.286709,-9.203677
3.181250,-77.064774,-18.526884,63.396641,-10.159691,-41.361156,-9.306385
3.187500,-79.221901,-18.383377,71.775650,-10.392225,-46.339359,-9.399664
3.193750,-81.568283,-18.264477,79.358589,-10.586982,-51.206913,-9.476458
3.200000,-84.055656,-18.172623,84.336525,-10.731970,-55.948227,-9.531453
3.206250,-86.645332,-18.110195,88.451088,-10.817942,-60.545929,-9.561446
3.212500,-89.303513,-18.079956,91.317520,-10.838773,-64.985817,-9.565399
3.218750,-91.989548,-18.083300,92.610535,-10.791489,-69.261086,-9.543981
3.225000,-94.649513,-18.117289,92.079964,-10.676705,-73.373779,-9.499665
3.231250,-97.222664,-18.175636,89.564056,-10.498590,-77.334877,-9.436394
3.237500,-99.670105,-18.252087,84.996307,-10.264650,-81.165199,-9.359275
3.243750,-101.980225,-18.342230,78.410645,-9.985703,-84.896141,-9.273960
3.250000,-104.146957,-18.442503,69.939247,-9.675467,-88.570801,-9.185969
3.256250,-106.160507,-18.547270,59.806400,-9.349960,-92.240242,-9.100271
3.262500,-108.012108,-18.649384,48.320831,-9.027178,-95.958336,-9.020790
3.268750,-109.707603,-18.742947,35.857758,-8.725863,-99.778793,-8.950156
3.275000,-111.280823,-18.825733,22.846283,-8.464907,-103.748291,-8.889263
3.281250,-112.778877,-18.899113,9.748343,-8.263330,-107.902847,-8.837535
3.287500,-114.233635,-18.964787,-2.957278,-8.140086,-112.261177,-8.793222
3.293750,-115.666405,-19.023724,-14.790724,-8.118552,-114.927406,-8.754255
3.300000,-117.091949,-19.076780,-25.281086,-8.256686,-117.504356,-8.718390
3.306250,-118.531708,-19.126507,-33.963799,-8.477673,-119.427689,-8.683161
3.312500,-120.012489,-19.177954,-41.429298,-8.806912,-120.164215,-8.646393
3.318750,-121.553566,-19.237938,-46.554199,-9.270444,-119.234085,-8.606502
3.325000,-123.154686,-19.311453,-49.424393,-9.865653,-116.237091,-8.562837
3.331250,-124.792252,-19.401295,-50.201908,-10.576697,-110.875099,-8.515474
3.337500,-126.437988,-19.507372,-49.126259,-11.378070,-102.971527,-8.465095
3.343750,-128.070435,-19.631735,-46.499893,-12.237163,-92.483833,-8.412953
3.350000,-129.683426,-19.776764,-42.692230,-13.116192,-79.505058,-8.360756
3.356250,-131.245224,-19.944414,-38.122032,-13.974729,-64.260101,-8.310785
3.362500,-132.714890,-20.130991,-33.237728,-14.772066,-47.095901,-8.265111
3.368750,-134.046738,-20.330324,-28.494223,-15.469552,-28.463921,-8.225257
3.375000,-135.213669,-20.536772,-24.329943,-16.032707,-8.898540,-8.191817
3.381250,-136.218124,-20.748461,-18.981527,-16.433201,11.015187,-8.164408
3.387500,-137.062622,-20.963490,-14.161440,-16.650373,30.672768,-8.142133
3.393750,-137.733856,-21.176729,-9.657909,-16.672449,49.484005,-8.123751
3.400000,-138.214600,-21.380890,-5.240768,-16.497589,66.903862,-8.108015
3.406250,-138.507431,-21.569128,-0.670927,-16.133577,82.459381,-8.093414
3.412500,-138.645035,-21.739206,4.287084,-15.598304,95.772522,-8.078551
3.418750,-138.674316,-21.892708,9.853800,-14.919079,106.583160,-8.062080
3.425000,-138.626312,-22.030815,14.327516,-14.131731,114.761971,-8.043579
3.431250,-138.512070,-22.152246,19.486341,-13.279088,120.318596,-8.023675
3.437500,-138.345032,-22.255770,24.909025,-12.409826,123.397362,-8.004166
3.443750,-138.153900,-22.343426,30.165346,-11.576400,124.264954,-7.987542
3.450000,-137.981491,-22.421919,34.854313,-10.830831,123.294518,-7.976414
3.456250,-137.852982,-22.497976,38.612232,-10.228271,120.945602,-7.973352
3.462500,-137.760376,-22.574795,41.146671,-9.832398,117.741737,-7.980922
3.468750,-137.682693,-22.653639,42.441250,-9.592744,114.244446,-8.001261
3.475000,-137.600861,-22.734959,42.521729,-9.540785,108.852783,-8.035978
3.481250,-137.508270,-22.821262,41.092247,-9.637269,103.475861,-8.085747
3.487500,-137.398056,-22.915869,36.446438,-9.959674,98.118271,-8.149850
3.493750,-137.249466,-23.020535,31.612484,-10.478744,92.779861,-8.226059
3.500000,-137.016922,-23.130911,25.695112,-11.139911,87.455757,-8.310443
3.506250,-136.650726,-23.240028,18.839838,-11.895038,82.142632,-8.397943
3.512500,-136.130905,-23.340700,11.233693,-12.696408,76.841248,-8.482712
3.518750,-135.460678,-23.429947,3.091508,-13.496626,71.559235,-8.558873
3.525000,-134.660995,-23.505657,-5.366487,-14.250462,66.310822,-8.621140
3.531250,-133.731400,-23.563437,-13.910762,-14.916223,61.115967,-8.665166
3.537500,-132.667892,-23.595432,-22.318691,-15.457459,55.999283,-8.687736
3.543750,-131.487579,-23.595715,-30.382301,-15.844854,50.988361,-8.687301
3.550000,-130.236298,-23.563192,-37.919918,-16.058088,46.110168,-8.664306
3.556250,-128.981537,-23.501797,-44.788334,-16.086983,41.386433,-8.620835
3.562500,-127.773590,-23.415649,-50.884850,-15.932456,36.828472,-8.560328
3.568750,-126.633392,-23.306856,-56.152229,-15.605648,32.435169,-8.487549
3.575000,-125.580833,-23.177938,-60.573368,-15.127602,28.195110,-8.408763
3.581250,-124.645554,-23.033947,-64.177521,-14.528622,24.084631,-8.331070
3.587500,-123.865967,-22.884560,-67.035889,-13.843890,20.064426,-8.261922
3.593750,-123.260437,-22.739752,-69.238968,-13.115925,16.080887,-8.207597
3.600000,-122.806824,-22.604807,-70.930260,-12.390901,12.069715,-8.173163
3.606250,-122.456017,-22.481098,-70.099243,-11.716771,7.962714,-8.161695
3.612500,-122.168747,-22.368374,-68.287842,-11.144834,3.695806,-8.174485
3.618750,-121.918571,-22.268429,-65.210686,-10.741352,-0.785470,-8.211155
3.625000,-121.677223,-22.182394,-60.779087,-10.468127,-5.519354,-8.270097
3.631250,-121.405479,-22.107319,-55.310875,-10.342813,-10.525187,-8.348722
3.637500,-121.048477,-22.036001,-48.396309,-10.380242,-15.802570,-8.443884
3.643750,-120.568062,-21.959881,-40.291626,-10.542174,-21.332296,-8.552040
3.650000,-119.952400,-21.871519,-31.627750,-10.882732,-27.078220,-8.669784
3.656250,-119.211937,-21.765406,-23.108074,-11.350130,-32.986149,-8.794406
3.662500,-118.364578,-21.636391,-15.021307,-11.892968,-38.989952,-8.924501
3.668750,-117.430321,-21.478317,-5.838609,-12.466453,-45.014591,-9.060115
3.675000,-116.431084,-21.284479,2.474172,-13.026918,-50.986217,-9.202064
3.681250,-115.417664,-21.052488,9.883237,-13.533912,-56.836552,-9.352474
3.687500,-114.464706,-20.784863,16.383287,-13.953538,-62.510769,-9.513705
3.693750,-113.647430,-20.488268,22.017797,-14.257825,-67.970390,-9.688176
3.700000,-113.023766,-20.170359,26.881638,-14.425735,-73.198235,-9.877807
3.706250,-112.622185,-19.836782,31.115463,-14.444390,-78.193054,-10.083508
3.712500,-112.463623,-19.493830,34.900917,-14.309518,-82.967468,-10.305377
3.718750,-112.576973,-19.150192,38.451958,-14.025944,-87.550659,-10.541747
3.725000,-112.984856,-18.818113,42.003334,-13.607443,-91.985786,-10.788700
3.731250,-113.691269,-18.509027,43.901978,-13.075641,-96.325775,-11.039823
3.737500,-114.662445,-18.230310,46.005104,-12.459181,-100.624001,-11.287266
3.743750,-115.834671,-17.984936,47.992901,-11.792296,-104.926903,-11.522778
3.750000,-117.155708,-17.774700,49.548706,-11.113681,-109.269157,-11.738448
3.756250,-118.580193,-17.601507,50.358753,-10.462866,-113.676224,-11.927368
3.762500,-120.059746,-17.466030,50.119198,-9.872809,-118.161026,-12.084212
3.768750,-121.533905,-17.364967,48.539391,-9.369082,-122.722618,-12.206285
3.775000,-122.938301,-17.291210,45.392029,-8.975042,-127.345589,-12.294656
3.781250,-124.222893,-17.236612,40.550243,-8.708741,-130.116226,-12.353523
3.787500,-125.368263,-17.193954,33.902969,-8.574078,-132.641052,-12.388270
3.793750,-126.367683,-17.157877,25.383997,-8.555016,-134.388260,-12.403292
3.800000,-127.218384,-17.121588,15.014648,-8.597281,-134.861725,-12.405604
3.806250,-127.927467,-17.078289,3.035144,-8.739308,-133.615921,-12.405961
3.812500,-128.509033,-17.021917,-9.852837,-8.958793,-130.305038,-12.414955
3.818750,-129.002167,-16.950108,-23.728918,-9.210854,-124.711700,-12.440536
3.825000,-129.454956,-16.864025,-38.157715,-9.465011,-116.748459,-12.487356
3.831250,-129.910660,-16.765541,-52.634655,-9.697001,-106.450882,-12.557244
3.837500,-130.399551,-16.656649,-66.653000,-9.887465,-93.971420,-12.649348
3.843750,-130.947189,-16.539785,-79.727188,-10.022211,-79.567810,-12.760599
3.850000,-131.578400,-16.419348,-91.423767,-10.092595,-63.589359,-12.886686
3.856250,-132.322067,-16.302036,-101.378929,-10.094645,-46.456631,-13.023096
3.862500,-133.190674,-16.194649,-109.320358,-10.029167,-28.635811,-13.166217
3.868750,-134.177734,-16.102596,-115.078178,-9.901131,-10.612252,-13.315479
3.875000,-135.259674,-16.029053,-118.592987,-9.718904,7.140499,-13.474853
3.881250,-136.407608,-15.976215,-119.917137,-9.494351,24.196255,-13.654134
3.887500,-137.595047,-15.945779,-119.211060,-9.241451,40.214909,-13.862553
3.893750,-138.789719,-15.937996,-116.734657,-8.976219,54.985699,-14.098451
3.900000,-139.957581,-15.951389,-112.833870,-8.715776,66.451721,-14.375607
3.906250,-141.063843,-15.983165,-107.924347,-8.477390,76.106476,-14.715739
3.912500,-142.079102,-16.029474,-100.301910,-8.277548,83.477089,-15.136364
3.918750,-142.979889,-16.086380,-91.819603,-8.131696,88.276276,-15.649075
3.925000,-143.752945,-16.149069,-82.476814,-8.052973,90.397156,-16.259405
3.931250,-144.385788,-16.212095,-72.313194,-8.051567,89.889206,-16.967714
3.937500,-144.876221,-16.270170,-61.409481,-8.133095,86.946983,-17.770411
3.943750,-145.234589,-16.318670,-49.887081,-8.294656,81.910393,-18.658743
3.950000,-145.481766,-16.355165,-37.875187,-8.536950,75.248978,-19.616903
3.956250,-145.645737,-16.378365,-25.473650,-8.864450,67.550323,-20.622595
3.962500,-145.751663,-16.387331,-12.844744,-9.273601,57.314892,-21.645294
3.968750,-145.819901,-16.381414,-0.185735,-9.754614,46.633377,-22.654030
3.975000,-145.875198,-16.360781,12.302934,-10.292838,35.772045,-23.619562
3.981250,-145.947800,-16.327427,24.435293,-10.871114,25.023615,-24.514917
3.987500,-146.066132,-16.284731,36.054214,-11.470028,14.679078,-25.312687
3.993750,-146.252167,-16.236937,47.030148,-12.068467,5.035920,-25.987711
4.000000,-146.517044,-16.187691,57.267727,-12.644623,-3.606281,-26.520683
4.006250,-146.862411,-16.139912,66.712173,-13.176904,-10.973511,-26.899658
4.012500,-147.287109,-16.096567,75.354622,-13.644845,-16.838446,-27.119953
4.018750,-147.788620,-16.060871,81.339378,-14.031167,-21.040735,-27.185823
4.025000,-148.362137,-16.036451,86.371956,-14.322513,-23.499966,-27.110312
4.031250,-148.996796,-16.026356,90.046371,-14.510104,-24.223989,-26.916582
4.037500,-149.669418,-16.031807,92.028648,-14.590941,-23.313591,-26.639071
4.043750,-150.353485,-16.052589,92.074829,-14.567457,-20.968746,-26.317173
4.050000,-151.022888,-16.087990,90.042747,-14.447956,-17.557594,-25.949015
4.056250,-151.660156,-16.137810,85.894463,-14.246648,-13.611319,-25.554167
4.062500,-152.246994,-16.200613,79.699005,-13.982759,-9.405063,-25.168360
4.068750,-152.760376,-16.273991,71.631737,-13.680288,-5.469773,-24.813778
4.075000,-153.183945,-16.355507,61.959839,-13.367075,-2.482779,-24.517414
4.081250,-153.502106,-16.441906,51.030685,-13.073521,1.094784,-24.285807
4.087500,-153.704880,-16.529512,39.244503,-12.832199,3.415285,-24.110468
4.093750,-153.785599,-16.614450,27.033358,-12.673951,4.519421,-23.978781
4.100000,-153.746811,-16.693144,14.819470,-12.621451,4.469824,-23.877365
4.106250,-153.596970,-16.762804,2.996223,-12.684876,3.361676,-23.792885
4.112500,-153.349228,-16.821510,-8.036489,-12.870980,1.341535,-23.711662
4.118750,-153.018585,-16.867611,-17.875250,-13.182728,-1.382702,-23.618189
4.125000,-152.621307,-16.899870,-26.162518,-13.623697,-4.564715,-23.497095
4.131250,-152.173035,-16.917583,-32.592873,-14.192077,-7.928030,-23.335396
4.137500,-151.690536,-16.920269,-37.023792,-14.868297,-11.195278,-23.123558
4.143750,-151.193268,-16.908276,-39.395851,-15.626705,-14.082644,-22.860193
4.150000,-150.699432,-16.882574,-39.685951,-16.441723,-16.320204,-22.549147
4.156250,-150.227188,-16.844757,-37.935406,-17.288755,-17.661417,-22.202459
4.162500,-149.791458,-16.796576,-34.268749,-18.144165,-17.880772,-21.837597
4.168750,-149.403397,-16.740572,-28.922764,-18.981571,-16.787594,-21.479921
4.175000,-149.071716,-16.678658,-22.222239,-19.770990,-14.211685,-21.155279
4.181250,-148.797592,-16.612736,-14.527385,-20.493670,-11.842641,-20.863878
4.187500,-148.580521,-16.543924,-6.219440,-21.135853,-7.957231,-20.626966
4.193750,-148.419510,-16.473318,2.257072,-21.686172,-3.191956,-20.472912
4.200000,-148.315109,-16.402533,12.590046,-22.133904,1.926286,-20.416889
4.206250,-148.266449,-16.332798,22.942465,-22.469669,6.934771,-20.460709
4.212500,-148.270401,-16.265181,31.471727,-22.686558,11.411066,-20.591482
4.218750,-148.321686,-16.200401,39.846416,-22.780657,14.985595,-20.780504
4.225000,-148.416473,-16.139269,47.571236,-22.751583,17.363552,-20.988424
4.231250,-148.551605,-16.082550,54.180954,-22.602068,18.423077,-21.218756
4.237500,-148.720093,-16.030525,59.267452,-22.337835,18.247604,-21.458002
4.243750,-148.917587,-15.983817,62.498333,-21.967125,16.670050,-21.672247
4.250000,-149.139694,-15.943159,63.636215,-21.500233,13.740663,-21.840673
4.256250,-149.378281,-15.908370,62.556450,-20.948332,9.624622,-21.949902
4.262500,-149.626831,-15.879552,59.251022,-20.322811,4.543530,-21.994251
4.268750,-149.877563,-15.856655,53.839996,-19.633533,-1.237687,-21.977438
4.275000,-150.126724,-15.839880,46.565105,-18.891003,-7.425408,-21.911823
4.281250,-150.367111,-15.829128,37.803009,-18.110647,-13.738168,-21.816187
4.287500,-150.589081,-15.823744,28.047054,-17.316307,-19.920841,-21.713995
4.293750,-150.781693,-15.822353,17.827816,-16.528761,-25.769838,-21.633156
4.300000,-150.937515,-15.823325,7.669703,-15.765389,-31.159863,-21.604626
4.306250,-151.051208,-15.825389,-1.881884,-15.044771,-36.081543,-21.637804
4.312500,-151.122299,-15.827104,-10.299875,-14.385400,-40.640888,-21.737490
4.318750,-151.150360,-15.827051,-17.109222,-13.805600,-42.936684,-21.927269
4.325000,-151.135162,-15.823552,-21.925116,-13.321363,-44.689720,-22.220125
4.331250,-151.079910,-15.814957,-24.486872,-12.944360,-45.619080,-22.614403
4.337500,-150.990555,-15.799990,-24.670315,-12.679754,-45.544697,-23.094536
4.343750,-150.877625,-15.778119,-22.507463,-12.522750,-44.382362,-23.632023
4.350000,-150.752670,-15.748762,-18.144615,-12.464510,-42.136074,-24.185560
4.356250,-150.626144,-15.711962,-11.805553,-12.503729,-38.922211,-24.711802
4.362500,-150.510849,-15.667954,-3.835137,-12.629642,-32.872559,-25.197271
4.368750,-150.418640,-15.617453,5.274281,-12.824317,-27.569664,-25.613245
4.375000,-150.362808,-15.561803,14.963929,-13.065310,-21.103117,-25.926027
4.381250,-150.355560,-15.503112,24.656351,-13.328526,-13.896871,-26.114164
4.387500,-150.408157,-15.443837,33.771343,-13.590224,-6.464745,-26.170176
4.393750,-150.521973,-15.386188,43.922810,-13.827371,0.657350,-26.098213
4.400000,-150.697922,-15.331819,53.245903,-14.018917,6.942095,-25.913494
4.406250,-150.930725,-15.282435,61.808887,-14.146975,11.888226,-25.638741
4.412500,-151.217987,-15.239900,67.819267,-14.197945,15.015876,-25.290758
4.418750,-151.557343,-15.206797,73.028831,-14.162959,17.773674,-24.883516
4.425000,-151.938034,-15.184566,77.058510,-14.038214,18.307344,-24.447313
4.431250,-152.341766,-15.173352,79.580177,-13.825133,17.027452,-24.011520
4.437500,-152.750107,-15.172545,80.331085,-13.529701,14.366677,-23.600313
4.443750,-153.148743,-15.181455,79.128059,-13.161778,10.804383,-23.231760
4.450000,-153.528748,-15.200148,75.876038,-12.734932,6.851734,-22.915243
4.456250,-153.881088,-15.228147,70.575424,-12.265742,3.030774,-22.651480
4.462500,-154.190247,-15.263950,63.321636,-11.772552,-0.126484,-22.432827
4.468750,-154.439697,-15.304976,54.298302,-11.274145,-2.100819,-22.244659
4.475000,-154.619507,-15.348517,43.768440,-10.788047,-2.394851,-22.065439
4.481250,-154.727890,-15.392500,32.064304,-10.329653,-0.537197,-21.869120
4.487500,-154.768600,-15.435875,19.575998,-9.911831,3.940996,-21.653122
4.493750,-154.744995,-15.477102,6.733360,-9.544301,9.601957,-21.426619
4.500000,-154.655685,-15.514481,-6.013387,-9.232499,16.074335,-21.183531
4.506250,-154.503967,-15.546213,-18.214243,-8.977458,24.258446,-20.926033
4.512500,-154.295837,-15.570841,-29.437216,-8.775390,33.208801,-20.662596
4.518750,-154.038681,-15.587438,-39.282448,-8.619673,42.043850,-20.395353
4.525000,-153.741760,-15.594944,-47.390404,-8.505406,49.904034,-20.138519
4.531250,-153.415115,-15.592591,-53.461784,-8.430343,55.926945,-19.917593
4.537500,-153.069412,-15.579798,-57.314289,-8.388044,59.414982,-19.755064
4.543750,-152.717209,-15.556574,-58.886269,-8.370431,59.858364,-19.668041
4.550000,-152.374924,-15.523926,-58.214081,-8.370961,59.083210,-19.669939
4.556250,-152.055649,-15.483086,-55.436039,-8.384697,55.556507,-19.769716
4.562500,-151.767090,-15.434578,-50.801613,-8.407859,49.782589,-19.972874
4.568750,-151.515518,-15.379076,-44.660030,-8.437117,42.379227,-20.280180
4.575000,-151.312134,-15.317808,-37.444229,-8.469467,34.061314,-20.687710
4.581250,-151.166611,-15.253005,-29.648752,-8.502164,25.617235,-21.179335
4.587500,-151.089722,-15.187165,-21.804581,-8.532459,17.873558,-21.731478
4.593750,-151.084961,-15.122861,-12.283462,-8.557388,11.621604,-22.337067
4.600000,-151.149826,-15.061768,-2.968609,-8.574141,5.502717,-22.995844
4.606250,-151.279251,-15.005801,6.160248,-8.579833,1.522177,-23.692022
4.612500,-151.468506,-14.956793,15.129859,-8.571832,-0.279211,-24.406597
4.618750,-151.709839,-14.916540,23.976835,-8.548258,0.081520,-25.120993
4.625000,-151.992157,-14.886318,32.747776,-8.508617,2.501746,-25.816422
4.631250,-152.299179,-14.866150,41.493908,-8.453767,6.771071,-26.474871
4.637500,-152.612167,-14.855515,48.373112,-8.385349,12.583028,-27.079620
4.643750,-152.916168,-14.853197,55.055790,-8.306031,19.550964,-27.616268
4.650000,-153.199234,-14.858306,61.054916,-8.219190,27.226559,-28.073452
4.656250,-153.451797,-14.869537,65.916878,-8.129745,35.121574,-28.445656
4.662500,-153.664413,-14.885478,69.240234,-8.043268,42.736774,-28.736931
4.668750,-153.829376,-14.903755,70.698059,-7.965320,49.577694,-28.985716
4.675000,-153.939133,-14.921849,70.049835,-7.901640,57.277637,-29.113909
4.681250,-153.994476,-14.937360,67.154800,-7.857394,63.356129,-29.133097
4.687500,-154.000320,-14.948482,61.978992,-7.836809,68.563141,-29.070112
4.693750,-153.967300,-14.954327,54.594021,-7.842515,72.811668,-28.932894
4.700000,-153.909149,-14.954333,45.177422,-7.874259,75.950600,-28.737324
4.706250,-153.837143,-14.948301,34.009228,-7.930041,77.858772,-28.493406
4.712500,-153.761551,-14.936349,21.461058,-8.006942,78.540054,-28.201706
4.718750,-153.694641,-14.919273,7.981982,-8.101538,78.010628,-27.864597
4.725000,-153.648636,-14.898316,-5.935635,-8.209433,76.296165,-27.487257
4.731250,-153.631973,-14.874907,-19.775841,-8.324586,73.465858,-27.076416
4.737500,-153.650360,-14.850553,-33.020954,-8.440264,69.644943,-26.639153
4.743750,-153.708023,-14.827089,-45.172638,-8.549972,65.011253,-26.181692
4.750000,-153.805084,-14.806402,-55.777592,-8.647963,59.790638,-25.708521
4.756250,-153.936829,-14.789710,-64.450714,-8.730234,54.230362,-25.224279
4.762500,-154.095764,-14.777802,-70.895454,-8.794395,48.574692,-24.743475
4.768750,-154.272873,-14.771192,-74.921303,-8.840187,43.071930,-24.294273
4.775000,-154.459854,-14.769961,-76.456642,-8.869114,38.073402,-23.903757
4.781250,-154.644684,-14.773915,-75.552841,-8.884072,34.114101,-23.538225
4.787500,-154.818802,-14.782039,-72.387794,-8.888701,29.735062,-23.221165
4.793750,-154.973618,-14.793290,-67.251915,-8.887175,26.621450,-22.980827
4.800000,-155.106125,-14.806963,-60.533592,-8.884457,24.550848,-22.829819
4.806250,-155.211777,-14.822234,-52.697956,-8.886515,23.315779,-22.773518
4.812500,-155.287430,-14.837708,-44.265808,-8.899180,22.704689,-22.809158
4.818750,-155.330170,-14.851732,-33.622833,-8.927919,22.495909,-22.927744
4.825000,-155.340561,-14.863110,-22.689129,-8.976521,22.462730,-23.113596
4.831250,-155.325684,-14.870835,-11.503008,-9.047805,22.377348,-23.345575
4.837500,-155.294373,-14.875224,-0.111385,-9.142894,22.026972,-23.595219
4.843750,-155.254349,-14.876103,11.439485,-9.262302,21.219526,-23.823515
4.850000,-155.208710,-14.873282,21.210487,-9.406393,19.798870,-23.953867
4.856250,-155.161835,-14.866560,30.785496,-9.575457,17.725704,-24.039021
4.862500,-155.122025,-14.861531,39.597393,-9.769873,15.743414,-24.061970
4.868750,-155.060242,-14.848521,47.126019,-9.990426,13.303919,-23.995726
4.875000,-155.057205,-14.834085,52.923962,-10.239230,10.599782,-23.841644
4.881250,-155.075211,-14.818728,56.630226,-10.519629,7.842514,-23.620239
4.887500,-155.112823,-14.802567,57.976456,-10.831203,5.213731,-23.356955
4.893750,-155.171173,-14.785995,56.801975,-11.171010,2.747104,-23.050161
4.900000,-155.255005,-14.770287,53.091927,-11.539824,0.548580,-22.737345
4.906250,-155.366730,-14.756533,46.965164,-11.939006,-1.198998,-22.461535
4.912500,-155.501770,-14.745107,38.625534,-12.366948,-2.531096,-22.255678
4.918750,-155.654541,-14.735889,28.362732,-12.818975,-3.586008,-22.144279
4.925000,-155.822372,-14.728562,16.551800,-13.287332,-4.563986,-22.142361
4.931250,-156.007233,-14.724070,3.645425,-13.761762,-5.730829,-22.250080
4.937500,-156.210098,-14.723294,-9.853099,-14.230253,-7.401401,-22.452227
4.943750,-156.428650,-14.726906,-23.405300,-14.680403,-9.847602,-22.729807
4.950000,-156.655167,-14.734337,-36.465179,-15.100593,-13.318595,-23.049669
4.956250,-156.883514,-14.744981,-48.504761,-15.480428,-18.115858,-23.364731
4.962500,-157.111603,-14.758691,-59.040882,-15.809966,-24.741272,-23.691233
4.968750,-157.341751,-14.776088,-67.656067,-16.081099,-31.467611,-23.995028
4.975000,-157.573837,-14.797721,-74.022781,-16.287420,-39.692513,-24.234982
4.981250,-157.803162,-14.823649,-77.913040,-16.424833,-49.104164,-24.384399
4.987500,-158.022583,-14.852854,-79.214493,-16.491913,-59.385422,-24.426369
4.993750,-158.226257,-14.884675,-77.930199,-16.490194,-70.192070,-24.354794
5.000000,-158.413513,-14.918639,-74.182678,-16.424107,-81.166512,-24.173199
5.006250,-158.586243,-14.955155,-68.210320,-16.300465,-91.950630,-23.895042
5.012500,-158.747055,-14.994463,-60.355629,-16.127213,-102.197281,-23.543280
5.018750,-158.889740,-15.036171,-51.050907,-15.913825,-111.588943,-23.153845
5.025000,-159.008759,-15.079341,-40.797230,-15.669933,-119.845505,-22.792826
5.031250,-159.100708,-15.122978,-29.866400,-15.405698,-126.623322,-22.419353
5.037500,-159.169113,-15.166971,-18.561739,-15.130918,-131.248871,-22.073099
5.043750,-159.216125,-15.211491,-7.474436,-14.854635,-134.088501,-21.804920
5.050000,-159.242004,-15.256689,2.814363,-14.583788,-134.932327,-21.636692
5.056250,-159.242844,-15.301418,11.765724,-14.322231,-133.601959,-21.571894
5.062500,-159.215134,-15.344688,18.919498,-14.071600,-129.984985,-21.595808
5.068750,-159.160629,-15.385848,23.933588,-13.836821,-124.020935,-21.687517
5.075000,-159.084686,-15.424680,26.594790,-13.625709,-115.581093,-21.858309
5.081250,-158.992172,-15.461363,26.782726,-13.441009,-104.710793,-22.083954
5.087500,-158.884705,-15.495664,24.477306,-13.281091,-91.683739,-22.330753
5.093750,-158.764771,-15.527264,19.800028,-13.143035,-78.612556,-22.568317
5.100000,-158.633759,-15.555727,13.003566,-13.022936,-64.120865,-22.769360
5.106250,-158.495789,-15.581299,4.450198,-12.916483,-49.030834,-22.911676
5.112500,-158.355835,-15.604217,-5.413440,-12.819338,-34.137794,-22.986645
5.118750,-158.219177,-15.625167,-16.076118,-12.727303,-20.167076,-23.006729
5.125000,-158.088257,-15.644424,-26.997192,-12.635851,-7.830069,-23.012741
5.131250,-157.963852,-15.662571,-37.630966,-12.539168,2.089036,-22.927256
5.137500,-157.846603,-15.680027,-47.457104,-12.431080,10.542838,-22.780577
5.143750,-157.738602,-15.697495,-56.000244,-12.306540,16.022520,-22.610790
5.150000,-157.639236,-15.715654,-62.857563,-12.162580,18.733917,-22.440907
5.156250,-157.543747,-15.734387,-67.717384,-11.998304,18.985361,-22.287624
5.162500,-157.446671,-15.753063,-70.384697,-11.814418,17.201706,-22.163486
5.168750,-157.345718,-15.771356,-70.789520,-11.612656,13.906404,-22.077408
5.175000,-157.244675,-15.789617,-68.990891,-11.395624,9.691881,-22.035419
5.181250,-157.146606,-15.808825,-65.168243,-11.166878,5.192513,-22.040415
5.187500,-157.050735,-15.829234,-59.611317,-10.930775,1.048172,-22.092890
5.193750,-156.948059,-15.850413,-52.705746,-10.692494,-2.134614,-22.191948
5.200000,-156.833969,-15.871295,-44.917854,-10.456774,-3.820066,-22.338898
5.206250,-156.706589,-15.891454,-36.764042,-10.228259,-3.661054,-22.447996
5.212500,-156.569885,-15.911427,-26.618788,-10.010486,-1.868885,-22.557800
5.218750,-156.422211,-15.931153,-16.380720,-9.805826,1.426549,-22.684618
5.225000,-156.258865,-15.949733,-6.060104,-9.615759,6.560829,-22.808800
5.231250,-156.073883,-15.965465,4.334266,-9.441493,13.106027,-22.919796
5.237500,-155.869614,-15.977934,14.794877,-9.284274,20.488605,-23.010254
5.243750,-155.654434,-15.987494,25.313841,-9.145125,28.058720,-23.075655
5.250000,-155.432037,-15.994425,33.986126,-9.024323,35.134148,-23.113922
5.256250,-155.200119,-15.998002,42.418682,-8.921572,41.027985,-23.124905
5.262500,-154.953339,-15.996188,50.063633,-8.836376,45.086899,-23.110249
5.268750,-154.694000,-15.987699,56.417179,-8.768608,46.721848,-23.072386
5.275000,-154.434937,-15.972711,61.037422,-8.718172,47.601387,-23.014528
5.281250,-154.192291,-15.952808,63.567051,-8.684585,45.986664,-22.938963
5.287500,-153.974854,-15.929181,63.747181,-8.666933,42.132626,-22.845327
5.293750,-153.782837,-15.901809,61.431244,-8.663449,36.380795,-22.728493
5.300000,-153.614456,-15.870072,56.593758,-8.671720,29.147005,-22.571478
5.306250,-153.477814,-15.834661,49.332188,-8.688794,20.922880,-22.321081
5.312500,-153.384827,-15.797873,39.865639,-8.711482,12.404359,-22.054571
5.318750,-153.344406,-15.762171,28.523886,-8.736594,2.540802,-21.762716
5.325000,-153.353790,-15.729214,15.726284,-8.760800,-7.098835,-21.433571
5.331250,-153.404327,-15.699131,1.964970,-8.780180,-16.314402,-21.072388
5.337500,-153.488464,-15.672319,-12.219685,-8.791031,-24.871721,-20.693197
5.343750,-153.604721,-15.649880,-26.263796,-8.790246,-32.540924,-20.313189
5.350000,-153.753036,-15.633410,-39.606049,-8.775577,-39.106441,-19.950535
5.356250,-153.925903,-15.623951,-51.717400,-8.745856,-44.393139,-19.623745
5.362500,-154.110428,-15.621078,-62.130230,-8.700644,-48.279392,-19.349972
5.368750,-154.291534,-15.624009,-70.459068,-8.640465,-50.682980,-19.140211
5.375000,-154.461899,-15.631880,-76.423119,-8.566944,-51.557251,-18.993567
5.381250,-154.613800,-15.644142,-79.854141,-8.482788,-50.888725,-18.885782
5.387500,-154.741196,-15.659840,-80.712273,-8.391548,-48.614441,-18.844933
5.393750,-154.835327,-15.677177,-79.089424,-8.297009,-44.348785,-18.898748
5.400000,-154.891846,-15.694251,-75.204124,-8.202854,-38.450371,-19.030142
5.406250,-154.909760,-15.709625,-69.390038,-8.112638,-30.988932,-19.235182
5.412500,-154.893265,-15.722493,-62.076977,-8.029784,-23.863914,-19.507648
5.418750,-154.844711,-15.731740,-53.767769,-7.957916,-15.471025,-19.845253
5.425000,-154.764740,-15.735628,-45.018002,-7.899967,-6.423629,-20.249924
5.431250,-154.657578,-15.732418,-34.240849,-7.858234,2.744982,-20.715422
5.437500,-154.533096,-15.721563,-23.374069,-7.833887,11.566318,-21.236818
5.443750,-154.408325,-15.703839,-12.465767,-7.827034,19.627071,-21.808638
5.450000,-154.294769,-15.680017,-1.565020,-7.836893,26.653231,-22.420160
5.456250,-154.197678,-15.650287,9.284470,-7.862546,32.508041,-23.053209
5.462500,-154.121964,-15.614246,20.041779,-7.902792,37.168549,-23.684858
5.468750,-154.075455,-15.572400,30.672655,-7.956032,40.701897,-24.289701
5.475000,-154.072205,-15.526737,41.148224,-8.020481,43.260345,-24.841522
5.481250,-154.125137,-15.479779,49.551445,-8.093644,45.061501,-25.315691
5.487500,-154.235474,-15.433412,57.494633,-8.173337,46.369789,-25.690388
5.493750,-154.397797,-15.388009,64.444557,-8.258046,47.475792,-25.947948
5.500000,-154.608948,-15.344111,69.920982,-8.347017,48.670582,-26.075811
5.506250,-154.870941,-15.303282,73.516541,-8.439758,50.222363,-26.067175
5.512500,-155.187012,-15.267962,74.910797,-8.535647,52.350838,-25.920010
5.518750,-155.554977,-15.240000,73.889885,-8.633631,55.201710,-25.635960
5.525000,-155.961349,-15.219750,70.359032,-8.732847,58.832390,-25.224350
5.531250,-156.391220,-15.206707,64.348595,-8.832570,63.228802,-24.705040
5.537500,-156.835510,-15.200561,56.014217,-8.932630,68.310303,-24.104582
5.543750,-157.290344,-15.202239,45.626842,-9.033064,73.918037,-23.451256
5.550000,-157.752014,-15.212197,33.558636,-9.134043,79.813736,-22.773539
5.556250,-158.206009,-15.229671,20.266932,-9.235738,85.697502,-22.100731
5.562500,-158.638535,-15.252829,6.271020,-9.338673,91.230446,-21.460699
5.568750,-159.040207,-15.280047,-7.873652,-9.443226,96.062241,-20.878319
5.575000,-159.410645,-15.310607,-21.596426,-9.550006,99.848358,-20.373823
5.581250,-159.749283,-15.343901,-34.347019,-9.659902,102.264481,-19.963131
5.587500,-160.052567,-15.378605,-45.618645,-9.774226,102.988190,-19.661242
5.593750,-160.315094,-15.412959,-54.974289,-9.894298,103.815239,-19.471806
5.600000,-160.537354,-15.445157,-62.071583,-10.021398,102.883362,-19.364197
5.606250,-160.723099,-15.474292,-66.676224,-10.157137,100.530884,-19.343075
5.612500,-160.881699,-15.500210,-68.678734,-10.303376,97.054893,-19.412424
5.618750,-161.019852,-15.522522,-68.097771,-10.461674,92.604744,-19.562042
5.625000,-161.139038,-15.540182,-65.082222,-10.632783,87.341530,-19.772335
5.631250,-161.245361,-15.552594,-59.906963,-10.816545,81.402519,-20.021818
5.637500,-161.349503,-15.559913,-52.953869,-11.011514,74.912346,-20.291477
5.643750,-161.463943,-15.563704,-44.689255,-11.216633,67.999031,-20.565075
5.650000,-161.597015,-15.565078,-35.644619,-11.429962,60.806789,-20.829660
5.656250,-161.751160,-15.564677,-26.396711,-11.648766,53.497471,-21.077534
5.662500,-161.923615,-15.562545,-15.368578,-11.869021,46.247852,-21.305180
5.668750,-162.117676,-15.559045,-4.495471,-12.085693,39.259537,-21.513851
5.675000,-162.339737,-15.555872,6.193544,-12.294205,32.763855,-21.701466
5.681250,-162.594131,-15.555066,16.681862,-12.489902,27.039055,-21.857094
5.687500,-162.877365,-15.557571,26.959766,-12.668258,22.315189,-21.980253
5.693750,-163.175919,-15.562799,37.028461,-12.824830,16.886015,-22.075697
5.700000,-163.479980,-15.569650,45.004959,-12.955608,12.611514,-22.147631
5.706250,-163.788971,-15.578446,52.533966,-13.057669,9.212396,-22.199697
5.712500,-164.107666,-15.590828,59.119038,-13.129656,6.397146,-22.231260
5.718750,-164.432236,-15.607333,64.312614,-13.172101,3.869544,-22.239880
5.725000,-164.748016,-15.626339,67.740250,-13.188082,1.354291,-22.223532
5.731250,-165.037842,-15.645215,69.119118,-13.182955,-1.390212,-22.182396
5.737500,-165.299500,-15.662034,68.265564,-13.164294,-4.573952,-22.117611
5.743750,-165.542435,-15.676813,65.103851,-13.140635,-8.371949,-22.032042
5.750000,-165.777695,-15.690429,59.673195,-13.121551,-12.922548,-21.927975
5.756250,-166.005920,-15.702665,52.121510,-13.117039,-18.322454,-21.805979
5.762500,-166.220444,-15.711859,42.709251,-13.137803,-24.629690,-21.661707
5.768750,-166.418854,-15.716368,31.791193,-13.194445,-31.852983,-21.481834
5.775000,-166.611069,-15.716024,19.797760,-13.296985,-39.903023,-21.265692
5.781250,-166.808334,-15.711859,7.212687,-13.453439,-48.456039,-21.048197
5.787500,-167.020935,-15.704591,-5.451884,-13.669064,-57.386734,-20.826702
5.793750,-167.245926,-15.693613,-17.675417,-13.946353,-66.586487,-20.601522
5.800000,-167.483521,-15.678211,-28.951609,-14.285388,-75.825539,-20.379660
5.806250,-167.741226,-15.658949,-38.810486,-14.684832,-84.852623,-20.172913
5.812500,-168.031525,-15.637567,-46.840969,-15.141324,-93.426888,-19.995855
5.818750,-168.361130,-15.615736,-52.721420,-15.647211,-101.323586,-19.867237
5.825000,-168.725677,-15.593616,-56.235649,-16.189468,-108.324173,-19.801601
5.831250,-169.120819,-15.571474,-57.265217,-16.754822,-114.168121,-19.790703
5.837500,-169.545135,-15.549359,-55.792248,-17.331751,-118.697113,-19.838619
5.843750,-170.001938,-15.528246,-51.925415,-17.908321,-121.924973,-19.953503
5.850000,-170.491211,-15.509179,-45.908314,-18.470934,-123.842888,-20.130524
5.856250,-171.009354,-15.492500,-38.103676,-19.003658,-124.491745,-20.362736
5.862500,-171.549866,-15.477894,-28.963062,-19.490803,-124.031853,-20.649628
5.868750,-172.107803,-15.465147,-18.996227,-19.917696,-122.654198,-20.978907
5.875000,-172.684387,-15.454690,-8.759693,-20.271181,-118.401581,-21.332581
5.881250,-171.384979,-15.447520,3.336603,-20.540142,-112.944298,-21.695213
5.887500,-169.825745,-15.443608,15.360428,-20.715380,-106.176544,-22.055330
5.893750,-167.463043,-15.441390,27.267979,-20.790194,-98.116051,-22.398726
5.900000,-163.797440,-15.439812,37.118938,-20.760719,-88.926521,-22.701061
5.906250,-158.403580,-15.438432,46.491070,-20.626360,-78.793846,-22.953201
5.912500,-150.944839,-15.437357,54.814335,-20.390654,-67.911713,-23.153376
5.918750,-141.183914,-15.436247,61.567657,-20.060740,-56.591988,-23.297344
5.925000,-128.994888,-15.434055,66.299858,-19.646757,-45.212608,-23.378834
5.931250,-114.374046,-15.429041,68.653740,-19.160685,-34.163898,-23.391361
5.937500,-97.445129,-15.419870,68.387718,-18.616632,-23.812483,-23.329611
5.943750,-78.455368,-15.406890,65.385139,-18.031006,-14.478764,-23.191381
5.950000,-57.755447,-15.390786,59.665230,-17.421852,-6.407129,-22.978535
5.956250,-35.774036,-15.371179,51.371090,-16.808687,0.244152,-22.697941
5.962500,-13.001496,-15.346493,40.756119,-16.210857,5.408079,-22.360758
5.968750,10.029413,-15.315322,28.172436,-15.647152,9.110977,-21.982262
5.975000,32.758339,-15.277786,14.048906,-15.134270,11.468826,-21.581409
5.981250,54.636448,-15.235423,-1.130126,-14.685069,12.691974,-21.181454
5.987500,75.160828,-15.189533,-16.853704,-14.306973,13.072713,-20.810785
5.993750,93.902420,-15.140269,-32.597153,-14.002719,12.993694,-20.488346
6.000000,110.520187,-15.087583,-47.834240,-13.775922,13.012501,-20.188829
6.006250,124.770500,-15.032151,-62.069736,-13.629971,11.617010,-19.929722
6.012500,136.522217,-14.975085,-74.895401,-13.564464,10.592558,-19.749313
6.018750,145.770477,-14.917534,-86.011726,-13.572028,9.743143,-19.659727
6.025000,152.634720,-14.860086,-95.214302,-13.642577,9.027763,-19.654785
6.031250,157.348984,-14.803185,-102.380486,-13.765642,8.329419,-19.725033
6.037500,160.247284,-14.748124,-107.476456,-13.931907,7.490454,-19.857477
6.043750,161.748306,-14.696912,-110.572258,-14.132227,6.349969,-20.036278
6.050000,162.338028,-14.651818,-111.846275,-14.358059,4.754037,-20.243626
6.056250,162.550293,-14.614374,-111.572075,-14.602301,2.573567,-20.458683
6.062500,160.770523,-14.584295,-110.101120,-14.857758,-0.291455,-20.658464
6.068750,158.897003,-14.561529,-107.846161,-15.115734,-3.894398,-20.815941
6.075000,156.919907,-14.548411,-105.259193,-15.367161,-8.219714,-20.909836
6.081250,154.825851,-14.548432,-100.626648,-15.605760,-13.145150,-20.934702
6.087500,152.610794,-14.565015,-95.753647,-15.827204,-18.561422,-20.878859
6.093750,150.285797,-14.599432,-90.577324,-16.026812,-24.398088,-20.730913
6.100000,147.865540,-14.651490,-85.073677,-16.197390,-30.515030,-20.488501
6.106250,145.354462,-14.722651,-79.244850,-16.330748,-36.751244,-20.156092
6.112500,142.743622,-14.816701,-73.113281,-16.419218,-42.954231,-19.743427
6.118750,140.029312,-14.938692,-66.714302,-16.457458,-48.994965,-19.264832
6.125000,137.226852,-15.090750,-60.097599,-16.441702,-54.771751,-18.737165
6.131250,134.364243,-15.273298,-53.338085,-16.368914,-60.219635,-18.179415
6.137500,131.463348,-15.486838,-46.525677,-16.236343,-65.312798,-17.611181
6.143750,128.530136,-15.734831,-39.759380,-16.041723,-70.072495,-17.050749
6.150000,125.572662,-16.021315,-33.131638,-15.783628,-74.569069,-16.513081
6.156250,122.620705,-16.348139,-26.719021,-15.462455,-78.917885,-16.008207
6.162500,119.716309,-16.714222,-20.574661,-15.081524,-81.385712,-15.538667
6.168750,116.901817,-17.117920,-14.718996,-14.647964,-83.803253,-15.094398
6.175000,114.204460,-17.558794,-9.145705,-14.172335,-85.920013,-14.666526
6.181250,111.648972,-18.036713,-3.833677,-13.665035,-87.724937,-14.285657
6.187500,109.272469,-18.548777,1.253051,-13.137146,-86.977394,-13.942047
6.193750,107.126717,-19.089014,6.172170,-12.599759,-84.898743,-13.621799
6.200000,105.254341,-19.649965,11.000845,-12.064861,-81.063675,-13.317090
6.206250,103.677490,-20.225729,15.827723,-11.544269,-75.197495,-13.023828
6.212500,102.397224,-20.811708,20.739059,-11.049271,-67.164772,-12.741279
6.218750,101.425758,-21.402803,25.808905,-10.589770,-56.966343,-12.471151
6.225000,100.785881,-21.990530,31.087185,-10.173348,-44.739655,-12.216836
6.231250,100.495979,-22.562777,36.600246,-9.804247,-30.743937,-11.982055
6.237500,100.547623,-23.110479,42.357700,-9.482368,-15.344397,-11.771137
6.243750,100.904869,-23.628456,48.357224,-9.205236,1.011172,-11.587650
6.250000,101.507423,-24.114988,54.589962,-8.970719,17.814363,-11.434369
6.256250,102.322426,-24.566689,61.042942,-8.777267,34.532219,-11.314245
6.262500,103.324638,-24.978642,67.684586,-8.621056,50.642170,-11.230531
6.268750,104.473946,-25.346600,74.467873,-8.495985,65.667831,-11.185240
6.275000,105.714653,-25.670389,79.448151,-8.394807,79.186966,-11.177120
6.281250,106.971870,-25.954916,84.212143,-8.311463,90.851341,-11.202424
6.287500,108.180214,-26.207319,88.205818,-8.241327,100.426147,-11.256548
6.293750,109.301025,-26.433022,90.926788,-8.181663,107.807259,-11.333779
6.300000,110.318169,-26.634830,91.940666,-8.129690,113.026894,-11.427258
6.306250,111.209770,-26.817663,90.901031,-8.082545,116.248650,-11.529483
6.312500,111.938202,-26.990658,87.570724,-8.037892,117.750153,-11.633051
6.318750,112.474251,-27.165543,81.836182,-7.993625,117.906189,-11.730930
6.325000,112.821907,-27.350674,73.714561,-7.948514,117.166870,-11.817438
6.331250,113.017822,-27.550653,63.348194,-7.902121,116.028816,-11.888223
6.337500,113.107414,-27.765837,50.997307,-7.854389,115.004616,-11.939351
6.343750,113.118385,-28.002163,37.023331,-7.805667,112.433350,-11.968794
6.350000,113.068665,-28.264845,21.873163,-7.756271,110.155228,-11.977449
6.356250,113.004906,-28.554920,6.054200,-7.706500,108.092964,-11.967850
6.362500,112.996437,-28.869381,-9.888569,-7.656590,106.144905,-11.943149
6.368750,113.115768,-29.201538,-25.400892,-7.607011,104.190460,-11.905709
6.375000,113.398132,-29.545740,-39.943306,-7.558741,102.099564,-11.857349
6.381250,113.855789,-29.900486,-53.019264,-7.512934,99.745949,-11.798973
6.387500,114.505348,-30.261658,-64.202118,-7.471056,97.014160,-11.730426
6.393750,115.392799,-30.622429,-73.158058,-7.434530,93.812958,-11.650518
6.400000,116.555321,-30.970760,-79.664215,-7.404587,90.082329,-11.557776
6.406250,118.001846,-31.297018,-83.619675,-7.382025,85.800369,-11.450657
6.412500,119.702423,-31.597139,-85.048111,-7.367342,80.981377,-11.327835
6.418750,121.629211,-31.867428,-84.095505,-7.361196,75.673882,-11.187403
6.425000,123.753647,-32.100838,-81.026245,-7.364111,69.948189,-11.029496
6.431250,126.082260,-32.291298,-76.210625,-7.376250,63.897972,-10.853527
6.437500,128.558304,-32.434853,-70.107399,-7.397115,57.642605,-10.659694
6.443750,131.146362,-32.528717,-63.240322,-7.425044,51.301563,-10.449269
6.450000,133.791779,-32.573593,-56.170269,-7.457854,44.985649,-10.226266
6.456250,136.437302,-32.572010,-47.296879,-7.493105,38.788136,-9.997231
6.462500,139.056580,-32.524223,-38.524700,-7.528681,32.787254,-9.769977
6.468750,141.629776,-32.427780,-29.855104,-7.562603,27.038795,-9.552531
6.475000,144.129211,-32.282093,-21.281242,-7.592640,21.567598,-9.352674
6.481250,146.494354,-32.092709,-12.788744,-7.616801,16.365017,-9.177156
6.487500,148.670013,-31.867693,-4.357578,-7.633271,11.392237,-9.031366
6.493750,150.631882,-31.613047,4.043319,-7.641135,6.594811,-8.919086
6.500000,152.387787,-31.328779,12.445338,-7.640120,1.906947,-8.842175
6.506250,153.944611,-31.014208,20.886339,-7.630786,-2.740281,-8.800397
6.512500,155.282806,-30.672241,29.399170,-7.614306,-7.410326,-8.791653
6.518750,156.355621,-30.312153,38.010983,-7.592360,-12.151137,-8.813771
6.525000,157.142258,-29.939068,46.741577,-7.566797,-16.995972,-8.864026
6.531250,157.659515,-29.554520,53.705700,-7.539240,-21.967426,-8.938289
6.537500,157.925598,-29.158098,60.523735,-7.511060,-27.067793,-9.031813
6.543750,157.937607,-28.750650,66.652138,-7.483686,-32.273590,-9.140577
6.550000,157.660934,-28.337376,71.582687,-7.458403,-37.536945,-9.262204
6.556250,157.072647,-27.926001,74.864189,-7.436274,-42.793518,-9.396217
6.562500,156.174515,-27.520061,76.126007,-7.417675,-47.974976,-9.543706
6.568750,154.983429,-27.121744,75.098305,-7.402580,-53.016495,-9.706193
6.575000,153.507736,-26.731731,71.626183,-7.390680,-57.873386,-9.883463
6.581250,151.738113,-26.354830,65.679558,-7.381311,-62.514301,-10.073192
6.587500,149.654266,-25.998808,57.359486,-7.373919,-66.908783,-10.274832
6.593750,147.258530,-25.670973,46.890354,-7.368294,-71.033775,-10.488757
6.600000,144.566116,-25.375288,34.608513,-7.364271,-74.900093,-10.713978
6.606250,141.621262,-25.116003,20.945337,-7.362275,-78.545837,-10.944472
6.612500,138.429932,-24.896078,6.404121,-7.362859,-82.025826,-11.172831
6.618750,135.024689,-24.721165,-8.465535,-7.366353,-85.414459,-11.390020
6.625000,131.415756,-24.599152,-23.097105,-7.373573,-88.785568,-11.587082
6.631250,127.646675,-24.533463,-36.936367,-7.384874,-92.210678,-11.755254
6.637500,123.793259,-24.521900,-49.464962,-7.400821,-95.750671,-11.886563
6.643750,119.916466,-24.561729,-60.231541,-7.421875,-99.454048,-11.974632
6.650000,116.052582,-24.652664,-68.873978,-7.448364,-103.354713,-12.015304
6.656250,112.221924,-24.796740,-75.138626,-7.480396,-107.471466,-12.007544
6.662500,108.473930,-24.993021,-78.895630,-7.517494,-111.809196,-11.953090
6.668750,104.876701,-25.234175,-80.140694,-7.558686,-114.466606,-11.856080
6.675000,101.496941,-25.509510,-78.996117,-7.602638,-117.050934,-11.722911
6.681250,98.358070,-25.813007,-75.699226,-7.648005,-119.003502,-11.562702
6.687500,95.459953,-26.142424,-70.594048,-7.693751,-119.801872,-11.386423
6.693750,92.803986,-26.494200,-64.110573,-7.739224,-118.995232,-11.205226
6.700000,90.424210,-26.860622,-56.745579,-7.783962,-116.227348,-11.029534
6.706250,88.358894,-27.230181,-49.036140,-7.827619,-111.252930,-10.867986
6.712500,86.604195,-27.594948,-39.367287,-7.870438,-103.948509,-10.727390
6.718750,85.130226,-27.952097,-29.638348,-7.913177,-94.318329,-10.612150
6.725000,83.899292,-28.300962,-19.851669,-7.957427,-82.494957,-10.524426
6.731250,82.896133,-28.639204,-10.011971,-8.005173,-68.731598,-10.463640
6.737500,82.136009,-28.960684,-0.124930,-8.058491,-53.389412,-10.426213
6.743750,81.613472,-29.258188,9.799355,-8.119658,-36.909462,-10.406026
6.750000,81.314201,-29.527884,19.745991,-8.190548,-19.786064,-10.395398
6.756250,81.185806,-29.770767,29.696716,-8.272281,-2.524439,-10.389278
6.762500,81.191696,-29.988607,39.629444,-8.365232,14.378037,-10.386487
6.768750,81.326485,-30.178057,49.520885,-8.469123,30.436062,-10.386845
6.775000,81.601402,-30.333141,57.455902,-8.582947,45.194443,-10.391159
6.781250,82.000954,-30.449842,65.035912,-8.705331,58.272530,-10.404974
6.787500,82.470146,-30.530022,71.709679,-8.833797,69.388046,-10.440378
6.793750,82.963539,-30.576529,76.971725,-8.965094,78.368233,-10.520536
6.800000,83.463783,-30.587803,80.388954,-9.095717,85.168701,-10.683969
6.806250,83.958679,-30.561283,81.624969,-9.222016,90.049133,-10.884873
6.812500,84.425865,-30.495554,80.456947,-9.341107,93.325371,-11.158871
6.818750,84.816628,-30.392580,76.787483,-9.450819,95.007881,-11.539085
6.825000,85.074448,-30.256842,70.647079,-9.550081,95.500084,-12.032547
6.831250,85.149521,-30.095156,62.193417,-9.638918,95.261971,-12.626769
6.837500,85.014259,-29.913170,51.698936,-9.718356,94.853363,-13.310404
6.843750,84.649796,-29.713947,39.539013,-9.790172,94.852905,-14.066912
6.850000,84.037704,-29.503651,26.169268,-9.856662,93.594147,-14.871553
6.856250,83.144920,-29.291052,12.101749,-9.920069,92.863945,-15.692323
6.862500,81.941811,-29.088137,-2.114797,-9.983318,92.509872,-16.492569
6.868750,80.428429,-28.903946,-15.926308,-10.049614,92.357880,-17.233734
6.875000,78.638977,-28.744568,-28.802303,-10.121719,92.234123,-17.879690
6.881250,76.610237,-28.615541,-40.265636,-10.201126,91.975838,-18.399521
6.887500,74.362061,-28.524067,-49.914471,-10.288026,91.437080,-18.770149
6.893750,71.929626,-28.476931,-57.436295,-10.381216,90.489296,-18.977310
6.900000,69.359924,-28.479860,-62.621788,-10.478786,89.020859,-19.016727
6.906250,66.734985,-28.531790,-65.374062,-10.577988,86.932777,-18.891832
6.912500,64.133598,-28.628990,-65.710548,-10.675788,84.140114,-18.612740
6.918750,61.617027,-28.767233,-63.763897,-10.769023,80.588699,-18.197556
6.925000,59.230026,-28.945641,-59.773754,-10.854586,76.268211,-17.673853
6.931250,57.001282,-29.161430,-54.075222,-10.929732,71.198624,-17.075342
6.937500,55.008064,-29.405430,-47.081436,-10.992476,65.408981,-16.437359
6.943750,53.308327,-29.666065,-39.261539,-11.042230,58.944328,-15.794079
6.950000,51.931572,-29.932875,-31.120749,-11.079663,51.871494,-15.176585
6.956250,50.865799,-30.200500,-21.012094,-11.106493,44.286236,-14.611174
6.962500,50.102753,-30.463022,-10.805226,-11.125265,36.312630,-14.116590
6.968750,49.638908,-30.713797,-0.480350,-11.139275,28.097847,-13.701221
6.975000,49.479889,-30.943565,9.976422,-11.152267,19.801104,-13.357273
6.981250,49.604160,-31.146017,20.568163,-11.168146,11.567150,-13.053256
6.987500,49.979446,-31.316357,29.393616,-11.190586,3.308885,-12.846231
6.993750,50.561066,-31.452032,38.058006,-11.222581,-5.068216,-12.716754
7.000000,51.306358,-31.552689,46.002243,-11.266082,-13.241403,-12.638742
7.006250,52.184254,-31.617599,52.701374,-11.321868,-21.155386,-12.601625
7.012500,53.172478,-31.644016,57.690231,-11.389297,-28.749123,-12.607287
7.018750,54.244125,-31.629377,60.591431,-11.466617,-36.025539,-12.652222
7.025000,55.358326,-31.575167,61.133041,-11.551319,-43.016701,-12.733296
7.031250,56.468807,-31.484072,59.164715,-11.640193,-49.722023,-12.850974
7.037500,57.544582,-31.359663,54.669025,-11.730206,-56.137932,-13.007329
7.043750,58.572449,-31.201288,47.755600,-11.818222,-62.267590,-13.203250
7.050000,59.544075,-31.008451,38.659039,-11.901355,-68.123657,-13.438237
7.056250,60.428303,-30.782858,27.725695,-11.977462,-73.729988,-13.709644
7.062500,61.187450,-30.528461,15.397523,-12.045712,-79.116455,-14.012344
7.068750,61.786655,-30.251360,2.187779,-12.106470,-84.312859,-14.337979
7.075000,62.205036,-29.957142,-11.350549,-12.161345,-89.340164,-14.674005
7.081250,62.448765,-29.646896,-24.653767,-12.212129,-94.204910,-15.004427
7.087500,62.512657,-29.322172,-37.177719,-12.260776,-98.890167,-15.312292
7.093750,62.391975,-28.987617,-48.423035,-12.309324,-103.352455,-15.583286
7.100000,62.049778,-28.650494,-57.958477,-12.360306,-107.538925,-15.804782
7.106250,61.479382,-28.317520,-65.447586,-12.415823,-111.408829,-15.964292
7.112500,60.702923,-27.992270,-70.667091,-12.476383,-114.929199,-16.051432
7.118750,59.737679,-27.676945,-73.516235,-12.541050,-118.061043,-16.060112
7.125000,58.606483,-27.372759,-74.017128,-12.607296,-120.769218,-15.989645
7.131250,57.313694,-27.085220,-72.309616,-12.671293,-123.030312,-15.844662
7.137500,55.869972,-26.817142,-68.641708,-12.728472,-124.845299,-15.634988
7.143750,54.294006,-26.571966,-63.355244,-12.773686,-126.244698,-15.374988
7.150000,52.628021,-26.348154,-56.867001,-12.801759,-127.299118,-15.081539
7.156250,50.907894,-26.144211,-49.647774,-12.807937,-128.129837,-14.768319
7.162500,49.154762,-25.959435,-42.192776,-12.788537,-126.996635,-14.447729
7.168750,47.370037,-25.795567,-32.834301,-12.741527,-125.660736,-14.135656
7.175000,45.575119,-25.652765,-23.410076,-12.667297,-123.729156,-13.847126
7.181250,43.804207,-25.527102,-13.859307,-12.568493,-120.867889,-13.592171
7.187500,42.088974,-25.413694,-4.127281,-12.449909,-116.803139,-13.376770
7.193750,40.433006,-25.310484,5.832068,-12.317307,-111.314117,-13.204345
7.200000,38.833725,-25.217880,16.047205,-12.177278,-104.250763,-13.073895
7.206250,37.292706,-25.134712,26.533236,-12.037197,-95.541649,-12.980538
7.212500,35.827873,-25.057676,35.397179,-11.904786,-85.194176,-12.916455
7.218750,34.452454,-24.982361,44.241917,-11.788189,-73.287094,-12.873719
7.225000,33.169022,-24.905703,52.495972,-11.694336,-59.974972,-12.846101
7.231250,31.963224,-24.826859,59.605331,-11.627794,-45.487434,-12.829565
7.237500,30.822247,-24.745281,65.064743,-11.590628,-30.118780,-12.821942
7.243750,29.736572,-24.661394,68.447914,-11.581793,-14.223619,-12.821088
7.250000,28.713345,-24.571936,69.431198,-11.597850,1.798762,-12.824306
7.256250,27.759417,-24.472450,67.814117,-11.633111,17.533358,-12.831443
7.262500,26.859400,-24.361923,63.533936,-11.681079,32.578564,-12.845880
7.268750,25.981846,-24.242489,56.667946,-11.734849,46.548309,-12.872122
7.275000,25.097095,-24.116932,47.430435,-11.788101,59.085052,-12.914124
7.281250,24.209175,-23.985622,36.155315,-11.834660,69.885590,-12.974153
7.287500,23.331921,-23.845152,23.282217,-11.869204,78.727188,-13.052495
7.293750,22.460794,-23.692602,9.333651,-11.888310,85.484489,-13.147641
7.300000,21.571766,-23.530191,-5.112473,-11.890312,90.142677,-13.256442
7.306250,20.626686,-23.363371,-19.455055,-11.875122,92.799141,-13.373977
7.312500,19.612532,-23.195078,-33.104206,-11.844370,93.661140,-13.493477
7.318750,18.539549,-23.026148,-45.506310,-11.801732,93.042290,-13.606151
7.325000,17.425545,-22.855196,-56.176987,-11.752259,91.346794,-13.701532
7.331250,16.271742,-22.682188,-64.727043,-11.701912,89.062576,-13.769298
7.337500,15.055392,-22.510553,-70.884598,-11.656434,86.750725,-13.805513
7.343750,13.769573,-22.344524,-74.510788,-11.620587,82.839500,-13.811224
7.350000,12.426234,-22.184488,-75.601036,-11.597871,79.248940,-13.786280
7.356250,11.048691,-22.028662,-74.282234,-11.590088,75.986778,-13.731721
7.362500,9.648768,-21.876436,-70.801826,-11.598140,73.076340,-13.653010
7.368750,8.215851,-21.729856,-65.513870,-11.621156,70.539444,-13.559576
7.375000,6.750666,-21.590603,-58.860748,-11.657473,68.379128,-13.462790
7.381250,5.261733,-21.458364,-51.348881,-11.704407,66.567863,-13.373842
7.387500,3.775899,-21.330244,-43.522190,-11.757898,65.048439,-13.302848
7.393750,2.305077,-21.203106,-33.767467,-11.814119,63.742756,-13.258800
7.400000,0.841881,-21.075943,-23.980549,-11.868760,62.554390,-13.248445
7.406250,-0.626351,-20.949631,-14.155312,-11.918844,61.366920,-13.274237
7.412500,-2.111090,-20.824869,-4.279477,-11.963306,60.047157,-13.333333
7.418750,-3.610251,-20.701639,5.657607,-12.002588,58.466263,-13.417471
7.425000,-5.117217,-20.576942,15.659410,-12.037726,56.520329,-13.516216
7.431250,-6.635425,-20.450378,25.714024,-12.069040,54.143074,-13.619630
7.437500,-8.183520,-20.323708,35.800373,-12.096147,51.294998,-13.716723
7.443750,-9.783327,-20.199636,45.901562,-12.120647,47.951141,-13.794517
7.450000,-11.439039,-20.080511,56.004757,-12.146009,44.116108,-13.840560
7.456250,-13.144357,-19.966597,66.080399,-12.174635,39.829502,-13.844328
7.462500,-14.892203,-19.857965,74.189262,-12.207177,35.163685,-13.799128
7.468750,-16.691795,-19.756737,81.904724,-12.241887,30.212435,-13.702559
7.475000,-18.550901,-19.667240,88.653671,-12.275589,25.080666,-13.556925
7.481250,-20.471952,-19.592934,93.916962,-12.304280,19.873676,-13.369004
7.487500,-22.434338,-19.534678,97.258438,-12.324055,14.687564,-13.149710
7.493750,-24.408152,-19.490990,98.347626,-12.331437,9.597837,-12.912001
7.500000,-26.376751,-19.461256,96.972771,-12.323199,4.648029,-12.669418
7.506250,-28.335587,-19.445972,93.052635,-12.296890,-0.140573,-12.435184
7.512500,-30.284321,-19.447639,86.641563,-12.251042,-4.766006,-12.223564
7.518750,-32.203632,-19.465719,77.926567,-12.186208,-9.243308,-12.048271
7.525000,-34.062698,-19.496426,67.217308,-12.104945,-13.611238,-11.920699
7.531250,-35.835728,-19.535547,54.927742,-12.011405,-17.931395,-11.847917
7.537500,-37.520668,-19.581053,41.549259,-11.910757,-22.272087,-11.832458
7.543750,-39.122715,-19.632111,27.624916,-11.809103,-26.702883,-11.871430
7.550000,-40.644672,-19.687395,13.726100,-11.713592,-31.276802,-11.957524
7.556250,-42.078773,-19.744701,0.419643,-11.631962,-36.021782,-12.080781
7.562500,-43.414864,-19.799772,-11.764620,-11.570850,-40.929806,-12.230736
7.568750,-44.654922,-19.849264,-22.362068,-11.535750,-45.960098,-12.397006
7.575000,-45.817436,-19.892448,-30.993650,-11.529853,-51.046169,-12.568535
7.581250,-46.924957,-19.930420,-37.382832,-11.554180,-56.106144,-12.733932
7.587500,-47.993198,-19.963907,-41.367203,-11.607239,-61.037941,-12.883221
7.593750,-49.023533,-19.992403,-42.901806,-11.684891,-65.723396,-13.009161
7.600000,-50.014751,-20.013792,-42.059734,-11.780477,-70.046463,-13.107784
7.606250,-50.973431,-20.027416,-39.023155,-11.886136,-73.906822,-13.177500
7.612500,-51.920753,-20.035267,-34.069611,-11.994537,-77.232918,-13.217967
7.618750,-52.877083,-20.040503,-27.558123,-12.099813,-79.984825,-13.230069
7.625000,-53.845840,-20.044933,-19.926073,-12.195526,-82.153992,-13.216614
7.631250,-54.813911,-20.046661,-11.666871,-12.275381,-83.765839,-13.181756
7.637500,-55.769554,-20.043478,-3.296312,-12.334802,-84.886002,-13.129619
7.643750,-56.727917,-20.036575,6.842397,-12.371147,-85.621597,-13.063215
7.650000,-57.712429,-20.029587,16.897015,-12.384254,-86.112717,-12.983641
7.656250,-58.732952,-20.026627,26.911972,-12.375329,-86.520859,-12.890068
7.662500,-59.775150,-20.027098,35.032639,-12.346968,-87.013428,-12.779713
7.668750,-60.811203,-20.027636,42.913994,-12.302587,-87.749512,-12.648270
7.675000,-61.840183,-20.027859,50.050278,-12.246164,-88.863579,-12.492077
7.681250,-62.877792,-20.029444,55.965130,-12.181802,-90.451874,-12.308996
7.687500,-63.936008,-20.035770,60.236259,-12.113312,-92.576736,-12.099601
7.693750,-65.010811,-20.048233,62.513237,-12.042959,-95.270508,-11.864751
7.700000,-66.081024,-20.065718,62.539246,-11.971313,-98.538101,-11.605847
7.706250,-67.125626,-20.085480,60.170830,-11.898006,-102.348824,-11.325887
7.712500,-68.141678,-20.106613,55.386318,-11.821937,-106.638062,-11.030570
7.718750,-69.134384,-20.130241,48.289501,-11.742161,-111.321869,-10.727407
7.725000,-70.103813,-20.156803,39.101894,-11.657128,-114.411438,-10.426122
7.731250,-71.033447,-20.183901,28.148483,-11.564564,-117.437645,-10.137409
7.737500,-71.902496,-20.206268,15.844094,-11.461586,-119.786888,-9.871746
7.743750,-72.708672,-20.220755,2.682366,-11.346234,-120.900978,-9.638521
7.750000,-73.473572,-20.227554,-10.793028,-11.218095,-120.305550,-9.445120
7.756250,-74.218018,-20.227476,-24.019209,-11.078561,-117.630203,-9.297660
7.762500,-74.942406,-20.218287,-36.446068,-10.930573,-112.625710,-9.200244
7.768750,-75.638756,-20.195217,-47.568829,-10.777344,-105.177612,-9.154375
7.775000,-76.319733,-20.155201,-56.957840,-10.622381,-95.309486,-9.157773
7.781250,-77.022293,-20.099096,-64.271805,-10.469347,-83.169792,-9.204766
7.787500,-77.792145,-20.031355,-69.277138,-10.322918,-69.017326,-9.287590
7.793750,-78.662460,-19.956337,-71.860649,-10.187558,-53.198223,-9.397367
7.800000,-79.639847,-19.875620,-72.038010,-10.067644,-36.127918,-9.525630
7.806250,-80.721222,-19.788139,-69.956741,-9.966133,-18.272390,-9.663034
7.812500,-81.923523,-19.696564,-65.885086,-9.884252,-0.126533,-9.800010
7.818750,-83.285316,-19.608227,-60.196823,-9.821426,17.817629,-9.928035
7.825000,-84.834145,-19.531034,-53.346634,-9.775447,35.097885,-10.040125
7.831250,-86.562813,-19.471046,-45.843807,-9.742569,51.299595,-10.131735
7.837500,-88.445068,-19.430262,-38.224419,-9.718538,66.074356,-10.200432
7.843750,-90.453819,-19.409380,-28.856401,-9.698193,79.150314,-10.245923
7.850000,-92.577492,-19.411888,-19.608974,-9.676684,90.341209,-10.269179
7.856250,-94.815865,-19.442778,-10.445584,-9.649561,99.554260,-10.271954
7.862500,-97.151794,-19.506289,-1.317722,-9.613346,106.793518,-10.257496
7.868750,-99.548180,-19.603506,7.827578,-9.565311,112.159622,-10.229172
7.875000,-101.956894,-19.731081,17.048370,-9.504663,115.842628,-10.190944
7.881250,-104.336868,-19.885464,26.398989,-9.431835,118.109474,-10.145786
7.887500,-106.685875,-20.067785,34.029259,-9.348128,119.291191,-10.095633
7.893750,-109.002136,-20.280437,41.596642,-9.256351,119.770378,-10.040728
7.900000,-111.266235,-20.523779,48.589767,-9.160222,119.962677,-9.980139
7.906250,-113.437233,-20.793131,54.522636,-9.064189,118.132439,-9.911325
7.912500,-115.473969,-21.083117,58.955513,-8.972931,116.074341,-9.831099
7.918750,-117.378410,-21.083117,61.515900,-8.972931,113.708466,-9.831099
7.925000,-117.378410,-21.083117,61.515900,-8.972931,113.708466,-9.831099
7.931250,-117.378410,-21.083117,61.515900,-8.972931,113.708466,-9.831099
7.937500,-117.378410,-21.083117,61.515900,-8.972931,113.708466,-9.831099
7.943750,-117.378410,-21.083117,61.515900,-8.972931,113.708466,-9.831099
7.950000,-117.378410,-21.083117,61.515900,-8.972931,113.708466,-9.831099
7.956250,-117.378410,-21.083117,61.515900,-8.972931,113.708466,-9.831099
7.962500,-117.378410,-21.083117,61.515900,-8.972931,113.708466,-9.831099
7.968750,-117.378410,-21.083117,61.515900,-8.972931,113.708466,-9.831099
7.975000,-117.378410,-21.083117,61.515900,-8.972931,113.708466,-9.831099
7.981250,-117.378410,-21.083117,61.515900,-8.972931,113.708466,-9.831099
7.987500,-117.378410,-21.083117,61.515900,-8.972931,113.708466,-9.831099
7.993750,-117.378410,-21.083117,61.515900,-8.972931,113.708466,-9.831099
8.000000,-117.378410,-21.083117,61.515900,-8.972931,113.708466,-9.831099
