Anritsu VNA Frequency[GHz],S21[deg],S21[dB],S11[deg],S11[dB],S22[deg],S22[dB]
1338038882.63,2012_05_26_14:28:02,+298.24,+298.28,+297.92,+298.16,+297.61,+298.66,+298.14,+298.66,243.702881,-6.485
3.006250,23.575266,-24.960569,-93.301056,-9.162524,-13.607206,-6.857255
3.012500,23.575266,-24.960569,-93.301056,-9.162524,-13.607206,-6.857255
3.018750,23.575266,-24.960569,-93.301056,-9.162524,-13.607206,-6.857255
3.025000,23.575266,-24.960569,-93.301056,-9.162524,-13.607206,-6.857255
3.031250,23.575266,-24.960569,-93.301056,-9.162524,-13.607206,-6.857255
3.037500,23.575266,-24.960569,-93.301056,-9.162524,-13.607206,-6.857255
3.043750,23.575266,-24.960569,-93.301056,-9.162524,-13.607206,-6.857255
3.050000,23.575266,-24.960569,-93.301056,-9.162524,-13.607206,-6.857255
3.056250,23.575266,-24.960569,-93.301056,-9.162524,-13.607206,-6.857255
3.062500,23.575266,-24.960569,-93.301056,-9.162524,-13.607206,-6.857255
3.068750,23.575266,-24.960569,-93.301056,-9.162524,-13.607206,-6.857255
3.075000,23.575266,-24.960569,-93.301056,-9.162524,-13.607206,-6.857255
3.081250,23.575266,-24.960569,-93.301056,-9.162524,-13.607206,-6.857255
3.087500,23.575266,-24.960569,-93.301056,-9.162524,-13.607206,-6.857255
3.093750,23.575266,-25.168299,-93.301056,-9.003772,-13.607206,-6.873557
3.100000,23.325102,-25.351366,-85.326920,-8.854769,-18.436657,-6.885530
3.106250,23.397118,-25.502312,-76.420555,-8.725227,-23.173355,-6.893907
3.112500,23.740700,-25.615511,-65.003059,-8.625359,-27.819721,-6.899700
3.118750,24.311132,-25.684803,-53.055229,-8.563165,-32.381874,-6.904355
3.125000,25.062775,-25.703585,-40.708527,-8.542562,-36.868896,-6.909723
3.131250,25.931246,-25.668818,-28.114153,-8.566243,-41.294724,-6.917384
3.137500,26.827253,-25.583359,-15.414421,-8.638016,-45.677727,-6.928236
3.143750,27.655592,-25.454857,-2.764510,-8.759341,-50.041424,-6.942317
3.150000,28.351379,-25.290302,9.661387,-8.927859,-54.407879,-6.958632
3.156250,28.874331,-25.095201,21.686811,-9.137550,-58.796940,-6.975672
3.162500,29.191040,-24.876495,33.147549,-9.379046,-63.222797,-6.991350
3.168750,29.257860,-24.644442,43.910404,-9.638822,-67.695023,-7.003591
3.175000,29.042809,-24.412107,53.880089,-9.902303,-72.217377,-7.010404
3.181250,28.530348,-24.191790,63.007362,-10.153933,-76.790359,-7.009929
3.187500,27.754709,-23.990568,71.292145,-10.379095,-81.409729,-7.000881
3.193750,26.763165,-23.813164,78.781761,-10.564072,-86.067902,-6.982613
3.200000,25.603067,-23.662416,83.670166,-10.697339,-90.755043,-6.955163
3.206250,24.305843,-23.542290,87.703262,-10.770537,-95.458344,-6.919760
3.212500,22.913916,-23.455698,90.500702,-10.777884,-100.166649,-6.878399
3.218750,21.483767,-23.401794,91.739731,-10.717336,-104.871338,-6.833638
3.225000,20.076582,-23.374449,91.172852,-10.590046,-107.673264,-6.788471
3.231250,18.746521,-23.367281,88.638977,-10.400849,-110.192871,-6.745878
3.237500,17.515503,-23.375572,84.072403,-10.157719,-111.900726,-6.708400
3.243750,16.385080,-23.395834,77.506416,-9.871967,-112.310295,-6.678116
3.250000,15.364594,-23.424412,69.073921,-9.557634,-111.001991,-6.656494
3.256250,14.468788,-23.455048,58.994350,-9.231601,-107.643654,-6.644148
3.262500,13.702425,-23.480494,47.576069,-8.911751,-102.004936,-6.640844
3.268750,13.044372,-23.497562,35.189976,-8.616923,-93.970840,-6.645326
3.275000,12.453856,-23.506514,22.261366,-8.366338,-83.543877,-6.655826
3.281250,11.891558,-23.510231,9.249730,-8.179164,-70.845184,-6.670140
3.287500,11.342116,-23.509354,-3.369421,-8.075230,-56.106041,-6.686027
3.293750,10.799677,-23.503229,-15.114456,-8.081530,-39.656528,-6.701644
3.300000,10.255114,-23.491932,-25.505125,-8.288508,-21.910934,-6.715469
3.306250,9.682742,-23.478895,-33.685383,-8.527062,-3.348259,-6.726484
3.312500,9.053294,-23.470366,-41.038750,-8.897879,15.512300,-6.734328
3.318750,8.359276,-23.470556,-45.924477,-9.414979,34.135311,-6.739305
3.325000,7.623230,-23.480736,-48.453957,-10.069919,51.996235,-6.742030
3.331250,6.866580,-23.500635,-48.811764,-10.842048,68.606628,-6.743626
3.337500,6.097862,-23.531420,-47.259174,-11.701686,83.537399,-6.745322
3.343750,5.311267,-23.577410,-44.122517,-12.612764,96.441399,-6.748546
3.350000,4.514030,-23.641972,-39.801365,-13.534913,107.069687,-6.754657
3.356250,3.736666,-23.724245,-34.742088,-14.425655,115.284225,-6.764542
3.362500,3.027682,-23.819992,-29.411882,-15.241810,121.063950,-6.778540
3.368750,2.405940,-23.926064,-24.297758,-15.943904,124.507706,-6.796047
3.375000,1.875356,-24.042467,-19.854029,-16.497608,125.831306,-6.815976
3.381250,1.428635,-24.170135,-14.329797,-16.874889,125.360031,-6.837008
3.387500,1.089215,-24.306242,-9.447735,-17.056311,123.509964,-6.857709
3.393750,0.888630,-24.444960,-4.999501,-17.032017,120.769661,-6.876664
3.400000,0.842362,-24.579571,-0.752027,-16.802376,117.673004,-6.892496
3.406250,0.943562,-24.706070,3.541766,-16.378162,112.605530,-6.903810
3.412500,1.158636,-24.825750,8.132913,-15.780250,107.475182,-6.909741
3.418750,1.464310,-24.938440,13.260592,-15.039250,102.301308,-6.910163
3.425000,1.865273,-25.041468,17.249640,-14.194073,97.107994,-6.905965
3.431250,2.362582,-25.130672,21.902063,-13.290710,91.920807,-6.898797
3.437500,2.936081,-25.203241,26.829145,-12.381175,86.763321,-6.891060
3.443750,3.547281,-25.263021,31.588089,-11.516931,81.652679,-6.885199
3.450000,4.147757,-25.316803,35.889874,-10.751843,76.600563,-6.883761
3.456250,4.727919,-25.368441,39.355877,-10.137137,71.611870,-6.889115
3.462500,5.305765,-25.417749,41.715744,-9.721453,66.686028,-6.903344
3.468750,5.895126,-25.464840,42.897537,-9.486995,61.818237,-6.928052
3.475000,6.491416,-25.511749,42.945255,-9.436210,56.996735,-6.964181
3.481250,7.083223,-25.563496,41.616268,-9.485589,52.205925,-7.011935
3.487500,7.679453,-25.624384,36.742310,-9.809347,47.426807,-7.070262
3.493750,8.320568,-25.692791,32.096298,-10.308568,42.640163,-7.137152
3.500000,9.056123,-25.763145,26.324474,-10.940717,37.831188,-7.209600
3.506250,9.918701,-25.828974,19.542604,-11.659131,32.991596,-7.284475
3.512500,10.911115,-25.887167,11.966343,-12.420081,28.119049,-7.358604
3.518750,12.024878,-25.935814,3.803954,-13.179528,23.217293,-7.429120
3.525000,13.267372,-25.969652,-4.722527,-13.895072,18.293385,-7.493584
3.531250,14.654675,-25.980545,-13.378407,-14.527491,13.357510,-7.550125
3.537500,16.178722,-25.960440,-21.933308,-15.041922,8.420954,-7.597674
3.543750,17.795361,-25.905798,-30.177572,-15.411365,3.495658,-7.635879
3.550000,19.446119,-25.818687,-37.910183,-15.616355,-1.408770,-7.665295
3.556250,21.064508,-25.702946,-44.980328,-15.647069,-6.287715,-7.686937
3.562500,22.629835,-25.559048,-51.273785,-15.505074,-11.142247,-7.702621
3.568750,24.109852,-25.388309,-56.728325,-15.199573,-15.979826,-7.714293
3.575000,25.463428,-25.195702,-61.302925,-14.751429,-20.813921,-7.724298
3.581250,26.638262,-24.991682,-65.023994,-14.188672,-25.663212,-7.734703
3.587500,27.590034,-24.789833,-67.949478,-13.545259,-30.549707,-7.747334
3.593750,28.329739,-24.598181,-70.171669,-12.860692,-35.496326,-7.763612
3.600000,28.901592,-24.421211,-71.824532,-12.178646,-40.523705,-7.784446
3.606250,29.350397,-24.260592,-70.900169,-11.543673,-45.648560,-7.810259
3.612500,29.711834,-24.118797,-68.936958,-11.004139,-50.879833,-7.841303
3.618750,30.020449,-23.999935,-65.647942,-10.623056,-56.218163,-7.877765
3.625000,30.316286,-23.903875,-60.840874,-10.377482,-61.655010,-7.920074
3.631250,30.674709,-23.824059,-55.130646,-10.263834,-67.175285,-7.968833
3.637500,31.162247,-23.750519,-47.935749,-10.308809,-72.758781,-8.024479
3.643750,31.813259,-23.673996,-39.547112,-10.493307,-78.380547,-8.087605
3.650000,32.631969,-23.586760,-30.545158,-10.836655,-84.014954,-8.159271
3.656250,33.610817,-23.482296,-21.654385,-11.306490,-89.633827,-8.240929
3.662500,34.740948,-23.349669,-13.243962,-11.856026,-95.211296,-8.334369
3.668750,35.981861,-23.184603,-3.807223,-12.439257,-100.726509,-8.441427
3.675000,37.352020,-22.977724,4.714675,-13.013495,-106.164864,-8.563745
3.681250,38.744629,-22.726789,12.267061,-13.534818,-109.626480,-8.702431
3.687500,40.060772,-22.437866,18.873146,-13.970919,-112.737190,-8.857630
3.693750,41.229168,-22.116383,24.548010,-14.292758,-114.974876,-9.028357
3.700000,42.197464,-21.768780,29.391529,-14.478099,-115.861969,-9.212775
3.706250,42.931850,-21.400864,33.546852,-14.513223,-114.985283,-9.408601
3.712500,43.386772,-21.021660,37.202045,-14.392859,-112.016716,-9.612643
3.718750,43.520168,-20.644642,40.579308,-14.121057,-106.731163,-9.820798
3.725000,43.309666,-20.283566,43.922951,-13.710846,-99.016273,-10.027913
3.731250,42.778072,-19.947847,45.590717,-13.183297,-88.875343,-10.228591
3.737500,41.980701,-19.642756,47.452229,-12.566819,-76.425827,-10.417630
3.743750,40.969631,-19.373402,49.200218,-11.894711,-61.893974,-10.590394
3.750000,39.794926,-19.142126,50.538105,-11.207039,-45.603870,-10.743631
3.756250,38.501091,-18.952572,51.151901,-10.542962,-27.961712,-10.875796
3.762500,37.158455,-18.803532,50.755428,-9.937452,-9.438675,-10.987695
3.768750,35.842987,-18.688293,49.060638,-9.416021,9.449894,-11.082265
3.775000,34.621559,-18.599043,45.847778,-9.003154,28.163092,-11.162886
3.781250,33.528648,-18.528500,40.987198,-8.718015,46.156532,-11.231988
3.787500,32.582241,-18.469795,34.369652,-8.567405,62.920811,-11.292449
3.793750,31.788694,-18.416195,25.920235,-8.537229,78.017372,-11.349975
3.800000,31.155249,-18.359907,15.638893,-8.574254,91.089378,-11.410816
3.806250,30.675663,-18.293457,3.676070,-8.701931,101.864540,-11.479440
3.812500,30.317715,-18.212076,-9.068865,-8.917397,110.177574,-11.558212
3.818750,30.033165,-18.115225,-22.822350,-9.169729,115.983109,-11.647616
3.825000,29.774302,-18.004179,-37.149788,-9.427158,119.366692,-11.746560
3.831250,29.506033,-17.880098,-51.546352,-9.664534,120.541748,-11.853255
3.837500,29.199072,-17.744291,-65.505722,-9.861919,119.840813,-11.965631
3.843750,28.823982,-17.600174,-78.544220,-10.004464,117.697128,-12.082227
3.850000,28.344128,-17.454002,-90.228439,-10.082891,114.621033,-12.203186
3.856250,27.732058,-17.313318,-100.194695,-10.092957,111.171021,-12.330855
3.862500,26.986534,-17.183922,-108.169861,-10.034752,105.747063,-12.468493
3.868750,26.124485,-17.069780,-113.981384,-9.912927,100.241592,-12.613773
3.875000,25.168188,-16.973961,-117.566879,-9.735368,94.642090,-12.763829
3.881250,24.141056,-16.899269,-118.974251,-9.513878,88.988258,-12.926172
3.887500,23.063498,-16.848093,-118.360535,-9.262225,83.322914,-13.109815
3.893750,21.972464,-16.820578,-115.980469,-8.996231,77.635208,-13.320768
3.900000,20.909426,-16.814375,-112.174980,-8.733057,71.894600,-13.561636
3.906250,19.912071,-16.825939,-107.355545,-8.490247,66.069885,-13.833168
3.912500,19.007034,-16.851650,-99.813728,-8.284448,60.137432,-14.134514
3.918750,18.212742,-16.887432,-91.398651,-8.131479,54.089592,-14.463967
3.925000,17.542669,-16.928820,-82.107796,-8.044904,47.929710,-14.819388
3.931250,17.008141,-16.970297,-71.979729,-8.035554,41.679043,-15.198364
3.937500,16.612318,-17.006460,-61.093224,-8.109658,35.371235,-15.598281
3.943750,16.343149,-17.032921,-49.571819,-8.264339,29.056120,-16.016975
3.950000,16.177511,-17.048067,-37.548286,-8.500207,22.795446,-16.452469
3.956250,16.088127,-17.050076,-25.127024,-8.822346,16.654436,-16.901577
3.962500,16.055286,-17.037506,-12.465036,-9.227788,10.696321,-17.359190
3.968750,16.057053,-17.009451,0.234855,-9.706678,4.996570,-17.823914
3.975000,16.063374,-16.966789,12.766852,-10.244764,-0.334331,-18.297815
3.981250,16.040722,-16.912542,24.944818,-10.824822,-5.226668,-18.783281
3.987500,15.959297,-16.850760,36.606991,-11.427478,-9.636580,-19.279762
3.993750,15.805165,-16.784773,47.620533,-12.031426,-13.542481,-19.786135
4.000000,15.573436,-16.717495,57.888496,-12.614606,-16.930183,-20.300257
4.006250,15.260947,-16.651634,67.353325,-13.154886,-19.798452,-20.819763
4.012500,14.863675,-16.590696,76.004700,-13.631583,-22.160378,-21.341557
4.018750,14.379694,-16.538750,81.986351,-14.026808,-24.040216,-21.863197
4.025000,13.816140,-16.499571,87.003288,-14.326810,-25.491615,-22.383293
4.031250,13.190232,-16.475197,90.649994,-14.522398,-26.595367,-22.898066
4.037500,12.528529,-16.466436,92.593483,-14.610016,-27.507698,-23.382130
4.043750,11.851881,-16.473429,92.592010,-14.591963,-28.412010,-23.814995
4.050000,11.182786,-16.496094,90.504768,-14.476155,-29.300821,-24.200872
4.056250,10.538415,-16.534159,86.296043,-14.276705,-30.201147,-24.543776
4.062500,9.940390,-16.586359,80.037941,-14.012599,-31.253510,-24.835981
4.068750,9.412548,-16.650087,71.907433,-13.707972,-32.620438,-25.065052
4.075000,8.973700,-16.722311,62.174416,-13.390633,-34.407139,-25.220785
4.081250,8.638050,-16.800035,51.188736,-13.090927,-36.669914,-25.296919
4.087500,8.412115,-16.880180,39.353035,-12.841326,-39.423767,-25.291349
4.093750,8.301385,-16.959459,27.102337,-12.673223,-42.647556,-25.206911
4.100000,8.306166,-17.034582,14.867743,-12.610380,-46.280464,-25.051874
4.106250,8.424928,-17.102188,3.041854,-12.663880,-50.225403,-24.839443
4.112500,8.649101,-17.159418,-7.981077,-12.840303,-54.345985,-24.586168
4.118750,8.965290,-17.204081,-17.804831,-13.142110,-58.451077,-24.307747
4.125000,9.354692,-17.235357,-26.057684,-13.573476,-62.293991,-24.009989
4.131250,9.799664,-17.252001,-32.442268,-14.133410,-65.613708,-23.701426
4.137500,10.284987,-17.253731,-36.809746,-14.802811,-68.177956,-23.399405
4.143750,10.792909,-17.240236,-39.108936,-15.556923,-69.685791,-23.124571
4.150000,11.303628,-17.211926,-39.317581,-16.370209,-69.811356,-22.892576
4.156250,11.798472,-17.170204,-37.478313,-17.218515,-68.301628,-22.710909
4.162500,12.257333,-17.117113,-33.725445,-18.078487,-64.930374,-22.580502
4.168750,12.667814,-17.054892,-28.297766,-18.922628,-61.415874,-22.501106
4.175000,13.018742,-16.985811,-21.530155,-19.721842,-56.020653,-22.469208
4.181250,13.305664,-16.911638,-13.778924,-20.456652,-49.246464,-22.478638
4.187500,13.525724,-16.834341,-5.424431,-21.113464,-41.637859,-22.519382
4.193750,13.675965,-16.756020,3.081092,-21.679922,-33.756107,-22.578499
4.200000,13.756753,-16.678804,13.422776,-22.144590,-26.158352,-22.638443
4.206250,13.770471,-16.604403,23.762835,-22.497471,-19.347391,-22.676916
4.212500,13.725210,-16.533936,32.258598,-22.730757,-13.743275,-22.670889
4.218750,13.629735,-16.468025,40.578434,-22.839905,-9.600716,-22.621449
4.225000,13.491690,-16.407314,48.231033,-22.823895,-7.015202,-22.534306
4.231250,13.314795,-16.352917,54.753956,-22.685047,-6.134071,-22.407545
4.237500,13.108010,-16.305229,59.743359,-22.428471,-6.962924,-22.258392
4.243750,12.882585,-16.263931,62.871052,-22.062317,-9.357800,-22.184027
4.250000,12.648675,-16.228502,63.906395,-21.596560,-13.361392,-22.012568
4.256250,12.412276,-16.198538,62.728458,-21.042648,-17.056677,-21.863546
4.262500,12.178155,-16.173864,59.334454,-20.412502,-23.183689,-21.775351
4.268750,11.949702,-16.154272,53.847576,-19.716787,-29.412025,-21.769363
4.275000,11.731607,-16.139580,46.512100,-18.966757,-35.581375,-21.854446
4.281250,11.531481,-16.129097,37.696659,-18.177605,-41.548866,-22.030506
4.287500,11.354751,-16.121822,27.896275,-17.373192,-47.190575,-22.288031
4.293750,11.206185,-16.116743,17.647938,-16.575277,-52.419827,-22.611092
4.300000,11.086585,-16.113331,7.482444,-15.802358,-57.220596,-22.982285
4.306250,10.998020,-16.110689,-2.071170,-15.072720,-61.672951,-23.395536
4.312500,10.942793,-16.107964,-10.480946,-14.405186,-65.929108,-23.841797
4.318750,10.922771,-16.103487,-17.274267,-13.818163,-70.192749,-24.287188
4.325000,10.938531,-16.096064,-22.067986,-13.327477,-72.863312,-24.701908
4.331250,10.986044,-16.084629,-24.603489,-12.944901,-75.767525,-25.077826
4.337500,11.058109,-16.068373,-24.762127,-12.675503,-78.669464,-25.407433
4.343750,11.150167,-16.046867,-22.572834,-12.514231,-81.450615,-25.682465
4.350000,11.254441,-16.019218,-18.184174,-12.453191,-81.877892,-25.895929
4.356250,11.364211,-15.985236,-11.811035,-12.490112,-81.283463,-26.043379
4.362500,11.469159,-15.944742,-3.805191,-12.614765,-79.163071,-26.122253
4.368750,11.557208,-15.898288,5.335598,-12.808836,-76.993225,-26.133902
4.375000,11.617137,-15.846890,15.056845,-13.049820,-72.839424,-26.085157
4.381250,11.638737,-15.791862,24.779549,-13.313763,-67.040230,-25.988684
4.387500,11.610199,-15.735228,33.922421,-13.576713,-60.007698,-25.862532
4.393750,11.528911,-15.678782,44.098301,-13.815705,-52.190258,-25.727951
4.400000,11.390155,-15.624084,53.442448,-14.009584,-44.043285,-25.607641
4.406250,11.195232,-15.573309,62.021450,-14.140471,-35.973495,-25.504898
4.412500,10.943813,-15.528437,68.042633,-14.194490,-28.288572,-25.407970
4.418750,10.638780,-15.491565,73.257469,-14.162627,-21.427465,-25.312752
4.425000,10.290859,-15.464075,77.286980,-14.040994,-15.727766,-25.122837
4.431250,9.913796,-15.446378,79.802177,-13.830823,-11.025115,-25.028818
4.437500,9.523314,-15.438656,80.542038,-13.537923,-9.127452,-24.946148
4.443750,9.127881,-15.441167,79.323181,-13.172160,-6.813889,-24.854776
4.450000,8.741088,-15.453972,76.052612,-12.747057,-5.635800,-24.743740
4.456250,8.377096,-15.476310,70.730972,-12.279003,-5.178292,-24.608311
4.462500,8.052234,-15.506107,63.455444,-11.786502,-4.980297,-24.447126
4.468750,7.780520,-15.541405,54.411026,-11.288312,-4.553771,-24.263201
4.475000,7.568972,-15.580258,43.861946,-10.801908,-3.406683,-24.063303
4.481250,7.419512,-15.621092,32.141136,-10.342873,-1.047874,-23.856810
4.487500,7.335306,-15.662266,19.640360,-9.924100,1.146674,-23.629333
4.493750,7.317732,-15.701348,6.789299,-9.555247,5.354967,-23.364702
4.500000,7.366252,-15.736447,-5.961380,-9.242155,11.399874,-23.090637
4.506250,7.473424,-15.766256,-18.161406,-8.985722,17.006075,-22.832817
4.512500,7.630791,-15.790155,-29.380888,-8.782331,23.316025,-22.593809
4.518750,7.831165,-15.807513,-39.220573,-8.625411,29.629496,-22.372723
4.525000,8.067487,-15.817185,-47.320354,-8.510053,35.327385,-22.168686
4.531250,8.335740,-15.818075,-53.381046,-8.434194,39.848076,-21.980333
4.537500,8.625751,-15.809255,-57.222065,-8.391500,42.693192,-21.806414
4.543750,8.923530,-15.791149,-58.782890,-8.373818,43.439030,-21.648317
4.550000,9.212991,-15.764981,-58.099873,-8.374507,43.928768,-21.509796
4.556250,9.483723,-15.731448,-55.312668,-8.388686,42.603275,-21.394121
4.562500,9.728264,-15.691539,-50.670502,-8.412563,39.911789,-21.300831
4.568750,9.944091,-15.645633,-44.523296,-8.442686,36.389744,-21.221878
4.575000,10.119718,-15.594922,-37.304260,-8.476063,32.588276,-21.150459
4.581250,10.249327,-15.541089,-29.507576,-8.510009,29.022875,-21.080252
4.587500,10.325296,-15.485486,-21.664682,-8.541477,26.145323,-21.023760
4.593750,10.343967,-15.429970,-12.147446,-8.567652,22.398157,-21.008593
4.600000,10.305212,-15.376457,-2.838176,-8.585621,19.860048,-21.044596
4.606250,10.207859,-15.326889,6.282717,-8.592380,18.384596,-21.155571
4.612500,10.055457,-15.283237,15.243219,-8.585304,17.739182,-21.340443
4.618750,9.853932,-15.246973,24.080297,-8.562424,18.057028,-21.560722
4.625000,9.616971,-15.218741,32.840782,-8.523207,18.667206,-21.858505
4.631250,9.357700,-15.198864,41.576565,-8.468488,19.249542,-22.247561
4.637500,9.087516,-15.187060,48.446186,-8.399997,19.628500,-22.726610
4.643750,8.818139,-15.183242,55.120094,-8.320420,19.653408,-23.283117
4.650000,8.562651,-15.186410,61.111603,-8.233086,19.194441,-23.895102
4.656250,8.332277,-15.195230,65.967186,-8.142976,18.140053,-24.532465
4.662500,8.137576,-15.207974,69.286453,-8.055552,16.385868,-25.161869
4.668750,7.984285,-15.222580,70.741844,-7.976597,15.953149,-25.786375
4.675000,7.874804,-15.237663,70.092659,-7.911840,15.279840,-26.409389
4.681250,7.810064,-15.251485,67.198967,-7.866459,13.619646,-26.922878
4.687500,7.788277,-15.262185,62.025658,-7.844820,12.593735,-27.359535
4.693750,7.804591,-15.268283,54.644730,-7.849525,12.084183,-27.719528
4.700000,7.851297,-15.268529,45.233604,-7.880400,12.057239,-27.998278
4.706250,7.916807,-15.262398,34.070698,-7.935454,12.445415,-28.193125
4.712500,7.984943,-15.250449,21.528057,-8.011824,13.160197,-28.303162
4.718750,8.042283,-15.233785,8.054082,-8.106220,14.094790,-28.329651
4.725000,8.077316,-15.213730,-5.859032,-8.214249,15.129729,-28.274994
4.731250,8.086342,-15.191197,-19.695089,-8.329776,16.143066,-28.142143
4.737500,8.063256,-15.167784,-32.937088,-8.446120,17.010698,-27.934374
4.743750,8.004363,-15.145079,-45.087158,-8.556680,17.600319,-27.659218
4.750000,7.906841,-15.124718,-55.690907,-8.655779,17.767134,-27.333096
4.756250,7.776322,-15.107986,-64.363800,-8.739293,17.390192,-26.973885
4.762500,7.618657,-15.095616,-70.809731,-8.804684,16.424444,-26.596401
4.768750,7.441470,-15.088511,-74.837883,-8.851758,14.871278,-26.212946
4.775000,7.253584,-15.086879,-76.376541,-8.881820,14.936026,-25.830414
4.781250,7.065793,-15.090140,-75.477119,-8.897707,13.433216,-25.448397
4.787500,6.888659,-15.097472,-72.316902,-8.903069,12.563757,-25.050695
4.793750,6.728889,-15.107875,-67.186600,-8.901987,12.285916,-24.647297
4.800000,6.591475,-15.120554,-60.474033,-8.899460,12.049525,-24.297073
4.806250,6.480603,-15.134728,-52.643444,-8.901290,12.058942,-23.979271
4.812500,6.398037,-15.148789,-44.216774,-8.913445,12.236495,-23.689827
4.818750,6.347901,-15.161303,-33.578732,-8.941295,12.388099,-23.429359
4.825000,6.328150,-15.171027,-22.648933,-8.988691,12.319477,-23.199026
4.831250,6.331325,-15.177365,-11.465893,-9.058543,11.851388,-22.998053
4.837500,6.349815,-15.180225,-0.076709,-9.152068,10.832362,-22.822170
4.843750,6.377470,-15.179372,11.472312,-9.269937,9.146093,-22.659887
4.850000,6.410250,-15.174669,21.242115,-9.412531,6.714201,-22.480997
4.856250,6.443366,-15.165992,30.816776,-9.580305,3.482038,-22.261036
4.862500,6.467446,-15.153997,39.628738,-9.773620,0.906981,-22.085672
4.868750,6.476728,-15.139556,47.158791,-9.993382,-1.945377,-21.914595
4.875000,6.466513,-15.123225,52.958538,-10.241940,-4.491757,-21.734211
4.881250,6.435945,-15.105435,56.668747,-10.522443,-6.271677,-21.546139
4.887500,6.383663,-15.086385,58.019901,-10.834614,-8.802890,-21.362509
4.893750,6.306136,-15.067086,56.848820,-11.175568,-10.093788,-21.195244
4.900000,6.198712,-15.048963,53.143055,-11.545879,-10.335446,-21.051941
4.906250,6.061045,-15.033218,47.021286,-11.947020,-9.756010,-20.937695
4.912500,5.897375,-15.019835,38.686867,-12.377330,-8.633451,-20.855045
4.918750,5.714400,-15.008718,28.429682,-12.832157,-7.294466,-20.806618
4.925000,5.512302,-15.000237,16.624981,-13.303653,-6.099770,-20.796213
4.931250,5.290490,-14.995541,3.724085,-13.781219,-5.434971,-20.829954
4.937500,5.048044,-14.995332,-9.770032,-14.252726,-5.716714,-20.906364
4.943750,4.791648,-15.000241,-23.318253,-14.705618,-7.470315,-20.994225
4.950000,4.528047,-15.009820,-36.376057,-15.128137,-9.192874,-21.093222
4.956250,4.264907,-15.023625,-48.415901,-15.509819,-12.761632,-21.210901
4.962500,4.003999,-15.041638,-58.954216,-15.840708,-15.814055,-21.348238
4.968750,3.747854,-15.063931,-67.575401,-16.112688,-19.510050,-21.500368
4.975000,3.498885,-15.090626,-73.950920,-16.319225,-23.116011,-21.659546
4.981250,3.263900,-15.121043,-77.852562,-16.456301,-27.835554,-21.817898
4.987500,3.047718,-15.154115,-79.167084,-16.522444,-31.423805,-21.969454
4.993750,2.854423,-15.189083,-77.895760,-16.519279,-33.879200,-22.111706
5.000000,2.682182,-15.225570,-74.161789,-16.451351,-35.280258,-22.245752
5.006250,2.528570,-15.263574,-68.202339,-16.325418,-35.769562,-22.378069
5.012500,2.393029,-15.303012,-60.360622,-16.149826,-35.537498,-22.524868
5.018750,2.279814,-15.343098,-51.067352,-15.934059,-34.798950,-22.717672
5.025000,2.190308,-15.382973,-40.823433,-15.687952,-33.536949,-22.881910
5.031250,2.123041,-15.422249,-29.900675,-15.421935,-31.929298,-23.052141
5.037500,2.073117,-15.460983,-18.600584,-15.145596,-30.454676,-23.242184
5.043750,2.038736,-15.499536,-7.514100,-14.868336,-29.236931,-23.448521
5.050000,2.018872,-15.537759,2.776486,-14.596940,-28.376156,-23.660440
5.056250,2.017451,-15.575213,11.733050,-14.335034,-28.005865,-23.873932
5.062500,2.033415,-15.611218,18.892727,-14.084443,-28.247469,-24.081102
5.068750,2.065539,-15.645931,23.913666,-13.849968,-26.963200,-24.267057
5.075000,2.111876,-15.679368,26.583567,-13.639388,-25.543453,-24.418968
5.081250,2.170947,-15.711202,26.779558,-13.455354,-23.523670,-24.528843
5.087500,2.244043,-15.740876,24.481115,-13.296265,-20.478006,-24.591782
5.093750,2.329760,-15.768140,19.810976,-13.159183,-17.927464,-24.607130
5.100000,2.423716,-15.792927,13.021455,-13.040015,-13.936482,-24.579088
5.106250,2.522660,-15.815474,4.474826,-12.934352,-8.796280,-24.521036
5.112500,2.622115,-15.836140,-5.381626,-12.837878,-2.794353,-24.437502
5.118750,2.721206,-15.855238,-16.036978,-12.746518,4.137609,-24.261469
5.125000,2.817182,-15.872597,-26.951340,-12.655595,11.708032,-24.061010
5.131250,2.910331,-15.888329,-37.578564,-12.559414,17.446718,-23.856316
5.137500,2.995442,-15.903257,-47.398773,-12.451814,22.525084,-23.649160
5.143750,3.068740,-15.918601,-55.937767,-12.327826,26.407078,-23.441147
5.150000,3.129050,-15.935255,-62.791210,-12.184361,28.675987,-23.234100
5.156250,3.184152,-15.953063,-67.647697,-12.020586,29.014786,-23.030121
5.162500,3.240040,-15.971444,-70.312004,-11.837082,29.378983,-22.831179
5.168750,3.299215,-15.990059,-70.715073,-11.635658,28.308859,-22.639198
5.175000,3.358494,-16.009485,-68.915894,-11.418824,26.308634,-22.455780
5.181250,3.416939,-16.030415,-65.094185,-11.190125,23.936167,-22.282820
5.187500,3.477991,-16.052870,-59.539402,-10.954025,21.775602,-22.120838
5.193750,3.549472,-16.076191,-52.637093,-10.715597,20.419464,-21.959213
5.200000,3.634845,-16.099640,-44.853512,-10.479643,18.594275,-21.738762
5.206250,3.735770,-16.123165,-36.704746,-10.250829,18.152870,-21.535879
5.212500,3.851565,-16.146677,-26.564224,-10.032523,18.651361,-21.340515
5.218750,3.986938,-16.169418,-16.330698,-9.827392,20.053362,-21.148584
5.225000,4.146919,-16.189734,-6.014176,-9.636715,22.027683,-20.961130
5.231250,4.332819,-16.206442,4.377592,-9.461787,24.193859,-20.782080
5.237500,4.537869,-16.219330,14.836275,-9.304021,26.151312,-20.617393
5.243750,4.754723,-16.229040,25.354057,-9.164203,27.496420,-20.474974
5.250000,4.981147,-16.235497,34.025753,-9.042738,27.839638,-20.365129
5.256250,5.219196,-16.237295,42.457905,-8.939278,26.816898,-20.300678
5.262500,5.471832,-16.233116,50.103661,-8.853531,24.083866,-20.288208
5.268750,5.732558,-16.222221,56.459209,-8.785277,19.292988,-20.316357
5.275000,5.989300,-16.205414,61.081627,-8.734444,14.388207,-20.383760
5.281250,6.229502,-16.183764,63.613907,-8.700595,7.941470,-20.487820
5.287500,6.449458,-16.157394,63.797123,-8.682787,0.377391,-20.605310
5.293750,6.649064,-16.125933,61.484417,-8.679297,-7.937617,-20.708317
5.300000,6.822655,-16.089481,56.650505,-8.687612,-17.035116,-20.853210
5.306250,6.959297,-16.049755,49.392391,-8.704805,-26.480865,-21.004578
5.312500,7.046531,-16.009045,39.929329,-8.727736,-35.861992,-21.146404
5.318750,7.082795,-15.969116,28.590569,-8.753193,-44.971439,-21.277851
5.325000,7.073064,-15.930455,15.795282,-8.777793,-53.629436,-21.414701
5.331250,7.024411,-15.893157,2.035928,-8.797654,-61.648335,-21.571495
5.337500,6.934806,-15.858400,-12.147583,-8.809005,-68.548859,-21.694128
5.343750,6.801592,-15.827902,-26.191545,-8.808753,-74.345047,-21.823326
5.350000,6.625973,-15.803579,-39.534115,-8.794558,-79.039139,-21.978460
5.356250,6.417043,-15.786107,-51.646427,-8.765256,-82.461273,-22.164125
5.362500,6.187446,-15.775633,-62.060410,-8.720338,-84.477257,-22.374041
5.368750,5.948465,-15.771980,-70.391106,-8.660452,-85.029701,-22.591518
5.375000,5.708502,-15.775136,-76.357155,-8.587043,-84.167229,-22.795538
5.381250,5.475908,-15.784779,-79.790527,-8.502900,-79.957443,-22.997065
5.387500,5.263278,-15.799844,-80.651253,-8.411541,-74.075829,-23.193722
5.393750,5.081272,-15.818615,-79.030945,-8.316833,-66.194511,-23.370283
5.400000,4.937167,-15.839464,-75.147919,-8.222446,-58.070278,-23.516537
5.406250,4.833708,-15.861173,-69.335716,-8.131884,-48.096882,-23.628662
5.412500,4.771392,-15.882552,-62.023537,-8.048670,-36.940460,-23.710457
5.418750,4.752863,-15.901838,-53.714531,-7.976366,-25.288622,-23.767496
5.425000,4.780642,-15.916761,-44.964695,-7.918003,-13.799588,-23.803507
5.431250,4.851135,-15.925256,-34.187275,-7.875791,-3.061548,-23.816334
5.437500,4.955245,-15.926589,-23.319515,-7.850957,6.434329,-23.798437
5.443750,5.077234,-15.920547,-12.410346,-7.843601,14.329292,-23.746077
5.450000,5.207228,-15.907013,-1.507937,-7.853065,20.469664,-23.676416
5.456250,5.337816,-15.885334,9.342587,-7.878363,24.807970,-23.594995
5.462500,5.460975,-15.855239,20.101166,-7.918346,27.356228,-23.499378
5.468750,5.560565,-15.817666,30.733131,-7.971426,28.324181,-23.389061
5.475000,5.620223,-15.774574,41.209290,-8.035813,28.061440,-23.266039
5.481250,5.629081,-15.728072,49.612568,-8.108953,27.014647,-23.133545
5.487500,5.586024,-15.679135,57.556011,-8.188701,25.687813,-22.995569
5.493750,5.490641,-15.628682,64.505280,-8.273511,24.611197,-22.856575
5.500000,5.339160,-15.578196,69.981003,-8.362552,24.322788,-22.718304
5.506250,5.126522,-15.529762,73.574890,-8.455468,23.463491,-22.560286
5.512500,4.853280,-15.485391,74.966934,-8.551516,24.184391,-22.346369
5.518750,4.526575,-15.445812,73.943329,-8.649734,25.887886,-22.148169
5.525000,4.155713,-15.411462,70.409073,-8.749156,28.318319,-21.953438
5.531250,3.745457,-15.382988,64.395630,-8.849118,31.293480,-21.757765
5.537500,3.298103,-15.362121,56.057541,-8.949382,34.457462,-21.561237
5.543750,2.819507,-15.349855,45.666317,-9.050033,37.432949,-21.364237
5.550000,2.322715,-15.345888,33.594780,-9.151073,39.850452,-21.167158
5.556250,1.824441,-15.348766,20.299536,-9.252863,41.360054,-20.969942
5.562500,1.334198,-15.357442,6.300570,-9.355704,41.641899,-20.771770
5.568750,0.852059,-15.371984,-7.846382,-9.460101,40.411560,-20.572809
5.575000,0.377660,-15.392920,-21.571411,-9.566523,37.419380,-20.376537
5.581250,-0.083930,-15.420014,-34.323925,-9.676003,34.612339,-20.190512
5.587500,-0.521103,-15.451872,-45.597042,-9.789804,30.441929,-20.016037
5.593750,-0.923853,-15.486688,-54.953846,-9.909340,25.256193,-19.842888
5.600000,-1.290016,-15.523147,-62.050999,-10.035779,19.464317,-19.671789
5.606250,-1.622822,-15.560822,-66.654602,-10.170911,13.463616,-19.507029
5.612500,-1.925553,-15.599255,-68.655502,-10.316414,7.530515,-19.352743
5.618750,-2.195768,-15.637116,-68.071457,-10.473947,1.853049,-19.211416
5.625000,-2.428284,-15.672638,-65.053139,-10.644379,-3.430857,-19.085243
5.631250,-2.628672,-15.704438,-59.875237,-10.827423,-8.230955,-18.974436
5.637500,-2.808398,-15.732895,-52.918530,-11.021924,-12.506212,-18.880913
5.643750,-2.978797,-15.758650,-44.650303,-11.226691,-16.271801,-18.809044
5.650000,-3.143743,-15.782189,-35.602631,-11.439928,-19.594194,-18.767004
5.656250,-3.301473,-15.802486,-26.351339,-11.658886,-22.575823,-18.769827
5.662500,-3.452497,-15.818753,-15.319636,-11.879342,-25.360058,-18.848640
5.668750,-3.607586,-15.831406,-4.443822,-12.096296,-28.169338,-18.979864
5.675000,-3.778469,-15.842498,6.248024,-12.305084,-31.729324,-19.128695
5.681250,-3.973039,-15.853634,16.739031,-12.501086,-35.830845,-19.317556
5.687500,-4.187396,-15.865439,27.019638,-12.679729,-38.674316,-19.549341
5.693750,-4.415218,-15.877595,37.090111,-12.836550,-42.178635,-19.836882
5.700000,-4.652826,-15.890394,45.068214,-12.967610,-46.244003,-20.163954
5.706250,-4.905432,-15.905409,52.598148,-13.069937,-50.708256,-20.507196
5.712500,-5.172570,-15.924273,59.183174,-13.142090,-55.486980,-20.846502
5.718750,-5.444519,-15.946497,64.376465,-13.184753,-60.518757,-21.165691
5.725000,-5.703505,-15.970284,67.804092,-13.200754,-65.743790,-21.453321
5.731250,-5.937862,-15.993695,69.181511,-13.195602,-71.098198,-21.703949
5.737500,-6.150486,-16.016092,68.326546,-13.176754,-76.523712,-21.920523
5.743750,-6.347319,-16.037872,65.163704,-13.152877,-81.991493,-22.106037
5.750000,-6.528241,-16.058325,59.732059,-13.133489,-87.599953,-22.227654
5.756250,-6.685219,-16.075260,52.180634,-13.128554,-91.458679,-22.288164
5.762500,-6.812961,-16.086235,42.768375,-13.148760,-95.028412,-22.295422
5.768750,-6.921432,-16.090385,31.851316,-13.204885,-97.752037,-22.256420
5.775000,-7.027647,-16.088341,19.859900,-13.306659,-99.099556,-22.185162
5.781250,-7.143304,-16.080935,7.277688,-13.462699,-98.669067,-22.084448
5.787500,-7.271470,-16.067616,-5.382298,-13.677934,-96.178215,-21.953508
5.793750,-7.410955,-16.047232,-17.598343,-13.954970,-91.394081,-21.795050
5.800000,-7.572709,-16.019638,-28.865339,-14.293753,-84.166969,-21.616228
5.806250,-7.777048,-15.987361,-38.712517,-14.692923,-74.455719,-21.429529
5.812500,-8.037224,-15.953438,-46.732040,-15.149123,-64.226990,-21.254530
5.818750,-8.355579,-15.919126,-52.602474,-15.654472,-52.030365,-21.129940
5.825000,-8.724850,-15.884677,-56.109688,-16.196415,-38.547523,-21.009457
5.831250,-9.140445,-15.850294,-57.132488,-16.761787,-24.258022,-20.898863
5.837500,-9.608060,-15.817924,-55.654884,-17.338882,-10.377161,-20.815422
5.843750,-10.131585,-15.789809,-51.785927,-17.915737,2.408430,-20.733784
5.850000,-10.705990,-15.767447,-45.769287,-18.478300,13.599812,-20.672112
5.856250,-11.318694,-15.750478,-37.966824,-19.010695,23.369106,-20.660858
5.862500,-11.955790,-15.737951,-28.830452,-19.497158,31.042437,-20.665590
5.868750,-12.610466,-15.729695,-18.869740,-19.923437,36.506210,-20.670732
5.875000,-13.286955,-15.726641,-8.641010,-20.276567,39.842060,-20.668676
5.881250,-13.985067,-15.729980,3.446095,-20.545355,41.239975,-20.657084
5.887500,-14.693878,-15.739561,15.460671,-20.720749,40.991997,-20.638237
5.893750,-15.399193,-15.753383,27.359198,-20.796192,39.469490,-20.620054
5.900000,-16.089529,-15.770001,37.202061,-20.767633,37.103695,-20.618647
5.906250,-16.765722,-15.788657,46.568306,-20.634542,34.338146,-20.654486
5.912500,-17.432375,-15.809307,54.889488,-20.400434,31.431807,-20.672789
5.918750,-18.087559,-15.831648,61.643463,-20.072300,28.799833,-20.685541
5.925000,-18.723944,-15.854009,66.378609,-19.660311,27.105379,-20.699615
5.931250,-19.337578,-15.874330,68.736397,-19.176203,26.845428,-20.751595
5.937500,-19.930206,-15.891684,68.474030,-18.634369,26.192732,-20.840708
5.943750,-20.511709,-15.906076,65.476074,-18.050926,26.594271,-20.955090
5.950000,-21.087593,-15.917151,59.761692,-17.443914,27.706263,-21.087755
5.956250,-21.655289,-15.923541,51.473465,-16.832964,29.201262,-21.234533
5.962500,-22.212921,-15.922849,40.865997,-16.236795,30.750778,-21.393284
5.968750,-22.766239,-15.913484,28.290113,-15.674146,32.036850,-21.564310
5.975000,-23.333164,-15.895804,14.174182,-15.161576,32.764709,-21.750032
5.981250,-23.931437,-15.870918,-0.998400,-14.712173,32.686481,-21.956305
5.987500,-24.569536,-15.838989,-16.716223,-14.333399,31.642645,-22.179230
5.993750,-25.252239,-15.799280,-32.454441,-14.028422,31.822153,-22.374769
6.000000,-25.987097,-15.751930,-47.684917,-13.801063,29.912487,-22.509169
6.006250,-26.790983,-15.698352,-61.912712,-13.654891,27.798151,-22.640772
6.012500,-27.679886,-15.640500,-74.732086,-13.589035,25.044674,-22.773949
6.018750,-28.662035,-15.579824,-85.842827,-13.596201,22.025341,-22.885853
6.025000,-29.741901,-15.517296,-95.038940,-13.666275,18.726593,-22.966536
6.031250,-30.924566,-15.454023,-102.198952,-13.789248,15.109203,-23.011696
6.037500,-32.218891,-15.392015,-107.289162,-13.955741,11.144969,-23.020748
6.043750,-33.636223,-15.334455,-110.379890,-14.156776,6.823902,-22.995947
6.050000,-35.184536,-15.284369,-111.648689,-14.383232,2.152979,-22.941744
6.056250,-36.856716,-15.243361,-111.369965,-14.627832,-2.854042,-22.864653
6.062500,-38.643036,-15.211393,-109.895897,-14.883422,-8.180822,-22.771801
6.068750,-40.539101,-15.189014,-107.641479,-15.141187,-13.835199,-22.662933
6.075000,-42.553959,-15.179430,-105.054863,-15.392349,-19.853407,-22.524239
6.081250,-44.696262,-15.186240,-100.423203,-15.630517,-26.245131,-22.336613
6.087500,-46.959648,-15.211596,-95.550629,-15.851395,-32.943104,-22.077284
6.093750,-49.326298,-15.255608,-90.373688,-16.050131,-39.678394,-21.800993
6.100000,-51.783772,-15.318099,-84.868263,-16.219749,-46.329071,-21.494692
6.106250,-54.335403,-15.401284,-79.036957,-16.351883,-53.054985,-21.146448
6.112500,-56.988075,-15.509678,-72.901665,-16.439241,-59.789474,-20.753904
6.118750,-59.740479,-15.646843,-66.497604,-16.476316,-66.449471,-20.321037
6.125000,-62.570251,-15.813898,-59.874760,-16.459696,-72.960434,-19.857201
6.131250,-65.453300,-16.010927,-53.108929,-16.386335,-79.280670,-19.374443
6.137500,-68.375870,-16.239494,-46.288773,-16.253546,-85.405388,-18.885794
6.143750,-71.337303,-16.503618,-39.515110,-16.058922,-89.487030,-18.401192
6.150000,-74.324028,-16.806910,-32.879356,-15.801066,-93.235146,-17.926620
6.156250,-77.304749,-17.150206,-26.458683,-15.480383,-96.227798,-17.465631
6.162500,-80.240959,-17.532953,-20.306316,-15.100019,-98.126793,-17.013891
6.168750,-83.099808,-17.954954,-14.443441,-14.667161,-98.754105,-16.567083
6.175000,-85.858315,-18.417179,-8.863972,-14.192203,-98.204414,-16.153618
6.181250,-88.482056,-18.918919,-3.549398,-13.685698,-94.411964,-15.768589
6.187500,-90.922798,-19.456245,1.537054,-13.158329,-88.822754,-15.400554
6.193750,-93.127754,-20.022104,6.453298,-12.621439,-81.236801,-15.043767
6.200000,-95.065094,-20.610699,11.276903,-12.086918,-71.623764,-14.696256
6.206250,-96.719818,-21.217300,16.096025,-11.566609,-60.087303,-14.358864
6.212500,-98.079826,-21.837662,20.999863,-11.071623,-46.855141,-14.034172
6.218750,-99.123756,-22.464916,26.061152,-10.611891,-32.264023,-13.725296
6.225000,-99.821869,-23.089092,31.330784,-10.194872,-16.741926,-13.435018
6.231250,-100.157516,-23.698206,36.833897,-9.824995,-0.779981,-13.165333
6.237500,-100.151184,-24.284849,42.580952,-9.502388,15.100509,-12.916688
6.243750,-99.847107,-24.844839,48.570351,-9.224583,30.379929,-12.686734
6.250000,-99.287315,-25.375416,54.795750,-8.989616,44.588196,-12.476472
6.256250,-98.499512,-25.871429,61.241505,-8.795638,57.346020,-12.295721
6.262500,-97.507317,-26.326309,67.877861,-8.638933,68.335030,-12.149569
6.268750,-96.362015,-26.737535,74.656425,-8.513452,77.282272,-12.036408
6.275000,-95.134544,-27.106819,79.632088,-8.412006,84.049652,-11.954700
6.281250,-93.896629,-27.439610,84.392212,-8.328383,88.643196,-11.904326
6.287500,-92.700424,-27.741341,88.382523,-8.258198,91.191360,-11.885869
6.293750,-91.578300,-28.014881,91.100060,-8.198481,91.933647,-11.899652
6.300000,-90.553879,-28.263580,92.111015,-8.146582,91.204422,-11.943971
6.306250,-89.670349,-28.495176,91.068344,-8.099602,89.409012,-12.013243
6.312500,-88.965508,-28.720531,87.734993,-8.055099,87.010658,-12.098472
6.318750,-88.461647,-28.948605,81.997032,-8.010901,84.522331,-12.190697
6.325000,-88.137711,-29.187510,73.872131,-7.965888,80.324760,-12.285365
6.331250,-87.967781,-29.438889,63.502647,-7.919588,76.308083,-12.379386
6.337500,-87.920494,-29.708864,51.148445,-7.871971,72.435600,-12.466704
6.343750,-87.982239,-30.005037,37.171410,-7.823359,68.650139,-12.539453
6.350000,-88.124840,-30.331903,22.017670,-7.774065,64.899559,-12.590666
6.356250,-88.277252,-30.689266,6.195030,-7.724314,61.141079,-12.615367
6.362500,-88.363907,-31.072918,-9.751366,-7.674326,57.337307,-12.610601
6.368750,-88.332069,-31.477638,-25.267189,-7.624653,53.453045,-12.575246
6.375000,-88.165428,-31.902241,-39.812672,-7.576235,49.454018,-12.509722
6.381250,-87.830566,-32.343941,-52.891117,-7.530285,45.307564,-12.415340
6.387500,-87.287964,-32.799198,-64.076263,-7.488256,40.985828,-12.293630
6.393750,-86.488670,-33.258442,-73.034607,-7.451592,36.468494,-12.146135
6.400000,-85.394180,-33.709064,-79.542595,-7.421440,31.754837,-11.975615
6.406250,-84.012642,-34.144787,-83.499512,-7.398679,26.865084,-11.786835
6.412500,-82.369919,-34.563236,-84.928925,-7.383859,21.832325,-11.585331
6.418750,-80.476639,-34.960732,-83.976746,-7.377617,16.692963,-11.374860
6.425000,-78.327187,-35.321884,-80.907837,-7.380416,11.481394,-11.159905
6.431250,-75.926025,-35.642181,-76.091736,-7.392552,6.227394,-10.944983
6.437500,-73.354485,-35.919758,-69.988266,-7.413413,0.975373,-10.733493
6.443750,-70.651855,-36.152599,-63.120441,-7.441343,-4.230281,-10.528355
6.450000,-67.869392,-36.341820,-56.049698,-7.474167,-9.358942,-10.333039
6.456250,-65.037170,-36.486111,-47.175056,-7.509461,-14.395805,-10.151452
6.462500,-62.183456,-36.582550,-38.401905,-7.545056,-19.342073,-9.986540
6.468750,-59.340717,-36.628349,-29.731194,-7.578955,-24.214083,-9.839419
6.475000,-56.567989,-36.628040,-21.155458,-7.609051,-29.044849,-9.708350
6.481250,-53.936550,-36.589211,-12.661705,-7.633241,-33.871101,-9.590355
6.487500,-51.482445,-36.518604,-4.229507,-7.649675,-38.718353,-9.484100
6.493750,-49.211502,-36.417038,4.172049,-7.657499,-43.601749,-9.390358
6.500000,-47.120331,-36.285339,12.574938,-7.656443,-48.543739,-9.308716
6.506250,-45.233959,-36.125652,21.015985,-7.647055,-53.575932,-9.236442
6.512500,-43.587711,-35.948196,29.528509,-7.630486,-58.723568,-9.169980
6.518750,-42.218693,-35.761925,38.140335,-7.608471,-63.995255,-9.106056
6.525000,-41.106350,-35.568829,46.870678,-7.582847,-69.383469,-9.042233
6.531250,-40.217430,-35.369812,53.834316,-7.555199,-74.868538,-8.976998
6.537500,-39.538143,-35.164028,60.651985,-7.526977,-80.423019,-8.909713
6.543750,-39.087109,-34.955803,66.780212,-7.499598,-86.014977,-8.840435
6.550000,-38.892105,-34.754253,71.710915,-7.474378,-91.611542,-8.769693
6.556250,-38.942055,-34.564278,74.992912,-7.452355,-97.181427,-8.697842
6.562500,-39.208168,-34.386593,76.255402,-7.433933,-102.697685,-8.624886
6.568750,-39.657303,-34.217861,75.228836,-7.419044,-108.134209,-8.550797
6.575000,-40.288403,-34.059555,71.758072,-7.407331,-111.565491,-8.477057
6.581250,-41.123970,-33.920517,65.813118,-7.398215,-114.587173,-8.405917
6.587500,-42.165424,-33.805016,57.494499,-7.391073,-116.653702,-8.339378
6.593750,-43.395267,-33.714943,47.026531,-7.385613,-117.274544,-8.279082
6.600000,-44.773453,-33.646156,34.745827,-7.381787,-116.034348,-8.227301
6.606250,-46.299782,-33.607334,21.083803,-7.379962,-112.604858,-8.184830
6.612500,-47.990791,-33.602737,6.543039,-7.380628,-106.753166,-8.151549
6.618750,-49.815918,-33.636868,-8.326735,-7.384168,-98.373268,-8.128107
6.625000,-51.762417,-33.714905,-22.959000,-7.391344,-87.490509,-8.115790
6.631250,-53.761642,-33.834751,-36.798920,-7.402494,-74.251259,-8.115489
6.637500,-55.775600,-33.994225,-49.328949,-7.418263,-58.919331,-8.127185
6.643750,-57.761570,-34.194374,-60.097034,-7.439125,-41.863888,-8.149732
6.650000,-59.719284,-34.439392,-68.740967,-7.465480,-23.540045,-8.181229
6.656250,-61.609631,-34.730118,-75.007751,-7.497312,-4.457805,-8.220847
6.662500,-63.358158,-35.058495,-78.767059,-7.534246,14.842388,-8.269171
6.668750,-64.896721,-35.416840,-80.014877,-7.575309,33.804527,-8.326687
6.675000,-66.201477,-35.796413,-78.872231,-7.619127,51.880047,-8.392436
6.681250,-67.271706,-36.197426,-75.577797,-7.664403,68.560989,-8.464812
6.687500,-68.100426,-36.616890,-70.474388,-7.710056,83.408691,-8.541659
6.693750,-68.663071,-37.048916,-63.992809,-7.755508,96.078964,-8.620763
6.700000,-68.925385,-37.484249,-56.629372,-7.800272,106.337860,-8.700028
6.706250,-68.864433,-37.911663,-48.921894,-7.844034,114.071526,-8.777218
6.712500,-68.491570,-38.327854,-39.254616,-7.886917,119.291687,-8.850416
6.718750,-67.871651,-38.734520,-29.526817,-7.929786,122.133987,-8.917413
6.725000,-67.020119,-39.133018,-19.741879,-7.974171,122.851646,-8.976132
6.731250,-65.913055,-39.516155,-9.903202,-8.022032,121.803436,-9.024435
6.737500,-64.521240,-39.877300,-0.017221,-8.075498,119.438217,-9.060298
6.743750,-62.869534,-40.212204,9.905959,-8.136833,116.276344,-9.083030
6.750000,-60.983200,-40.522575,19.851702,-8.207839,112.882683,-9.093448
6.756250,-58.899620,-40.807552,29.801384,-8.289679,107.664528,-9.093235
6.762500,-56.610939,-41.065483,39.732986,-8.382733,102.538818,-9.084300
6.768750,-54.103374,-41.289059,49.623222,-8.486681,97.522179,-9.069120
6.775000,-51.349518,-41.466286,57.557285,-8.600600,92.629585,-9.050772
6.781250,-48.413048,-41.595875,65.136269,-8.722942,87.870880,-9.032891
6.787500,-45.340401,-41.677574,71.808701,-8.851379,83.251404,-9.019541
6.793750,-42.174160,-41.709282,77.069672,-8.982647,78.769066,-9.014783
6.800000,-38.925812,-41.683628,80.485756,-9.113195,74.410118,-9.021970
6.806250,-35.611633,-41.593590,81.720062,-9.239399,70.151436,-9.042845
6.812500,-32.312000,-41.437103,80.550728,-9.358354,65.961815,-9.077415
6.818750,-29.105072,-41.219086,76.879616,-9.467934,61.808590,-9.124355
6.825000,-26.093946,-40.945705,70.737389,-9.567069,57.663074,-9.181808
6.831250,-23.329147,-40.623169,62.281673,-9.655756,53.501675,-9.248137
6.837500,-20.842838,-40.254734,51.784966,-9.735055,49.300835,-9.321007
6.843750,-18.690660,-39.849110,39.622463,-9.806726,45.030685,-9.396577
6.850000,-16.939285,-39.416698,26.250391,-9.873014,40.661301,-9.469658
6.856250,-15.639771,-38.979301,12.180360,-9.936258,36.170559,-9.535173
6.862500,-14.805734,-38.548199,-2.038382,-9.999333,31.546978,-9.588902
6.868750,-14.414738,-38.133579,-15.852122,-10.065495,26.789873,-9.627926
6.875000,-14.407333,-37.742901,-28.729502,-10.137439,21.906431,-9.651042
6.881250,-14.753948,-37.382828,-40.194416,-10.216683,16.907877,-9.658261
6.887500,-15.437263,-37.069023,-49.843960,-10.303460,11.807501,-9.650844
6.893750,-16.418242,-36.808182,-57.366371,-10.396612,6.618255,-9.630312
6.900000,-17.592800,-36.601288,-62.551960,-10.494123,1.356748,-9.599227
6.906250,-18.849588,-36.444656,-65.302795,-10.593320,-3.954710,-9.561026
6.912500,-20.120611,-36.334248,-65.637985,-10.691246,-9.290575,-9.519846
6.918750,-21.369864,-36.268303,-63.689247,-10.784723,-14.627756,-9.480463
6.925000,-22.545805,-36.246861,-59.696983,-10.870502,-19.947346,-9.446898
6.931250,-23.599739,-36.262543,-53.996143,-10.945904,-25.235582,-9.422509
6.937500,-24.447130,-36.307846,-47.000469,-11.009001,-30.481035,-9.409715
6.943750,-25.038807,-36.367268,-39.178932,-11.059053,-35.672520,-9.410255
6.950000,-25.354424,-36.432369,-31.036665,-11.096888,-40.799648,-9.425536
6.956250,-25.435774,-36.503777,-20.927023,-11.124102,-45.854832,-9.456578
6.962500,-25.268333,-36.575172,-10.719488,-11.143272,-50.835079,-9.504753
6.968750,-24.833427,-36.638432,-0.394218,-11.157612,-55.746426,-9.571208
6.975000,-24.121986,-36.681923,10.062005,-11.170897,-60.607075,-9.656112
6.981250,-23.148973,-36.698910,20.653151,-11.187043,-65.442947,-9.757662
6.987500,-21.961739,-36.688133,29.478258,-11.209730,-70.275070,-9.875587
6.993750,-20.594303,-36.647877,38.141411,-11.241937,-75.112869,-10.011506
7.000000,-19.070915,-36.573360,46.084854,-11.285586,-79.967255,-10.167530
7.006250,-17.402182,-36.459763,52.783451,-11.341470,-84.861588,-10.344549
7.012500,-15.609588,-36.302036,57.772137,-11.408976,-89.826050,-10.541708
7.018750,-13.756309,-36.099697,60.674049,-11.486439,-94.886162,-10.756748
7.025000,-11.903234,-35.858356,61.216667,-11.571182,-100.056648,-10.986371
7.031250,-10.093510,-35.581146,59.249992,-11.660089,-105.339066,-11.226750
7.037500,-8.342134,-35.265232,54.755970,-11.750075,-110.724113,-11.473160
7.043750,-6.668502,-34.911236,47.844460,-11.838024,-116.192802,-11.719826
7.050000,-5.104604,-34.521873,38.750874,-11.921035,-121.719742,-11.960040
7.056250,-3.722322,-34.104446,27.820221,-11.997153,-125.380066,-12.186021
7.062500,-2.560554,-33.668430,15.494905,-12.065312,-128.759521,-12.389724
7.068750,-1.628303,-33.217724,2.287221,-12.125957,-131.282959,-12.563554
7.075000,-0.916480,-32.755352,-11.248897,-12.180678,-132.407974,-12.702078
7.081250,-0.409910,-32.283871,-24.550549,-12.231276,-131.659256,-12.801561
7.087500,-0.140682,-31.807289,-37.074062,-12.279715,-128.658829,-12.859426
7.093750,-0.121715,-31.335222,-48.318401,-12.328201,-123.146187,-12.874430
7.100000,-0.353309,-30.873676,-57.854435,-12.379191,-114.987602,-12.847064
7.106250,-0.796764,-30.422079,-65.344551,-12.434638,-104.179619,-12.780133
7.112500,-1.411947,-29.978859,-70.565765,-12.495311,-90.851295,-12.678991
7.118750,-2.193783,-29.543976,-73.417328,-12.559987,-75.261757,-12.551097
7.125000,-3.161305,-29.124773,-73.921112,-12.626307,-57.789600,-12.405360
7.131250,-4.319631,-28.727140,-72.216759,-12.690369,-38.916718,-12.250999
7.137500,-5.634708,-28.350204,-68.551735,-12.747712,-19.207897,-12.095623
7.143750,-7.067778,-27.991581,-63.268475,-12.793183,0.724309,-11.944354
7.150000,-8.606713,-27.651176,-56.783508,-12.821548,20.259741,-11.800796
7.156250,-10.261907,-27.333166,-49.567169,-12.828036,38.814037,-11.668583
7.162500,-12.034003,-27.043503,-42.115185,-12.808842,55.861168,-11.552620
7.168750,-13.905280,-26.784292,-32.759342,-12.762127,70.944633,-11.455474
7.175000,-15.835460,-26.554344,-23.336758,-12.688092,83.694054,-11.376349
7.181250,-17.783188,-26.352163,-13.787931,-12.589416,93.853882,-11.312417
7.187500,-19.729507,-26.177523,-4.056602,-12.470857,101.311607,-11.260312
7.193750,-21.670290,-26.032665,5.901791,-12.338258,106.100311,-11.216925
7.200000,-23.581837,-25.919226,16.116804,-12.198150,108.392586,-11.180162
7.206250,-25.417278,-25.832460,26.603678,-12.057915,108.487862,-11.148955
7.212500,-27.125671,-25.765900,35.467876,-11.925468,106.792633,-11.123345
7.218750,-28.679850,-25.713604,44.313622,-11.808655,103.796059,-11.104178
7.225000,-30.076170,-25.672537,52.569023,-11.714487,100.046066,-11.092102
7.231250,-31.319542,-25.640322,59.679577,-11.647652,96.119629,-11.087381
7.237500,-32.399399,-25.612289,65.140869,-11.609978,90.438179,-11.090947
7.243750,-33.290962,-25.580536,68.526161,-11.600762,84.939934,-11.105374
7.250000,-33.995331,-25.537720,69.511353,-11.616329,79.658722,-11.133850
7.256250,-34.534641,-25.479790,67.896545,-11.651246,74.608788,-11.178309
7.262500,-34.955563,-25.407167,63.618107,-11.698868,69.789742,-11.238781
7.268750,-35.290230,-25.320595,56.754337,-11.752534,65.192566,-11.314123
7.275000,-35.552826,-25.218416,47.518192,-11.805583,60.805088,-11.402190
7.281250,-35.741951,-25.096069,36.244915,-11.851971,56.615540,-11.499888
7.287500,-35.882896,-24.952368,23.373943,-11.886572,52.612164,-11.604089
7.293750,-36.024227,-24.791336,9.426868,-11.905632,48.785282,-11.711415
7.300000,-36.203972,-24.617479,-5.017659,-11.907761,45.126579,-11.818725
7.306250,-36.431431,-24.433168,-19.358931,-11.892606,41.631271,-11.923922
7.312500,-36.701977,-24.237438,-33.006939,-11.862023,38.297611,-12.026262
7.318750,-37.012562,-24.030289,-45.408249,-11.819468,35.128307,-12.127716
7.325000,-37.384743,-23.814470,-56.078587,-11.770035,32.118198,-12.230213
7.331250,-37.839497,-23.594038,-64.628548,-11.719737,29.243721,-12.333859
7.337500,-38.376019,-23.371151,-70.786179,-11.674223,26.486403,-12.441591
7.343750,-38.980583,-23.145073,-74.412537,-11.638367,23.839315,-12.559118
7.350000,-39.642452,-22.913660,-75.502663,-11.615294,21.278803,-12.691406
7.356250,-40.367477,-22.677414,-74.184097,-11.607126,18.760988,-12.841756
7.362500,-41.181961,-22.439934,-70.702667,-11.614637,16.229416,-13.010542
7.368750,-42.101566,-22.205343,-65.413467,-11.637202,13.624825,-13.195705
7.375000,-43.122250,-21.975986,-58.759083,-11.673094,10.891238,-13.393069
7.381250,-44.228294,-21.750727,-51.246002,-11.719585,7.979375,-13.595879
7.387500,-45.408932,-21.529388,-43.418396,-11.772789,4.849949,-13.795970
7.393750,-46.672302,-21.314611,-33.661308,-11.828703,1.476126,-13.983804
7.400000,-48.034264,-21.110910,-23.871456,-11.883171,-2.153492,-14.148685
7.406250,-49.490620,-20.921585,-14.042238,-11.933262,-6.036869,-14.280431
7.412500,-51.020306,-20.747543,-4.161394,-11.977748,-10.151098,-14.371022
7.418750,-52.593739,-20.587408,5.780704,-12.017039,-14.461061,-14.414594
7.425000,-54.192738,-20.439592,15.787564,-12.052150,-18.927235,-14.407194
7.431250,-55.811695,-20.304827,25.847767,-12.083603,-23.505245,-14.347549
7.437500,-57.451283,-20.184628,35.939358,-12.110705,-28.145796,-14.237182
7.443750,-59.096661,-20.078693,46.046131,-12.135370,-32.799805,-14.081021
7.450000,-60.721397,-19.983398,56.155125,-12.160811,-37.423531,-13.887002
7.456250,-62.304379,-19.893534,66.236099,-12.189533,-41.980869,-13.665752
7.462500,-63.851337,-19.807825,74.350914,-12.221973,-46.446648,-13.430357
7.468750,-65.384872,-19.727430,82.071968,-12.256449,-50.811409,-13.194745
7.475000,-66.917885,-19.653378,88.825317,-12.289800,-55.085739,-12.972733
7.481250,-68.447578,-19.584965,94.092842,-12.318070,-59.298882,-12.775715
7.487500,-69.967552,-19.520374,97.437202,-12.337545,-63.498703,-12.611938
7.493750,-71.484268,-19.459793,98.526947,-12.344584,-67.732796,-12.486844
7.500000,-73.018173,-19.406013,97.151001,-12.336238,-72.045921,-12.402959
7.506250,-74.581985,-19.362835,93.228035,-12.309899,-76.473808,-12.362267
7.512500,-76.172104,-19.332130,86.812645,-12.264234,-81.032181,-12.367669
7.518750,-77.765785,-19.313461,78.092026,-12.199698,-85.744987,-12.417523
7.525000,-79.348312,-19.306454,67.377327,-12.118787,-90.646446,-12.505191
7.531250,-80.916313,-19.312061,55.081348,-12.025761,-95.748566,-12.623026
7.537500,-82.465706,-19.332151,41.695549,-11.925687,-101.030640,-12.763488
7.543750,-83.979630,-19.366899,27.763266,-11.824768,-106.441605,-12.920866
7.550000,-85.430084,-19.413105,13.856093,-11.730144,-111.910004,-13.090761
7.556250,-86.789146,-19.466024,0.541978,-11.649453,-117.347229,-13.269573
7.562500,-88.045288,-19.522425,-11.650023,-11.589409,-122.660652,-13.455124
7.568750,-89.205254,-19.580069,-22.254089,-11.555350,-127.765343,-13.645639
7.575000,-90.277176,-19.637354,-30.890768,-11.550331,-132.586609,-13.839055
7.581250,-91.263878,-19.692410,-37.283955,-11.575450,-137.051605,-14.033637
7.587500,-92.163170,-19.741999,-41.270836,-11.629057,-141.083405,-14.228390
7.593750,-92.980408,-19.782658,-42.807022,-11.707125,-144.621094,-14.421817
7.600000,-93.734688,-19.812933,-41.966072,-11.803082,-147.634201,-14.611160
7.606250,-94.457764,-19.834917,-38.931129,-11.908979,-150.125275,-14.791565
7.612500,-95.179138,-19.852163,-33.978981,-12.017582,-150.236282,-14.956146
7.618750,-95.905075,-19.866089,-27.469698,-12.123090,-149.652435,-15.096406
7.625000,-96.629784,-19.875547,-19.840063,-12.218924,-147.925003,-15.203241
7.631250,-97.351974,-19.880362,-11.583493,-12.298822,-144.658691,-15.267027
7.637500,-98.090355,-19.883150,-3.214556,-12.358319,-139.531601,-15.278302
7.643750,-98.863159,-19.888268,6.921832,-12.394753,-132.309708,-15.228199
7.650000,-99.671249,-19.899822,16.973989,-12.407914,-122.854149,-15.109427
7.656250,-100.497131,-19.918015,26.986095,-12.399101,-111.126663,-14.917484
7.662500,-101.305618,-19.940340,35.102661,-12.370782,-97.188126,-14.652509
7.668750,-102.080963,-19.963928,42.979832,-12.326458,-81.197983,-14.319110
7.675000,-102.823151,-19.988527,50.112453,-12.270118,-63.420475,-13.925540
7.681250,-103.541412,-20.014858,56.023865,-12.205861,-44.214539,-13.482739
7.687500,-104.232132,-20.042904,60.292728,-12.137500,-24.009420,-13.004519
7.693750,-104.876144,-20.069023,62.568192,-12.067136,-3.284746,-12.507374
7.700000,-105.461418,-20.088997,62.594234,-11.995435,17.450220,-12.009174
7.706250,-105.997826,-20.101278,60.225098,-11.921919,37.675411,-11.527991
7.712500,-106.508224,-20.106569,55.440414,-11.845544,56.882236,-11.080014
7.718750,-107.007256,-20.105656,48.344841,-11.765402,74.595772,-10.678819
7.725000,-107.494736,-20.097031,39.158215,-11.679868,90.395142,-10.333847
7.731250,-107.968887,-20.078602,28.205532,-11.586875,103.932640,-10.050447
7.737500,-108.443626,-20.050211,15.901687,-11.483432,114.952667,-9.830297
7.743750,-108.942627,-20.013607,2.740409,-11.367613,123.312691,-9.671439
7.750000,-109.485748,-19.972601,-10.734278,-11.239031,129.005310,-9.569489
7.756250,-110.076057,-19.927994,-23.959826,-11.099089,132.163101,-9.518623
7.762500,-110.696030,-19.877829,-36.385147,-10.950642,133.043747,-9.512110
7.768750,-111.344620,-19.820387,-47.506611,-10.797174,132.008942,-9.542260
7.775000,-112.036789,-19.756878,-56.893913,-10.641892,129.514755,-9.601194
7.781250,-112.793610,-19.690571,-64.206116,-10.488681,126.099106,-9.681708
7.787500,-113.622398,-19.623129,-69.209679,-10.342236,122.352615,-9.777822
7.793750,-114.512894,-19.552977,-71.791397,-10.206903,116.725273,-9.885261
7.800000,-115.455795,-19.477505,-71.966896,-10.087008,111.190216,-10.001383
7.806250,-116.467384,-19.397055,-69.882240,-9.985644,105.830811,-10.124597
7.812500,-117.579254,-19.315294,-65.806519,-9.904063,100.726028,-10.254869
7.818750,-118.815407,-19.236855,-60.113533,-9.841411,95.944992,-10.392253
7.825000,-120.183693,-19.165232,-53.257645,-9.795478,91.540611,-10.536998
7.831250,-121.679451,-19.101479,-45.749641,-9.762560,87.545395,-10.688353
7.837500,-123.294075,-19.046646,-38.124744,-9.738383,83.970985,-10.844049
7.843750,-125.039162,-19.004244,-28.751394,-9.717799,80.810661,-11.000978
7.850000,-126.932541,-18.981224,-19.499155,-9.696062,78.042107,-11.155864
7.856250,-128.980026,-18.983936,-10.331353,-9.668715,75.623398,-11.304761
7.862500,-131.157333,-19.016375,-1.199936,-9.632231,73.491570,-11.442863
7.868750,-133.423859,-19.077871,7.948522,-9.583918,71.567665,-11.564578
7.875000,-135.749313,-19.168701,17.172274,-9.522986,69.763206,-11.663555
7.881250,-138.124756,-19.292576,26.524263,-9.449710,67.986122,-11.733627
7.887500,-140.537994,-19.453047,34.156067,-9.365621,66.146767,-11.769048
7.893750,-142.955460,-19.651289,41.724361,-9.273425,64.164597,-11.765285
7.900000,-145.323120,-19.884008,48.717422,-9.176950,61.968441,-11.719106
7.906250,-147.596527,-20.146364,54.649292,-9.080810,59.502468,-11.629242
7.912500,-149.751358,-20.435265,59.080780,-8.989378,56.726204,-11.496372
7.918750,-151.783829,-20.435265,61.639885,-8.989378,53.613083,-11.496372
7.925000,-151.783829,-20.435265,61.639885,-8.989378,53.613083,-11.496372
7.931250,-151.783829,-20.435265,61.639885,-8.989378,53.613083,-11.496372
7.937500,-151.783829,-20.435265,61.639885,-8.989378,53.613083,-11.496372
7.943750,-151.783829,-20.435265,61.639885,-8.989378,53.613083,-11.496372
7.950000,-151.783829,-20.435265,61.639885,-8.989378,53.613083,-11.496372
7.956250,-151.783829,-20.435265,61.639885,-8.989378,53.613083,-11.496372
7.962500,-151.783829,-20.435265,61.639885,-8.989378,53.613083,-11.496372
7.968750,-151.783829,-20.435265,61.639885,-8.989378,53.613083,-11.496372
7.975000,-151.783829,-20.435265,61.639885,-8.989378,53.613083,-11.496372
7.981250,-151.783829,-20.435265,61.639885,-8.989378,53.613083,-11.496372
7.987500,-151.783829,-20.435265,61.639885,-8.989378,53.613083,-11.496372
7.993750,-151.783829,-20.435265,61.639885,-8.989378,53.613083,-11.496372
8.000000,-151.783829,-20.435265,61.639885,-8.989378,53.613083,-11.496372
