Anritsu VNA Frequency[GHz],S21[deg],S21[dB],S11[deg],S11[dB],S22[deg],S22[dB]
1338031880.47,2012_05_26_12:31:20,+298.06,+297.90,+02.989,+297.78,+297.20,+298.15,+297.76,+298.18,243.385345,-6.620
3.006250,15.428875,-9.790535,1.811085,-10.071198,-93.083954,-11.751310
3.012500,15.428875,-9.790535,1.811085,-10.071198,-93.083954,-11.751310
3.018750,15.428875,-9.790535,1.811085,-10.071198,-93.083954,-11.751310
3.025000,15.428875,-9.790535,1.811085,-10.071198,-93.083954,-11.751310
3.031250,15.428875,-9.790535,1.811085,-10.071198,-93.083954,-11.751310
3.037500,15.428875,-9.790535,1.811085,-10.071198,-93.083954,-11.751310
3.043750,15.428875,-9.790535,1.811085,-10.071198,-93.083954,-11.751310
3.050000,15.428875,-9.790535,1.811085,-10.071198,-93.083954,-11.751310
3.056250,15.428875,-9.790535,1.811085,-10.071198,-93.083954,-11.751310
3.062500,15.428875,-9.790535,1.811085,-10.071198,-93.083954,-11.751310
3.068750,15.428875,-9.790535,1.811085,-10.071198,-93.083954,-11.751310
3.075000,15.428875,-9.790535,1.811085,-10.071198,-93.083954,-11.751310
3.081250,15.428875,-9.790535,1.811085,-10.071198,-93.083954,-11.751310
3.087500,15.428875,-9.790535,1.811085,-10.071198,-93.083954,-11.751310
3.093750,15.428875,-9.649813,1.811085,-10.170765,-93.083954,-12.157327
3.100000,14.792377,-9.521699,1.829933,-10.270760,-94.893433,-12.547239
3.106250,14.141809,-9.404916,1.220918,-10.370723,-95.178841,-12.915990
3.112500,13.487439,-9.298097,-0.179809,-10.470173,-93.593620,-13.258524
3.118750,12.834117,-9.200090,-0.324289,-10.568823,-89.887291,-13.569764
3.125000,12.184295,-9.110110,-0.647827,-10.666354,-83.920204,-13.845183
3.131250,11.537528,-9.027719,-2.573300,-10.762489,-75.668541,-14.081099
3.137500,10.893932,-8.952849,-4.020875,-10.857170,-65.225372,-14.274607
3.143750,10.254824,-8.885372,-5.098324,-10.950159,-52.794193,-14.423828
3.150000,9.623218,-8.824940,-5.930615,-11.040992,-38.680840,-14.527565
3.156250,9.003887,-8.770767,-6.652971,-11.129314,-23.276630,-14.585609
3.162500,8.400967,-8.722028,-7.404431,-11.214887,-7.039214,-14.598856
3.168750,7.816078,-8.678058,-8.318910,-11.297070,9.534624,-14.568850
3.175000,7.248803,-8.638346,-9.520357,-11.375231,25.932350,-14.497684
3.181250,6.699121,-8.602704,-11.117239,-11.449230,41.652546,-14.388403
3.187500,6.166196,-8.570775,-11.029704,-11.518676,56.230232,-14.245010
3.193750,5.651268,-8.542294,-10.678372,-11.583223,69.262794,-14.071785
3.200000,5.155680,-8.516663,-11.495604,-11.642307,80.431259,-13.872990
3.206250,4.680668,-8.493330,-11.434452,-11.695832,89.511017,-13.653481
3.212500,4.225511,-8.471837,-10.658672,-11.743844,96.386696,-13.417927
3.218750,3.789124,-8.451940,-9.366266,-11.786366,101.059715,-13.170601
3.225000,3.369210,-8.433505,-7.779540,-11.823403,103.649651,-12.915152
3.231250,2.964533,-8.416503,-6.135912,-11.854846,104.386696,-12.654604
3.237500,2.574046,-8.400888,-4.674382,-11.880662,103.602127,-12.391672
3.243750,2.197596,-8.386434,-3.624383,-11.900795,101.711372,-12.128977
3.250000,1.835952,-8.372865,-1.028985,-11.915397,99.192886,-11.868885
3.256250,1.489904,-8.359628,1.572201,-11.924134,96.565918,-11.613293
3.262500,1.157287,-8.346475,2.640085,-11.926606,92.194290,-11.363721
3.268750,0.835133,-8.333396,4.133178,-11.922462,87.955254,-11.120977
3.275000,0.519970,-8.320747,5.820045,-11.911653,83.831306,-10.886164
3.281250,0.210099,-8.308889,7.459842,-11.894076,79.805939,-10.659808
3.287500,-0.093830,-8.297791,8.816466,-11.869287,75.866280,-10.442241
3.293750,-0.389249,-8.287308,9.668614,-11.837252,71.999908,-10.233553
3.300000,-0.674020,-8.276767,9.816795,-11.798019,68.192970,-10.034081
3.306250,-0.947348,-8.265521,9.097501,-11.751866,64.434692,-9.844213
3.312500,-1.210194,-8.253004,9.558923,-11.698861,60.716640,-9.663912
3.318750,-1.467160,-8.239232,9.769047,-11.639058,57.031319,-9.493187
3.325000,-1.724259,-8.224795,8.303969,-11.572762,53.370335,-9.332008
3.331250,-1.987024,-8.210669,7.244590,-11.500410,49.725811,-9.180552
3.337500,-2.256522,-8.197576,6.483307,-11.422041,46.092567,-9.038854
3.343750,-2.529942,-8.185815,5.897335,-11.337478,42.467567,-8.906538
3.350000,-2.802305,-8.175162,5.352169,-11.246759,38.845039,-8.783560
3.356250,-3.069231,-8.164975,4.709012,-11.150068,35.221085,-8.670148
3.362500,-3.328544,-8.154299,3.832995,-11.046982,31.592690,-8.566150
3.368750,-3.582275,-8.142804,2.602362,-10.937235,27.958675,-8.471340
3.375000,-3.836312,-8.130828,0.908178,-10.820744,24.315491,-8.385863
3.381250,-4.098129,-8.119593,0.830371,-10.697755,20.658186,-8.310206
3.387500,-4.370439,-8.110077,0.946711,-10.568132,16.984787,-8.244229
3.393750,-4.649658,-8.102580,-0.175280,-10.431763,13.294873,-8.187830
3.400000,-4.930124,-8.096824,-0.488296,-10.288908,9.585449,-8.140987
3.406250,-5.205132,-8.092036,-0.157007,-10.139775,5.853703,-8.103729
3.412500,-5.471739,-8.087168,0.620481,-9.984667,2.098597,-8.076087
3.418750,-5.729578,-8.081373,1.622417,-9.823912,-1.680545,-8.057879
3.425000,-5.983342,-8.074373,2.610498,-9.657865,-5.483479,-8.049100
3.431250,-6.241671,-8.066923,3.346325,-9.486896,-9.310373,-8.049782
3.437500,-6.512748,-8.060685,3.599627,-9.311396,-13.159609,-8.059924
3.443750,-6.798448,-8.056883,5.330266,-9.131775,-17.029743,-8.079560
3.450000,-7.093505,-8.055976,6.998739,-8.948493,-20.920042,-8.108842
3.456250,-7.389299,-8.057592,7.066015,-8.761864,-24.827974,-8.147777
3.462500,-7.677630,-8.060855,7.492402,-8.572092,-28.751854,-8.196392
3.468750,-7.955255,-8.064750,8.048866,-8.379714,-32.691055,-8.254554
3.475000,-8.223674,-8.068685,8.495523,-8.185221,-36.645035,-8.322301
3.481250,-8.487971,-8.072846,8.596945,-7.989056,-40.611023,-8.399415
3.487500,-8.755408,-8.078207,8.131488,-7.791746,-44.586628,-8.485427
3.493750,-9.031530,-8.086183,6.901970,-7.594070,-48.570816,-8.580193
3.500000,-9.315314,-8.097759,4.745183,-7.396938,-52.561295,-8.683435
3.506250,-9.600518,-8.113035,3.711249,-7.201157,-56.555550,-8.794600
3.512500,-9.877515,-8.131142,2.369262,-7.007268,-60.549236,-8.912946
3.518750,-10.139128,-8.151059,1.194088,-6.816325,-64.540123,-9.037904
3.525000,-10.383439,-8.171686,-1.246024,-6.629235,-68.526260,-9.168938
3.531250,-10.612959,-8.192525,-2.900233,-6.446805,-72.503326,-9.305196
3.537500,-10.833942,-8.213939,-3.927797,-6.269603,-76.467201,-9.445545
3.543750,-11.053027,-8.237118,-4.522871,-6.098540,-80.415039,-9.589455
3.550000,-11.272429,-8.263253,-4.905444,-5.934738,-84.344154,-9.736420
3.556250,-11.488061,-8.292806,-5.305734,-5.778720,-88.249809,-9.885514
3.562500,-11.689632,-8.325264,-5.954939,-5.630848,-92.125900,-10.035676
3.568750,-11.868247,-8.359529,-7.075473,-5.491788,-95.969650,-10.186443
3.575000,-12.018329,-8.394531,-6.702060,-5.362523,-99.779915,-10.337399
3.581250,-12.137622,-8.429155,-6.364662,-5.243453,-103.553574,-10.487777
3.587500,-12.228811,-8.462674,-5.696243,-5.134537,-107.286484,-10.636445
3.593750,-12.296370,-8.495152,-6.243598,-5.035979,-110.977440,-10.782499
3.600000,-12.345853,-8.527103,-6.075057,-4.948219,-114.626045,-10.925271
3.606250,-12.380186,-8.559123,-5.462049,-4.871520,-118.231934,-11.063973
3.612500,-12.396521,-8.591213,-4.696764,-4.805548,-121.790771,-11.197483
3.618750,-12.389868,-8.622458,-4.079396,-4.750051,-125.299599,-11.324652
3.625000,-12.356001,-8.651797,-3.905278,-4.705040,-128.758362,-11.444951
3.631250,-12.294072,-8.678203,-4.447126,-4.670327,-132.167160,-11.557648
3.637500,-12.208121,-8.700998,-3.770670,-4.645293,-135.523468,-11.661915
3.643750,-12.104253,-8.719853,-3.424032,-4.629267,-136.931870,-11.756876
3.650000,-11.989306,-8.735249,-3.044674,-4.621814,-138.014786,-11.842120
3.656250,-11.869781,-8.747686,-2.270257,-4.622476,-138.240585,-11.917114
3.662500,-11.748465,-8.757758,-2.651097,-4.630615,-137.118591,-11.981292
3.668750,-11.624783,-8.765553,-2.255885,-4.645649,-134.221985,-12.034310
3.675000,-11.496727,-8.770676,-1.359069,-4.667183,-129.211456,-12.075861
3.681250,-11.362755,-8.772642,-0.258722,-4.694709,-121.852264,-12.105908
3.687500,-11.224357,-8.771096,0.740665,-4.727528,-112.024445,-12.124471
3.693750,-11.085279,-8.765979,1.341195,-4.765097,-99.729301,-12.131453
3.700000,-10.950550,-8.757683,1.267014,-4.806825,-85.090576,-12.126915
3.706250,-10.825705,-8.746827,2.445065,-4.852355,-68.348358,-12.110844
3.712500,-10.713929,-8.734177,3.321683,-4.901179,-49.846279,-12.083350
3.718750,-10.615102,-8.720262,4.254883,-4.952961,-30.014044,-12.044553
3.725000,-10.527569,-8.705161,3.709562,-5.007231,-9.345649,-11.994301
3.731250,-10.449209,-8.688665,3.647698,-5.063422,11.624444,-11.932535
3.737500,-10.379386,-8.670663,3.840752,-5.121256,32.347797,-11.859417
3.743750,-10.319432,-8.651135,4.049290,-5.180652,52.288261,-11.775364
3.750000,-10.272188,-8.630453,4.037521,-5.241307,70.952621,-11.680466
3.756250,-10.240233,-8.608948,3.583845,-5.302618,87.911537,-11.574770
3.762500,-10.225493,-8.587370,2.489696,-5.364213,102.820724,-11.458556
3.768750,-10.227593,-8.566270,0.590306,-5.426149,115.436996,-11.332404
3.775000,-10.244963,-8.545768,-0.067800,-5.488324,125.633324,-11.196774
3.781250,-10.274426,-8.525937,-0.917696,-5.550455,133.404770,-11.052066
3.787500,-10.313514,-8.506552,-1.485564,-5.612117,138.868912,-10.898511
3.793750,-10.362048,-8.487634,-3.205500,-5.673357,142.256348,-10.736772
3.800000,-10.420870,-8.469551,-4.030925,-5.734248,143.901077,-10.567768
3.806250,-10.491409,-8.452833,-4.124645,-5.794705,144.224487,-10.392042
3.812500,-10.573665,-8.438030,-3.682847,-5.854629,143.716537,-10.210343
3.818750,-10.665206,-8.425407,-2.928545,-5.914062,142.903687,-10.023554
3.825000,-10.762247,-8.415088,-2.097871,-5.973175,140.159531,-9.832599
3.831250,-10.861004,-8.406796,-1.428189,-6.031971,137.374725,-9.638403
3.837500,-10.957479,-8.400052,-1.148229,-6.090517,134.545410,-9.441895
3.843750,-11.050633,-8.394481,0.703410,-6.148967,131.668015,-9.244061
3.850000,-11.142118,-8.390165,2.590441,-6.207395,128.739914,-9.045837
3.856250,-11.235071,-8.387847,2.976936,-6.265554,125.759163,-8.848103
3.862500,-11.330790,-8.388275,3.825217,-6.323381,122.723740,-8.651801
3.868750,-11.426094,-8.391903,4.907529,-6.380866,119.632286,-8.457942
3.875000,-11.514522,-8.398626,5.987057,-6.437823,116.483139,-8.267486
3.881250,-11.588762,-8.407663,6.829625,-6.493928,113.276360,-8.081259
3.887500,-11.641624,-8.417943,7.214106,-6.548987,110.011024,-7.900269
3.893750,-11.669377,-8.428220,6.943259,-6.602864,106.686317,-7.725518
3.900000,-11.673355,-8.437812,5.856002,-6.655309,103.302902,-7.557785
3.906250,-11.659244,-8.446836,6.001414,-6.705936,99.862885,-7.397583
3.912500,-11.632356,-8.456040,5.945392,-6.754654,96.367661,-7.245681
3.918750,-11.593502,-8.465896,4.264741,-6.801605,92.817635,-7.102874
3.925000,-11.538851,-8.476293,3.042033,-6.846659,89.215782,-6.969706
3.931250,-11.461554,-8.486342,2.171300,-6.889607,85.566109,-6.846557
3.937500,-11.355366,-8.494669,1.528098,-6.930474,81.871719,-6.733872
3.943750,-11.217197,-8.499415,0.977329,-6.969409,78.134666,-6.632233
3.950000,-11.049542,-8.499170,0.382056,-7.006556,74.358673,-6.542028
3.956250,-10.861967,-8.493741,-0.390548,-7.041698,70.547974,-6.463364
3.962500,-10.666297,-8.483932,-1.463925,-7.074797,66.706535,-6.396294
3.968750,-10.472587,-8.471090,-2.946412,-7.106206,62.836132,-6.341219
3.975000,-10.282866,-8.456032,-2.755977,-7.136036,58.938530,-6.298298
3.981250,-10.092130,-8.438580,-4.207551,-7.164297,55.017071,-6.267456
3.987500,-9.893515,-8.417741,-5.217128,-7.191007,51.074974,-6.248733
3.993750,-9.683326,-8.392183,-5.890358,-7.216292,47.113163,-6.242282
4.000000,-9.461500,-8.360664,-6.349078,-7.240201,43.133606,-6.248083
4.006250,-9.235241,-8.322527,-6.724752,-7.262810,39.138351,-6.266196
4.012500,-9.016583,-8.279973,-7.153410,-7.284370,35.128307,-6.296566
4.018750,-8.819206,-8.231409,-7.767260,-7.305000,31.103975,-6.339179
4.025000,-8.650812,-8.180625,-8.687701,-7.324694,27.067057,-6.393929
4.031250,-8.511198,-8.128955,-10.021718,-7.343406,23.017986,-6.460506
4.037500,-8.392362,-8.076353,-9.687612,-7.361294,18.956572,-6.538915
4.043750,-8.285361,-8.021798,-9.107474,-7.378240,14.883422,-6.628960
4.050000,-8.184885,-7.964144,-9.714312,-7.394217,10.799718,-6.730132
4.056250,-8.093475,-7.902616,-9.460402,-7.409100,6.707037,-6.842185
4.062500,-8.018778,-7.837394,-8.509743,-7.423156,2.604420,-6.964989
4.068750,-7.972615,-7.769749,-7.059903,-7.436453,-1.507521,-7.098281
4.075000,-7.964204,-7.701801,-5.330783,-7.448995,-5.627124,-7.241525
4.081250,-7.995099,-7.635151,-3.556625,-7.460820,-9.753237,-7.394299
4.087500,-8.059037,-7.570364,-1.975905,-7.472458,-13.888038,-7.556610
4.093750,-8.144513,-7.506818,-0.815404,-7.484287,-18.032583,-7.728157
4.100000,-8.242029,-7.443274,1.890029,-7.496168,-22.185328,-7.908148
4.106250,-8.347806,-7.378506,4.605854,-7.508154,-26.345907,-8.095987
4.112500,-8.464517,-7.311879,5.794129,-7.520710,-30.518160,-8.291318
4.118750,-8.599193,-7.243677,7.416060,-7.534298,-34.705902,-8.493977
4.125000,-8.762085,-7.175321,9.247408,-7.548698,-38.909416,-8.703097
4.131250,-8.960094,-7.108517,11.053759,-7.563393,-43.129604,-8.917788
4.137500,-9.191168,-7.044538,12.599715,-7.578444,-47.371792,-9.137700
4.143750,-9.447380,-6.983375,13.661960,-7.593910,-51.643078,-9.362681
4.150000,-9.718726,-6.924283,14.046350,-7.609379,-55.948051,-9.592000
4.156250,-9.999611,-6.866312,13.593984,-7.624169,-60.290203,-9.824652
4.162500,-10.290329,-6.808955,14.353349,-7.638015,-64.675064,-10.059925
4.168750,-10.594754,-6.752296,14.891085,-7.650792,-69.109680,-10.297105
4.175000,-10.918841,-6.697068,13.786731,-7.662245,-73.598717,-10.535450
4.181250,-11.267772,-6.644460,13.125402,-7.672122,-78.145393,-10.774088
4.187500,-11.642509,-6.595681,12.800656,-7.680375,-82.753227,-11.012390
4.193750,-12.038810,-6.551301,12.689311,-7.687016,-87.424942,-11.249800
4.200000,-12.447403,-6.510895,12.659311,-7.692018,-92.161827,-11.485587
4.206250,-12.860378,-6.473509,12.573620,-7.695457,-96.964333,-11.718893
4.212500,-13.273649,-6.438286,12.297715,-7.697456,-101.834114,-11.949187
4.218750,-13.687981,-6.404859,11.707345,-7.698203,-104.876076,-12.175335
4.225000,-14.106328,-6.373422,10.694545,-7.697715,-107.712105,-12.396334
4.231250,-14.532269,-6.344571,11.340553,-7.695980,-109.807312,-12.611355
4.237500,-14.966452,-6.318882,10.327566,-7.693270,-110.667870,-12.819503
4.243750,-15.406590,-6.296710,9.737895,-7.689414,-109.862091,-13.019754
4.250000,-15.846857,-6.277814,9.467658,-7.684412,-107.044891,-13.211229
4.256250,-16.281099,-6.261373,9.394412,-7.678357,-101.973778,-13.393273
4.262500,-16.706406,-6.246777,9.386903,-7.671549,-94.524239,-13.565092
4.268750,-17.122349,-6.233408,9.312571,-7.663867,-84.688889,-13.725836
4.275000,-17.531130,-6.221198,9.042984,-7.655199,-72.582581,-13.874465
4.281250,-17.935688,-6.210336,8.457013,-7.646008,-58.435780,-14.010603
4.287500,-18.338724,-6.201182,7.448690,-7.636606,-42.582886,-14.133894
4.293750,-18.740341,-6.194003,8.103281,-7.627072,-25.440729,-14.243955
4.300000,-19.139021,-6.188632,7.107110,-7.617177,-7.490524,-14.340517
4.306250,-19.531563,-6.184796,6.543805,-7.607104,10.744154,-14.423915
4.312500,-19.916468,-6.182055,6.304973,-7.596986,28.723963,-14.494803
4.318750,-20.293741,-6.180105,6.268496,-7.586575,45.925068,-14.553535
4.325000,-20.665617,-6.178991,6.303135,-7.575600,61.862816,-14.600599
4.331250,-21.033819,-6.178821,6.272205,-7.563967,76.115692,-14.636560
4.337500,-21.398914,-6.179803,6.042349,-7.551609,88.347733,-14.662025
4.343750,-21.760406,-6.182032,5.492668,-7.538196,98.327675,-14.677547
4.350000,-22.116667,-6.185266,4.517881,-7.523523,105.940086,-14.684034
4.356250,-22.465704,-6.189177,5.201060,-7.507832,111.189110,-14.682655
4.362500,-22.806114,-6.193423,4.227284,-7.491095,114.200958,-14.674686
4.368750,-23.139212,-6.197914,3.683671,-7.472968,115.218903,-14.661063
4.375000,-23.466599,-6.202664,3.465728,-7.453519,114.585808,-14.643120
4.381250,-23.790169,-6.207826,3.450193,-7.433213,112.728722,-14.622278
4.387500,-24.110657,-6.213768,3.505711,-7.412281,110.139862,-14.599765
4.393750,-24.426638,-6.220327,3.500094,-7.390551,107.353378,-14.576060
4.400000,-24.736929,-6.227289,3.302483,-7.367765,102.746490,-14.551998
4.406250,-25.040152,-6.234235,2.789727,-7.344104,98.212830,-14.528581
4.412500,-25.336864,-6.240930,1.854896,-7.319308,93.749954,-14.506357
4.418750,-25.629955,-6.247393,2.581704,-7.292681,89.359322,-14.485819
4.425000,-25.922329,-6.254018,1.652891,-7.263981,85.037453,-14.467538
4.431250,-26.216682,-6.261312,1.147047,-7.233080,80.781166,-14.452275
4.437500,-26.514288,-6.269730,0.957031,-7.199625,76.585617,-14.440409
4.443750,-26.813198,-6.279556,0.960479,-7.162959,72.449013,-14.432019
4.450000,-27.110785,-6.290634,1.023120,-7.123013,68.365540,-14.427037
4.456250,-27.403940,-6.302662,1.005101,-7.080258,64.328644,-14.425856
4.462500,-27.691483,-6.315227,0.771725,-7.034918,60.333149,-14.428314
4.468750,-27.974190,-6.328329,0.200598,-6.987317,56.377064,-14.433924
4.475000,-28.254137,-6.342243,-0.816743,-6.938230,52.454781,-14.442691
4.481250,-28.533615,-6.357511,-0.200553,-6.888696,48.562141,-14.454890
4.487500,-28.811941,-6.374638,-1.269030,-6.839755,44.694935,-14.470790
4.493750,-29.086367,-6.393701,-1.938911,-6.792257,40.849167,-14.490277
4.500000,-29.351524,-6.414408,-2.316166,-6.747179,37.020142,-14.513740
4.506250,-29.602337,-6.435967,-2.521364,-6.705296,33.204052,-14.541167
4.512500,-29.835728,-6.457506,-2.683645,-6.666847,29.396807,-14.572279
4.518750,-30.051378,-6.478462,-2.934595,-6.632160,25.594444,-14.607350
4.525000,-30.252359,-6.498544,-3.403970,-6.601680,21.791636,-14.646762
4.531250,-30.442926,-6.518018,-4.208560,-6.575531,17.984537,-14.690759
4.537500,-30.626181,-6.537412,-5.445800,-6.552936,14.173066,-14.738992
4.543750,-30.803104,-6.557053,-5.025910,-6.533461,10.355330,-14.791435
4.550000,-30.971210,-6.576788,-6.263140,-6.517365,6.525971,-14.848853
4.556250,-31.126862,-6.596172,-7.070004,-6.504303,2.682371,-14.911576
4.562500,-31.267229,-6.614384,-7.544449,-6.493330,-1.173599,-14.978974
4.568750,-31.392076,-6.630598,-7.804161,-6.483704,-5.042722,-15.050470
4.575000,-31.505655,-6.644539,-7.983385,-6.475482,-8.929384,-15.125996
4.581250,-31.613390,-6.656449,-8.219577,-6.468773,-12.836915,-15.205313
4.587500,-31.721519,-6.667019,-8.643053,-6.462916,-16.763029,-15.286889
4.593750,-31.833805,-6.677014,-9.376775,-6.457655,-20.705387,-15.369652
4.600000,-31.949841,-6.686922,-10.532601,-6.453663,-24.668179,-15.453392
4.606250,-32.066479,-6.696598,-10.030831,-6.451229,-28.650623,-15.537515
4.612500,-32.179661,-6.705503,-11.184743,-6.449905,-32.648464,-15.620715
4.618750,-32.286869,-6.712951,-11.910314,-6.449333,-36.658783,-15.701718
4.625000,-32.390110,-6.718428,-12.317204,-6.450051,-40.684860,-15.780246
4.631250,-32.492939,-6.722034,-12.528800,-6.452557,-44.730885,-15.855751
4.637500,-32.602303,-6.724442,-12.672897,-6.456411,-48.796661,-15.926950
4.643750,-32.722931,-6.726735,-12.879086,-6.461173,-52.881523,-15.992304
4.650000,-32.856403,-6.729867,-13.279490,-6.467344,-56.992241,-16.051546
4.656250,-32.999939,-6.734410,-13.995293,-6.475243,-61.132713,-16.104200
4.662500,-33.147923,-6.740374,-15.126228,-6.484433,-65.305458,-16.149426
4.668750,-33.294373,-6.747243,-14.583096,-6.494082,-69.512901,-16.186832
4.675000,-33.434105,-6.754132,-13.786569,-6.503899,-73.762848,-16.218252
4.681250,-33.566029,-6.760301,-14.172677,-6.514273,-78.062721,-16.245316
4.687500,-33.694584,-6.766276,-13.695147,-6.524880,-82.400421,-16.266438
4.693750,-33.824276,-6.772738,-12.514088,-6.534939,-86.765991,-16.281500
4.700000,-33.954746,-6.779997,-10.829021,-6.544198,-91.167412,-16.292187
4.706250,-34.081879,-6.788012,-8.865980,-6.552600,-95.605278,-16.300243
4.712500,-34.200359,-6.796322,-6.863056,-6.560022,-100.068726,-16.306702
4.718750,-34.305382,-6.803855,-5.059296,-6.566408,-104.539917,-16.312111
4.725000,-34.394142,-6.809487,-3.684425,-6.571938,-108.999458,-16.316660
4.731250,-34.467583,-6.812345,-0.777444,-6.576844,-113.427109,-16.320066
4.737500,-34.530182,-6.811884,2.124805,-6.581499,-117.804092,-16.321394
4.743750,-34.589310,-6.808250,3.486959,-6.586316,-122.114655,-16.319702
4.750000,-34.652370,-6.802016,5.271335,-6.591887,-126.347717,-16.313528
4.756250,-34.724651,-6.793993,7.252696,-6.598563,-128.597839,-16.301077
4.762500,-34.808300,-6.784711,9.196815,-6.606420,-130.479172,-16.279915
4.768750,-34.902702,-6.774418,10.869497,-6.615890,-131.456802,-16.248466
4.775000,-35.006744,-6.763031,12.049494,-6.627275,-131.038696,-16.205284
4.781250,-35.120270,-6.750454,12.543190,-6.640429,-128.799347,-16.148527
4.787500,-35.245705,-6.736819,12.191386,-6.654875,-124.402359,-16.077074
4.793750,-35.386868,-6.722675,13.042406,-6.670394,-117.619965,-15.990582
4.800000,-35.547283,-6.709007,13.662082,-6.687049,-108.344177,-15.889627
4.806250,-35.728649,-6.696727,12.631450,-6.704293,-96.586525,-15.774502
4.812500,-35.929371,-6.686562,12.036225,-6.721325,-82.477760,-15.645764
4.818750,-36.144592,-6.678869,11.770122,-6.737859,-66.268990,-15.505099
4.825000,-36.367821,-6.673334,11.708277,-6.753916,-48.315643,-15.355055
4.831250,-36.592773,-6.669415,11.719853,-6.769175,-29.052807,-15.197819
4.837500,-36.815872,-6.666362,11.671413,-6.783086,-8.975619,-15.035763
4.843750,-37.036530,-6.663767,11.428546,-6.795939,11.382845,-14.871432
4.850000,-37.256538,-6.661522,10.865517,-6.808278,31.478888,-14.706931
4.856250,-37.479160,-6.660157,9.876234,-6.820575,50.790066,-14.542192
4.862500,-37.706696,-6.660331,10.545763,-6.832508,68.835190,-14.376458
4.868750,-37.935638,-6.661639,9.558662,-6.844234,85.178848,-14.212201
4.875000,-38.161053,-6.663465,8.993641,-6.856574,99.471207,-14.050963
4.881250,-38.382656,-6.665393,8.743056,-6.869915,111.485558,-13.892273
4.887500,-38.602474,-6.667195,8.686236,-6.884501,121.107880,-13.735023
4.893750,-38.824673,-6.669026,8.691413,-6.900651,128.339203,-13.578628
4.900000,-39.054180,-6.671628,8.622602,-6.918950,133.295334,-13.423302
4.906250,-39.294334,-6.676085,8.351703,-6.939660,136.207077,-13.269669
4.912500,-39.544930,-6.682942,7.763097,-6.962459,137.408615,-13.118620
4.918750,-39.801346,-6.692291,6.756965,-6.987169,137.322830,-12.971001
4.925000,-40.059040,-6.704174,7.418736,-7.013943,136.438721,-12.827303
4.931250,-40.315472,-6.718573,6.437450,-7.042749,135.285126,-12.688582
4.937500,-40.567245,-6.735430,5.902884,-7.073177,132.234299,-12.556127
4.943750,-40.811211,-6.754594,5.714576,-7.104791,129.177444,-12.431563
4.950000,-41.045704,-6.776025,5.754562,-7.136748,126.114540,-12.316134
4.956250,-41.267799,-6.799765,5.896202,-7.167735,123.050926,-12.210444
4.962500,-41.474583,-6.825755,6.004576,-7.196528,119.993462,-12.115204
4.968750,-41.660561,-6.853596,5.944189,-7.222334,116.949600,-12.030891
4.975000,-41.819550,-6.882230,5.588169,-7.244255,113.928841,-11.957340
4.981250,-41.946751,-6.910330,4.827857,-7.261180,110.942940,-11.893724
4.987500,-42.038795,-6.936381,5.740900,-7.272333,108.000648,-11.839208
4.993750,-42.097813,-6.959216,5.002537,-7.277646,105.106369,-11.793470
5.000000,-42.129169,-6.978048,4.688128,-7.277237,102.263969,-11.755412
5.006250,-42.141605,-6.992881,4.686773,-7.271173,99.478989,-11.723494
5.012500,-42.143017,-7.003925,4.871802,-7.259826,96.753838,-11.696113
5.018750,-42.139149,-7.011677,5.103579,-7.244418,94.085060,-11.672335
5.025000,-42.132030,-7.016155,5.242410,-7.226093,91.467911,-11.651000
5.031250,-42.123062,-7.017085,5.154914,-7.206022,88.898422,-11.630948
5.037500,-42.113262,-7.014056,4.719156,-7.185291,86.369858,-11.611308
5.043750,-42.106628,-7.006843,3.827371,-7.165453,83.873978,-11.591683
5.050000,-42.109787,-6.995759,4.564590,-7.147674,81.401733,-11.571918
5.056250,-42.131706,-6.981914,3.619251,-7.132778,78.945877,-11.552150
5.062500,-42.180386,-6.966961,3.078613,-7.121394,76.498100,-11.532765
5.068750,-42.259193,-6.952691,2.841651,-7.113873,74.051384,-11.514853
5.075000,-42.365307,-6.940286,2.792017,-7.109962,71.600586,-11.499278
5.081250,-42.490124,-6.929915,2.805413,-7.108937,69.143600,-11.486909
5.087500,-42.624207,-6.920800,2.749285,-7.110450,66.679802,-11.478785
5.093750,-42.759880,-6.912202,2.492826,-7.114357,64.209297,-11.475400
5.100000,-42.896759,-6.903667,1.917941,-7.120183,61.733524,-11.477057
5.106250,-43.036522,-6.895065,0.924685,-7.126979,59.251080,-11.484424
5.112500,-43.181164,-6.886563,1.599201,-7.134416,56.760639,-11.498254
5.118750,-43.333832,-6.878751,0.625503,-7.142385,54.262058,-11.518942
5.125000,-43.496044,-6.872338,0.089953,-7.150396,51.758369,-11.546177
5.131250,-43.663826,-6.867612,-0.109899,-7.157853,49.254017,-11.579259
5.137500,-43.832508,-6.864184,-0.098697,-7.165161,46.746006,-11.618396
5.143750,-43.995094,-6.861155,-0.011602,-7.172777,44.233288,-11.663629
5.150000,-44.148685,-6.857368,0.017507,-7.180353,41.719406,-11.714439
5.156250,-44.293243,-6.852149,-0.140447,-7.187382,39.208622,-11.770280
5.162500,-44.433811,-6.845273,-0.610109,-7.193857,36.700325,-11.831258
5.168750,-44.577831,-6.837455,-1.501780,-7.200216,34.192986,-11.898026
5.175000,-44.731380,-6.829740,-0.731847,-7.206056,31.687090,-11.970573
5.181250,-44.896461,-6.823105,-1.613097,-7.210623,29.188065,-12.048762
5.187500,-45.069435,-6.817890,-2.062924,-7.213879,26.695036,-12.132989
5.193750,-45.243458,-6.813865,-2.191076,-7.216246,24.203293,-12.224093
5.200000,-45.412056,-6.810001,-2.117975,-7.217409,21.714085,-12.321833
5.206250,-45.572376,-6.805337,-1.971917,-7.216941,19.228642,-12.426059
5.212500,-45.725189,-6.799165,-1.887811,-7.214962,16.743097,-12.536867
5.218750,-45.875950,-6.791527,-2.000685,-7.211972,14.253714,-12.654765
5.225000,-46.031422,-6.783002,-2.431081,-7.207867,11.758698,-12.779689
5.231250,-46.196789,-6.774662,-3.283059,-7.202454,9.259170,-12.911385
5.237500,-46.373325,-6.767301,-2.475164,-7.195978,6.752415,-13.050036
5.243750,-46.557400,-6.761055,-3.325218,-7.188760,4.235811,-13.195977
5.250000,-46.743191,-6.755499,-3.750117,-7.180531,1.709924,-13.349051
5.256250,-46.926212,-6.749836,-3.854789,-7.170992,-0.824761,-13.509228
5.262500,-47.105011,-6.743332,-3.763823,-7.160301,-3.369653,-13.676987
5.268750,-47.281513,-6.735653,-3.610926,-7.148440,-5.927872,-13.852489
5.275000,-47.461399,-6.727024,-3.530706,-7.135127,-8.499521,-14.035682
5.281250,-47.649693,-6.718274,-3.654425,-7.120095,-11.084720,-14.226777
5.287500,-47.849754,-6.710261,-4.105527,-7.103767,-13.685441,-14.426298
5.293750,-48.060844,-6.703569,-4.990847,-7.086179,-16.305779,-14.634666
5.300000,-48.278233,-6.698218,-4.223203,-7.067136,-18.943624,-14.851959
5.306250,-48.496204,-6.693632,-5.117212,-7.046570,-21.601095,-15.078183
5.312500,-48.711163,-6.689091,-5.590817,-7.025079,-24.283009,-15.314367
5.318750,-48.921612,-6.683994,-5.750020,-7.002954,-26.991690,-15.560981
5.325000,-49.130360,-6.678067,-5.714084,-6.979906,-29.729273,-15.818098
5.331250,-49.340862,-6.671533,-5.613841,-6.956086,-32.499863,-16.085756
5.337500,-49.558117,-6.665029,-5.587392,-6.931952,-35.311859,-16.365032
5.343750,-49.783634,-6.659198,-5.768060,-6.907791,-38.172283,-16.656158
5.350000,-50.016663,-6.654264,-6.276146,-6.883023,-41.083710,-16.959084
5.356250,-50.253551,-6.650175,-7.216816,-6.857495,-44.052917,-17.273838
5.362500,-50.490685,-6.646497,-6.509717,-6.831456,-47.088284,-17.600971
5.368750,-50.725929,-6.642798,-7.472019,-6.804924,-50.197960,-17.940826
5.375000,-50.960003,-6.638761,-8.017859,-6.777354,-53.386410,-18.293421
5.381250,-51.195595,-6.634397,-8.251562,-6.748608,-56.661648,-18.658947
5.387500,-51.435165,-6.630090,-8.295955,-6.719015,-60.036411,-19.038221
5.393750,-51.680649,-6.626327,-8.282399,-6.688610,-63.521732,-19.431402
5.400000,-51.931885,-6.623383,-8.343319,-6.657279,-67.132545,-19.837770
5.406250,-52.186401,-6.621361,-8.609269,-6.625289,-70.888336,-20.255615
5.412500,-52.440910,-6.619803,-9.203039,-6.593164,-74.810387,-20.683783
5.418750,-52.692841,-6.618244,-10.228759,-6.560965,-78.910233,-21.119850
5.425000,-52.941200,-6.616286,-9.601176,-6.528490,-83.202187,-21.561779
5.431250,-53.188042,-6.613633,-10.636791,-6.495919,-85.806190,-22.006945
5.437500,-53.435577,-6.610355,-11.254929,-6.463707,-88.363411,-22.452234
5.443750,-53.686657,-6.606705,-11.562166,-6.431785,-90.359253,-22.893103
5.450000,-53.942921,-6.602880,-11.678901,-6.399876,-91.312439,-23.324697
5.456250,-54.205109,-6.599006,-11.737704,-6.367996,-90.803734,-23.741884
5.462500,-54.473034,-6.594953,-11.875352,-6.336318,-88.490189,-24.139116
5.468750,-54.746658,-6.590643,-12.222249,-6.304652,-84.126640,-24.511095
5.475000,-55.027031,-6.586005,-12.897787,-6.272763,-77.564972,-24.851942
5.481250,-55.316483,-6.581198,-14.006850,-6.240608,-68.773148,-25.156763
5.487500,-55.617561,-6.576681,-13.464581,-6.208264,-57.831383,-25.421055
5.493750,-55.933102,-6.572983,-12.689516,-6.175543,-44.934700,-25.640032
5.500000,-56.264271,-6.570791,-13.113087,-6.142435,-30.381451,-25.809456
5.506250,-56.610146,-6.570632,-12.686310,-6.109100,-14.555336,-25.925364
5.512500,-56.968285,-6.572834,-11.569757,-6.075361,2.100463,-25.983616
5.518750,-57.335667,-6.577475,-9.958337,-6.040772,19.104971,-25.979925
5.525000,-57.709625,-6.584641,-8.073420,-6.004888,35.962601,-25.911287
5.531250,-58.088890,-6.594624,-6.154300,-5.967862,52.180115,-25.776674
5.537500,-58.471642,-6.607751,-4.440948,-5.929519,67.299309,-25.576183
5.543750,-58.855507,-6.624342,-3.160879,-5.889400,80.915756,-25.311480
5.550000,-59.236568,-6.644418,-0.355012,-5.847252,92.698425,-24.985924
5.556250,-59.609516,-6.667559,2.435076,-5.803280,102.405975,-24.604565
5.562500,-59.968067,-6.693127,3.670693,-5.757563,109.900497,-24.173170
5.568750,-60.308189,-6.720235,5.312734,-5.709878,115.161346,-23.697485
5.575000,-60.628304,-6.748017,7.131360,-5.660562,118.279518,-23.184448
5.581250,-60.928566,-6.775880,8.885360,-5.610494,119.461716,-22.641964
5.587500,-61.211601,-6.803394,10.338595,-5.560189,119.025398,-22.079121
5.593750,-61.479763,-6.830394,11.272469,-5.509900,117.378181,-21.504412
5.600000,-61.733620,-6.856595,11.489361,-5.460363,114.985596,-20.927277
5.606250,-61.973640,-6.881428,10.825572,-5.412476,112.357353,-20.355864
5.612500,-62.199413,-6.904115,11.330834,-5.366793,107.851791,-19.797213
5.618750,-62.411911,-6.923752,11.575934,-5.323383,103.351608,-19.256964
5.625000,-62.615402,-6.939745,10.140971,-5.282763,98.849075,-18.739830
5.631250,-62.817379,-6.952128,9.109095,-5.245343,94.341225,-18.248512
5.637500,-63.027035,-6.961449,8.378693,-5.210840,89.833191,-17.783867
5.643750,-63.252014,-6.968815,7.831918,-5.178957,85.331612,-17.345655
5.650000,-63.497589,-6.975258,7.337507,-5.149964,80.845474,-16.933121
5.656250,-63.764336,-6.981523,6.761626,-5.123903,76.378532,-16.545130
5.662500,-64.050415,-6.987830,5.978950,-5.100128,71.935699,-16.178959
5.668750,-64.354156,-6.994160,4.872916,-5.078123,67.516571,-15.831932
5.675000,-64.674728,-7.000403,3.336845,-5.058379,63.114758,-15.502360
5.681250,-65.014290,-7.006892,3.454823,-5.041152,58.726669,-15.188142
5.687500,-65.377579,-7.014386,1.918006,-5.025928,54.356876,-14.886192
5.693750,-65.768639,-7.024144,0.814899,-5.012062,50.004837,-14.594103
5.700000,-66.188141,-7.037334,0.039080,-4.999671,45.661839,-14.310481
5.706250,-66.634499,-7.055022,-0.534552,-4.989218,41.315353,-14.035123
5.712500,-67.100822,-7.077591,-1.034819,-4.980252,36.958176,-13.766673
5.718750,-67.577911,-7.104539,-1.592963,-4.971990,32.588161,-13.503760
5.725000,-68.058380,-7.134953,-2.342952,-4.964219,28.198156,-13.245489
5.731250,-68.538918,-7.168060,-3.409280,-4.956885,23.779972,-12.991097
5.737500,-69.021896,-7.204040,-4.897041,-4.949271,19.329134,-12.738988
5.743750,-69.514420,-7.244067,-4.723089,-4.940764,14.841570,-12.487684
5.750000,-70.020531,-7.289808,-6.206089,-4.931236,10.309039,-12.236204
5.756250,-70.537872,-7.342780,-7.266946,-4.920827,5.722565,-11.984060
5.762500,-71.056129,-7.403229,-8.010551,-4.909070,1.076883,-11.730356
5.768750,-71.560005,-7.470180,-8.558318,-4.895647,-3.633883,-11.474542
5.775000,-72.035660,-7.541697,-9.046383,-4.880946,-8.419601,-11.216912
5.781250,-72.476562,-7.615929,-9.613161,-4.865300,-13.290366,-10.958020
5.787500,-72.884766,-7.691918,-10.389795,-4.848875,-18.251575,-10.698341
5.793750,-73.268013,-7.769927,-11.498119,-4.831790,-23.311115,-10.438735
5.800000,-73.634697,-7.851225,-13.046722,-4.814662,-28.476196,-10.180724
5.806250,-73.987343,-7.936872,-12.953877,-4.797975,-33.752426,-9.925781
5.812500,-74.319458,-8.026870,-12.639364,-4.781703,-39.140846,-9.675380
5.818750,-74.620209,-8.120093,-13.536065,-4.766212,-44.639565,-9.431399
5.825000,-74.880089,-8.214600,-13.596964,-4.751911,-50.246925,-9.195953
5.831250,-75.095268,-8.308407,-12.982772,-4.738655,-55.954906,-8.970370
5.837500,-75.270866,-8.400791,-11.886696,-4.726207,-61.750713,-8.756071
5.843750,-75.417641,-8.492027,-10.529675,-4.714706,-67.623543,-8.554588
5.850000,-75.544830,-8.583145,-9.147477,-4.704516,-73.561371,-8.367618
5.856250,-75.657188,-8.675472,-7.974000,-4.695356,-79.545975,-8.195807
5.862500,-75.751938,-8.769394,-7.231055,-4.686688,-85.557961,-8.039240
5.868750,-75.819199,-8.864124,-4.954957,-4.678448,-91.581322,-7.898521
5.875000,-75.850250,-8.958064,-2.684175,-4.670948,-97.602005,-7.774289
5.881250,-75.839783,-9.049601,-1.953696,-4.664094,-101.708069,-7.666594
5.887500,-75.789513,-9.137337,-0.797754,-4.657363,-105.501305,-7.574528
5.893750,-75.706810,-9.220726,0.557264,-4.650452,-108.432526,-7.497396
5.900000,-75.602806,-9.300347,1.871166,-4.643487,-109.998749,-7.434923
5.906250,-75.486771,-9.377398,2.907866,-4.636309,-109.760162,-7.386316
5.912500,-75.363441,-9.453022,3.446743,-4.628410,-107.362549,-7.350396
5.918750,-75.231499,-9.527570,3.290352,-4.619704,-102.558670,-7.326202
5.925000,-75.085106,-9.600523,2.273652,-4.610183,-95.219498,-7.313053
5.931250,-74.918800,-9.670812,2.444010,-4.599717,-85.336876,-7.310095
5.937500,-74.732544,-9.737256,2.370663,-4.587756,-73.021805,-7.315858
5.943750,-74.532234,-9.799677,0.631533,-4.574220,-58.505684,-7.329359
5.950000,-74.328125,-9.858762,-0.692784,-4.559396,-42.126949,-7.349993
5.956250,-74.130943,-9.916255,-1.708538,-4.543198,-24.309170,-7.376858
5.962500,-73.945129,-9.973701,-2.535157,-4.525310,-5.539898,-7.408887
5.968750,-73.767685,-10.031860,-3.304974,-4.505592,13.648492,-7.445211
5.975000,-73.590294,-10.090477,-4.154944,-4.484351,32.708645,-7.485361
5.981250,-73.404488,-10.148269,-5.218407,-4.461547,51.105919,-7.528614
5.987500,-73.205620,-10.204059,-6.616095,-4.436821,68.349274,-7.574189
5.993750,-72.998779,-10.257650,-8.456023,-4.410307,84.009018,-7.621418
6.000000,-72.791756,-10.309769,-8.656210,-4.382070,97.740578,-7.669802
6.006250,-72.593544,-10.362084,-8.638910,-4.352006,109.303711,-7.718673
6.012500,-72.407356,-10.416388,-9.837464,-4.319864,118.574783,-7.767365
6.018750,-72.228058,-10.473529,-10.204487,-4.285515,125.550095,-7.815213
6.025000,-72.045288,-10.533477,-9.905971,-4.249130,130.346237,-7.861958
6.031250,-71.847771,-10.595307,-9.140020,-4.210848,133.195953,-7.907205
6.037500,-71.628120,-10.657865,-8.129252,-4.170536,134.437897,-7.950346
6.043750,-71.384033,-10.720466,-7.109803,-4.128286,134.497360,-7.990787
6.050000,-71.118660,-10.783164,-6.322236,-4.084330,133.862579,-8.028043
6.056250,-70.835068,-10.846664,-5.993919,-4.038907,133.062180,-8.061662
6.062500,-70.534576,-10.911759,-4.164511,-3.992206,130.471085,-8.091291
6.068750,-70.211967,-10.978507,-2.371751,-3.944488,127.978516,-8.116660
6.075000,-69.857086,-11.046189,-2.154109,-3.896013,125.580338,-8.137337
6.081250,-69.458931,-11.112902,-1.549923,-3.847187,123.272774,-8.152927
6.087500,-69.010872,-11.176365,-0.788106,-3.798084,121.049088,-8.163046
6.093750,-68.513390,-11.234955,-0.106672,-3.749043,118.902802,-8.167410
6.100000,-67.974258,-11.288061,0.257598,-3.700318,116.826096,-8.165767
6.106250,-67.404427,-11.336090,0.083429,-3.652087,114.812325,-8.157928
6.112500,-66.811928,-11.379869,-0.827501,-3.604557,112.855095,-8.143697
6.118750,-66.199921,-11.420168,-2.637315,-3.558181,110.945557,-8.123219
6.125000,-65.565376,-11.457001,-3.298813,-3.513415,109.076172,-8.096672
6.131250,-64.901428,-11.489470,-4.244630,-3.470366,107.240967,-8.064213
6.137500,-64.199364,-11.515781,-5.000550,-3.429412,105.434074,-8.026114
6.143750,-63.457661,-11.533920,-7.001095,-3.391036,103.649483,-7.982944
6.150000,-62.680328,-11.542435,-8.196939,-3.355836,101.882332,-7.935320
6.156250,-61.877731,-11.540815,-8.751657,-3.324088,100.128891,-7.883840
6.162500,-61.063133,-11.529520,-8.860934,-3.296296,98.387032,-7.828983
6.168750,-60.248035,-11.509417,-8.745862,-3.273232,96.652649,-7.771448
6.175000,-59.438812,-11.481120,-8.640087,-3.255526,94.923340,-7.711919
6.181250,-58.638008,-11.444910,-8.778336,-3.243554,93.197777,-7.650832
6.187500,-57.845093,-11.400271,-9.384003,-3.237596,91.475029,-7.588418
6.193750,-57.060192,-11.346503,-8.492519,-3.238340,89.752029,-7.525211
6.200000,-56.289051,-11.283005,-7.637781,-3.246214,88.027184,-7.461577
6.206250,-55.541943,-11.210036,-6.455617,-3.261298,86.299896,-7.397424
6.212500,-54.832260,-11.129112,-6.495944,-3.283550,84.570473,-7.332777
6.218750,-54.172066,-11.042255,-5.826712,-3.313119,82.836617,-7.267719
6.225000,-53.567894,-10.951744,-4.721601,-3.350152,81.095840,-7.202706
6.231250,-53.019810,-10.859486,-3.475269,-3.394183,79.347443,-7.137812
6.237500,-52.521030,-10.766408,-2.390806,-3.444663,77.592484,-7.073156
6.243750,-52.061810,-10.672247,-1.765599,-3.501373,75.827957,-7.009204
6.250000,-51.630566,-10.576007,-1.876445,-3.564055,74.051895,-6.946599
6.256250,-51.221767,-10.476447,-0.792641,-3.632344,72.263618,-6.885842
6.262500,-50.838787,-10.373052,-0.066333,-3.705450,70.461189,-6.827446
6.268750,-50.489388,-10.266585,0.662942,-3.783129,68.644066,-6.771933
6.275000,-50.182957,-10.158501,1.753150,-3.865180,66.809563,-6.720040
6.281250,-49.923687,-10.050515,1.651132,-3.951391,64.957283,-6.672267
6.287500,-49.709080,-9.943798,2.284306,-4.041521,63.087627,-6.628980
6.293750,-49.531399,-9.838667,3.377644,-4.135570,61.199497,-6.590672
6.300000,-49.378036,-9.734308,4.629701,-4.233484,59.293484,-6.557905
6.306250,-49.239815,-9.629343,5.733437,-4.335205,57.370651,-6.530934
6.312500,-49.112812,-9.522575,6.390221,-4.440695,55.433548,-6.510147
6.318750,-49.000999,-9.413513,6.322431,-4.550037,53.485054,-6.495925
6.325000,-48.910522,-9.302630,7.458259,-4.663167,51.527241,-6.488596
6.331250,-48.847424,-9.191112,8.244219,-4.779823,49.563717,-6.488318
6.337500,-48.813576,-9.079803,9.040961,-4.899841,47.597168,-6.495339
6.343750,-48.804352,-8.968888,8.312476,-5.023342,45.628857,-6.510457
6.350000,-48.811920,-8.857445,8.021831,-5.150061,43.661148,-6.533863
6.356250,-48.828400,-8.743893,7.946168,-5.279371,41.698341,-6.565539
6.362500,-48.851727,-8.626652,7.850107,-5.410925,39.743137,-6.605519
6.368750,-48.887360,-8.504704,7.496763,-5.544904,37.793934,-6.654446
6.375000,-48.947689,-8.378221,6.665166,-5.681175,35.852417,-6.712600
6.381250,-49.047081,-8.248707,5.161394,-5.819382,33.921139,-6.779799
6.387500,-49.196266,-8.118067,2.824542,-5.959284,32.002945,-6.856270
6.393750,-49.398830,-7.988061,1.702649,-6.101089,30.098160,-6.942342
6.400000,-49.651554,-7.859747,0.362171,-6.244887,28.209057,-7.038531
6.406250,-49.946194,-7.733015,-0.721168,-6.390081,26.340416,-7.144663
6.412500,-50.273357,-7.607124,-2.979111,-6.536572,24.496258,-7.261334
6.418750,-50.627445,-7.481058,-4.366072,-6.684824,22.676193,-7.389743
6.425000,-51.007511,-7.354115,-5.043755,-6.834637,20.884708,-7.530649
6.431250,-51.418961,-7.226511,-5.204734,-6.985485,19.130096,-7.684463
6.437500,-51.868019,-7.098906,-5.069400,-7.137155,17.415485,-7.852253
6.443750,-52.357868,-6.972232,-4.874248,-7.290048,15.743768,-8.035431
6.450000,-52.887032,-6.846804,-4.854538,-7.444258,14.119678,-8.235267
6.456250,-53.451290,-6.722302,-5.231125,-7.599321,12.553111,-8.452228
6.462500,-54.046276,-6.597847,-4.037505,-7.754898,11.052110,-8.687327
6.468750,-54.670956,-6.472424,-2.807927,-7.911271,9.626182,-8.941734
6.475000,-55.329346,-6.345465,-3.075402,-8.068198,8.289417,-9.215916
6.481250,-56.031010,-6.217368,-2.871057,-8.225162,7.063488,-9.509669
6.487500,-56.787579,-6.089335,-2.418646,-8.381876,5.971486,-9.822994
6.493750,-57.607727,-5.963146,-1.953064,-8.538164,5.041166,-10.155074
6.500000,-58.495811,-5.840341,-1.703590,-8.692762,4.306782,-10.503554
6.506250,-59.450527,-5.722062,-1.886849,-8.844186,3.807556,-10.865251
6.512500,-60.467419,-5.608748,-2.699902,-8.991488,3.578921,-11.236438
6.518750,-61.541222,-5.500469,-4.306199,-9.133614,3.657414,-11.611996
6.525000,-62.668427,-5.397120,-4.652950,-9.268227,4.080860,-11.984669
6.531250,-63.848129,-5.298904,-5.171070,-9.392963,4.881513,-12.346127
6.537500,-65.082375,-5.206295,-5.392419,-9.506207,6.077150,-12.687590
6.543750,-66.372795,-5.119761,-6.757315,-9.606567,7.674623,-12.999410
6.550000,-67.720833,-5.039902,-7.220654,-9.692067,9.673427,-13.270801
6.556250,-69.126732,-4.967293,-6.949748,-9.760958,12.056100,-13.491042
6.562500,-70.592300,-4.902675,-6.152143,-9.812145,14.784876,-13.650664
6.568750,-72.119370,-4.847240,-5.060156,-9.844652,17.807964,-13.740915
6.575000,-73.710846,-4.802386,-3.921330,-9.857700,21.060608,-13.754626
6.581250,-75.366440,-4.769716,-2.988138,-9.851180,24.465599,-13.686851
6.587500,-77.082939,-4.750621,-2.505291,-9.825707,27.934349,-13.535614
6.593750,-78.854134,-4.745944,-0.527155,-9.781936,31.375671,-13.301222
6.600000,-80.672974,-4.756252,1.395583,-9.720502,34.700523,-12.986498
6.606250,-82.534317,-4.782491,1.710125,-9.642585,37.822567,-12.597048
6.612500,-84.434494,-4.825753,2.362150,-9.549709,40.661160,-12.140985
6.618750,-86.368637,-4.887327,3.109871,-9.443291,43.148785,-11.627970
6.625000,-88.329239,-4.968515,3.704607,-9.324789,45.232155,-11.069110
6.631250,-90.307785,-5.070534,3.898352,-9.196014,46.870575,-10.476570
6.637500,-92.290825,-5.193824,3.457561,-9.059037,48.037754,-9.863224
6.643750,-94.260880,-5.337899,2.177194,-8.916087,48.727245,-9.241092
6.650000,-96.200737,-5.501245,-0.109433,-8.768984,48.946373,-8.621170
6.656250,-98.099258,-5.682335,-1.357666,-8.619974,48.716076,-8.013383
6.662500,-99.954857,-5.880937,-3.004155,-8.471473,48.065044,-7.426045
6.668750,-101.770279,-6.098121,-4.574037,-8.325570,47.033848,-6.865129
6.675000,-103.548012,-6.335568,-5.603364,-8.184338,45.667065,-6.334805
6.681250,-105.284096,-6.595515,-7.559258,-8.050447,44.006790,-5.838361
6.687500,-106.966415,-6.879772,-8.446218,-7.926532,42.095989,-5.377362
6.693750,-108.570892,-7.188471,-8.493791,-7.814581,39.979855,-4.951872
6.700000,-110.067474,-7.519897,-7.978088,-7.716245,37.699135,-4.560977
6.706250,-111.425735,-7.870899,-7.213698,-7.633580,35.288372,-4.203628
6.712500,-112.624664,-8.238512,-6.533287,-7.568495,32.776093,-3.878438
6.718750,-113.651260,-8.620170,-6.265180,-7.522070,30.191711,-3.583287
6.725000,-114.497055,-9.013798,-4.552787,-7.494936,27.558474,-3.316210
6.731250,-115.153809,-9.417676,-3.039165,-7.487711,24.893255,-3.075517
6.737500,-115.611557,-9.830064,-1.466058,-7.500281,22.210670,-2.859505
6.743750,-115.854286,-10.247929,0.421178,-7.532068,19.526093,-2.666222
6.750000,-115.861244,-10.666245,0.961040,-7.582803,16.847620,-2.494380
6.756250,-115.611099,-11.077834,1.979433,-7.651674,14.182943,-2.342838
6.762500,-115.096306,-11.475121,3.110697,-7.737348,11.539410,-2.210096
6.768750,-114.329140,-11.852235,3.982978,-7.838181,8.924563,-2.094669
6.775000,-113.340607,-12.205661,4.234723,-7.952695,6.343749,-1.995171
6.781250,-112.168381,-12.534716,3.533769,-8.079172,3.800875,-1.910300
6.787500,-110.847092,-12.839518,3.765293,-8.215938,1.299279,-1.838544
6.793750,-109.401329,-13.120847,3.345411,-8.361275,-1.158632,-1.778606
6.800000,-107.847488,-13.378711,2.618567,-8.513686,-3.571097,-1.729418
6.806250,-106.192360,-13.611682,1.945119,-8.671672,-5.938401,-1.689690
6.812500,-104.438927,-13.816638,1.685943,-8.833656,-8.258919,-1.658321
6.818750,-102.599182,-13.990824,0.287037,-8.998328,-10.532093,-1.634278
6.825000,-100.701172,-14.133175,-0.325482,-9.164383,-12.758507,-1.616755
6.831250,-98.782417,-14.245522,-0.430186,-9.330747,-14.939174,-1.604946
6.837500,-96.881477,-14.331676,-0.328372,-9.496179,-17.074062,-1.598140
6.843750,-95.024284,-14.395739,-0.329343,-9.659878,-19.164772,-1.595797
6.850000,-93.224762,-14.441163,-0.734921,-9.821225,-21.214153,-1.597533
6.856250,-91.482224,-14.470164,-1.823411,-9.979403,-23.224199,-1.602971
6.862500,-89.789330,-14.482492,-1.667984,-10.133792,-25.196955,-1.611752
6.868750,-88.139580,-14.477108,-1.823212,-10.284049,-27.134392,-1.623540
6.875000,-86.539650,-14.453600,-1.932423,-10.429757,-29.039587,-1.638092
6.881250,-85.009438,-14.413862,-1.637560,-10.570711,-30.915487,-1.655261
6.887500,-83.574013,-14.361919,-2.494076,-10.706544,-32.763554,-1.674811
6.893750,-82.250801,-14.302404,-2.575395,-10.837005,-34.584900,-1.696521
6.900000,-81.043053,-14.239569,-2.159389,-10.961909,-36.382164,-1.720266
6.906250,-79.943275,-14.176841,-1.547782,-11.081174,-38.156822,-1.745899
6.912500,-78.931679,-14.115516,-1.049204,-11.194497,-39.910080,-1.773365
6.918750,-77.982498,-14.054420,-0.964622,-11.301790,-41.642944,-1.802505
6.925000,-77.073265,-13.991033,-1.571834,-11.403145,-43.357662,-1.833262
6.931250,-76.194000,-13.923332,-0.944891,-11.498443,-45.054192,-1.865530
6.937500,-75.351036,-13.851110,-0.638543,-11.587754,-46.734081,-1.899149
6.943750,-74.557716,-13.775932,-0.294447,-11.671071,-48.398113,-1.934061
6.950000,-73.822807,-13.699780,0.446257,-11.748367,-50.046997,-1.970247
6.956250,-73.147125,-13.624878,0.027987,-11.819839,-51.682449,-2.007789
6.962500,-72.522942,-13.552178,0.377831,-11.885633,-53.305775,-2.046587
6.968750,-71.936386,-13.481496,1.218512,-11.945872,-54.916836,-2.086764
6.975000,-71.372162,-13.410899,2.250168,-12.000804,-56.516853,-2.128331
6.981250,-70.819489,-13.338286,3.164163,-12.050838,-58.107124,-2.171375
6.987500,-70.282013,-13.262770,3.660259,-12.096093,-59.687752,-2.216034
6.993750,-69.771851,-13.185276,3.461776,-12.136876,-61.258472,-2.262170
7.000000,-69.301933,-13.107929,4.495999,-12.173421,-62.820160,-2.309927
7.006250,-68.877129,-13.032905,5.207897,-12.206101,-64.374176,-2.359476
7.012500,-68.493622,-12.962058,5.956546,-12.234990,-65.920235,-2.410855
7.018750,-68.138359,-12.895937,5.206967,-12.260388,-67.457878,-2.463936
7.025000,-67.792740,-12.833050,4.922083,-12.282380,-68.987610,-2.518771
7.031250,-67.434769,-12.770124,4.874146,-12.301123,-70.509903,-2.575539
7.037500,-67.053879,-12.703600,4.826806,-12.316943,-72.025726,-2.634206
7.043750,-66.654938,-12.631704,4.546099,-12.329782,-73.533203,-2.694643
7.050000,-66.255409,-12.554178,3.810104,-12.339785,-75.032608,-2.756912
7.056250,-65.874115,-12.472541,2.422250,-12.347129,-76.525314,-2.821213
7.062500,-65.523407,-12.388685,0.219197,-12.351841,-78.010963,-2.887611
7.068750,-65.208359,-12.304646,-0.749722,-12.353981,-79.489548,-2.956114
7.075000,-64.925652,-12.221373,-1.918256,-12.353476,-80.961540,-3.026827
7.081250,-64.665245,-12.138274,-2.814527,-12.350472,-82.427879,-3.100168
7.087500,-64.415405,-12.053556,-4.873338,-12.345085,-83.888672,-3.176292
7.093750,-64.172447,-11.965686,-6.046686,-12.337233,-85.342911,-3.255223
7.100000,-63.945099,-11.874627,-6.498434,-12.327127,-86.789780,-3.337045
7.106250,-63.746136,-11.781874,-6.427659,-12.315017,-88.230362,-3.422070
7.112500,-63.586720,-11.689346,-6.058091,-12.301117,-89.664543,-3.510460
7.118750,-63.468380,-11.598966,-5.626266,-12.285454,-91.091545,-3.602300
7.125000,-63.383984,-11.511868,-5.370105,-12.268426,-92.511375,-3.697844
7.131250,-63.321472,-11.427843,-5.518631,-12.250352,-93.923843,-3.797339
7.137500,-63.262188,-11.344778,-4.109852,-12.231297,-95.328201,-3.900799
7.143750,-63.192455,-11.259418,-2.680297,-12.211504,-96.722252,-4.008346
7.150000,-63.109596,-11.169034,-2.766493,-12.191401,-98.105759,-4.120248
7.156250,-63.026577,-11.072813,-2.407104,-12.171426,-99.477585,-4.236756
7.162500,-62.963867,-10.971960,-1.828798,-12.151699,-100.835793,-4.357940
7.168750,-62.938240,-10.868464,-1.266293,-12.132444,-102.177650,-4.483918
7.175000,-62.959961,-10.764670,-0.955750,-12.113775,-103.501785,-4.614982
7.181250,-63.030445,-10.662536,-1.120177,-12.096078,-104.808220,-4.751692
7.187500,-63.143803,-10.563346,-1.955651,-12.079388,-106.093689,-4.894242
7.193750,-63.288208,-10.466507,-3.622982,-12.063570,-107.354362,-5.042645
7.200000,-63.450520,-10.370415,-4.075088,-12.048684,-108.588669,-5.197351
7.206250,-63.625221,-10.273638,-4.745689,-12.035209,-109.793617,-5.358667
7.212500,-63.817486,-10.175947,-5.160662,-12.023087,-110.964119,-5.526553
7.218750,-64.038109,-10.078308,-6.751294,-12.012295,-112.094025,-5.700875
7.225000,-64.294556,-9.982161,-7.469589,-12.003323,-113.178673,-5.881807
7.231250,-64.587654,-9.888850,-7.479060,-11.996841,-114.214500,-6.069590
7.237500,-64.913124,-9.798944,-6.974494,-11.993084,-115.193695,-6.264035
7.243750,-65.261948,-9.712197,-6.175078,-11.992159,-116.106743,-6.464751
7.250000,-65.624054,-9.627065,-5.316575,-11.994704,-116.947739,-6.671609
7.256250,-65.992538,-9.541546,-4.634784,-12.001130,-117.708885,-6.884233
7.262500,-66.369621,-9.454615,-4.353495,-12.011538,-118.380043,-7.101619
7.268750,-66.766121,-9.366407,-2.505347,-12.025893,-118.951317,-7.322390
7.275000,-67.196571,-9.278389,-0.624583,-12.044372,-119.414551,-7.545485
7.281250,-67.670670,-9.192338,-0.243642,-12.066926,-119.764839,-7.769322
7.287500,-68.193245,-9.110140,0.605315,-12.092994,-119.992935,-7.991817
7.293750,-68.762787,-9.033442,1.701582,-12.121674,-120.092293,-8.210444
7.300000,-69.372887,-8.963295,2.813345,-12.152624,-120.059036,-8.423025
7.306250,-70.012146,-8.899450,3.710316,-12.184791,-119.891861,-8.626883
7.312500,-70.668472,-8.840966,4.175082,-12.216907,-119.588730,-8.818903
7.318750,-71.335365,-8.786743,4.016543,-12.247802,-119.150246,-8.996019
7.325000,-72.010887,-8.736159,3.073170,-12.276542,-118.582619,-9.155569
7.331250,-72.698051,-8.689140,3.393401,-12.302001,-117.893448,-9.294670
7.337500,-73.399498,-8.645776,3.544698,-12.323132,-117.092445,-9.410634
7.343750,-74.117508,-8.606330,2.104415,-12.338871,-116.192291,-9.501308
7.350000,-74.854027,-8.571235,1.149365,-12.348493,-115.210953,-9.565121
7.356250,-75.610146,-8.541202,0.568650,-12.351345,-114.167564,-9.601171
7.362500,-76.385376,-8.516594,0.235455,-12.346519,-113.080330,-9.608405
7.368750,-77.177498,-8.497515,0.010617,-12.333340,-111.971535,-9.586710
7.375000,-77.984085,-8.484041,-0.251082,-12.311759,-110.866066,-9.536877
7.381250,-78.805275,-8.476540,-0.687549,-12.281579,-109.786987,-9.459866
7.387500,-79.642754,-8.475753,-1.425773,-12.242139,-108.755577,-9.356952
7.393750,-80.498177,-8.482977,-2.575357,-12.193484,-107.793419,-9.229909
7.400000,-81.370125,-8.499315,-2.058889,-12.135926,-106.923500,-9.081229
7.406250,-82.253410,-8.525796,-3.194217,-12.069378,-106.163315,-8.913310
7.412500,-83.139809,-8.563077,-3.898396,-11.993689,-105.525803,-8.728546
7.418750,-84.017326,-8.611192,-4.279964,-11.908873,-105.021835,-8.529564
7.425000,-84.873947,-8.669323,-4.463742,-11.815244,-104.661873,-8.319275
7.431250,-85.696129,-8.735958,-4.583228,-11.712627,-104.449463,-8.100180
7.437500,-86.473351,-8.809342,-4.776496,-11.601075,-104.385384,-7.874681
7.443750,-87.202675,-8.887934,-5.180943,-11.480678,-104.470001,-7.645182
7.450000,-87.886642,-8.970989,-5.925243,-11.351627,-104.700928,-7.414189
7.456250,-88.531075,-9.058657,-7.120738,-11.214007,-105.073944,-7.183382
7.462500,-89.141251,-9.151722,-6.690308,-11.068097,-105.581390,-6.954628
7.468750,-89.720276,-9.251128,-6.064604,-10.914329,-106.218292,-6.729489
7.475000,-90.262863,-9.357653,-6.683980,-10.753596,-106.978279,-6.509785
7.481250,-90.761078,-9.470908,-6.507505,-10.586472,-107.853477,-6.296412
7.487500,-91.203377,-9.589858,-5.704113,-10.413708,-108.835533,-6.090327
7.493750,-91.579628,-9.713113,-4.475512,-10.236640,-109.917519,-5.892576
7.500000,-91.884438,-9.839376,-3.049158,-10.056675,-111.092934,-5.704102
7.506250,-92.115829,-9.967587,-1.660218,-9.874934,-112.352943,-5.525188
7.512500,-92.272507,-10.096791,-0.544269,-9.692609,-113.689110,-5.356247
7.518750,-92.353951,-10.226490,0.072849,-9.510813,-115.094429,-5.197797
7.525000,-92.358025,-10.355879,2.156476,-9.330689,-116.562141,-5.050094
7.531250,-92.278603,-10.483430,4.176372,-9.153052,-118.082909,-4.913117
7.537500,-92.108437,-10.606522,4.600952,-8.978609,-119.648445,-4.786736
7.543750,-91.841637,-10.721766,5.395675,-8.808039,-121.252213,-4.671074
7.550000,-91.481369,-10.826227,6.338588,-8.641771,-122.886986,-4.565989
7.556250,-91.042336,-10.918470,7.199230,-8.479723,-124.543671,-4.470854
7.562500,-90.546181,-10.998447,7.746849,-8.321696,-126.214317,-4.385346
7.568750,-90.012894,-11.067380,7.762379,-8.167669,-127.895149,-4.309127
7.575000,-89.457397,-11.126767,7.050934,-8.017385,-129.582245,-4.241748
7.581250,-88.887787,-11.178148,5.453416,-7.870407,-131.269836,-4.182560
7.587500,-88.305527,-11.222363,5.019293,-7.726660,-132.954285,-4.130932
7.593750,-87.704956,-11.259015,4.315733,-7.586138,-134.633774,-4.086516
7.600000,-87.079727,-11.286613,3.816813,-7.449002,-136.307007,-4.048764
7.606250,-86.426872,-11.303509,2.089859,-7.315473,-137.972198,-4.017060
7.612500,-85.751656,-11.308881,1.184022,-7.185818,-139.627930,-3.991046
7.618750,-85.066597,-11.302768,0.936500,-7.060403,-141.274597,-3.970326
7.625000,-84.382790,-11.285873,1.151441,-6.939615,-142.910919,-3.954533
7.631250,-83.709694,-11.259456,1.607992,-6.823872,-144.536438,-3.943278
7.637500,-83.051010,-11.224082,2.071065,-6.713819,-146.150894,-3.936481
7.643750,-82.404236,-11.179222,2.303615,-6.609994,-147.755478,-3.934158
7.650000,-81.763641,-11.123101,2.081356,-6.512971,-149.349426,-3.936335
7.656250,-81.132835,-11.053874,3.369170,-6.423242,-150.932480,-3.942877
7.662500,-80.525230,-10.971413,4.634078,-6.341155,-152.505142,-3.953832
7.668750,-79.963997,-10.877318,4.342925,-6.267277,-154.066788,-3.969144
7.675000,-79.470490,-10.774168,4.462204,-6.201918,-155.616318,-3.988652
7.681250,-79.058266,-10.664836,4.770286,-6.145167,-157.153397,-4.012218
7.687500,-78.734932,-10.552161,5.036101,-6.097238,-158.676498,-4.039748
7.693750,-78.500832,-10.438829,5.029346,-6.058071,-160.185059,-4.071093
7.700000,-78.349327,-10.326315,4.536072,-6.027345,-161.675842,-4.105718
7.706250,-78.266663,-10.214251,3.366347,-6.004619,-163.145172,-4.143196
7.712500,-78.241470,-10.101372,1.363807,-5.989579,-162.697327,-4.183271
7.718750,-78.270508,-9.986864,0.582983,-5.981513,-161.951141,-4.225410
7.725000,-78.363319,-9.871778,-0.401025,-5.979330,-160.370041,-4.268721
7.731250,-78.532082,-9.758268,-1.108136,-5.981931,-157.458832,-4.312226
7.737500,-78.785072,-9.649101,-2.968629,-5.988059,-152.790298,-4.355405
7.743750,-79.122314,-9.547026,-3.932276,-5.996628,-146.026199,-4.397399
7.750000,-79.537506,-9.454464,-4.159765,-6.006223,-136.929657,-4.437311
7.756250,-80.015999,-9.372458,-3.848895,-6.015749,-125.380783,-4.474499
7.762500,-80.537651,-9.300426,-3.224940,-6.024558,-111.385818,-4.508588
7.768750,-81.085037,-9.237065,-2.528022,-6.032019,-95.071869,-4.539495
7.775000,-81.651421,-9.182178,-1.998376,-6.037555,-76.682503,-4.566890
7.781250,-82.237289,-9.136654,-1.868765,-6.040968,-56.563004,-4.590837
7.787500,-82.839584,-9.101617,-0.183750,-6.042475,-35.148415,-4.611773
7.793750,-83.450439,-9.077456,1.512849,-6.042435,-12.938783,-4.630163
7.800000,-84.055405,-9.064121,1.681302,-6.041094,9.529100,-4.646412
7.806250,-84.639725,-9.061064,2.278309,-6.039097,31.704538,-4.661122
7.812500,-85.184456,-9.065816,3.069848,-6.037656,53.047897,-4.675642
7.818750,-85.667603,-9.073918,3.815546,-6.037695,73.063736,-4.691078
7.825000,-86.077225,-9.080384,4.282473,-6.039585,91.327026,-4.708051
7.831250,-86.420013,-9.082157,4.251358,-6.043820,107.499352,-4.727167
7.837500,-86.717239,-9.078363,3.526515,-6.051198,121.344666,-4.749330
7.843750,-86.992676,-9.069707,1.947424,-6.062250,132.743713,-4.775262
7.850000,-87.264809,-9.057408,1.568896,-6.077010,141.702515,-4.805145
7.856250,-87.544823,-9.043044,0.965061,-6.095310,148.347488,-4.839070
7.862500,-87.840302,-9.028348,0.614748,-6.117229,152.919983,-4.877112
7.868750,-88.152390,-9.014645,-0.912207,-6.142544,155.763245,-4.919330
7.875000,-88.474930,-9.001855,-1.561563,-6.170800,157.309692,-4.965450
7.881250,-88.800003,-8.988815,-1.491596,-6.201447,158.055634,-5.015174
7.887500,-89.126907,-8.974856,-0.896941,-6.234046,158.535675,-5.068268
7.893750,-89.463654,-8.960702,0.002233,-6.267924,157.131638,-5.124260
7.900000,-89.820908,-8.948101,0.972330,-6.302269,155.740952,-5.182439
7.906250,-90.203148,-8.938759,1.775943,-6.336449,154.364746,-5.242415
7.912500,-90.608269,-8.934172,2.183004,-6.370018,153.002136,-5.303977
7.918750,-91.027550,-8.934172,4.154204,-6.370018,151.652084,-5.303977
7.925000,-91.027550,-8.934172,4.154204,-6.370018,151.652084,-5.303977
7.931250,-91.027550,-8.934172,4.154204,-6.370018,151.652084,-5.303977
7.937500,-91.027550,-8.934172,4.154204,-6.370018,151.652084,-5.303977
7.943750,-91.027550,-8.934172,4.154204,-6.370018,151.652084,-5.303977
7.950000,-91.027550,-8.934172,4.154204,-6.370018,151.652084,-5.303977
7.956250,-91.027550,-8.934172,4.154204,-6.370018,151.652084,-5.303977
7.962500,-91.027550,-8.934172,4.154204,-6.370018,151.652084,-5.303977
7.968750,-91.027550,-8.934172,4.154204,-6.370018,151.652084,-5.303977
7.975000,-91.027550,-8.934172,4.154204,-6.370018,151.652084,-5.303977
7.981250,-91.027550,-8.934172,4.154204,-6.370018,151.652084,-5.303977
7.987500,-91.027550,-8.934172,4.154204,-6.370018,151.652084,-5.303977
7.993750,-91.027550,-8.934172,4.154204,-6.370018,151.652084,-5.303977
8.000000,-91.027550,-8.934172,4.154204,-6.370018,151.652084,-5.303977
