Anritsu VNA Frequency[GHz],S21[deg],S21[dB],S11[deg],S11[dB],S22[deg],S22[dB]
1338032395.73,2012_05_26_12:39:55,+298.08,+297.92,+02.989,+297.80,+297.23,+298.18,+297.78,+298.21,243.405884,-6.627
3.006250,-111.778282,-14.611412,-4.392846,-4.658934,-80.856400,-10.555423
3.012500,-111.778282,-14.611412,-4.392846,-4.658934,-80.856400,-10.555423
3.018750,-111.778282,-14.611412,-4.392846,-4.658934,-80.856400,-10.555423
3.025000,-111.778282,-14.611412,-4.392846,-4.658934,-80.856400,-10.555423
3.031250,-111.778282,-14.611412,-4.392846,-4.658934,-80.856400,-10.555423
3.037500,-111.778282,-14.611412,-4.392846,-4.658934,-80.856400,-10.555423
3.043750,-111.778282,-14.611412,-4.392846,-4.658934,-80.856400,-10.555423
3.050000,-111.778282,-14.611412,-4.392846,-4.658934,-80.856400,-10.555423
3.056250,-111.778282,-14.611412,-4.392846,-4.658934,-80.856400,-10.555423
3.062500,-111.778282,-14.611412,-4.392846,-4.658934,-80.856400,-10.555423
3.068750,-111.778282,-14.611412,-4.392846,-4.658934,-80.856400,-10.555423
3.075000,-111.778282,-14.611412,-4.392846,-4.658934,-80.856400,-10.555423
3.081250,-111.778282,-14.611412,-4.392846,-4.658934,-80.856400,-10.555423
3.087500,-111.778282,-14.611412,-4.392846,-4.658934,-80.856400,-10.555423
3.093750,-111.778282,-14.423851,-4.392846,-4.721453,-80.856400,-10.959393
3.100000,-112.856003,-14.249012,-4.893087,-4.781590,-86.152809,-11.360521
3.106250,-113.970207,-14.086278,-6.570644,-4.839194,-89.737442,-11.754858
3.112500,-115.106575,-13.934625,-7.379118,-4.894123,-93.238831,-12.138086
3.118750,-116.254143,-13.792899,-7.483411,-4.946380,-96.127251,-12.505549
3.125000,-117.405724,-13.660252,-7.081827,-4.995786,-97.909836,-12.852578
3.131250,-118.559875,-13.535973,-6.397709,-5.042257,-98.154373,-13.174427
3.137500,-119.713219,-13.419887,-5.667797,-5.085884,-96.508476,-13.467104
3.143750,-120.863670,-13.311702,-5.131039,-5.126756,-92.719055,-13.726751
3.150000,-122.008766,-13.211142,-5.014884,-5.164896,-86.645699,-13.950084
3.156250,-123.142639,-13.117483,-3.357800,-5.200366,-78.262764,-14.134489
3.162500,-124.261780,-13.029968,-1.696511,-5.233271,-67.665802,-14.277980
3.168750,-125.363548,-12.948001,-1.567372,-5.263648,-55.061413,-14.379282
3.175000,-126.446281,-12.871076,-1.008684,-5.291774,-40.758247,-14.437687
3.181250,-127.510284,-12.798591,-0.248605,-5.317648,-25.150946,-14.453466
3.187500,-128.555603,-12.730488,0.474626,-5.341454,-8.697791,-14.427867
3.193750,-129.583893,-12.666820,0.926014,-5.363322,8.101599,-14.362847
3.200000,-130.592590,-12.607318,0.882847,-5.383111,24.732832,-14.260967
3.206250,-131.579468,-12.551439,0.148048,-5.400861,40.691135,-14.125712
3.212500,-132.543686,-12.498789,-1.442302,-5.416494,55.507412,-13.960926
3.218750,-133.485031,-12.449220,-1.839901,-5.429981,68.774353,-13.770618
3.225000,-134.404236,-12.402562,-2.478406,-5.441217,80.164490,-13.558950
3.231250,-135.302765,-12.358845,-2.884582,-5.450087,89.448357,-13.329764
3.237500,-136.179504,-12.318085,-4.491228,-5.456497,96.509201,-13.086727
3.243750,-137.034180,-12.280045,-5.250426,-5.460344,101.345695,-12.833338
3.250000,-137.866013,-12.244534,-5.324699,-5.461667,104.076263,-12.573093
3.256250,-138.672043,-12.210793,-4.912042,-5.460485,104.931648,-12.309293
3.262500,-139.451782,-12.178449,-4.233809,-5.456886,104.243095,-12.044815
3.268750,-140.206558,-12.147189,-3.526093,-5.450930,102.425224,-11.781917
3.275000,-140.939331,-12.117015,-3.027223,-5.442688,99.956383,-11.522651
3.281250,-141.651886,-12.088260,-2.966693,-5.432543,97.353386,-11.268813
3.287500,-142.344147,-12.060821,-1.384654,-5.420591,92.978851,-11.021607
3.293750,-143.013275,-12.034417,0.181741,-5.407074,88.713760,-10.782046
3.300000,-143.656937,-12.008485,0.194988,-5.392041,84.543633,-10.550867
3.306250,-144.272583,-11.982261,0.614575,-5.375693,80.455315,-10.328815
3.312500,-144.860077,-11.955008,1.211749,-5.358215,76.437927,-10.116627
3.318750,-145.422745,-11.926248,1.748420,-5.339645,72.480507,-9.914544
3.325000,-145.967087,-11.896503,1.988877,-5.319936,68.573616,-9.722827
3.331250,-146.498627,-11.866625,1.709541,-5.299442,64.708199,-9.541898
3.337500,-147.021286,-11.837391,0.711770,-5.278264,60.875404,-9.371861
3.343750,-147.532181,-11.809294,-1.166008,-5.256525,57.069023,-9.212635
3.350000,-148.026855,-11.782393,-1.875802,-5.234320,53.283413,-9.064235
3.356250,-148.501297,-11.755919,-2.851531,-5.211616,49.513393,-8.926658
3.362500,-148.951370,-11.729032,-3.620886,-5.188679,45.753330,-8.799938
3.368750,-149.376099,-11.700928,-5.617429,-5.165439,41.999992,-8.683957
3.375000,-149.779205,-11.671408,-6.794354,-5.141936,38.249577,-8.578796
3.381250,-150.167892,-11.641279,-7.316445,-5.118437,34.498158,-8.484700
3.387500,-150.547501,-11.611572,-7.383738,-5.095078,30.741806,-8.401718
3.393750,-150.915375,-11.582608,-7.219024,-5.071935,26.979317,-8.329819
3.400000,-151.264862,-11.553896,-7.060033,-5.049078,23.206860,-8.268998
3.406250,-151.589279,-11.524472,-7.147165,-5.026657,19.422567,-8.219265
3.412500,-151.883560,-11.493026,-7.710892,-5.004868,15.623916,-8.180691
3.418750,-152.147232,-11.458240,-6.791862,-4.983810,11.810442,-8.153337
3.425000,-152.383072,-11.419328,-5.928993,-4.963665,7.981997,-8.137139
3.431250,-152.598953,-11.376345,-4.767143,-4.944643,4.138875,-8.132244
3.437500,-152.804016,-11.330444,-4.863276,-4.927000,0.281787,-8.138678
3.443750,-153.004288,-11.282691,-4.293583,-4.910993,-3.588030,-8.156586
3.450000,-153.197479,-11.233553,-3.338468,-4.896983,-7.468735,-8.186116
3.456250,-153.377380,-11.182516,-2.301414,-4.885320,-11.358719,-8.227327
3.462500,-153.536926,-11.128387,-1.494030,-4.876358,-15.257581,-8.280343
3.468750,-153.673065,-11.069905,-1.219527,-4.870577,-19.162922,-8.345122
3.475000,-153.788239,-11.005977,-1.759706,-4.868415,-23.074467,-8.421535
3.481250,-153.889023,-10.936047,-1.191227,-4.870275,-26.990097,-8.509517
3.487500,-153.986221,-10.860616,-1.071977,-4.876580,-30.908178,-8.608737
3.493750,-154.089539,-10.780707,-1.047669,-4.887758,-34.826931,-8.718851
3.500000,-154.204605,-10.697337,-0.763820,-4.904236,-38.743595,-8.839423
3.506250,-154.331207,-10.610755,-1.778147,-4.926700,-42.656143,-8.970148
3.512500,-154.464767,-10.520293,-2.166935,-4.955381,-46.561787,-9.110265
3.518750,-154.601868,-10.425024,-2.209383,-4.990791,-50.457043,-9.259155
3.525000,-154.744949,-10.323974,-2.208858,-5.033367,-54.338699,-9.416054
3.531250,-154.900391,-10.216581,-2.475051,-5.083511,-58.204311,-9.580262
3.537500,-155.078110,-10.103435,-3.309390,-5.141501,-62.049698,-9.750658
3.543750,-155.290176,-9.985915,-4.989363,-5.207585,-65.870827,-9.926313
3.550000,-155.546829,-9.865973,-5.589330,-5.282318,-69.665916,-10.106579
3.556250,-155.850433,-9.745121,-6.663867,-5.366028,-73.431862,-10.290625
3.562500,-156.197281,-9.623926,-7.850810,-5.458565,-77.163666,-10.477320
3.568750,-156.581360,-9.502337,-8.787905,-5.559620,-80.857353,-10.665428
3.575000,-156.998810,-9.380265,-9.133254,-5.669463,-84.512047,-10.854245
3.581250,-157.449829,-9.257696,-10.474227,-5.788152,-88.128059,-11.043201
3.587500,-157.938110,-9.134837,-10.928121,-5.915050,-91.702942,-11.230968
3.593750,-158.466965,-9.012606,-10.828429,-6.049297,-95.234497,-11.416107
3.600000,-159.042389,-8.892389,-10.542037,-6.190182,-98.723114,-11.597471
3.606250,-159.667114,-8.775926,-10.451089,-6.337034,-102.169815,-11.774122
3.612500,-160.338760,-8.664326,-10.928323,-6.488850,-105.574028,-11.944892
3.618750,-161.050278,-8.557964,-10.151652,-6.644267,-108.933876,-12.108301
3.625000,-161.793030,-8.456675,-9.785995,-6.802062,-112.247795,-12.263103
3.631250,-162.561386,-8.360136,-9.584797,-6.961149,-115.518166,-12.408575
3.637500,-163.352112,-8.268280,-9.294479,-7.120351,-118.745003,-12.543780
3.643750,-164.165009,-8.181227,-8.664603,-7.278238,-121.927010,-12.667631
3.650000,-165.000732,-8.099551,-7.463800,-7.433561,-125.065750,-12.779441
3.656250,-165.859177,-8.023982,-7.385190,-7.585052,-128.163055,-12.878451
3.662500,-166.737259,-7.955315,-6.644338,-7.731561,-131.221176,-12.964052
3.668750,-167.629974,-7.893708,-5.655766,-7.871938,-134.241302,-13.035677
3.675000,-166.634369,-7.838919,-4.845184,-8.005292,-137.225204,-13.092870
3.681250,-165.364365,-7.790346,-4.628600,-8.130899,-140.176529,-13.135417
3.687500,-163.282104,-7.747373,-3.221411,-8.248001,-141.203079,-13.163021
3.693750,-159.892960,-7.709452,-2.316115,-8.356039,-141.927551,-13.175560
3.700000,-154.769836,-7.676353,-1.683755,-8.454755,-141.821487,-13.172856
3.706250,-147.572006,-7.648183,-1.078969,-8.544131,-140.396927,-13.154973
3.712500,-138.062469,-7.625119,-0.251394,-8.624262,-137.230331,-13.121853
3.718750,-126.117798,-7.607143,1.042306,-8.695487,-131.985718,-13.073741
3.725000,-111.734177,-7.593899,1.132046,-8.758285,-124.429794,-13.010724
3.731250,-95.028305,-7.584672,1.834902,-8.812979,-114.443291,-12.932836
3.737500,-76.234444,-7.578651,2.773731,-8.860114,-102.029381,-12.840405
3.743750,-55.692356,-7.575171,3.562902,-8.900599,-87.314110,-12.734200
3.750000,-33.830807,-7.573883,3.830456,-8.935596,-70.537506,-12.615106
3.756250,-11.144970,-7.574583,3.238401,-8.965523,-52.042183,-12.483948
3.762500,11.830479,-7.577275,3.666016,-8.990837,-32.256023,-12.341264
3.768750,34.548725,-7.582233,3.523392,-9.012364,-11.675340,-12.188172
3.775000,56.476177,-7.589260,3.150090,-9.030996,9.163498,-12.025970
3.781250,77.121979,-7.598183,2.904958,-9.047255,29.712130,-11.855535
3.787500,96.059769,-7.608697,3.148263,-9.061372,49.437382,-11.677608
3.793750,112.948410,-7.620628,2.326161,-9.073734,67.845207,-11.493009
3.800000,127.548782,-7.634240,2.364658,-9.084839,84.505661,-11.302842
3.806250,139.736618,-7.649992,2.985241,-9.094916,99.075851,-11.108114
3.812500,149.511078,-7.668479,3.887885,-9.103924,111.319389,-10.909439
3.818750,156.995316,-7.689986,4.763996,-9.111707,121.113350,-10.707654
3.825000,162.429779,-7.714550,5.310515,-9.118202,128.455673,-10.503640
3.831250,166.160202,-7.741879,5.245979,-9.123173,133.466034,-10.298131
3.837500,168.617172,-7.771410,6.493053,-9.126424,136.380371,-10.091868
3.843750,170.295319,-7.802490,7.492372,-9.127575,137.537430,-9.885677
3.850000,171.728180,-7.834771,8.597157,-9.126454,137.363510,-9.680243
3.856250,171.292160,-7.868208,8.265236,-9.122452,136.349396,-9.476307
3.862500,170.880447,-7.903033,8.451937,-9.115365,135.027374,-9.283218
3.868750,170.494019,-7.939261,8.921563,-9.105099,131.783936,-9.085111
3.875000,170.136353,-7.976429,9.428913,-9.091741,128.498672,-8.890975
3.881250,169.812180,-8.013741,9.731652,-9.075353,125.179420,-8.701473
3.887500,169.524750,-8.049994,9.600480,-9.056222,121.827812,-8.517242
3.893750,169.274765,-8.083730,8.830757,-9.034898,118.444443,-8.338917
3.900000,169.059204,-8.114121,7.255282,-9.011930,115.031540,-8.166849
3.906250,168.869370,-8.141226,6.917134,-8.987823,111.591698,-8.001251
3.912500,168.695236,-8.165847,6.379412,-8.963467,108.126472,-7.842364
3.918750,168.529999,-8.189037,4.216341,-8.939791,104.635941,-7.690538
3.925000,168.372620,-8.211512,2.509868,-8.917540,101.123177,-7.545785
3.931250,168.226501,-8.233360,1.154729,-8.897213,97.590515,-7.407935
3.937500,168.096222,-8.253982,0.028227,-8.879391,94.038658,-7.277196
3.943750,167.985733,-8.272467,-1.002104,-8.864795,90.466797,-7.153745
3.950000,167.896057,-8.287705,-2.068942,-8.853700,86.875359,-7.037695
3.956250,167.821747,-8.299539,-3.300708,-8.845993,83.265587,-6.928942
3.962500,167.754089,-8.308847,-4.816555,-8.841473,79.637085,-6.827668
3.968750,167.684998,-8.317136,-6.720637,-8.840208,75.987526,-6.734297
3.975000,167.613083,-8.325695,-6.926721,-8.841790,72.315643,-6.649127
3.981250,167.545242,-8.334651,-6.851492,-8.845662,68.622108,-6.572466
3.987500,167.492126,-8.343068,-7.925164,-8.851218,64.906441,-6.504652
3.993750,167.463135,-8.349387,-8.098216,-8.857972,61.168407,-6.446110
4.000000,167.461945,-8.351938,-7.532609,-8.865617,57.408710,-6.397203
4.006250,167.486862,-8.349403,-6.425611,-8.873706,53.627960,-6.358255
4.012500,167.528381,-8.341482,-5.000292,-8.881919,49.826324,-6.329552
4.018750,167.574615,-8.329205,-3.493872,-8.889963,46.005116,-6.311403
4.025000,167.615311,-8.314138,-2.145525,-8.897627,42.165169,-6.303880
4.031250,167.647583,-8.297541,-1.185445,-8.904428,38.307590,-6.306992
4.037500,167.676941,-8.279493,1.343599,-8.910404,34.433060,-6.320879
4.043750,167.711166,-8.259077,3.901691,-8.915329,30.542315,-6.345555
4.050000,167.756027,-8.234776,4.951324,-8.918956,26.637821,-6.380699
4.056250,167.810989,-8.205442,6.452016,-8.921087,22.720959,-6.426106
4.062500,167.868820,-8.170560,8.172981,-8.921849,18.792149,-6.481863
4.068750,167.917557,-8.130773,9.875729,-8.921174,14.852404,-6.547820
4.075000,167.943451,-8.088112,11.326458,-8.918852,10.903917,-6.623566
4.081250,167.939819,-8.044428,12.302581,-8.914966,6.948595,-6.708979
4.087500,167.908478,-8.000969,12.605718,-8.909923,2.984228,-6.804237
4.093750,167.858643,-7.957514,12.072313,-8.903829,-0.988452,-6.909235
4.100000,167.800064,-7.913110,12.753470,-8.896596,-4.967150,-7.023434
4.106250,167.738480,-7.866426,13.215991,-8.888209,-8.951505,-7.146537
4.112500,167.672531,-7.816687,12.035072,-8.879072,-12.944886,-7.278753
4.118750,167.596542,-7.763804,11.291839,-8.869575,-16.948854,-7.419939
4.125000,167.499527,-7.708905,10.881338,-8.859484,-20.962978,-7.569698
4.131250,167.372391,-7.653935,10.681500,-8.848484,-24.987179,-7.727559
4.137500,167.213379,-7.600553,10.557953,-8.836709,-29.025103,-7.893564
4.143750,167.027817,-7.549386,10.372275,-8.824408,-33.081539,-8.067812
4.150000,166.827286,-7.499875,9.993889,-8.811340,-37.158230,-8.249838
4.156250,166.620148,-7.450883,9.302452,-8.797203,-41.256069,-8.439110
4.162500,166.409271,-7.401514,8.191222,-8.781935,-45.379051,-8.635174
4.168750,166.192245,-7.351424,8.743285,-8.765788,-49.531990,-8.837702
4.175000,165.962845,-7.300911,7.644088,-8.748890,-53.716957,-9.046119
4.181250,165.714172,-7.250904,6.979041,-8.731207,-57.936794,-9.259892
4.187500,165.441498,-7.202794,6.642976,-8.712996,-62.194454,-9.478413
4.193750,165.146194,-7.157520,6.514339,-8.694533,-66.492348,-9.701339
4.200000,164.835327,-7.115078,6.462377,-8.675918,-70.832420,-9.928075
4.206250,164.517319,-7.074559,6.351935,-8.657244,-75.215889,-10.157990
4.212500,164.197647,-7.034955,6.049670,-8.638772,-79.646095,-10.390641
4.218750,163.876556,-6.995708,5.432590,-8.620461,-84.125717,-10.625312
4.225000,163.550491,-6.956785,4.394426,-8.602241,-88.656685,-10.861288
4.231250,163.214172,-6.918796,5.016959,-8.583925,-93.242493,-11.097849
4.237500,162.863907,-6.882649,3.983646,-8.565455,-97.885574,-11.334431
4.243750,162.499161,-6.849122,3.377488,-8.546421,-102.587601,-11.570051
4.250000,162.124207,-6.818572,3.094464,-8.526571,-105.454514,-11.803982
4.256250,161.746628,-6.790476,3.012321,-8.505907,-108.108437,-12.035625
4.262500,161.371124,-6.764216,2.999888,-8.484449,-110.019424,-12.264054
4.268750,161.000015,-6.739005,2.924478,-8.461926,-110.694565,-12.488278
4.275000,160.632446,-6.714753,2.657118,-8.438372,-109.705933,-12.706945
4.281250,160.265518,-6.691495,2.075746,-8.413967,-106.713104,-12.919307
4.287500,159.895477,-6.669764,1.074376,-8.389121,-101.478485,-13.124380
4.293750,159.521774,-6.649918,1.737906,-8.363812,-93.876022,-13.320856
4.300000,159.145401,-6.632147,0.751318,-8.337974,-83.900665,-13.507646
4.306250,158.770248,-6.616264,0.196781,-8.311731,-71.668327,-13.684017
4.312500,158.399155,-6.601760,-0.033839,-8.285229,-57.411808,-13.849524
4.318750,158.033524,-6.588293,-0.063477,-8.258227,-41.464619,-14.003599
4.325000,157.672501,-6.575648,-0.024663,-8.230496,-24.246679,-14.145625
4.331250,157.314178,-6.563884,-0.054798,-8.201980,-6.244943,-14.275346
4.337500,156.957397,-6.553287,-0.287047,-8.172476,12.014208,-14.392377
4.343750,156.602051,-6.544014,-0.842929,-8.141700,29.991714,-14.496163
4.350000,156.249512,-6.536018,-1.828334,-8.109573,47.163452,-14.586668
4.356250,155.902069,-6.528993,-1.159903,-8.076314,63.044437,-14.664242
4.362500,155.562241,-6.522637,-2.152821,-8.041875,77.217293,-14.729271
4.368750,155.229752,-6.516665,-2.720557,-8.005994,89.352821,-14.782148
4.375000,154.903732,-6.510986,-2.967805,-7.968846,99.222420,-14.823644
4.381250,154.581482,-6.505772,-3.018154,-7.930997,106.711540,-14.854887
4.387500,154.262238,-6.501356,-3.003583,-7.892789,111.826210,-14.876873
4.393750,153.946182,-6.497827,-3.057399,-7.854119,114.695152,-14.890082
4.400000,153.634674,-6.494998,-3.311133,-7.815149,115.560478,-14.895319
4.406250,153.329697,-6.492637,-3.889209,-7.776208,114.765175,-14.893719
4.412500,153.032013,-6.490341,-4.898697,-7.737390,112.740128,-14.886168
4.418750,152.740433,-6.487950,-4.256828,-7.698343,109.981476,-14.873412
4.425000,152.453033,-6.485611,-5.280147,-7.659077,107.025085,-14.856606
4.431250,152.166656,-6.483642,-5.888869,-7.619862,102.248856,-14.837033
4.437500,151.879776,-6.482508,-6.188689,-7.580597,97.547218,-14.815691
4.443750,151.593811,-6.482358,-6.299813,-7.540921,92.920624,-14.793298
4.450000,151.311218,-6.483132,-6.353354,-7.501088,88.367119,-14.770515
4.456250,151.034592,-6.484399,-6.485341,-7.461482,83.881294,-14.748418
4.462500,150.765915,-6.485624,-6.826185,-7.422360,79.460976,-14.727324
4.468750,150.505325,-6.486449,-7.493822,-7.383710,75.105484,-14.707439
4.475000,150.250031,-6.486841,-8.592427,-7.345870,70.812286,-14.689022
4.481250,149.996109,-6.487270,-8.038663,-7.309295,66.577972,-14.672758
4.487500,149.741119,-6.488332,-9.147526,-7.274324,62.399750,-14.659047
4.493750,149.485641,-6.490353,-9.834551,-7.241050,58.276840,-14.648137
4.500000,149.232285,-6.493269,-10.205253,-7.209614,54.205509,-14.640371
4.506250,148.985153,-6.496745,-10.381438,-7.180045,50.182697,-14.635782
4.512500,148.747330,-6.500107,-10.493953,-7.151967,46.204723,-14.634146
4.518750,148.519592,-6.502758,-10.678017,-7.125283,42.268749,-14.635568
4.525000,148.299652,-6.504484,-11.067003,-7.100185,38.369408,-14.640402
4.531250,148.083466,-6.505521,-11.781204,-7.076443,34.503792,-14.648738
4.537500,147.866760,-6.506600,-12.923010,-7.053263,30.671339,-14.660164
4.543750,147.647614,-6.508279,-12.407202,-7.030586,26.869188,-14.674570
4.550000,147.427994,-6.510848,-11.657201,-7.009073,23.090021,-14.692850
4.556250,147.211990,-6.514110,-12.105083,-6.988934,19.331831,-14.715014
4.562500,147.004486,-6.517304,-11.697285,-6.969804,15.593495,-14.740622
4.568750,146.807663,-6.519663,-10.592789,-6.951582,11.872528,-14.769238
4.575000,146.620453,-6.520628,-8.990910,-6.934897,8.162890,-14.801090
4.581250,146.438644,-6.520265,-7.113546,-6.920181,4.457737,-14.836224
4.587500,146.256302,-6.518977,-5.192878,-6.907027,0.757218,-14.873587
4.593750,146.069183,-6.517621,-3.464721,-6.895216,-2.939287,-14.912659
4.600000,145.876389,-6.516844,-2.160531,-6.885420,-6.638018,-14.953732
4.606250,145.680618,-6.516754,0.680976,-6.877815,-10.341611,-14.996726
4.612500,145.486710,-6.516878,3.527770,-6.871505,-14.046589,-15.040955
4.618750,145.298706,-6.516480,4.845391,-6.865885,-17.753056,-15.085739
4.625000,145.116684,-6.514937,6.593538,-6.861184,-21.466080,-15.131420
4.631250,144.938538,-6.511917,8.543611,-6.857442,-25.190603,-15.178336
4.637500,144.758240,-6.507781,10.462770,-6.853806,-28.925943,-15.225661
4.643750,144.570358,-6.503400,12.120492,-6.849574,-32.671848,-15.272571
4.650000,144.371536,-6.499720,13.293181,-6.845029,-36.434948,-15.319094
4.656250,144.162369,-6.497515,13.782196,-6.840424,-40.220627,-15.365520
4.662500,143.947861,-6.496858,13.429520,-6.835284,-44.028316,-15.411119
4.668750,143.734039,-6.497162,14.286760,-6.828897,-47.857384,-15.455344
4.675000,143.525421,-6.497673,14.918209,-6.821315,-51.713696,-15.498578
4.681250,143.323303,-6.497838,13.898618,-6.812933,-55.602093,-15.541169
4.687500,143.125198,-6.497487,13.309467,-6.803471,-59.523365,-15.583140
4.693750,142.926712,-6.497094,13.044713,-6.792485,-63.472805,-15.624153
4.700000,142.724564,-6.497301,12.977888,-6.780024,-67.453697,-15.664255
4.706250,142.519348,-6.498582,12.972560,-6.766164,-71.466949,-15.704247
4.712500,142.314621,-6.500950,12.890761,-6.750966,-75.509369,-15.744195
4.718750,142.115799,-6.503811,12.599075,-6.734598,-79.573860,-15.784215
4.725000,141.927734,-6.506322,11.972939,-6.717325,-83.651520,-15.824301
4.731250,141.751984,-6.507508,10.905985,-6.699583,-87.731682,-15.864285
4.737500,141.587143,-6.506711,11.481483,-6.681816,-91.804626,-15.903758
4.743750,141.428482,-6.503777,10.385711,-6.664528,-95.860138,-15.942190
4.750000,141.269302,-6.499108,9.702334,-6.648415,-99.890968,-15.978685
4.756250,141.104462,-6.493372,9.328392,-6.633953,-103.889771,-16.011948
4.762500,140.931122,-6.487130,9.145189,-6.621339,-107.849396,-16.040119
4.768750,140.749786,-6.480740,9.022650,-6.611013,-111.766472,-16.061766
4.775000,140.562332,-6.474110,8.826617,-6.603404,-115.640434,-16.075621
4.781250,140.370605,-6.466885,8.430121,-6.598293,-119.468315,-16.079939
4.787500,140.173157,-6.458991,7.714592,-6.595153,-123.250938,-16.073536
4.793750,139.967392,-6.450724,6.575178,-6.593876,-126.994041,-16.055929
4.800000,139.749451,-6.442620,7.095002,-6.594469,-128.811661,-16.027704
4.806250,139.517059,-6.435494,5.961063,-6.596345,-130.329224,-15.988804
4.812500,139.269211,-6.430223,5.259624,-6.598599,-131.016495,-15.938987
4.818750,139.009232,-6.427312,4.884655,-6.601100,-130.389389,-15.879259
4.825000,138.742203,-6.426841,4.712373,-6.603816,-128.032349,-15.811466
4.831250,138.474609,-6.428352,4.612359,-6.606352,-123.607536,-15.737038
4.837500,138.211426,-6.431157,4.451408,-6.608220,-116.876678,-15.657226
4.843750,137.954590,-6.434714,4.095787,-6.609643,-107.715515,-15.573715
4.850000,137.703705,-6.438799,3.419736,-6.611134,-96.121407,-15.488121
4.856250,137.456924,-6.443604,2.318146,-6.612926,-82.205582,-15.401103
4.862500,137.212143,-6.449331,2.875706,-6.614792,-66.194641,-15.312956
4.868750,136.970718,-6.455977,1.775563,-6.617047,-48.421936,-15.223999
4.875000,136.734665,-6.463182,1.097431,-6.620246,-29.313070,-15.134819
4.881250,136.506195,-6.470502,0.735509,-6.624517,-9.352559,-15.045382
4.887500,136.285370,-6.477399,0.569646,-6.629723,10.934269,-14.954557
4.893750,136.069748,-6.483668,0.467579,-6.635972,31.005354,-14.862043
4.900000,135.855774,-6.489373,0.292481,-6.643415,50.327400,-14.767550
4.906250,135.639267,-6.494970,-0.085134,-6.652219,68.407990,-14.671124
4.912500,135.418076,-6.500947,-0.784533,-6.662192,84.819138,-14.572438
4.918750,135.191360,-6.507735,-1.908454,-6.673333,99.217018,-14.471648
4.925000,134.960342,-6.515466,-1.372256,-6.685675,111.359283,-14.368651
4.931250,134.728409,-6.523956,-2.488092,-6.699138,121.119408,-14.263840
4.937500,134.497803,-6.532950,-3.170470,-6.713652,128.490311,-14.157341
4.943750,134.269989,-6.542141,-3.524622,-6.729462,133.586792,-14.049795
4.950000,134.043579,-6.551577,-3.670899,-6.746398,136.640717,-13.941467
4.956250,133.816757,-6.561555,-3.737805,-6.763981,137.989441,-13.832394
4.962500,133.587631,-6.572624,-3.860894,-6.781918,138.058319,-13.722885
4.968750,133.358521,-6.585130,-4.173846,-6.800167,137.337357,-13.613579
4.975000,133.132187,-6.598927,-4.799372,-6.818517,136.360107,-13.504498
4.981250,132.913803,-6.613618,-5.842104,-6.836215,133.509399,-13.395036
4.987500,132.706436,-6.628513,-5.218856,-6.852885,130.679108,-13.285467
4.993750,132.512192,-6.642925,-6.247427,-6.868598,127.864059,-13.176719
5.000000,132.329163,-6.656408,-6.845339,-6.883191,125.061852,-13.069318
5.006250,132.153839,-6.669052,-7.116780,-6.896370,122.273575,-12.963399
5.012500,131.981598,-6.681273,-7.183465,-6.908047,119.498268,-12.859185
5.018750,131.810349,-6.693638,-7.178966,-6.918750,116.731384,-12.757263
5.025000,131.640656,-6.706346,-7.239275,-6.928611,113.971352,-12.658246
5.031250,131.475800,-6.719226,-7.494194,-6.937775,111.214676,-12.562507
5.037500,131.319092,-6.731596,-8.065477,-6.946431,108.458443,-12.470486
5.043750,131.173340,-6.742643,-9.060776,-6.955096,105.700302,-12.382830
5.050000,131.036667,-6.751834,-8.397494,-6.963943,102.940033,-12.300031
5.056250,130.904663,-6.759129,-9.390631,-6.973047,100.180267,-12.222279
5.062500,130.770599,-6.765112,-9.957894,-6.982554,97.421104,-12.149860
5.068750,130.628723,-6.770849,-10.206411,-6.992558,94.664047,-12.083162
5.075000,130.477692,-6.777162,-10.257657,-7.002730,91.912201,-12.022055
5.081250,130.319885,-6.784497,-10.242373,-7.012938,89.169678,-11.966564
5.087500,130.161087,-6.792509,-10.297308,-7.023189,86.436760,-11.916865
5.093750,130.006470,-6.800519,-10.554219,-7.033391,83.715530,-11.873156
5.100000,129.859039,-6.807590,-11.131986,-7.043127,81.008804,-11.835059
5.106250,129.717865,-6.813203,-12.134197,-7.052114,78.317261,-11.802513
5.112500,129.578293,-6.817352,-11.478251,-7.060683,75.637390,-11.775700
5.118750,129.433853,-6.820719,-12.479614,-7.069294,72.966347,-11.754937
5.125000,129.279480,-6.824357,-13.051064,-7.077489,70.304245,-11.739453
5.131250,129.116318,-6.828886,-13.294493,-7.085052,67.649994,-11.728844
5.137500,128.947800,-6.834461,-13.335004,-7.092590,64.998657,-11.723347
5.143750,128.781509,-6.840473,-13.305902,-7.100551,62.345901,-11.723077
5.150000,128.621887,-6.845837,-13.340325,-7.108518,59.694672,-11.727177
5.156250,128.471512,-6.849745,-13.567744,-7.116084,57.046543,-11.735090
5.162500,128.327087,-6.851686,-14.112639,-7.123445,54.399345,-11.747187
5.168750,128.182785,-6.851985,-15.084887,-7.130904,51.751396,-11.763924
5.175000,128.030594,-6.851703,-14.399397,-7.137987,49.105576,-11.785160
5.181250,127.866982,-6.851952,-13.474336,-7.144077,46.466736,-11.810647
5.187500,127.693039,-6.853451,-13.743735,-7.149331,43.834103,-11.840852
5.193750,127.514725,-6.856339,-13.161316,-7.154127,41.205269,-11.876304
5.200000,127.338882,-6.859836,-11.887049,-7.158001,38.583035,-11.916945
5.206250,127.171150,-6.863016,-10.114534,-7.160751,35.965435,-11.962486
5.212500,127.012466,-6.864846,-8.065823,-7.162622,33.352535,-12.013164
5.218750,126.859795,-6.865047,-5.978158,-7.163964,30.740076,-12.069360
5.225000,126.706055,-6.864032,-4.087436,-7.164687,28.128288,-12.130938
5.231250,126.544815,-6.862708,-2.619302,-7.164610,25.517031,-12.197589
5.237500,126.372353,-6.862045,0.386101,-7.163972,22.903484,-12.269536
5.243750,126.190804,-6.862586,3.390670,-7.162914,20.286102,-12.346843
5.250000,126.005547,-6.864051,4.858610,-7.161132,17.665627,-12.429252
5.256250,125.822464,-6.865782,6.751798,-7.158342,15.042742,-12.516515
5.262500,125.644981,-6.866845,8.840887,-7.154604,12.414829,-12.608914
5.268750,125.472618,-6.866552,10.887163,-7.149886,9.781095,-12.706555
5.275000,125.300835,-6.864841,12.656482,-7.143795,7.142015,-12.809089
5.281250,125.123665,-6.862336,13.927629,-7.136137,4.498344,-12.916619
5.287500,124.936203,-6.859978,14.502025,-7.127370,1.846371,-13.029639
5.293750,124.736801,-6.858593,14.217803,-7.117546,-0.815630,-13.147981
5.300000,124.529510,-6.858409,15.126185,-7.106290,-3.485423,-13.271462
5.306250,124.319969,-6.859059,15.795177,-7.093688,-6.164701,-13.400278
5.312500,124.113403,-6.859760,14.802054,-7.080360,-8.857309,-13.534789
5.318750,123.913223,-6.859692,14.230453,-7.066509,-11.565164,-13.675123
5.325000,123.717819,-6.858325,13.976723,-7.051795,-14.288651,-13.820764
5.331250,123.522881,-6.855685,13.919276,-7.036423,-17.030409,-13.971807
5.337500,123.322914,-6.852329,13.922617,-7.020753,-19.795858,-14.128755
5.343750,123.114227,-6.849057,13.850300,-7.004887,-22.588001,-14.291624
5.350000,122.895462,-6.846546,13.572608,-6.988303,-25.406397,-14.459976
5.356250,122.670296,-6.844798,12.967004,-6.970806,-28.251638,-14.633648
5.362500,122.442932,-6.843588,11.924784,-6.952607,-31.129690,-14.812968
5.368750,122.217049,-6.842297,12.528868,-6.933641,-34.041672,-14.997919
5.375000,121.993027,-6.840396,11.465716,-6.913409,-36.988304,-15.188043
5.381250,121.769012,-6.837812,10.819735,-6.891921,-39.971371,-15.383333
5.387500,121.541130,-6.834771,10.484504,-6.869468,-42.995266,-15.584146
5.393750,121.306015,-6.831973,10.338862,-6.846091,-46.062973,-15.790330
5.400000,121.062180,-6.829972,10.253413,-6.821800,-49.174858,-16.001677
5.406250,120.811798,-6.828928,10.092908,-6.796915,-52.336212,-16.218018
5.412500,120.558723,-6.828593,9.725572,-6.771921,-55.550198,-16.439266
5.418750,120.307014,-6.828557,9.029952,-6.746840,-58.822529,-16.665226
5.425000,120.058395,-6.828120,7.901725,-6.721425,-62.154892,-16.894915
5.431250,119.812286,-6.826964,8.422501,-6.695953,-65.553734,-17.128466
5.437500,119.565742,-6.825099,7.274279,-6.670781,-69.027107,-17.366013
5.443750,119.314995,-6.822782,6.539843,-6.645787,-72.580429,-17.606665
5.450000,119.057716,-6.820641,6.114864,-6.620597,-76.219971,-17.849224
5.456250,118.793732,-6.818963,5.876239,-6.595275,-79.953629,-18.092955
5.462500,118.524200,-6.817719,5.690785,-6.569974,-83.791245,-18.336962
5.468750,118.252060,-6.816722,5.424433,-6.544462,-87.735878,-18.579714
5.475000,117.979317,-6.815596,4.947237,-6.518579,-91.790253,-18.819954
5.481250,117.705490,-6.814084,4.136786,-6.492406,-95.961067,-19.055979
5.487500,117.429611,-6.812212,2.888565,-6.466192,-100.252350,-19.286549
5.493750,117.149200,-6.810290,3.286765,-6.439920,-104.662964,-19.510170
5.500000,116.862488,-6.808600,2.016175,-6.413776,-107.298439,-19.725395
5.506250,116.569977,-6.807468,1.160110,-6.388152,-109.782379,-19.930998
5.512500,116.273567,-6.806910,0.613787,-6.363038,-111.582108,-20.124968
5.518750,115.976021,-6.806639,0.257083,-6.338254,-112.205208,-20.304798
5.525000,115.678856,-6.806300,-0.042127,-6.313783,-111.220688,-20.468515
5.531250,115.382767,-6.805598,-0.422400,-6.290009,-108.286942,-20.614084
5.537500,115.086075,-6.804495,-1.015641,-6.267032,-103.159325,-20.739763
5.543750,114.786461,-6.803214,-1.941619,-6.244519,-95.705444,-20.843475
5.550000,114.481720,-6.802098,-3.306613,-6.222394,-85.914352,-20.923840
5.556250,114.171677,-6.801347,-3.028971,-6.200836,-73.896927,-20.980667
5.562500,113.857117,-6.801032,-4.423156,-6.179760,-59.879902,-21.013050
5.568750,113.539749,-6.800931,-5.403744,-6.158836,-44.188213,-21.019983
5.575000,113.220963,-6.800696,-6.076295,-6.138270,-27.240143,-21.001507
5.581250,112.900459,-6.800069,-6.564882,-6.118520,-9.516958,-20.957527
5.587500,112.576355,-6.799023,-6.998832,-6.099573,8.464617,-20.888144
5.593750,112.246017,-6.797841,-7.511303,-6.081288,26.171833,-20.793814
5.600000,111.907425,-6.796774,-8.234534,-6.063932,43.086567,-20.675621
5.606250,111.560448,-6.796228,-9.292669,-6.047980,58.726749,-20.535767
5.612500,111.206635,-6.796093,-10.790914,-6.033269,72.679573,-20.375505
5.618750,110.849243,-6.796013,-10.644800,-6.019641,84.614182,-20.196321
5.625000,110.490150,-6.795563,-10.277285,-6.007179,94.298965,-20.000744
5.631250,110.129211,-6.794269,-11.123321,-5.996034,101.616158,-19.791023
5.637500,109.763947,-6.792131,-11.132885,-5.985829,106.569786,-19.568916
5.643750,109.390800,-6.789542,-10.467610,-5.976381,109.282761,-19.336020
5.650000,109.006409,-6.786970,-9.326729,-5.968183,109.985710,-19.094603
5.656250,108.609688,-6.785056,-7.932631,-5.961337,109.015388,-18.846567
5.662500,108.202293,-6.783970,-6.514832,-5.955307,106.802139,-18.593351
5.668750,107.787025,-6.783567,-5.308685,-5.949979,103.837120,-18.336214
5.675000,107.366806,-6.783383,-4.545335,-5.946246,100.640526,-18.077847
5.681250,106.943054,-6.782955,-2.262943,-5.944524,95.583778,-17.819302
5.687500,106.513695,-6.782068,0.007355,-5.944373,90.559906,-17.561211
5.693750,106.074669,-6.781124,0.731805,-5.945466,85.565758,-17.303995
5.700000,105.622757,-6.780638,1.869081,-5.948379,80.595352,-17.048744
5.706250,105.155708,-6.781350,3.187123,-5.953779,75.639740,-16.796530
5.712500,104.674995,-6.783511,4.452048,-5.961373,70.698929,-16.547604
5.718750,104.185318,-6.786954,5.431778,-5.970491,65.772713,-16.301329
5.725000,103.690849,-6.790911,5.900693,-5.981543,60.855747,-16.058395
5.731250,103.193848,-6.794478,5.658522,-5.994673,55.940651,-15.818885
5.737500,102.692818,-6.797201,4.544888,-6.009556,51.024471,-15.581600
5.743750,102.181343,-6.799364,4.608984,-6.025854,46.105137,-15.345738
5.750000,101.652100,-6.801977,4.414592,-6.044064,41.174004,-15.110872
5.756250,101.099487,-6.806449,2.537858,-6.064576,36.226295,-14.876267
5.762500,100.524124,-6.827071,1.066067,-6.087008,31.260099,-14.640796
5.768750,99.941254,-6.837678,-0.105984,-6.111212,26.273020,-14.403382
5.775000,99.337906,-6.850960,-1.103163,-6.137784,21.257820,-14.163751
5.781250,98.731560,-6.865910,-2.059273,-6.166984,16.210882,-13.921544
5.787500,98.123329,-6.881728,-3.107438,-6.198694,11.129861,-13.675856
5.793750,97.508980,-6.898448,-4.379524,-6.232980,6.009269,-13.426546
5.800000,96.880371,-6.917029,-6.001131,-6.270324,0.842406,-13.174027
5.806250,96.231476,-6.938995,-8.079282,-6.310998,-4.377012,-12.918128
5.812500,95.561607,-6.965552,-8.529100,-6.354617,-9.651025,-12.658808
5.818750,94.877518,-6.997172,-8.773428,-6.401457,-14.983849,-12.396270
5.825000,94.188301,-7.033140,-10.248213,-6.451919,-20.380997,-12.131371
5.831250,93.503471,-7.072309,-10.904559,-6.505707,-25.842478,-11.864430
5.837500,92.826096,-7.113697,-10.903180,-6.562586,-31.367199,-11.595964
5.843750,92.152710,-7.157171,-10.444081,-6.622978,-36.958935,-11.326957
5.850000,91.477692,-7.203476,-9.753089,-6.687647,-42.619560,-11.059363
5.856250,90.796600,-7.254036,-9.064420,-6.756466,-48.344315,-10.793712
5.862500,90.110046,-7.309874,-8.613251,-6.829067,-54.128693,-10.531189
5.868750,89.427475,-7.371165,-8.629176,-6.905882,-59.968861,-10.273004
5.875000,88.760597,-7.436924,-7.156311,-6.987636,-65.863487,-10.021081
5.881250,88.120201,-7.505562,-5.732459,-7.074326,-71.805328,-9.776852
5.887500,87.512856,-7.575537,-3.997301,-7.165668,-77.781830,-9.540811
5.893750,86.937256,-7.645899,-3.508314,-7.261707,-83.783524,-9.314225
5.900000,86.387886,-7.716568,-2.345388,-7.363114,-89.804085,-9.098781
5.906250,85.859413,-7.788024,-0.788309,-7.469678,-95.831963,-8.895242
5.912500,85.349480,-7.860764,0.861946,-7.581294,-99.957901,-8.704183
5.918750,84.860771,-7.934728,2.292563,-7.698195,-103.791237,-8.526582
5.925000,84.398811,-8.009098,3.196687,-7.820754,-106.787727,-8.363244
5.931250,83.969322,-8.082515,3.294091,-7.948548,-108.440308,-8.214421
5.937500,83.575417,-8.153342,4.508802,-8.081062,-108.303871,-8.079856
5.943750,83.214851,-8.220302,5.278500,-8.218488,-106.026779,-7.960082
5.950000,82.880455,-8.282743,5.952873,-8.360998,-101.361420,-7.855602
5.956250,82.562866,-8.340829,6.885550,-8.507874,-94.171700,-7.766115
5.962500,82.253761,-8.394933,6.518358,-8.658322,-84.444908,-7.690830
5.968750,81.949051,-8.445350,6.769365,-8.811845,-72.294899,-7.629803
5.975000,81.647949,-8.491693,7.351075,-8.968134,-57.952793,-7.582852
5.981250,81.352371,-8.533066,7.957842,-9.125900,-41.750675,-7.548925
5.987500,81.061211,-8.568399,8.275594,-9.283782,-24.107405,-7.527026
5.993750,80.768242,-8.596937,7.993459,-9.440763,-5.512225,-7.516328
6.000000,80.462387,-8.618937,6.825355,-9.595559,13.503953,-7.515999
6.006250,80.130516,-8.635672,6.692215,-9.746088,32.398560,-7.524592
6.012500,79.760406,-8.648991,6.033688,-9.890323,50.641411,-7.540867
6.018750,79.346863,-8.660726,5.201943,-10.026308,67.739868,-7.563739
6.025000,78.890930,-8.671746,4.549704,-10.152159,83.265678,-7.592500
6.031250,78.397499,-8.682219,4.416348,-10.265235,96.877647,-7.625716
6.037500,77.870926,-8.691709,3.213745,-10.362997,108.338684,-7.662160
6.043750,77.311371,-8.700089,2.819681,-10.443177,117.525208,-7.700841
6.050000,76.711517,-8.707889,2.896045,-10.503498,124.433212,-7.741037
6.056250,76.063873,-8.716763,3.077770,-10.541717,129.182175,-7.781709
6.062500,75.360748,-8.728759,2.987148,-10.555983,132.006027,-7.822134
6.068750,74.602104,-8.745618,2.255434,-10.544713,133.240707,-7.861614
6.075000,73.793953,-8.768144,2.709798,-10.506540,133.309586,-7.899261
6.081250,72.946655,-8.796289,2.693096,-10.440626,132.698563,-7.934401
6.087500,72.069443,-8.829257,2.460704,-10.346932,131.934326,-7.966544
6.093750,71.165161,-8.866539,2.276763,-10.225772,129.388321,-7.995000
6.100000,70.230034,-8.908689,2.401198,-10.077550,126.949493,-8.018735
6.106250,69.258118,-8.957331,3.076810,-9.903411,124.611511,-8.036854
6.112500,68.245819,-9.014567,2.619772,-9.705347,122.366005,-8.048744
6.118750,67.195007,-9.082386,2.824861,-9.485727,120.203110,-8.054050
6.125000,66.116089,-9.162094,3.287828,-9.246981,118.116203,-8.052055
6.131250,65.025223,-9.253680,3.592538,-8.991486,116.097054,-8.042153
6.137500,63.940849,-9.356053,3.331157,-8.722301,114.137749,-8.024227
6.143750,62.877598,-9.467535,4.291468,-8.442487,112.228485,-7.998512
6.150000,61.843822,-9.586615,4.783527,-8.154882,110.361885,-7.965089
6.156250,60.841087,-9.712613,5.038502,-7.862082,108.531235,-7.924209
6.162500,59.866726,-9.845522,5.300401,-7.566821,106.727943,-7.876471
6.168750,58.919014,-9.985814,5.817225,-7.271391,104.945244,-7.822599
6.175000,58.000744,-10.133757,6.829806,-6.977898,103.176353,-7.763284
6.181250,57.119839,-10.288882,6.662652,-6.688110,101.414490,-7.699519
6.187500,56.286240,-10.449841,7.125825,-6.403746,99.652321,-7.632415
6.193750,55.510166,-10.614563,7.837257,-6.126153,97.884789,-7.562854
6.200000,54.796040,-10.781111,8.406970,-5.856457,96.108589,-7.491615
6.206250,54.140770,-10.948209,8.457347,-5.595581,94.319389,-7.419487
6.212500,53.536858,-11.115876,7.640886,-5.344690,92.513939,-7.347481
6.218750,52.975376,-11.284711,7.828550,-5.104477,90.690315,-7.276224
6.225000,52.453159,-11.455586,7.426163,-4.875508,88.849236,-7.206225
6.231250,51.972092,-11.628986,6.768167,-4.658314,86.991707,-7.138030
6.237500,51.540623,-11.804515,6.206726,-4.453372,85.118057,-7.072481
6.243750,51.170311,-11.980434,6.098406,-4.260908,83.230499,-7.009997
6.250000,50.871773,-12.154482,4.885262,-4.080707,81.332024,-6.950945
6.256250,50.648682,-12.324203,4.490500,-3.912855,79.424934,-6.895933
6.262500,50.496445,-12.487606,4.633709,-3.757338,77.511986,-6.845446
6.268750,50.403824,-12.644316,5.013371,-3.613823,75.595512,-6.799676
6.275000,50.357033,-12.794879,5.320186,-3.481790,73.678780,-6.758696
6.281250,50.345661,-12.940049,5.252277,-3.360899,71.763718,-6.722664
6.287500,50.365353,-13.080503,4.529657,-3.250714,69.850975,-6.691715
6.293750,50.417835,-13.216160,5.079889,-3.150698,67.941704,-6.665877
6.300000,50.507542,-13.346098,5.346722,-3.060086,66.037582,-6.644961
6.306250,50.639042,-13.468561,5.687391,-2.978164,64.139259,-6.628800
6.312500,50.811470,-13.582272,4.563007,-2.904567,62.247784,-6.617435
6.318750,51.018959,-13.686405,3.933058,-2.838569,60.363728,-6.610681
6.325000,51.250351,-13.781189,3.568202,-2.779629,58.488209,-6.608511
6.331250,51.495956,-13.867248,3.229427,-2.727305,56.621433,-6.611055
6.337500,51.749813,-13.945449,2.677971,-2.681095,54.763699,-6.618368
6.343750,52.011074,-14.015896,1.690383,-2.640418,52.916523,-6.630555
6.350000,52.284843,-14.077725,0.068111,-2.604928,51.080242,-6.647778
6.356250,52.575653,-14.129371,-2.354671,-2.574226,49.254051,-6.670481
6.362500,52.884022,-14.168773,-3.531003,-2.547863,47.438461,-6.698843
6.368750,53.202736,-14.194710,-4.895172,-2.525540,45.635162,-6.732951
6.375000,53.516666,-14.207137,-5.975091,-2.506789,43.844578,-6.773162
6.381250,53.806416,-14.207134,-8.206694,-2.491384,42.066917,-6.819549
6.387500,54.056515,-14.196935,-9.542692,-2.479162,40.303116,-6.872396
6.393750,54.256489,-14.178379,-10.146424,-2.469730,38.555363,-6.931643
6.400000,54.404785,-14.152909,-10.216278,-2.462940,36.826321,-6.997494
6.406250,54.503956,-14.121147,-9.976284,-2.458597,35.117195,-7.070170
6.412500,54.561474,-14.082676,-9.663506,-2.456392,33.430660,-7.149957
6.418750,54.579929,-14.036791,-9.514824,-2.456210,31.769913,-7.236906
6.425000,54.559212,-13.983063,-9.761355,-2.457718,30.137955,-7.331301
6.431250,54.491615,-13.921748,-8.442901,-2.461016,28.536709,-7.433629
6.437500,54.369232,-13.853810,-7.096907,-2.466020,26.968859,-7.544329
6.443750,54.185730,-13.780668,-5.367266,-2.472544,25.437584,-7.663650
6.450000,53.939232,-13.703177,-4.807723,-2.480428,23.946186,-7.791828
6.456250,53.632587,-13.621470,-3.493814,-2.489624,22.496687,-7.929254
6.462500,53.270737,-13.535202,-1.704679,-2.500074,21.091936,-8.076098
6.468750,52.856129,-13.443558,0.258424,-2.511613,19.735199,-8.232549
6.475000,52.385513,-13.346004,2.086273,-2.524186,18.431810,-8.398531
6.481250,51.852470,-13.242936,3.477587,-2.537806,17.186920,-8.574200
6.487500,51.244465,-13.135608,4.153337,-2.552453,16.007723,-8.759539
6.493750,50.552490,-13.025955,6.041612,-2.567884,14.903175,-8.954416
6.500000,49.770332,-12.915860,7.587785,-2.584076,13.883518,-9.158889
6.506250,48.899235,-12.806970,9.149695,-2.601146,12.960166,-9.372832
6.512500,47.943897,-12.700111,9.191096,-2.618941,12.146736,-9.595894
6.518750,46.912415,-12.595315,9.675356,-2.637347,11.459337,-9.827498
6.525000,45.811859,-12.492254,10.374511,-2.656443,10.913546,-10.066968
6.531250,44.645599,-12.390491,11.049201,-2.676203,10.524598,-10.313219
6.537500,43.413544,-12.289899,11.465023,-2.696574,10.310736,-10.564366
6.543750,42.111294,-12.190885,11.401199,-2.717324,10.289580,-10.817759
6.550000,40.735016,-12.094025,10.659910,-2.738172,10.476453,-11.070132
6.556250,39.282761,-12.000127,9.077785,-2.759111,10.886101,-11.317374
6.562500,37.752602,-11.909659,8.703807,-2.779751,11.528205,-11.554549
6.568750,36.144199,-11.823212,8.103706,-2.799850,12.411393,-11.775951
6.575000,34.456676,-11.741538,5.856947,-2.819226,13.537452,-11.975257
6.581250,32.688477,-11.665429,4.046094,-2.837609,14.903215,-12.145792
6.587500,30.838440,-11.595957,2.565180,-2.854644,16.498962,-12.280690
6.593750,28.905201,-11.534265,1.292040,-2.870237,18.307550,-12.373461
6.600000,26.890173,-11.481278,0.093195,-2.883968,20.303436,-12.418242
6.606250,24.793285,-11.438422,-1.166445,-2.895794,22.454596,-12.409969
6.612500,22.615747,-11.407167,-2.621186,-2.905481,24.723391,-12.344890
6.618750,20.360964,-11.388798,-4.394475,-2.912955,27.063574,-12.220700
6.625000,18.033772,-11.384665,-6.594576,-2.918294,29.424929,-12.036817
6.631250,15.640651,-11.395826,-7.141129,-2.921480,31.754164,-11.794381
6.637500,13.189881,-11.423078,-7.457418,-2.922586,33.996708,-11.496171
6.643750,10.691336,-11.466780,-8.979554,-2.921700,36.098755,-11.146578
6.650000,8.155149,-11.526462,-9.662679,-2.919099,38.009933,-10.751134
6.656250,5.589003,-11.601679,-9.673084,-2.914981,39.683136,-10.316681
6.662500,2.993534,-11.692430,-9.211514,-2.909680,41.078335,-9.850486
6.668750,0.365696,-11.800407,-8.501968,-2.903630,42.163406,-9.360519
6.675000,-2.298225,-11.927938,-7.783064,-2.897490,42.914902,-8.854714
6.681250,-4.999290,-12.078106,-7.294514,-2.891812,43.318485,-8.340754
6.687500,-7.728083,-12.253654,-7.264538,-2.887186,43.370956,-7.825913
6.693750,-10.467422,-12.456642,-5.731856,-2.884490,43.076492,-7.316818
6.700000,-13.189914,-12.687304,-4.233307,-2.884629,42.447544,-6.819273
6.706250,-15.865603,-12.944687,-2.409677,-2.888401,41.503944,-6.338134
6.712500,-18.469845,-13.227746,-1.813068,-2.896552,40.271038,-5.877293
6.718750,-20.984646,-13.535668,-0.514246,-2.909815,38.777878,-5.439687
6.725000,-23.394791,-13.868075,1.210865,-2.928894,37.054501,-5.027640
6.731250,-25.680758,-14.224533,3.066294,-2.954427,35.132568,-4.642621
6.737500,-27.822723,-14.604181,4.747757,-2.986807,33.041538,-4.285346
6.743750,-29.793861,-15.005533,5.959231,-3.026626,30.811644,-3.956129
6.750000,-31.562654,-15.424400,6.429624,-3.074034,28.469444,-3.654705
6.756250,-33.096710,-15.855031,8.091175,-3.129021,26.040510,-3.380608
6.762500,-34.369282,-16.290022,9.396295,-3.191465,23.546799,-3.132978
6.768750,-35.369236,-16.722887,10.709085,-3.261179,21.007666,-2.910834
6.775000,-36.106514,-17.148811,10.500244,-3.337780,18.440735,-2.712748
6.781250,-36.598499,-17.564669,10.736783,-3.420867,15.861548,-2.537293
6.787500,-36.863331,-17.968290,11.195715,-3.509814,13.282913,-2.383021
6.793750,-36.913685,-18.357956,11.645614,-3.604139,10.715395,-2.248331
6.800000,-36.759121,-18.731897,11.854937,-3.703162,8.169415,-2.131607
6.806250,-36.399719,-19.086349,11.606637,-3.806062,5.652202,-2.031161
6.812500,-35.832859,-19.416500,10.705406,-3.912167,3.170520,-1.945472
6.818750,-35.067108,-19.716972,8.990659,-4.020778,0.729764,-1.872924
6.825000,-34.123257,-19.983932,8.512179,-4.131304,-1.665823,-1.812047
6.831250,-33.038666,-20.215672,7.837469,-4.243186,-4.014464,-1.761603
6.837500,-31.855925,-20.413261,5.544764,-4.355889,-6.314153,-1.720353
6.843750,-30.613054,-20.579210,3.718066,-4.468932,-8.564345,-1.687338
6.850000,-29.336367,-20.715805,2.250481,-4.581841,-10.765306,-1.661526
6.856250,-28.043598,-20.824835,1.018608,-4.694255,-12.917837,-1.642228
6.862500,-26.740044,-20.905970,-0.111088,-4.806032,-15.024244,-1.628739
6.868750,-25.430054,-20.957918,-1.274466,-4.916878,-17.087543,-1.620412
6.875000,-24.127048,-20.979979,-2.605330,-5.026664,-19.108658,-1.616778
6.881250,-22.860510,-20.973473,-4.227552,-5.135119,-21.091043,-1.617355
6.887500,-21.664860,-20.942333,-6.247870,-5.242114,-23.036596,-1.621720
6.893750,-20.570440,-20.891678,-6.584360,-5.347476,-24.947411,-1.629496
6.900000,-19.593761,-20.826979,-6.659037,-5.451013,-26.825912,-1.640348
6.906250,-18.735909,-20.752861,-7.906368,-5.552670,-28.673969,-1.654012
6.912500,-17.986675,-20.672070,-8.279611,-5.652291,-30.493456,-1.670245
6.918750,-17.325701,-20.585068,-7.941749,-5.749863,-32.285591,-1.688808
6.925000,-16.729767,-20.490223,-7.090347,-5.845246,-34.052353,-1.709485
6.931250,-16.187574,-20.386324,-5.947541,-5.938373,-35.794395,-1.732060
6.937500,-15.701543,-20.273119,-4.749207,-6.029168,-37.513302,-1.756370
6.943750,-15.285521,-20.152847,-3.733157,-6.117562,-39.210854,-1.782246
6.950000,-14.951127,-20.028099,-3.126092,-6.203649,-40.888424,-1.809588
6.956250,-14.699006,-19.901466,-0.966903,-6.287446,-42.547390,-1.838449
6.962500,-14.522733,-19.775017,1.207782,-6.369020,-44.188812,-1.868690
6.968750,-14.407614,-19.649227,1.861315,-6.448498,-45.813889,-1.900343
6.975000,-14.336801,-19.522663,2.955760,-6.525854,-47.423729,-1.933443
6.981250,-14.294140,-19.393213,4.263900,-6.601096,-49.019699,-1.967926
6.987500,-14.279957,-19.260004,5.547327,-6.674192,-50.602715,-2.003937
6.993750,-14.305733,-19.123768,6.570198,-6.745182,-52.173073,-2.041484
7.000000,-14.382586,-18.986647,7.110522,-6.813916,-53.732113,-2.080559
7.006250,-14.517775,-18.850801,6.970724,-6.880408,-55.280628,-2.121204
7.012500,-14.706895,-18.718649,5.988272,-6.944507,-56.818779,-2.163492
7.018750,-14.938159,-18.591330,6.210552,-7.006248,-58.348106,-2.207402
7.025000,-15.192091,-18.467794,6.205597,-7.065532,-59.868134,-2.252913
7.031250,-15.447312,-18.345325,4.551861,-7.122393,-61.379356,-2.300016
7.037500,-15.687007,-18.219879,3.332694,-7.176825,-62.882866,-2.348747
7.043750,-15.910419,-18.089333,2.442032,-7.228883,-64.378578,-2.399056
7.050000,-16.134483,-17.953377,1.758019,-7.278604,-65.866890,-2.450955
7.056250,-16.378010,-17.813036,1.148679,-7.326022,-67.348228,-2.504418
7.062500,-16.652876,-17.670309,0.478475,-7.371259,-68.823021,-2.559632
7.068750,-16.967386,-17.527346,-0.385172,-7.414303,-70.292259,-2.616716
7.075000,-17.319510,-17.385395,-1.563442,-7.455114,-71.755615,-2.675695
7.081250,-17.699255,-17.244427,-3.163208,-7.493821,-73.213074,-2.736811
7.087500,-18.094166,-17.102625,-3.101543,-7.530331,-74.665108,-2.800210
7.093750,-18.497166,-16.958355,-4.694426,-7.564728,-76.111313,-2.866073
7.100000,-18.913351,-16.811014,-5.857857,-7.596964,-77.551056,-2.934398
7.106250,-19.357363,-16.662003,-6.697331,-7.627031,-78.983521,-3.005379
7.112500,-19.841053,-16.513439,-7.335688,-7.654947,-80.409508,-3.079175
7.118750,-20.367664,-16.367344,-7.903978,-7.680841,-81.828720,-3.155870
7.125000,-20.932041,-16.225307,-8.537172,-7.704738,-83.240685,-3.235620
7.131250,-21.523149,-16.087746,-9.366930,-7.726885,-84.644691,-3.318557
7.137500,-22.122374,-15.953139,-10.514852,-7.747458,-86.040878,-3.404819
7.143750,-22.712626,-15.818268,-12.085637,-7.766665,-87.427910,-3.494476
7.150000,-23.286392,-15.680328,-11.993970,-7.784697,-88.804771,-3.587640
7.156250,-23.852201,-15.538081,-11.660159,-7.801603,-90.170799,-3.684427
7.162500,-24.430408,-15.392548,-12.515543,-7.817456,-91.525787,-3.784992
7.168750,-25.038183,-15.245773,-12.510516,-7.832256,-92.867516,-3.889475
7.175000,-25.686747,-15.100252,-11.805833,-7.845685,-94.195015,-3.998009
7.181250,-26.376764,-14.958280,-10.597542,-7.857623,-95.507126,-4.110850
7.187500,-27.101604,-14.821427,-9.106296,-7.867857,-96.802872,-4.228282
7.193750,-27.847397,-14.689526,-7.565645,-7.875780,-98.080009,-4.350375
7.200000,-28.595831,-14.560477,-6.210395,-7.880785,-99.336281,-4.477262
7.206250,-29.334503,-14.432136,-5.268197,-7.882381,-100.569695,-4.609049
7.212500,-30.063976,-14.303099,-2.777547,-7.879975,-101.778107,-4.745883
7.218750,-30.792484,-14.173678,-0.275678,-7.873096,-102.958023,-4.887622
7.225000,-31.530376,-14.044542,0.698813,-7.861314,-104.105759,-5.034369
7.231250,-32.279949,-13.916505,2.104498,-7.844699,-105.218559,-5.186237
7.237500,-33.038773,-13.789929,3.708760,-7.823147,-106.294350,-5.343404
7.243750,-33.801018,-13.664330,5.270767,-7.796669,-107.328072,-5.505851
7.250000,-34.557426,-13.537827,6.550713,-7.765479,-108.315163,-5.673456
7.256250,-35.302502,-13.408041,7.320648,-7.730070,-109.251495,-5.846395
7.262500,-36.039654,-13.272893,7.379291,-7.690916,-110.132706,-6.024492
7.268750,-36.783161,-13.132268,6.559990,-7.648546,-110.952171,-6.207296
7.275000,-37.554665,-12.987538,6.908111,-7.603739,-111.703712,-6.394387
7.281250,-38.370998,-12.841062,6.986417,-7.557295,-112.384590,-6.585202
7.287500,-39.243229,-12.695321,5.372664,-7.510086,-112.987915,-6.779022
7.293750,-40.174259,-12.552645,4.151907,-7.462675,-113.507111,-6.974644
7.300000,-41.161121,-12.415048,3.219004,-7.415896,-113.935936,-7.170860
7.306250,-42.193249,-12.283013,2.453867,-7.370651,-114.269844,-7.366319
7.312500,-43.257511,-12.155918,1.727108,-7.327426,-114.503334,-7.559317
7.318750,-44.343300,-12.032743,0.909770,-7.286512,-114.629807,-7.747728
7.325000,-45.447063,-11.912979,-0.126007,-7.248281,-114.645988,-7.929492
7.331250,-46.570316,-11.796507,-1.498940,-7.213149,-114.549187,-8.102417
7.337500,-47.716568,-11.683790,-3.310944,-7.181251,-114.338776,-8.264216
7.343750,-48.886822,-11.575065,-3.474854,-7.152577,-114.014786,-8.412627
7.350000,-50.081470,-11.470932,-3.408882,-7.127152,-113.580948,-8.545555
7.356250,-51.299755,-11.371787,-4.543684,-7.105147,-113.044510,-8.661083
7.362500,-52.539680,-11.277920,-4.827724,-7.086300,-112.412643,-8.757417
7.368750,-53.797932,-11.189174,-4.420055,-7.070167,-111.695915,-8.832904
7.375000,-55.071907,-11.105058,-3.516124,-7.056818,-110.909081,-8.886257
7.381250,-56.362923,-11.025858,-2.336689,-7.046066,-110.067978,-8.916700
7.387500,-57.676052,-10.952248,-1.113588,-7.037595,-109.190048,-8.923461
7.393750,-59.014751,-10.885735,-0.081288,-7.031254,-108.294136,-8.906230
7.400000,-60.381359,-10.827709,0.534551,-7.026956,-107.401604,-8.865181
7.406250,-61.771004,-10.779486,2.698645,-7.024751,-106.533676,-8.800904
7.412500,-63.176582,-10.741911,4.877045,-7.024263,-105.709717,-8.714279
7.418750,-64.586449,-10.715022,5.536808,-7.025213,-104.947121,-8.606407
7.425000,-65.987480,-10.698074,6.641902,-7.027471,-104.263206,-8.478887
7.431250,-67.366898,-10.689483,7.966470,-7.030807,-103.672890,-8.333731
7.437500,-68.715843,-10.687588,9.274851,-7.034945,-103.187576,-8.172869
7.443750,-70.031616,-10.690915,10.332680,-7.039391,-102.816681,-7.998531
7.450000,-71.317352,-10.698876,10.918988,-7.044094,-102.567848,-7.813243
7.456250,-72.579506,-10.711502,10.837500,-7.048521,-102.446930,-7.619358
7.462500,-73.824692,-10.729564,9.928075,-7.052351,-102.453888,-7.419311
7.468750,-75.057335,-10.753951,10.238954,-7.055078,-102.590256,-7.215322
7.475000,-76.276749,-10.785839,10.337554,-7.056494,-102.855164,-7.009847
7.481250,-77.478119,-10.825405,8.803440,-7.056042,-103.245956,-6.804763
7.487500,-78.653786,-10.872310,7.721339,-7.053242,-103.757706,-6.601840
7.493750,-79.794235,-10.925770,6.986277,-7.047681,-104.384514,-6.402593
7.500000,-80.896034,-10.985361,6.475146,-7.039136,-105.121140,-6.208381
7.506250,-81.956169,-11.050673,6.057295,-7.027136,-105.960640,-6.020144
7.512500,-82.973984,-11.121599,5.598316,-7.010970,-106.896034,-5.838717
7.518750,-83.945343,-11.198095,4.965912,-6.990266,-107.920174,-5.664794
7.525000,-84.866394,-11.279962,4.036927,-6.964409,-109.026024,-5.498887
7.531250,-85.729118,-11.366535,2.704460,-6.932702,-110.205605,-5.341215
7.537500,-86.522362,-11.455791,3.049405,-6.894509,-111.450722,-5.191957
7.543750,-87.236641,-11.544898,1.750909,-6.849423,-112.754929,-5.051367
7.550000,-87.868149,-11.630953,0.887545,-6.796916,-114.111496,-4.919484
7.556250,-88.424561,-11.712380,0.349618,-6.736462,-115.512230,-4.796213
7.562500,-88.921135,-11.788948,0.010220,-6.667644,-116.949730,-4.681373
7.568750,-89.374779,-11.861583,-0.269970,-6.590394,-118.418442,-4.575029
7.575000,-89.797264,-11.931595,-0.633079,-6.504808,-119.914703,-4.477087
7.581250,-90.194550,-12.000436,-1.216997,-6.411070,-121.432602,-4.387352
7.587500,-90.566246,-12.068936,-2.150636,-6.309577,-122.967957,-4.305532
7.593750,-90.905067,-12.136772,-3.546432,-6.201111,-124.517509,-4.231480
7.600000,-91.200592,-12.202509,-3.327289,-6.086601,-126.077339,-4.164911
7.606250,-91.446968,-12.264161,-2.919740,-5.967035,-127.644608,-4.105463
7.612500,-91.645805,-12.320592,-3.761059,-5.843596,-129.215958,-4.052751
7.618750,-91.803886,-12.371188,-3.806771,-5.717337,-130.789383,-4.006439
7.625000,-91.931633,-12.416365,-3.221969,-5.589577,-132.361740,-3.966095
7.631250,-92.036339,-12.456877,-2.204229,-5.461363,-133.930878,-3.931259
7.637500,-92.121361,-12.493363,-0.975967,-5.334028,-135.494934,-3.901624
7.643750,-92.184418,-12.525420,0.228135,-5.208578,-137.053085,-3.877010
7.650000,-92.217499,-12.551397,1.173727,-5.085914,-138.603836,-3.857132
7.656250,-92.218689,-12.568913,1.636730,-4.966925,-140.145996,-3.841620
7.662500,-92.195549,-12.577032,3.582313,-4.852350,-141.679810,-3.830295
7.668750,-92.166687,-12.576491,5.478258,-4.742823,-143.204391,-3.822752
7.675000,-92.152634,-12.569600,5.793836,-4.638834,-144.720154,-3.818704
7.681250,-92.166489,-12.558505,6.495719,-4.540677,-146.227859,-3.817810
7.687500,-92.213875,-12.545752,7.362210,-4.448696,-147.728607,-3.820009
7.693750,-92.293747,-12.533530,8.159678,-4.363031,-149.223465,-3.825085
7.700000,-92.398636,-12.522948,8.658659,-4.283600,-150.712494,-3.832719
7.706250,-92.511559,-12.513077,8.642394,-4.210530,-152.195816,-3.842810
7.712500,-92.614914,-12.501275,7.917034,-4.143948,-153.674683,-3.855400
7.718750,-92.701149,-12.485118,6.324099,-4.083744,-155.148987,-3.870421
7.725000,-92.776024,-12.463737,5.917563,-4.029620,-156.617462,-3.887605
7.731250,-92.855019,-12.437652,5.268125,-3.981580,-158.079193,-3.906745
7.737500,-92.950478,-12.408232,4.852973,-3.939372,-159.534073,-3.927968
7.743750,-93.069641,-12.376933,3.242319,-3.902839,-159.088501,-3.951196
7.750000,-93.214111,-12.345288,2.487916,-3.871715,-158.363434,-3.976196
7.756250,-93.380005,-12.313820,2.430332,-3.845759,-156.824600,-4.002945
7.762500,-93.557327,-12.281485,2.873921,-3.824940,-153.981613,-4.031581
7.768750,-93.738441,-12.246894,3.599733,-3.809045,-149.407318,-4.062150
7.775000,-93.926964,-12.209729,4.374900,-3.797793,-142.760132,-4.094417
7.781250,-94.135468,-12.171089,4.964200,-3.790936,-133.804794,-4.128433
7.787500,-94.374542,-12.133245,5.141294,-3.788383,-122.419037,-4.164260
7.793750,-94.647255,-12.097992,6.868670,-3.789818,-108.604584,-4.201853
7.800000,-94.950600,-12.067038,8.611586,-3.794910,-92.482399,-4.240989
7.806250,-95.276657,-12.041553,8.834278,-3.803388,-74.291069,-4.281677
7.812500,-95.610893,-12.021323,9.497721,-3.815278,-54.373058,-4.324296
7.818750,-95.932770,-12.003863,10.375850,-3.830288,-33.156006,-4.368891
7.825000,-96.224922,-11.985420,11.233339,-3.847896,-11.130454,-4.415393
7.831250,-96.486595,-11.963358,11.836484,-3.867888,11.171849,-4.463673
7.837500,-96.731659,-11.937477,11.963295,-3.890189,33.203815,-4.513942
7.843750,-96.979904,-11.908916,11.417766,-3.914671,54.433514,-4.566234
7.850000,-97.243874,-11.879424,10.039470,-3.941154,74.369972,-4.620385
7.856250,-97.529778,-11.850502,9.878229,-3.969435,92.586823,-4.676322
7.862500,-97.838577,-11.824180,9.502224,-3.999547,108.743484,-4.734142
7.868750,-98.166389,-11.801555,7.489529,-4.031335,122.602692,-4.793740
7.875000,-98.501602,-11.782365,5.924809,-4.064752,134.043579,-4.855088
7.881250,-98.830147,-11.764927,4.702537,-4.099695,143.067245,-4.918189
7.887500,-99.145958,-11.747658,3.699075,-4.136022,149.795471,-4.982987
7.893750,-99.453674,-11.730529,2.782905,-4.173566,154.466690,-5.049433
7.900000,-99.762825,-11.714497,1.818958,-4.212033,157.422394,-5.117309
7.906250,-100.078270,-11.700637,0.674609,-4.251422,159.090622,-5.186581
7.912500,-100.397438,-11.689800,-0.771850,-4.291449,159.963455,-5.257205
7.918750,-100.714104,-11.689800,-2.627049,-4.291449,160.573395,-5.257205
7.925000,-100.714104,-11.689800,-2.627049,-4.291449,160.573395,-5.257205
7.931250,-100.714104,-11.689800,-2.627049,-4.291449,160.573395,-5.257205
7.937500,-100.714104,-11.689800,-2.627049,-4.291449,160.573395,-5.257205
7.943750,-100.714104,-11.689800,-2.627049,-4.291449,160.573395,-5.257205
7.950000,-100.714104,-11.689800,-2.627049,-4.291449,160.573395,-5.257205
7.956250,-100.714104,-11.689800,-2.627049,-4.291449,160.573395,-5.257205
7.962500,-100.714104,-11.689800,-2.627049,-4.291449,160.573395,-5.257205
7.968750,-100.714104,-11.689800,-2.627049,-4.291449,160.573395,-5.257205
7.975000,-100.714104,-11.689800,-2.627049,-4.291449,160.573395,-5.257205
7.981250,-100.714104,-11.689800,-2.627049,-4.291449,160.573395,-5.257205
7.987500,-100.714104,-11.689800,-2.627049,-4.291449,160.573395,-5.257205
7.993750,-100.714104,-11.689800,-2.627049,-4.291449,160.573395,-5.257205
8.000000,-100.714104,-11.689800,-2.627049,-4.291449,160.573395,-5.257205
